morphology_data/1d_wa_a0.1_l2r1_00001.ecsv
# %ECSV 1.0
# ---
# datatype:
# - {name: b, datatype: float32}
# - {name: phase, datatype: float32}
# - {name: sigma, datatype: float32}
# - {name: vr, datatype: float32}
# meta: {lambda: 2, rp: 1.0, sep: 0.1, wind: a}
# schema: astropy-2.0
b phase sigma vr
[from data line 695]
-444854370000.0 0.047200516 3.037836e-09 1839820.5
-438718560000.0 0.046549484 3.1437466e-09 1807697.6
-432582750000.0 0.045898452 3.1437466e-09 1807697.6
-426446550000.0 0.045247383 3.2541774e-09 1774123.1
-420310750000.0 0.04459635 3.2541774e-09 1774123.1
-414174940000.0 0.043945324 3.378071e-09 1748918.1
-408038740000.0 0.043294255 3.378071e-09 1748918.1
-401903300000.0 0.04264326 3.5047272e-09 1713420.4
-395767100000.0 0.04199219 3.5047272e-09 1713420.4
-389630920000.0 0.041341122 3.6314867e-09 1713674.8
-383495470000.0 0.04069013 3.6951069e-09 1698812.6
-377359270000.0 0.040039062 3.7746073e-09 1675855.5
-371223100000.0 0.039387994 3.8438617e-09 1660547.5
-365087620000.0 0.038736995 4.0225796e-09 1753402.2
-358951450000.0 0.03808593 4.0977337e-09 1735861.6
-352815640000.0 0.0374349 4.189233e-09 1710061.9
-346679800000.0 0.03678387 4.270951e-09 1692034.8
-340543640000.0 0.0361328 4.6129065e-09 1886052.6
-334407830000.0 0.035481773 4.7019766e-09 1864314.6
-328272000000.0 0.034830738 4.8084035e-09 1834076.4
-322135820000.0 0.03417967 4.905737e-09 1811750.8
-316000340000.0 0.033528678 4.8704036e-09 1551727.1
-309864170000.0 0.03287761 4.9770614e-09 1533015.5
-303728000000.0 0.03222654 5.102274e-09 1506217.4
-297592520000.0 0.031575546 5.219498e-09 1486930.6
-291456350000.0 0.030924477 5.145247e-09 1242808.8
-285320200000.0 0.030273411 5.274503e-09 1227435.2
-279184700000.0 0.029622415 5.423832e-09 1204258.5
-273048520000.0 0.028971346 5.566857e-09 1188283.1
-266912710000.0 0.028320316 5.6457266e-09 1036112.06
-260776890000.0 0.027669284 5.8046026e-09 1022768.75
-254640700000.0 0.027018217 5.9856045e-09 1001901.06
-248504880000.0 0.026367186 6.1628507e-09 987875.06
-242369050000.0 0.025716154 6.3675767e-09 942356.94
-236232880000.0 0.025065087 6.5662853e-09 928366.9
-230097420000.0 0.024414092 6.7901453e-09 907137.6
-223961240000.0 0.023763025 7.0141692e-09 892443.9
-217825070000.0 0.023111956 7.272913e-09 821749.8
-211689600000.0 0.022460962 7.5271105e-09 808021.0
-205553420000.0 0.021809895 7.811219e-09 787473.8
-199417230000.0 0.021158826 8.10212e-09 773004.0
-193281770000.0 0.020507833 8.377812e-09 753246.06
-187145600000.0 0.019856764 8.70597e-09 738979.7
-181009780000.0 0.019205732 9.071206e-09 718278.44
-174873950000.0 0.018554702 9.452069e-09 703189.9
-168737770000.0 0.017903633 9.8623705e-09 654578.25
-162601940000.0 0.017252602 1.0308758e-08 639827.56
-156466140000.0 0.016601572 1.08053495e-08 619365.06
-150329950000.0 0.015950503 1.1334681e-08 603768.75
-144194490000.0 0.015299509 1.2006011e-08 555981.2
-138058300000.0 0.014648439 1.2649741e-08 540261.8
-131922125000.0 0.013997372 1.33700855e-08 519651.28
-125786660000.0 0.013346379 1.4157444e-08 503065.5
-119650484000.0 0.012695311 1.5098493e-08 480410.06
-113514310000.0 0.012044242 1.6081088e-08 463053.28
-107378840000.0 0.011393248 1.7197188e-08 441520.6
-101242670000.0 0.01074218 1.8454049e-08 423128.78
-95106840000.0 0.010091149 1.991962e-08 387045.4
-88971020000.0 0.009440118 2.1577762e-08 368614.78
-82834840000.0 0.008789049 2.3517112e-08 346822.44
-76699020000.0 0.008138019 2.5795824e-08 327184.56
-70563200000.0 0.0074869874 2.8743136e-08 285537.88
-64427020000.0 0.006835919 3.2090504e-08 265685.2
-58291556000.0 0.006184926 3.6243016e-08 243193.11
-52155376000.0 0.0055338573 4.1506134e-08 221718.05
-46019200000.0 0.0048827888 4.8447532e-08 190939.58
-39883735000.0 0.0042317957 5.780023e-08 169196.22
-33747554000.0 0.0035807267 7.1638624e-08 138205.62
-27611376000.0 0.0029296577 9.241827e-08 112756.76
-21475912000.0 0.0022786648 1.2793267e-07 83173.95
-15339732000.0 0.0016275961 1.9856762e-07 56730.977
-9203911000.0 0.0009765653 3.9576005e-07 27600.24
9203911000.0 -0.0009765653 4.1888464e-07 -60978.4
15339732000.0 -0.0016275961 2.0553537e-07 -120134.234
21475912000.0 -0.0022786648 1.3115083e-07 -182815.6
27611376000.0 -0.0029296577 9.43399e-08 -242161.73
33747554000.0 -0.0035807267 7.2928586e-08 -299091.2
39883735000.0 -0.0042317957 5.9339982e-08 -344759.1
46019200000.0 -0.0048827888 4.9597023e-08 -398231.44
52155376000.0 -0.0055338573 4.2506368e-08 -462852.22
58291556000.0 -0.006184926 3.7084877e-08 -517949.16
64427020000.0 -0.006835919 3.282255e-08 -574867.06
70563200000.0 -0.0074869874 2.9394423e-08 -630158.1
76699020000.0 -0.008138019 2.674987e-08 -689449.0
82834840000.0 -0.008789049 2.4372374e-08 -745931.94
88971020000.0 -0.009440118 2.2354333e-08 -805154.1
95106840000.0 -0.010091149 2.0632886e-08 -861583.94
101242670000.0 -0.01074218 1.9168127e-08 -933694.06
107378840000.0 -0.011393248 1.786874e-08 -990600.0
113514310000.0 -0.012044242 1.6717657e-08 -1050829.5
119650484000.0 -0.012695311 1.570545e-08 -1107100.9
125786660000.0 -0.013346379 1.4822458e-08 -1176143.2
131922125000.0 -0.013997372 1.4013661e-08 -1231974.6
138058300000.0 -0.014648439 1.3275255e-08 -1291625.9
144194490000.0 -0.015299509 1.2615419e-08 -1346408.9
150329950000.0 -0.015950503 1.2091765e-08 -1391837.0
156466140000.0 -0.016601572 1.15371765e-08 -1445973.4
162601940000.0 -0.017252602 1.1019267e-08 -1504297.5
168737770000.0 -0.017903633 1.05535545e-08 -1557251.2
174873950000.0 -0.018554702 1.0137336e-08 -1614452.2
181009780000.0 -0.019205732 9.740992e-09 -1666234.1
187145600000.0 -0.019856764 9.361839e-09 -1722810.4
193281770000.0 -0.020507833 9.020825e-09 -1773561.9
199417230000.0 -0.021158826 8.648186e-09 -1850902.9
205553420000.0 -0.021809895 8.35649e-09 -1900098.4
211689600000.0 -0.022460962 8.071451e-09 -1954959.9
217825070000.0 -0.023111956 7.816643e-09 -2003098.8
223961240000.0 -0.023763025 7.592364e-09 -2054800.6
230097420000.0 -0.024414092 7.3678934e-09 -2101656.2
236232880000.0 -0.025065087 7.1434396e-09 -2155588.2
242369050000.0 -0.025716154 6.9444317e-09 -2201270.2
248504880000.0 -0.026367186 6.7772903e-09 -2264730.0
254640700000.0 -0.027018217 6.599878e-09 -2309209.0
260776890000.0 -0.027669284 6.4186976e-09 -2361641.0
266912710000.0 -0.028320316 6.259741e-09 -2404815.5
273048520000.0 -0.028971346 6.1364087e-09 -2484770.5
279184700000.0 -0.029622415 5.9933347e-09 -2527044.0
285320200000.0 -0.030273411 5.8439467e-09 -2577540.2
291456350000.0 -0.030924477 5.714636e-09 -2618530.0
297592520000.0 -0.031575546 5.6360197e-09 -2710984.2
303728000000.0 -0.03222654 5.5187064e-09 -2751233.0
309864170000.0 -0.03287761 5.3932157e-09 -2799812.2
316000340000.0 -0.033528678 5.2864397e-09 -2838853.0
322135820000.0 -0.03417967 5.235003e-09 -2931666.5
328272000000.0 -0.034830738 5.137532e-09 -2969899.5
334407830000.0 -0.035481773 5.030592e-09 -3017036.5
340543640000.0 -0.0361328 4.941385e-09 -3054031.0
346679800000.0 -0.03678387 4.922611e-09 -3135636.8
352815640000.0 -0.0374349 4.840797e-09 -3171387.2
358951450000.0 -0.03808593 4.748893e-09 -3216891.5
365087620000.0 -0.038736995 4.6736943e-09 -3251348.8
371223100000.0 -0.039387994 4.667837e-09 -3327906.2
377359270000.0 -0.040039062 4.5985726e-09 -3360953.2
383495470000.0 -0.04069013 4.5188955e-09 -3404320.5
389630920000.0 -0.041341122 4.4552926e-09 -3436050.8
395767100000.0 -0.04199219 4.3540247e-09 -3598006.8
401903300000.0 -0.04264326 4.3540247e-09 -3598006.8
408038740000.0 -0.043294255 4.227537e-09 -3672146.0
414174940000.0 -0.043945324 4.227537e-09 -3672146.0
420310750000.0 -0.04459635 4.482681e-09 -3165840.5
426446550000.0 -0.045247383 4.482681e-09 -3165840.5
432582750000.0 -0.045898452 4.372387e-09 -3214232.0
438718560000.0 -0.046549484 4.372387e-09 -3214232.0
444854370000.0 -0.047200516 4.79661e-09 -2796596.5
450990570000.0 -0.047851585 4.79661e-09 -2796596.5
457126020000.0 -0.048502576 4.6999102e-09 -2826612.8
463262220000.0 -0.049153645 4.6999102e-09 -2826612.8
469398400000.0 -0.049804714 4.441226e-09 -3058567.8
475533840000.0 -0.050455708 4.441226e-09 -3058567.8
481670040000.0 -0.051106777 4.394047e-09 -3121939.2
487806200000.0 -0.051757842 4.394047e-09 -3121939.2
493941700000.0 -0.052408837 3.9197774e-09 -3457985.8
500077850000.0 -0.053059906 3.9197774e-09 -3457985.8
506213660000.0 -0.053710938 3.9749306e-09 -3520585.0
512349500000.0 -0.05436197 3.9749306e-09 -3520585.0
518485670000.0 -0.055013034 3.5635432e-09 -3786670.8
524621480000.0 -0.055664066 3.5635432e-09 -3786670.8
530757320000.0 -0.056315098 3.5604366e-09 -3894190.8
536893500000.0 -0.056966167 3.5604366e-09 -3894190.8
543028970000.0 -0.057617158 3.2898844e-09 -4096579.8
549165140000.0 -0.058268227 3.2898844e-09 -4096579.8
555301340000.0 -0.058919296 3.2466696e-09 -4250105.5
561436750000.0 -0.059570286 3.2466696e-09 -4250105.5
567572960000.0 -0.06022136 3.0963332e-09 -4323642.0
573709160000.0 -0.060872428 3.0963332e-09 -4323642.0
579844640000.0 -0.061523426 3.064294e-09 -4462177.0
585980800000.0 -0.062174488 3.064294e-09 -4462177.0
592116600000.0 -0.062825516 3.0046095e-09 -4501715.5
598252450000.0 -0.063476555 3.0046095e-09 -4501715.5
604388600000.0 -0.06412762 3.0065266e-09 -4673319.0
610524400000.0 -0.06477865 3.0065266e-09 -4673319.0
616660300000.0 -0.06542969 3.047754e-09 -4660743.5
622796400000.0 -0.06608075 3.047754e-09 -4660743.5
628931900000.0 -0.06673174 3.0857836e-09 -4796858.0
635068100000.0 -0.06738281 3.0857836e-09 -4796858.0
641204200000.0 -0.068033874 3.1790508e-09 -4715241.0
647339700000.0 -0.068684876 3.1790508e-09 -4715241.0
653475900000.0 -0.069335945 3.2320278e-09 -4781911.0
659612040000.0 -0.06998701 3.2320278e-09 -4781911.0
665747500000.0 -0.070638 3.267131e-09 -4789002.5
671883700000.0 -0.07128907 3.267131e-09 -4789002.5
678019500000.0 -0.0719401 3.2622824e-09 -4819676.5
684155340000.0 -0.07259113 3.2622824e-09 -4819676.5
690291540000.0 -0.0732422 3.1697853e-09 -4941373.5
696427350000.0 -0.073893234 3.1697853e-09 -4941373.5
702563160000.0 -0.07454426 3.120198e-09 -4997855.0
708699360000.0 -0.075195335 3.120198e-09 -4997855.0
714834840000.0 -0.07584633 3.0443956e-09 -5118581.0
720971000000.0 -0.07649739 3.0443956e-09 -5118581.0
727107200000.0 -0.07714847 3.0289151e-09 -5154656.0
733242650000.0 -0.077799454 3.0289151e-09 -5154656.0
739378800000.0 -0.07845052 3.0673444e-09 -5252909.0
745515000000.0 -0.07910159 3.0673444e-09 -5252909.0
751650500000.0 -0.07975259 3.1972747e-09 -5388247.0
757786700000.0 -0.080403656 3.1972747e-09 -5388247.0
763922500000.0 -0.08105469 3.594199e-09 -5877682.0
770058300000.0 -0.08170572 3.594199e-09 -5877682.0
776194500000.0 -0.08235679 4.40816e-09 -5870834.0
782330300000.0 -0.08300782 4.40816e-09 -5870834.0
788466100000.0 -0.08365885 4.25689e-09 -5698868.5
794602300000.0 -0.08430992 4.25689e-09 -5698868.5
800737700000.0 -0.08496091 4.25689e-09 -5698868.5
806873900000.0 -0.08561198 4.25689e-09 -5698868.5
813010100000.0 -0.086263046 3.7422625e-09 -5595557.0
819145600000.0 -0.08691404 3.7422625e-09 -5595557.0
825281740000.0 -0.08756511 3.7422625e-09 -5595557.0
831417550000.0 -0.08821614 3.7422625e-09 -5595557.0
837553400000.0 -0.08886717 3.852557e-09 -5155983.0
843689560000.0 -0.08951824 3.852557e-09 -5155983.0
849825370000.0 -0.09016927 3.852557e-09 -5155983.0
855961240000.0 -0.090820305 3.852557e-09 -5155983.0
862097400000.0 -0.091471374 3.7070813e-09 -4820757.5
868232860000.0 -0.09212236 3.7070813e-09 -4820757.5
874369060000.0 -0.09277343 3.7070813e-09 -4820757.5
880505200000.0 -0.0934245 3.7070813e-09 -4820757.5
886640700000.0 -0.09407549 2.953005e-09 -4832106.0
892776900000.0 -0.09472656 2.953005e-09 -4832106.0
898913000000.0 -0.09537763 2.953005e-09 -4832106.0
905048500000.0 -0.096028626 2.953005e-09 -4832106.0
911184700000.0 -0.096679695 2.1018582e-09 -5292389.5
917320500000.0 -0.09733073 2.1018582e-09 -5292389.5
923456300000.0 -0.09798176 2.1018582e-09 -5292389.5
929592500000.0 -0.09863283 2.1018582e-09 -5292389.5
935728300000.0 -0.09928385 1.6496469e-09 -5922949.0
941864100000.0 -0.09993488 1.6496469e-09 -5922949.0
948000300000.0 -0.10058595 1.6496469e-09 -5922949.0
954135800000.0 -0.10123695 1.6496469e-09 -5922949.0
960271940000.0 -0.101888016 1.5244976e-09 -6189652.0
966408140000.0 -0.102539085 1.5244976e-09 -6189652.0
972543600000.0 -0.10319008 1.5244976e-09 -6189652.0
978679800000.0 -0.10384115 1.5244976e-09 -6189652.0
984815960000.0 -0.10449222 1.4699802e-09 -6285066.0
990951440000.0 -0.10514321 1.4699802e-09 -6285066.0
997087640000.0 -0.10579427 1.4699802e-09 -6285066.0
1003223450000.0 -0.106445305 1.4699802e-09 -6285066.0
1009359260000.0 -0.10709634 1.5180237e-09 -6131658.0
1015495460000.0 -0.107747406 1.5180237e-09 -6131658.0
1021631270000.0 -0.10839844 1.5180237e-09 -6131658.0
1027767100000.0 -0.10904947 1.5180237e-09 -6131658.0
1033903300000.0 -0.10970054 1.6131976e-09 -5879201.5
1040038700000.0 -0.11035153 1.6131976e-09 -5879201.5
1046174900000.0 -0.1110026 1.6131976e-09 -5879201.5
1052311100000.0 -0.11165367 1.6131976e-09 -5879201.5
1058446600000.0 -0.11230466 1.6481025e-09 -5686189.5
1064582700000.0 -0.11295573 1.6481025e-09 -5686189.5
1070718900000.0 -0.113606796 1.6481025e-09 -5686189.5
1076854400000.0 -0.11425779 1.6481025e-09 -5686189.5
1082990500000.0 -0.11490886 1.6331001e-09 -5546771.0
1089126400000.0 -0.11555989 1.6331001e-09 -5546771.0
1095262200000.0 -0.11621092 1.6331001e-09 -5546771.0
1101398400000.0 -0.11686199 1.6331001e-09 -5546771.0
1107534200000.0 -0.11751302 1.5319318e-09 -5516661.5
1113670000000.0 -0.118164055 1.5319318e-09 -5516661.5
1119806200000.0 -0.118815124 1.5319318e-09 -5516661.5
1125941600000.0 -0.11946611 1.5319318e-09 -5516661.5
1132077800000.0 -0.12011717 1.4354236e-09 -5402891.0
1138214000000.0 -0.12076825 1.4354236e-09 -5402891.0
1144349500000.0 -0.12141925 1.4354236e-09 -5402891.0
1150485700000.0 -0.12207031 1.4354236e-09 -5402891.0
1156621800000.0 -0.12272138 1.3769069e-09 -5123377.5
1162757300000.0 -0.123372376 1.3769069e-09 -5123377.5
1168893500000.0 -0.12402345 1.3769069e-09 -5123377.5
1175029300000.0 -0.12467448 1.3769069e-09 -5123377.5
1181165200000.0 -0.1253255 1.4510299e-09 -4596828.5
1187301300000.0 -0.12597658 1.4510299e-09 -4596828.5
1193437200000.0 -0.12662761 1.4510299e-09 -4596828.5
1199572900000.0 -0.12727864 1.4510299e-09 -4596828.5
1205709200000.0 -0.12792972 1.6341208e-09 -3857589.8
1211844500000.0 -0.12858069 1.6341208e-09 -3857589.8
1217980800000.0 -0.12923177 1.6341208e-09 -3857589.8
1224116900000.0 -0.12988284 1.6341208e-09 -3857589.8
1230252400000.0 -0.13053383 1.7746308e-09 -3371838.2
1236388500000.0 -0.13118489 1.7746308e-09 -3371838.2
1242524800000.0 -0.13183598 1.7746308e-09 -3371838.2
1248660300000.0 -0.13248697 1.7746308e-09 -3371838.2
1254796400000.0 -0.13313803 1.8917925e-09 -3201286.5
1260932200000.0 -0.13378905 1.8917925e-09 -3201286.5
1267068000000.0 -0.1344401 1.8917925e-09 -3201286.5
1273204200000.0 -0.13509116 1.8917925e-09 -3201286.5
1279340000000.0 -0.13574219 2.0383801e-09 -3121336.2
1285475900000.0 -0.13639323 2.0383801e-09 -3121336.2
1291612000000.0 -0.1370443 2.0383801e-09 -3121336.2
1297747500000.0 -0.13769528 2.0383801e-09 -3121336.2
1303883700000.0 -0.13834634 2.1285893e-09 -3088811.8
1310019800000.0 -0.1389974 2.1285893e-09 -3088811.8
1316155300000.0 -0.13964841 2.1285893e-09 -3088811.8
1322291600000.0 -0.14029948 2.1285893e-09 -3088811.8
1328427700000.0 -0.14095055 2.1172388e-09 -3198310.5
1334563200000.0 -0.14160155 2.1172388e-09 -3198310.5
1340699300000.0 -0.14225261 2.1172388e-09 -3198310.5
1346835600000.0 -0.14290369 2.1172388e-09 -3198310.5
1352970900000.0 -0.14355466 2.0686073e-09 -3384306.0
1359107200000.0 -0.14420575 2.0686073e-09 -3384306.0
1365243300000.0 -0.14485681 2.0686073e-09 -3384306.0
1371378800000.0 -0.1455078 2.0686073e-09 -3384306.0
1377514300000.0 -0.1461588 1.9837971e-09 -3648518.8
1383651200000.0 -0.14680995 1.9837971e-09 -3648518.8
1389786600000.0 -0.14746092 1.9837971e-09 -3648518.8
1395922000000.0 -0.14811192 1.9837971e-09 -3648518.8
1402059000000.0 -0.14876308 1.8637623e-09 -3969545.2
1408194400000.0 -0.14941406 1.8637623e-09 -3969545.2
1414329900000.0 -0.15006506 1.8637623e-09 -3969545.2
1420466800000.0 -0.1507162 1.8637623e-09 -3969545.2
1426602300000.0 -0.1513672 1.6910361e-09 -4338441.5
1432737700000.0 -0.15201817 1.6910361e-09 -4338441.5
1438874600000.0 -0.15266933 1.6910361e-09 -4338441.5
1445010100000.0 -0.15332033 1.6910361e-09 -4338441.5
