morphology_data/1d_wb_a0.025_l8r2_00001.ecsv
# %ECSV 1.0
# ---
# datatype:
# - {name: b, datatype: float32}
# - {name: phase, datatype: float32}
# - {name: sigma, datatype: float32}
# - {name: vr, datatype: float32}
# meta: {lambda: 8, rp: 2.0, sep: 0.025, wind: b}
# schema: astropy-2.0
b phase sigma vr
-1177330300000.0 0.49967447 nan nan
-1175796300000.0 0.49902344 nan nan
-1174262400000.0 0.4983724 nan nan
-1172728300000.0 0.49772134 nan nan
-1171194400000.0 0.4970703 nan nan
-1169660400000.0 0.49641928 nan nan
-1168126500000.0 0.49576828 nan nan
-1166592400000.0 0.4951172 nan nan
-1165058500000.0 0.4944662 nan nan
-1163524400000.0 0.49381506 nan nan
-1161990500000.0 0.4931641 nan nan
-1160456400000.0 0.49251297 nan nan
-1158922500000.0 0.49186197 nan nan
-1157388600000.0 0.49121094 nan nan
-1155854500000.0 0.49055988 nan nan
-1154320600000.0 0.48990884 nan nan
-1152786600000.0 0.4892578 nan nan
-1151252600000.0 0.48860675 nan nan
-1149718600000.0 0.48795572 nan nan
-1148184700000.0 0.4873047 nan nan
-1146650800000.0 0.48665366 nan nan
-1145116700000.0 0.4860026 nan nan
-1143582800000.0 0.48535156 nan nan
-1142048800000.0 0.48470056 nan nan
-1140514800000.0 0.48404947 nan nan
-1138980800000.0 0.48339847 nan nan
-1137446700000.0 0.48274735 nan nan
-1135912800000.0 0.48209637 nan nan
-1134378700000.0 0.48144525 nan nan
-1132844800000.0 0.48079422 nan nan
-1131310900000.0 0.48014325 nan nan
-1129776800000.0 0.47949213 nan nan
-1128242900000.0 0.47884113 nan nan
-1126709000000.0 0.4781901 nan nan
-1125175000000.0 0.47753906 nan nan
-1123640900000.0 0.476888 nan nan
-1122107000000.0 0.47623697 nan nan
-1120573000000.0 0.47558594 nan nan
-1119039100000.0 0.47493497 nan nan
-1117505000000.0 0.47428384 nan nan
-1115971100000.0 0.47363284 nan nan
-1114437000000.0 0.47298175 nan nan
-1112903100000.0 0.47233072 nan nan
-1111369200000.0 0.47167972 nan nan
-1109835100000.0 0.47102863 nan nan
-1108301200000.0 0.47037762 nan nan
-1106767100000.0 0.4697265 nan nan
-1105233200000.0 0.46907553 nan nan
-1103699200000.0 0.4684245 nan nan
-1102165200000.0 0.46777344 nan nan
-1100631200000.0 0.4671224 nan nan
-1099097300000.0 0.46647137 nan nan
-1097563400000.0 0.46582034 nan nan
-1096029300000.0 0.46516925 nan nan
-1094495400000.0 0.46451822 nan nan
-1092961400000.0 0.4638672 nan nan
-1091427400000.0 0.46321613 nan nan
-1089893400000.0 0.4625651 nan nan
-1088359400000.0 0.46191406 nan nan
-1086825370000.0 0.461263 nan nan
-1085291400000.0 0.46061197 nan nan
-1083757500000.0 0.45996094 nan nan
-1082223500000.0 0.4593099 nan nan
-1080689500000.0 0.45865884 nan nan
-1079155560000.0 0.4580078 nan nan
-1077621560000.0 0.45735678 nan nan
-1076087600000.0 0.45670575 nan nan
-1074553550000.0 0.4560547 nan nan
-1073019600000.0 0.45540366 nan nan
-1071485700000.0 0.45475262 nan nan
-1069951600000.0 0.45410153 nan nan
-1068417700000.0 0.45345053 nan nan
-1066883700000.0 0.4527995 nan nan
-1065349700000.0 0.4521484 nan nan
-1063815700000.0 0.45149738 nan nan
-1062281740000.0 0.45084634 nan nan
-1060747800000.0 0.4501953 nan nan
-1059213740000.0 0.44954425 nan nan
-1057679800000.0 0.44889322 nan nan
-1056145870000.0 0.4482422 nan nan
-1054611870000.0 0.44759116 nan nan
-1053077860000.0 0.4469401 nan nan
-1051543860000.0 0.44628906 nan nan
-1050009900000.0 0.44563803 nan nan
-1048475860000.0 0.44498697 nan nan
-1046941900000.0 0.44433594 nan nan
-1045408000000.0 0.4436849 nan nan
-1043873900000.0 0.44303384 nan nan
-1042340000000.0 0.4423828 nan nan
-1040806000000.0 0.44173178 nan nan
-1039272050000.0 0.44108075 nan nan
-1037738000000.0 0.44042966 nan nan
-1036204050000.0 0.43977866 nan nan
-1034670100000.0 0.43912762 nan nan
-1033136200000.0 0.4384766 nan nan
-1031602100000.0 0.4378255 nan nan
-1030068200000.0 0.43717447 nan nan
-1028534200000.0 0.43652344 nan nan
-1027000200000.0 0.43587238 nan nan
-1025466200000.0 0.43522134 nan nan
-1023932240000.0 0.4345703 nan nan
-1022398200000.0 0.43391925 nan nan
-1020864230000.0 0.43326822 nan nan
-1019330300000.0 0.4326172 nan nan
-1017796300000.0 0.43196616 nan nan
-1016262300000.0 0.4313151 nan nan
-1014728300000.0 0.43066406 nan nan
-1013194360000.0 0.43001303 nan nan
-1011660400000.0 0.429362 nan nan
-1010126360000.0 0.42871094 nan nan
-1008592400000.0 0.4280599 nan nan
-1007058500000.0 0.42740887 nan nan
-1005524400000.0 0.42675778 nan nan
-1003990500000.0 0.42610675 nan nan
-1002456500000.0 0.42545575 nan nan
-1000922500000.0 0.42480466 nan nan
-999388500000.0 0.42415363 nan nan
-997854540000.0 0.4235026 nan nan
-996320600000.0 0.42285156 nan nan
-994786600000.0 0.42220053 nan nan
-993252600000.0 0.42154947 nan nan
-991718700000.0 0.42089844 nan nan
-990184700000.0 0.4202474 nan nan
-988650700000.0 0.41959634 nan nan
-987116670000.0 0.4189453 nan nan
-985582700000.0 0.41829428 nan nan
-984048660000.0 0.41764322 nan nan
-982514700000.0 0.4169922 nan nan
-980980800000.0 0.41634116 nan nan
-979446700000.0 0.4156901 nan nan
-977912860000.0 0.4150391 nan nan
-976378800000.0 0.41438803 nan nan
-974844800000.0 0.41373694 nan nan
-973310900000.0 0.41308597 nan nan
-971776850000.0 0.41243488 nan nan
-970242900000.0 0.41178387 nan nan
-968709000000.0 0.41113284 nan nan
-967174900000.0 0.41048175 nan nan
-965641000000.0 0.40983072 nan nan
-964107000000.0 0.4091797 nan nan
-962573000000.0 0.40852863 nan nan
-961039000000.0 0.4078776 nan nan
-959505040000.0 0.40722656 nan nan
-957971000000.0 0.4065755 nan nan
-956437100000.0 0.4059245 nan nan
-954903100000.0 0.40527344 nan nan
-953369030000.0 0.40462238 nan nan
-951835160000.0 0.40397137 nan nan
-950301100000.0 0.4033203 nan nan
-948767160000.0 0.40266928 nan nan
-947233200000.0 0.40201825 nan nan
-945699160000.0 0.4013672 nan nan
-944165200000.0 0.40071616 nan nan
-942631300000.0 0.40006512 nan nan
-941097200000.0 0.39941403 nan nan
-939563300000.0 0.398763 nan nan
-938029300000.0 0.39811197 nan nan
-936495300000.0 0.3974609 nan nan
-934961400000.0 0.39680994 nan nan
-933427350000.0 0.39615884 nan nan
-931893400000.0 0.3955078 nan nan
-930359400000.0 0.39485678 nan nan
-928825400000.0 0.39420572 nan nan
-927291400000.0 0.3935547 nan nan
-925757500000.0 0.39290366 nan nan
-924223500000.0 0.3922526 nan nan
-922689500000.0 0.39160156 nan nan
-921155530000.0 0.39095053 nan nan
-919621500000.0 0.39029947 nan nan
-918087500000.0 0.38964844 nan nan
-916553600000.0 0.3889974 nan nan
-915019500000.0 0.38834634 nan nan
-913485660000.0 0.38769534 nan nan
-911951600000.0 0.38704428 nan nan
-910417660000.0 0.38639325 nan nan
-908883700000.0 0.38574222 nan nan
-907349660000.0 0.38509113 nan nan
-905815700000.0 0.3844401 nan nan
-904281700000.0 0.3837891 nan nan
-902747700000.0 0.383138 nan nan
-901213800000.0 0.38248697 nan nan
-899679800000.0 0.38183594 nan nan
-898145800000.0 0.38118488 nan nan
-896611800000.0 0.38053384 nan nan
-895077840000.0 0.3798828 nan nan
-893543800000.0 0.37923175 nan nan
-892009900000.0 0.37858075 nan nan
-890475900000.0 0.3779297 nan nan
-888941900000.0 0.37727866 nan nan
-887408000000.0 0.37662762 nan nan
-885873900000.0 0.37597656 nan nan
-884339970000.0 0.37532553 nan nan
-882806000000.0 0.3746745 nan nan
-881271960000.0 0.37402344 nan nan
-879738000000.0 0.3733724 nan nan
-878204100000.0 0.37272137 nan nan
-876670000000.0 0.37207028 nan nan
-875136100000.0 0.37141925 nan nan
-873602100000.0 0.37076822 nan nan
-872068100000.0 0.37011716 nan nan
-870534200000.0 0.3694662 nan nan
-869000150000.0 0.3688151 nan nan
-867466200000.0 0.36816406 nan nan
-865932200000.0 0.36751303 nan nan
-864398200000.0 0.36686197 nan nan
-862864200000.0 0.36621094 nan nan
-861330300000.0 0.3655599 nan nan
-859796200000.0 0.36490884 nan nan
-858262300000.0 0.3642578 nan nan
-856728340000.0 0.36360678 nan nan
-855194300000.0 0.36295572 nan nan
-853660340000.0 0.3623047 nan nan
-852126400000.0 0.36165366 nan nan
-850592330000.0 0.3610026 nan nan
-849058460000.0 0.3603516 nan nan
-847524400000.0 0.35970053 nan nan
-845990460000.0 0.3590495 nan nan
-844456500000.0 0.35839847 nan nan
-842922460000.0 0.35774738 nan nan
-841388500000.0 0.35709634 nan nan
-839854500000.0 0.3564453 nan nan
-838320500000.0 0.35579425 nan nan
-836786600000.0 0.35514322 nan nan
-835252600000.0 0.3544922 nan nan
-833718600000.0 0.35384113 nan nan
-832184600000.0 0.3531901 nan nan
-830650650000.0 0.35253906 nan nan
-829116600000.0 0.351888 nan nan
-827582700000.0 0.351237 nan nan
-826048700000.0 0.35058594 nan nan
-824514700000.0 0.3499349 nan nan
-822980800000.0 0.34928387 nan nan
-821446700000.0 0.3486328 nan nan
-819912800000.0 0.34798178 nan nan
-818378830000.0 0.34733075 nan nan
-816844800000.0 0.3466797 nan nan
-815310800000.0 0.34602866 nan nan
-813776900000.0 0.34537762 nan nan
-812242800000.0 0.34472653 nan nan
-810708900000.0 0.3440755 nan nan
-809174900000.0 0.34342447 nan nan
-807640900000.0 0.3427734 nan nan
-806107000000.0 0.3421224 nan nan
-804572950000.0 0.34147134 nan nan
-803039000000.0 0.3408203 nan nan
-801505000000.0 0.34016928 nan nan
-799971000000.0 0.33951822 nan nan
-798437000000.0 0.3388672 nan nan
-796903100000.0 0.33821616 nan nan
-795369000000.0 0.3375651 nan nan
-793835100000.0 0.33691406 nan nan
-792301140000.0 0.33626303 nan nan
-790767100000.0 0.33561197 nan nan
-789233140000.0 0.33496094 nan nan
-787699200000.0 0.3343099 nan nan
-786165200000.0 0.33365887 nan nan
-784631200000.0 0.3330078 nan nan
-783097200000.0 0.33235678 nan nan
-781563270000.0 0.33170575 nan nan
-780029300000.0 0.33105472 nan nan
-778495260000.0 0.33040363 nan nan
-776961300000.0 0.3297526 nan nan
-775427300000.0 0.32910156 nan nan
-773893300000.0 0.3284505 nan nan
-772359300000.0 0.32779947 1.0792839e-11 -3069500.8
-770825400000.0 0.32714844 1.0792839e-11 -3069500.8
-769291400000.0 0.32649738 1.0792839e-11 -3069500.8
-767757400000.0 0.32584634 1.0792839e-11 -3069500.8
-766223450000.0 0.3251953 1.2698414e-11 -2845316.0
-764689500000.0 0.32454428 1.2698414e-11 -2845316.0
-763155450000.0 0.32389322 1.2698414e-11 -2845316.0
-761621500000.0 0.3232422 1.2698414e-11 -2845316.0
-760087500000.0 0.32259116 1.4964256e-11 -2614226.5
-758553600000.0 0.32194012 1.4964256e-11 -2614226.5
-757019500000.0 0.32128906 1.4964256e-11 -2614226.5
-755485600000.0 0.32063803 1.4964256e-11 -2614226.5
-753951640000.0 0.319987 1.7706565e-11 -2378807.8
-752417600000.0 0.31933594 1.7706565e-11 -2378807.8
-750883640000.0 0.3186849 1.7706565e-11 -2378807.8
-749349700000.0 0.31803387 1.7706565e-11 -2378807.8
-747815700000.0 0.31738284 2.1073452e-11 -2141020.2
-746281700000.0 0.31673178 2.1073452e-11 -2141020.2
-744747700000.0 0.31608072 2.1073452e-11 -2141020.2
-743213760000.0 0.3154297 2.1073452e-11 -2141020.2
-741679700000.0 0.31477863 2.5361154e-11 -1904789.9
-740145760000.0 0.3141276 2.5361154e-11 -1904789.9
-738611800000.0 0.31347656 2.5361154e-11 -1904789.9
-737077800000.0 0.31282553 2.5361154e-11 -1904789.9
-735543800000.0 0.31217447 3.10215e-11 -1672321.1
-734009800000.0 0.3115234 3.10215e-11 -1672321.1
-732475900000.0 0.3108724 3.10215e-11 -1672321.1
-730941800000.0 0.3102213 3.10215e-11 -1672321.1
-729407900000.0 0.3095703 3.87683e-11 -1445499.8
-727873950000.0 0.30891928 3.87683e-11 -1445499.8
-726339940000.0 0.30826822 3.87683e-11 -1445499.8
-724805940000.0 0.3076172 3.87683e-11 -1445499.8
-723272000000.0 0.30696616 4.982523e-11 -1224551.0
-721738000000.0 0.30631512 4.982523e-11 -1224551.0
-720204000000.0 0.30566406 4.982523e-11 -1224551.0
-718670000000.0 0.30501303 4.982523e-11 -1224551.0
-717136100000.0 0.304362 6.6206825e-11 -1012032.5
-715602100000.0 0.30371094 6.6206825e-11 -1012032.5
-714068070000.0 0.30305988 6.6206825e-11 -1012032.5
-712534100000.0 0.30240884 6.6206825e-11 -1012032.5
-711000100000.0 0.3017578 9.123596e-11 -815164.0
-709466100000.0 0.30110675 9.123596e-11 -815164.0
-707932100000.0 0.30045572 9.123596e-11 -815164.0
-706398200000.0 0.2998047 9.123596e-11 -815164.0
-704864200000.0 0.29915366 1.3006897e-10 -649552.5
-703330200000.0 0.2985026 1.3006897e-10 -649552.5
-701796250000.0 0.29785156 1.3006897e-10 -649552.5
-700262300000.0 0.29720056 1.3006897e-10 -649552.5
-698728250000.0 0.29654947 1.8986239e-10 -511578.12
-697194300000.0 0.29589847 1.8986239e-10 -511578.12
-695660300000.0 0.2952474 1.8986239e-10 -511578.12
-694126300000.0 0.29459634 1.8986239e-10 -511578.12
-692592300000.0 0.29394528 2.7934605e-10 -398579.2
-691058400000.0 0.29329428 2.7934605e-10 -398579.2
-689524440000.0 0.29264325 2.7934605e-10 -398579.2
-687990440000.0 0.2919922 2.7934605e-10 -398579.2
-686456440000.0 0.29134116 4.077897e-10 -308858.03
-684922440000.0 0.2906901 4.077897e-10 -308858.03
-683388440000.0 0.29003903 4.077897e-10 -308858.03
-681854500000.0 0.28938803 4.077897e-10 -308858.03
-680320500000.0 0.28873697 5.8329536e-10 -237165.08
-678786560000.0 0.28808594 5.8329536e-10 -237165.08
-677252560000.0 0.2874349 5.8329536e-10 -237165.08
-675718560000.0 0.28678384 5.8329536e-10 -237165.08
-674184600000.0 0.28613284 8.1203777e-10 -177376.8
-672650600000.0 0.28548178 8.1203777e-10 -177376.8
-671116600000.0 0.28483072 8.1203777e-10 -177376.8
-669582600000.0 0.28417966 8.1203777e-10 -177376.8
-668048700000.0 0.28352866 1.0989788e-09 -125145.71
-666514700000.0 0.2828776 1.0989788e-09 -125145.71
-664980700000.0 0.28222656 1.0989788e-09 -125145.71
-663446750000.0 0.28157553 1.0989788e-09 -125145.71
-661912750000.0 0.28092447 1.4506355e-09 -77554.15
-660378750000.0 0.28027344 1.4506355e-09 -77554.15
-658844800000.0 0.2796224 1.4506355e-09 -77554.15
-657310800000.0 0.27897137 1.4506355e-09 -77554.15
-655776800000.0 0.2783203 1.8774058e-09 -32438.123
-654242800000.0 0.27766928 1.8774058e-09 -32438.123
-652708900000.0 0.27701825 1.8774058e-09 -32438.123
-651174900000.0 0.2763672 1.8774058e-09 -32438.123
-649640900000.0 0.27571613 2.394829e-09 9849.858
-648106930000.0 0.2750651 2.394829e-09 9849.858
-646572930000.0 0.27441406 2.394829e-09 9849.858
-645038900000.0 0.273763 2.394829e-09 9849.858
-643504900000.0 0.27311197 3.0233605e-09 49404.082
-641971000000.0 0.27246094 3.0233605e-09 49404.082
-640437000000.0 0.2718099 3.0233605e-09 49404.082
-638903000000.0 0.27115884 3.0233605e-09 49404.082
-637369060000.0 0.2705078 3.7879446e-09 86063.58
-635835100000.0 0.2698568 3.7879446e-09 86063.58
-634301100000.0 0.26920575 3.7879446e-09 86063.58
-632767100000.0 0.2685547 3.7879446e-09 86063.58
-631233100000.0 0.26790366 4.7110587e-09 118207.96
-629699100000.0 0.2672526 4.7110587e-09 118207.96
-628165100000.0 0.26660156 4.7110587e-09 118207.96
-626631200000.0 0.26595053 4.7110587e-09 118207.96
-625097240000.0 0.2652995 5.8044463e-09 143772.38
-623563240000.0 0.26464844 5.8044463e-09 143772.38
-622029240000.0 0.2639974 5.8044463e-09 143772.38
-620495240000.0 0.26334634 5.8044463e-09 143772.38
-618961240000.0 0.26269528 7.0685124e-09 163368.89
-617427240000.0 0.26204425 7.0685124e-09 163368.89
-615893300000.0 0.26139322 7.0685124e-09 163368.89
-614359400000.0 0.2607422 7.0685124e-09 163368.89
-612825370000.0 0.26009116 8.487598e-09 177834.53
-611291370000.0 0.2594401 8.487598e-09 177834.53
-609757400000.0 0.2587891 8.487598e-09 177834.53
-608223400000.0 0.25813803 8.487598e-09 177834.53
-606689400000.0 0.257487 1.0036402e-08 187352.14
-605155400000.0 0.2568359 1.0036402e-08 187352.14
-603621500000.0 0.2561849 1.0036402e-08 187352.14
-602087500000.0 0.25553384 1.0036402e-08 187352.14
-600553500000.0 0.2548828 1.1685098e-08 191868.81
-599019550000.0 0.25423178 1.1685098e-08 191868.81
-597485550000.0 0.25358072 1.1685098e-08 191868.81
-595951550000.0 0.2529297 1.1685098e-08 191868.81
-594417600000.0 0.25227866 1.3403011e-08 191717.72
-592883600000.0 0.25162762 1.3403011e-08 191717.72
-591349600000.0 0.25097656 1.3403011e-08 191717.72
-589815600000.0 0.2503255 1.3403011e-08 191717.72
-588281700000.0 0.24967448 1.5169327e-08 187658.52
-586747700000.0 0.24902344 1.5169327e-08 187658.52
-585213700000.0 0.24837239 1.5169327e-08 187658.52
-583679740000.0 0.24772136 1.5169327e-08 187658.52
-582145740000.0 0.2470703 1.6953836e-08 179957.8
-580611740000.0 0.24641925 1.6953836e-08 179957.8
-579077730000.0 0.2457682 1.6953836e-08 179957.8
-577543800000.0 0.24511719 1.6953836e-08 179957.8
-576009800000.0 0.24446614 1.8727999e-08 168990.0
-574475800000.0 0.2438151 1.8727999e-08 168990.0
-572941860000.0 0.24316406 1.8727999e-08 168990.0
-571407900000.0 0.24251305 1.8727999e-08 168990.0
