morphology_data/1d_wa_a0.05_l8r0.5_00001.ecsv
# %ECSV 1.0
# ---
# datatype:
# - {name: b, datatype: float32}
# - {name: phase, datatype: float32}
# - {name: sigma, datatype: float32}
# - {name: vr, datatype: float32}
# meta: {lambda: 8, rp: 0.5, sep: 0.05, wind: a}
# schema: astropy-2.0
b phase sigma vr
[from data line 311]
-1400524600000.0 0.29720056 1.1524209e-08 -48606.434
-1397456500000.0 0.29654947 1.14571215e-08 -14045.725
-1394388600000.0 0.29589847 1.14571215e-08 -14045.725
-1391320600000.0 0.2952474 1.14571215e-08 -14045.725
-1388252600000.0 0.29459634 1.14571215e-08 -14045.725
-1385184600000.0 0.29394528 1.15724745e-08 4824.5493
-1382116800000.0 0.29329428 1.15724745e-08 4824.5493
-1379048900000.0 0.29264325 1.15724745e-08 4824.5493
-1375980900000.0 0.2919922 1.15724745e-08 4824.5493
-1372912900000.0 0.29134116 1.1579312e-08 21188.445
-1369844900000.0 0.2906901 1.1579312e-08 21188.445
-1366776900000.0 0.29003903 1.1579312e-08 21188.445
-1363709000000.0 0.28938803 1.1579312e-08 21188.445
-1360641000000.0 0.28873697 1.1755534e-08 40369.098
-1357573100000.0 0.28808594 1.1755534e-08 40369.098
-1354505100000.0 0.2874349 1.1755534e-08 40369.098
-1351437100000.0 0.28678384 1.1755534e-08 40369.098
-1348369300000.0 0.28613284 1.1880764e-08 75599.45
-1345301300000.0 0.28548178 1.1880764e-08 75599.45
-1342233200000.0 0.28483072 1.1880764e-08 75599.45
-1339165200000.0 0.28417966 1.1880764e-08 75599.45
-1336097400000.0 0.28352866 1.2105698e-08 112581.734
-1333029400000.0 0.2828776 1.2105698e-08 112581.734
-1329961400000.0 0.28222656 1.2105698e-08 112581.734
-1326893500000.0 0.28157553 1.2105698e-08 112581.734
-1323825500000.0 0.28092447 1.2402008e-08 165597.48
-1320757500000.0 0.28027344 1.2402008e-08 165597.48
-1317689600000.0 0.2796224 1.2402008e-08 165597.48
-1314621600000.0 0.27897137 1.2402008e-08 165597.48
-1311553600000.0 0.2783203 1.27602355e-08 243718.86
-1308485600000.0 0.27766928 1.27602355e-08 243718.86
-1305417700000.0 0.27701825 1.27602355e-08 243718.86
-1302349700000.0 0.2763672 1.27602355e-08 243718.86
-1299281700000.0 0.27571613 1.3090336e-08 312298.06
-1296213900000.0 0.2750651 1.3090336e-08 312298.06
-1293145900000.0 0.27441406 1.3090336e-08 312298.06
-1290077900000.0 0.273763 1.3090336e-08 312298.06
-1287009900000.0 0.27311197 1.32280515e-08 364183.97
-1283942000000.0 0.27246094 1.32280515e-08 364183.97
-1280874000000.0 0.2718099 1.32280515e-08 364183.97
-1277806000000.0 0.27115884 1.32280515e-08 364183.97
-1274738100000.0 0.2705078 1.3158221e-08 370963.88
-1271670200000.0 0.2698568 1.3158221e-08 370963.88
-1268602200000.0 0.26920575 1.3158221e-08 370963.88
-1265534200000.0 0.2685547 1.3158221e-08 370963.88
-1262466200000.0 0.26790366 1.2712657e-08 336316.0
-1259398200000.0 0.2672526 1.2712657e-08 336316.0
-1256330200000.0 0.26660156 1.2712657e-08 336316.0
-1253262400000.0 0.26595053 1.2712657e-08 336316.0
-1250194500000.0 0.2652995 1.2017396e-08 219124.53
-1247126500000.0 0.26464844 1.2017396e-08 219124.53
-1244058500000.0 0.2639974 1.2017396e-08 219124.53
-1240990500000.0 0.26334634 1.2017396e-08 219124.53
-1237922500000.0 0.26269528 1.1279507e-08 113756.18
-1234854500000.0 0.26204425 1.1279507e-08 113756.18
-1231786600000.0 0.26139322 1.1279507e-08 113756.18
-1228718700000.0 0.2607422 1.1279507e-08 113756.18
-1225650700000.0 0.26009116 1.0733283e-08 49278.73
-1222582700000.0 0.2594401 1.0733283e-08 49278.73
-1219514900000.0 0.2587891 1.0733283e-08 49278.73
-1216446900000.0 0.25813803 1.0733283e-08 49278.73
-1213378900000.0 0.257487 1.0235004e-08 39319.473
-1210310900000.0 0.2568359 1.0235004e-08 39319.473
-1207243000000.0 0.2561849 1.0235004e-08 39319.473
-1204175000000.0 0.25553384 1.0235004e-08 39319.473
-1201107000000.0 0.2548828 9.704529e-09 61157.06
-1198039100000.0 0.25423178 9.704529e-09 61157.06
-1194971100000.0 0.25358072 9.704529e-09 61157.06
-1191903100000.0 0.2529297 9.704529e-09 61157.06
-1188835200000.0 0.25227866 9.195939e-09 108186.984
-1185767200000.0 0.25162762 9.195939e-09 108186.984
-1182699200000.0 0.25097656 9.195939e-09 108186.984
-1179631200000.0 0.2503255 9.195939e-09 108186.984
-1176563400000.0 0.24967448 8.6947525e-09 170155.1
-1173495300000.0 0.24902344 8.6947525e-09 170155.1
-1170427300000.0 0.24837239 8.6947525e-09 170155.1
-1167359500000.0 0.24772136 8.6947525e-09 170155.1
-1164291500000.0 0.2470703 8.265567e-09 231845.0
-1161223500000.0 0.24641925 8.265567e-09 231845.0
-1158155500000.0 0.2457682 8.265567e-09 231845.0
-1155087600000.0 0.24511719 8.265567e-09 231845.0
-1152019600000.0 0.24446614 7.981016e-09 301558.75
-1148951600000.0 0.2438151 7.981016e-09 301558.75
-1145883700000.0 0.24316406 7.981016e-09 301558.75
-1142815900000.0 0.24251305 7.981016e-09 301558.75
-1139747800000.0 0.241862 7.783431e-09 362235.1
-1136679800000.0 0.24121095 7.783431e-09 362235.1
-1133611800000.0 0.2405599 7.783431e-09 362235.1
-1130543800000.0 0.23990884 7.783431e-09 362235.1
-1127475800000.0 0.2392578 7.8129405e-09 452702.1
-1124408000000.0 0.23860677 7.8129405e-09 452702.1
-1121340100000.0 0.23795573 7.8129405e-09 452702.1
-1118272100000.0 0.23730469 7.8129405e-09 452702.1
-1115204100000.0 0.23665364 7.825941e-09 517408.34
-1112136100000.0 0.2360026 7.825941e-09 517408.34
-1109068100000.0 0.23535155 7.825941e-09 517408.34
-1106000100000.0 0.23470049 7.825941e-09 517408.34
-1102932200000.0 0.23404948 7.9248625e-09 621453.2
-1099864300000.0 0.23339845 7.9248625e-09 621453.2
-1096796340000.0 0.23274739 7.9248625e-09 621453.2
-1093728340000.0 0.23209634 7.9248625e-09 621453.2
-1090660400000.0 0.23144531 7.865056e-09 661471.94
-1087592400000.0 0.23079427 7.865056e-09 661471.94
-1084524400000.0 0.23014322 7.865056e-09 661471.94
-1081456500000.0 0.22949219 7.865056e-09 661471.94
-1078388600000.0 0.22884116 7.869142e-09 744388.44
-1075320600000.0 0.22819011 7.869142e-09 744388.44
-1072252600000.0 0.22753906 7.869142e-09 744388.44
-1069184650000.0 0.22688803 7.869142e-09 744388.44
-1066116700000.0 0.22623697 7.83311e-09 751571.75
-1063048700000.0 0.22558592 7.83311e-09 751571.75
-1059980800000.0 0.22493489 7.83311e-09 751571.75
-1056912830000.0 0.22428386 7.83311e-09 751571.75
-1053844800000.0 0.22363281 7.859231e-09 787679.75
-1050776800000.0 0.22298177 7.859231e-09 787679.75
-1047708960000.0 0.22233073 7.859231e-09 787679.75
-1044640960000.0 0.22167969 7.859231e-09 787679.75
-1041572950000.0 0.22102864 7.924544e-09 809521.94
-1038505000000.0 0.22037761 7.924544e-09 809521.94
-1035437150000.0 0.21972658 7.924544e-09 809521.94
-1032369140000.0 0.21907552 7.924544e-09 809521.94
-1029301140000.0 0.21842447 7.961388e-09 799298.94
-1026233200000.0 0.21777344 7.961388e-09 799298.94
-1023165200000.0 0.21712239 7.961388e-09 799298.94
-1020097200000.0 0.21647134 7.961388e-09 799298.94
-1017029300000.0 0.21582031 8.137931e-09 822653.3
-1013961400000.0 0.21516928 8.137931e-09 822653.3
-1010893400000.0 0.21451823 8.137931e-09 822653.3
-1007825400000.0 0.21386719 8.137931e-09 822653.3
-1004757450000.0 0.21321616 8.294813e-09 841868.94
-1001689500000.0 0.2125651 8.294813e-09 841868.94
-998621500000.0 0.21191405 8.294813e-09 841868.94
-995553600000.0 0.21126302 8.294813e-09 841868.94
-992485640000.0 0.21061198 8.479018e-09 863930.06
-989417640000.0 0.20996094 8.479018e-09 863930.06
-986349630000.0 0.20930989 8.479018e-09 863930.06
-983281760000.0 0.20865886 8.479018e-09 863930.06
-980213760000.0 0.20800781 8.7345375e-09 905636.56
-977145760000.0 0.20735677 8.7345375e-09 905636.56
-974077800000.0 0.20670573 8.7345375e-09 905636.56
-971009950000.0 0.2060547 8.7345375e-09 905636.56
-967941950000.0 0.20540364 9.019759e-09 938815.4
-964873950000.0 0.2047526 9.019759e-09 938815.4
-961806000000.0 0.20410156 9.019759e-09 938815.4
-958738140000.0 0.20345053 9.019759e-09 938815.4
-955670000000.0 0.20279947 9.526862e-09 954290.3
-952602100000.0 0.20214844 9.526862e-09 954290.3
-949534200000.0 0.2014974 9.526862e-09 954290.3
-946466200000.0 0.20084636 9.526862e-09 954290.3
-943398200000.0 0.20019531 1.0091046e-08 981101.1
-940330250000.0 0.19954428 1.0091046e-08 981101.1
-937262400000.0 0.19889325 1.0091046e-08 981101.1
-934194300000.0 0.19824217 1.0091046e-08 981101.1
-931126400000.0 0.19759114 1.0774318e-08 955868.7
-928058440000.0 0.19694011 1.0774318e-08 955868.7
-924990440000.0 0.19628906 1.0774318e-08 955868.7
-921922440000.0 0.19563802 1.0774318e-08 955868.7
-918854570000.0 0.19498698 1.1588086e-08 971369.0
-915786600000.0 0.19433595 1.1588086e-08 971369.0
-912718560000.0 0.19368488 1.1588086e-08 971369.0
-909650600000.0 0.19303386 1.1588086e-08 971369.0
-906582750000.0 0.19238283 1.2160507e-08 954036.25
-903514750000.0 0.19173177 1.2160507e-08 954036.25
-900446750000.0 0.19108072 1.2160507e-08 954036.25
-897378800000.0 0.19042969 1.2160507e-08 954036.25
-894310900000.0 0.18977866 1.2676664e-08 946966.0
-891242800000.0 0.1891276 1.2676664e-08 946966.0
-888174940000.0 0.18847656 1.2676664e-08 946966.0
-885107000000.0 0.18782553 1.2676664e-08 946966.0
-882039000000.0 0.18717448 1.3002916e-08 965067.0
-878971000000.0 0.18652342 1.3002916e-08 965067.0
-875903060000.0 0.1858724 1.3002916e-08 965067.0
-872835200000.0 0.18522137 1.3002916e-08 965067.0
-869767050000.0 0.1845703 1.3138917e-08 979184.7
-866699200000.0 0.18391927 1.3138917e-08 979184.7
-863631250000.0 0.18326823 1.3138917e-08 979184.7
-860563240000.0 0.18261719 1.3138917e-08 979184.7
-857495400000.0 0.18196616 1.3319166e-08 994118.8
-854427400000.0 0.18131511 1.3319166e-08 994118.8
-851359400000.0 0.18066408 1.3319166e-08 994118.8
-848291360000.0 0.180013 1.3319166e-08 994118.8
-845223400000.0 0.17936198 1.3521451e-08 1039185.2
-842155560000.0 0.17871095 1.3521451e-08 1039185.2
-839087400000.0 0.17805988 1.3521451e-08 1039185.2
-836019700000.0 0.17740889 1.3521451e-08 1039185.2
-832951600000.0 0.17675781 1.3744605e-08 1056209.8
-829883550000.0 0.17610675 1.3744605e-08 1056209.8
-826815800000.0 0.17545575 1.3744605e-08 1056209.8
-823747740000.0 0.17480469 1.3744605e-08 1056209.8
-820679600000.0 0.17415361 1.3994764e-08 1107677.4
-817611870000.0 0.17350262 1.3994764e-08 1107677.4
-814543800000.0 0.17285155 1.3994764e-08 1107677.4
-811475860000.0 0.17220053 1.3994764e-08 1107677.4
-808408000000.0 0.1715495 1.4176122e-08 1127943.1
-805339860000.0 0.17089842 1.4176122e-08 1127943.1
-802272000000.0 0.17024739 1.4176122e-08 1127943.1
-799204050000.0 0.16959636 1.4176122e-08 1127943.1
-796136000000.0 0.1689453 1.4426294e-08 1166873.9
-793068240000.0 0.1682943 1.4426294e-08 1166873.9
-790000200000.0 0.16764323 1.4426294e-08 1166873.9
-786932040000.0 0.16699216 1.4426294e-08 1166873.9
-783864370000.0 0.16634117 1.4701343e-08 1201209.6
-780796200000.0 0.1656901 1.4701343e-08 1201209.6
-777728160000.0 0.16503903 1.4701343e-08 1201209.6
-774660400000.0 0.16438805 1.4701343e-08 1201209.6
-771592360000.0 0.16373697 1.4881007e-08 1223727.1
-768524400000.0 0.16308594 1.4881007e-08 1223727.1
-765456500000.0 0.1624349 1.4881007e-08 1223727.1
-762388400000.0 0.16178384 1.4881007e-08 1223727.1
-759320540000.0 0.16113281 1.507318e-08 1252772.0
-756252600000.0 0.16048178 1.507318e-08 1252772.0
-753184540000.0 0.1598307 1.507318e-08 1252772.0
-750116800000.0 0.15917972 1.507318e-08 1252772.0
-747048670000.0 0.15852864 1.5193162e-08 1272479.6
-743980600000.0 0.15787758 1.5193162e-08 1272479.6
-740912860000.0 0.15722659 1.5193162e-08 1272479.6
-737844800000.0 0.15657552 1.5193162e-08 1272479.6
-734776700000.0 0.15592445 1.5299475e-08 1302140.5
-731709000000.0 0.15527347 1.5299475e-08 1302140.5
-728640850000.0 0.15462239 1.5299475e-08 1302140.5
-725573000000.0 0.15397136 1.5299475e-08 1302140.5
-722505040000.0 0.15332033 1.5288801e-08 1317807.9
-719437000000.0 0.15266925 1.5288801e-08 1317807.9
-716369040000.0 0.15201822 1.5288801e-08 1317807.9
-713301160000.0 0.1513672 1.5288801e-08 1317807.9
-710233000000.0 0.15071613 1.5299033e-08 1340815.1
-707165300000.0 0.15006512 1.5299033e-08 1340815.1
-704097200000.0 0.14941406 1.5299033e-08 1340815.1
-701029150000.0 0.148763 1.5299033e-08 1340815.1
-697961400000.0 0.148112 1.537666e-08 1359001.0
-694893300000.0 0.14746092 1.537666e-08 1359001.0
-691825200000.0 0.14680986 1.537666e-08 1359001.0
-688757500000.0 0.14615887 1.537666e-08 1359001.0
-685689400000.0 0.1455078 1.5308927e-08 1398372.2
-682621500000.0 0.14485677 1.5308927e-08 1398372.2
-679553600000.0 0.14420575 1.5308927e-08 1398372.2
-676485460000.0 0.14355466 1.5308927e-08 1398372.2
-673417600000.0 0.14290364 1.5366172e-08 1439617.4
-670349660000.0 0.14225261 1.5366172e-08 1439617.4
-667281600000.0 0.14160155 1.5366172e-08 1439617.4
-664213850000.0 0.14095055 1.5366172e-08 1439617.4
-661145800000.0 0.14029948 1.5355255e-08 1508777.5
-658077650000.0 0.13964841 1.5355255e-08 1508777.5
-655009900000.0 0.1389974 1.5355255e-08 1508777.5
-651941840000.0 0.13834634 1.5355255e-08 1508777.5
-648873800000.0 0.13769528 1.5539108e-08 1570002.0
-645806000000.0 0.1370443 1.5539108e-08 1570002.0
-642737960000.0 0.13639323 1.5539108e-08 1570002.0
-639670000000.0 0.13574219 1.5539108e-08 1570002.0
-636602100000.0 0.13509116 1.5630645e-08 1634139.2
-633534000000.0 0.1344401 1.5630645e-08 1634139.2
-630466100000.0 0.13378905 1.5630645e-08 1634139.2
-627398200000.0 0.13313803 1.5630645e-08 1634139.2
-624330150000.0 0.13248697 1.6215822e-08 1666927.8
-621262400000.0 0.13183598 1.6215822e-08 1666927.8
-618194300000.0 0.13118489 1.6215822e-08 1666927.8
-615126200000.0 0.13053383 1.6215822e-08 1666927.8
-612058460000.0 0.12988284 1.6557841e-08 1709819.4
-608990400000.0 0.12923177 1.6557841e-08 1709819.4
-605922260000.0 0.12858069 1.6557841e-08 1709819.4
-602854600000.0 0.12792972 1.6557841e-08 1709819.4
-599786460000.0 0.12727864 1.7135221e-08 1727875.6
-596718600000.0 0.12662761 1.7135221e-08 1727875.6
-593650650000.0 0.12597658 1.7135221e-08 1727875.6
-590582600000.0 0.1253255 1.7135221e-08 1727875.6
-587514640000.0 0.12467448 1.7717648e-08 1779883.5
-584446800000.0 0.12402345 1.7717648e-08 1779883.5
-581378640000.0 0.123372376 1.7717648e-08 1779883.5
-578310900000.0 0.12272138 1.7717648e-08 1779883.5
-575242800000.0 0.12207031 1.8409763e-08 1793195.5
-572174760000.0 0.12141925 1.8409763e-08 1793195.5
-569107000000.0 0.12076825 1.8409763e-08 1793195.5
-566038900000.0 0.12011717 1.8409763e-08 1793195.5
-562970800000.0 0.11946611 1.9225027e-08 1827060.6
-559903100000.0 0.118815124 1.9225027e-08 1827060.6
-556835000000.0 0.118164055 1.9225027e-08 1827060.6
-553767100000.0 0.11751302 1.9225027e-08 1827060.6
-550699200000.0 0.11686199 1.9954431e-08 1824134.9
-547631100000.0 0.11621092 1.9954431e-08 1824134.9
-544563200000.0 0.11555989 1.9954431e-08 1824134.9
-541495260000.0 0.11490886 1.9954431e-08 1824134.9
-538427200000.0 0.11425779 2.0951616e-08 1845943.2
-535359460000.0 0.113606796 2.0951616e-08 1845943.2
-532291350000.0 0.11295573 2.0951616e-08 1845943.2
-529223300000.0 0.11230466 2.0951616e-08 1845943.2
-526155550000.0 0.11165367 2.1609095e-08 1832341.8
-523087450000.0 0.1110026 2.1609095e-08 1832341.8
-520019350000.0 0.11035153 2.1609095e-08 1832341.8
-516951640000.0 0.10970054 2.1609095e-08 1832341.8
-513883540000.0 0.10904947 2.2645185e-08 1822414.9
-510815630000.0 0.10839844 2.2645185e-08 1822414.9
-507747730000.0 0.107747406 2.2645185e-08 1822414.9
-504679630000.0 0.10709634 2.2645185e-08 1822414.9
-501611720000.0 0.106445305 2.34268e-08 1804937.4
-498543820000.0 0.10579427 2.34268e-08 1804937.4
-495475720000.0 0.10514321 2.34268e-08 1804937.4
-492407980000.0 0.10449222 2.34268e-08 1804937.4
-489339900000.0 0.10384115 2.4372461e-08 1738909.0
-486271800000.0 0.10319008 2.4372461e-08 1738909.0
-483204070000.0 0.102539085 2.4372461e-08 1738909.0
-480135970000.0 0.101888016 2.4372461e-08 1738909.0
-477067900000.0 0.10123695 2.5727823e-08 1679661.5
-474000160000.0 0.10058595 2.5727823e-08 1679661.5
-470932060000.0 0.09993488 2.5727823e-08 1679661.5
-467864160000.0 0.09928385 2.5727823e-08 1679661.5
-464796250000.0 0.09863283 2.6182455e-08 1729181.4
-461728150000.0 0.09798176 2.6182455e-08 1729181.4
-458660250000.0 0.09733073 2.6182455e-08 1729181.4
-455592350000.0 0.096679695 2.6182455e-08 1729181.4
-452524240000.0 0.096028626 2.6607909e-08 1680807.0
-449456500000.0 0.09537763 2.6607909e-08 1680807.0
-446388440000.0 0.09472656 2.6607909e-08 1680807.0
-443320340000.0 0.09407549 2.6607909e-08 1680807.0
-440252600000.0 0.0934245 2.7377752e-08 1638618.0
