morphology_data/1d_wa_a0.1_l2r2_00001.ecsv
# %ECSV 1.0
# ---
# datatype:
# - {name: b, datatype: float32}
# - {name: phase, datatype: float32}
# - {name: sigma, datatype: float32}
# - {name: vr, datatype: float32}
# meta: {lambda: 2, rp: 2.0, sep: 0.1, wind: a}
# schema: astropy-2.0
b phase sigma vr
[from data line 1229]
2856272500000.0 -0.3030599 2.7776264e-09 -2118815.2
2862408000000.0 -0.3037109 2.7776264e-09 -2118815.2
2868544300000.0 -0.304362 2.7776264e-09 -2118815.2
2874680500000.0 -0.30501306 2.6012117e-09 -2329508.8
2880816000000.0 -0.30566406 2.6012117e-09 -2329508.8
2886952000000.0 -0.30631512 2.6012117e-09 -2329508.8
2893088300000.0 -0.3069662 2.6012117e-09 -2329508.8
2899223800000.0 -0.3076172 2.473607e-09 -2437677.0
2905359300000.0 -0.30826816 2.473607e-09 -2437677.0
2911496000000.0 -0.3089193 2.473607e-09 -2437677.0
2917631500000.0 -0.3095703 2.473607e-09 -2437677.0
2923767000000.0 -0.3102213 2.3980151e-09 -2388511.0
2929903800000.0 -0.31087244 2.3980151e-09 -2388511.0
2936039300000.0 -0.3115234 2.3980151e-09 -2388511.0
2942174800000.0 -0.31217444 2.3980151e-09 -2388511.0
2948311800000.0 -0.3128256 2.4181708e-09 -2185207.5
2954447300000.0 -0.31347656 2.4181708e-09 -2185207.5
2960582800000.0 -0.3141276 2.4181708e-09 -2185207.5
2966719600000.0 -0.31477872 2.4181708e-09 -2185207.5
2972855000000.0 -0.3154297 2.5443505e-09 -1831486.5
2978990500000.0 -0.3160807 2.5443505e-09 -1831486.5
2985126800000.0 -0.31673178 2.5443505e-09 -1831486.5
2991262800000.0 -0.31738284 2.5443505e-09 -1831486.5
2997398300000.0 -0.3180338 2.7154383e-09 -1452072.8
3003534500000.0 -0.3186849 2.7154383e-09 -1452072.8
3009670500000.0 -0.31933597 2.7154383e-09 -1452072.8
3015806000000.0 -0.31998697 2.7154383e-09 -1452072.8
3021942300000.0 -0.32063803 2.78524e-09 -1170359.4
3028078600000.0 -0.3212891 2.78524e-09 -1170359.4
3034214000000.0 -0.3219401 2.78524e-09 -1170359.4
3040350000000.0 -0.32259116 2.78524e-09 -1170359.4
3046486300000.0 -0.32324222 2.789207e-09 -1024613.8
3052621800000.0 -0.32389322 2.789207e-09 -1024613.8
3058758000000.0 -0.32454428 2.789207e-09 -1024613.8
3064894000000.0 -0.32519534 2.789207e-09 -1024613.8
3071029500000.0 -0.32584634 2.7482496e-09 -932741.25
3077165000000.0 -0.32649735 2.7482496e-09 -932741.25
3083302000000.0 -0.3271485 2.7482496e-09 -932741.25
3089437300000.0 -0.32779947 2.7482496e-09 -932741.25
3095572800000.0 -0.32845047 2.6890628e-09 -873263.9
3101709800000.0 -0.32910162 2.6890628e-09 -873263.9
3107845300000.0 -0.3297526 2.6890628e-09 -873263.9
3113980800000.0 -0.3304036 2.6890628e-09 -873263.9
3120117600000.0 -0.33105475 2.6097966e-09 -840972.3
3126253000000.0 -0.33170575 2.6097966e-09 -840972.3
3132388500000.0 -0.33235672 2.6097966e-09 -840972.3
3138524800000.0 -0.3330078 2.6097966e-09 -840972.3
3144660800000.0 -0.33365887 2.5270577e-09 -767511.06
3150796300000.0 -0.33430985 2.5270577e-09 -767511.06
3156932600000.0 -0.33496094 2.5270577e-09 -767511.06
3163068800000.0 -0.335612 2.5270577e-09 -767511.06
3169204000000.0 -0.336263 2.5147455e-09 -663790.3
3175340300000.0 -0.33691406 2.5147455e-09 -663790.3
3181476600000.0 -0.33756512 2.5147455e-09 -663790.3
3187612000000.0 -0.33821613 2.5147455e-09 -663790.3
3193748000000.0 -0.3388672 2.4814168e-09 -491320.66
3199884300000.0 -0.33951825 2.4814168e-09 -491320.66
3206019800000.0 -0.34016925 2.4814168e-09 -491320.66
3212156000000.0 -0.3408203 2.4814168e-09 -491320.66
3218292000000.0 -0.3414714 2.416016e-09 -330187.12
3224427600000.0 -0.34212238 2.416016e-09 -330187.12
3230563000000.0 -0.34277338 2.416016e-09 -330187.12
3236700000000.0 -0.34342453 2.416016e-09 -330187.12
3242835600000.0 -0.3440755 2.292662e-09 -197155.9
3248970800000.0 -0.3447265 2.292662e-09 -197155.9
3255107800000.0 -0.34537765 2.292662e-09 -197155.9
3261243300000.0 -0.34602866 2.292662e-09 -197155.9
3267378800000.0 -0.34667963 2.1895528e-09 -138966.31
3273515600000.0 -0.34733078 2.1895528e-09 -138966.31
3279651000000.0 -0.34798178 2.1895528e-09 -138966.31
3285786600000.0 -0.34863275 2.1895528e-09 -138966.31
3291923300000.0 -0.3492839 2.1370952e-09 -99608.32
3298058800000.0 -0.3499349 2.1370952e-09 -99608.32
3304194300000.0 -0.3505859 2.1370952e-09 -99608.32
3310330600000.0 -0.35123697 2.1370952e-09 -99608.32
3316466800000.0 -0.35188803 2.1730056e-09 -24559.016
3322602300000.0 -0.35253903 2.1730056e-09 -24559.016
3328738300000.0 -0.3531901 2.1730056e-09 -24559.016
3334874600000.0 -0.35384116 2.1730056e-09 -24559.016
3341010000000.0 -0.35449216 2.2853932e-09 218342.19
3347146300000.0 -0.35514322 2.2853932e-09 218342.19
3353282300000.0 -0.3557943 2.2853932e-09 218342.19
3359417800000.0 -0.35644528 2.2853932e-09 218342.19
3365554000000.0 -0.35709634 2.3383804e-09 481028.9
3371690000000.0 -0.35774744 2.3383804e-09 481028.9
3377825600000.0 -0.3583984 2.3383804e-09 481028.9
3383961800000.0 -0.3590495 2.3383804e-09 481028.9
3390098000000.0 -0.35970056 2.1858335e-09 341535.7
3396233600000.0 -0.36035156 2.1858335e-09 341535.7
3402369000000.0 -0.36100253 2.1858335e-09 341535.7
3408505900000.0 -0.3616537 2.1858335e-09 341535.7
3414641300000.0 -0.3623047 1.9868107e-09 -45913.727
3420776800000.0 -0.36295566 1.9868107e-09 -45913.727
3426913600000.0 -0.3636068 1.9868107e-09 -45913.727
3433049000000.0 -0.3642578 1.9868107e-09 -45913.727
3439184600000.0 -0.3649088 1.8918338e-09 -547240.44
3445321600000.0 -0.36555994 1.8918338e-09 -547240.44
3451456800000.0 -0.36621094 1.8918338e-09 -547240.44
3457592300000.0 -0.36686194 1.8918338e-09 -547240.44
3463729400000.0 -0.3675131 1.8873172e-09 -987205.1
3469864900000.0 -0.36816406 1.8873172e-09 -987205.1
3476000300000.0 -0.36881506 1.8873172e-09 -987205.1
3482136300000.0 -0.36946613 1.8873172e-09 -987205.1
3488272600000.0 -0.3701172 1.9117736e-09 -1408365.0
3494408000000.0 -0.3707682 1.9117736e-09 -1408365.0
3500544400000.0 -0.37141925 1.9117736e-09 -1408365.0
3506680400000.0 -0.37207034 1.9117736e-09 -1408365.0
3512815800000.0 -0.3727213 1.931905e-09 -1726064.4
3518952000000.0 -0.3733724 1.931905e-09 -1726064.4
3525088400000.0 -0.37402347 1.931905e-09 -1726064.4
3531223600000.0 -0.37467447 1.931905e-09 -1726064.4
3537359900000.0 -0.37532553 1.982629e-09 -1894653.2
3543496000000.0 -0.3759766 1.982629e-09 -1894653.2
3549631600000.0 -0.3766276 1.982629e-09 -1894653.2
3555767600000.0 -0.37727866 1.982629e-09 -1894653.2
3561904000000.0 -0.37792972 2.082254e-09 -1948113.0
3568039400000.0 -0.37858072 2.082254e-09 -1948113.0
3574174800000.0 -0.37923172 2.082254e-09 -1948113.0
3580311600000.0 -0.37988284 2.082254e-09 -1948113.0
3586447000000.0 -0.38053384 2.2393563e-09 -1965336.1
3592582600000.0 -0.38118485 2.2393563e-09 -1965336.1
3598719600000.0 -0.381836 2.2393563e-09 -1965336.1
3604855000000.0 -0.38248697 2.2393563e-09 -1965336.1
3610990300000.0 -0.38313797 2.4231397e-09 -1961655.5
3617127400000.0 -0.38378912 2.4231397e-09 -1961655.5
3623263000000.0 -0.3844401 2.4231397e-09 -1961655.5
3629398400000.0 -0.3850911 2.4231397e-09 -1961655.5
3635535200000.0 -0.38574225 2.5439888e-09 -1997208.1
3641670600000.0 -0.38639325 2.5439888e-09 -1997208.1
3647806000000.0 -0.38704422 2.5439888e-09 -1997208.1
3653942400000.0 -0.3876953 2.5439888e-09 -1997208.1
3660078400000.0 -0.38834637 2.4566151e-09 -2093979.0
3666213900000.0 -0.38899738 2.4566151e-09 -2093979.0
3672350000000.0 -0.38964844 2.4566151e-09 -2093979.0
3678486400000.0 -0.3902995 2.4566151e-09 -2093979.0
3684622000000.0 -0.3909505 2.1680047e-09 -2334279.5
3690758000000.0 -0.39160156 2.1680047e-09 -2334279.5
3696894100000.0 -0.39225262 2.1680047e-09 -2334279.5
3703029600000.0 -0.39290363 2.1680047e-09 -2334279.5
3709165600000.0 -0.3935547 1.9298647e-09 -2579991.8
3715302000000.0 -0.39420575 1.9298647e-09 -2579991.8
3721437400000.0 -0.39485675 1.9298647e-09 -2579991.8
3727573600000.0 -0.3955078 1.9298647e-09 -2579991.8
3733709700000.0 -0.3961589 1.7838292e-09 -2806603.8
3739845100000.0 -0.39680988 1.7838292e-09 -2806603.8
3745980600000.0 -0.39746088 1.7838292e-09 -2806603.8
3752117700000.0 -0.39811203 1.7838292e-09 -2806603.8
3758253100000.0 -0.398763 1.6979794e-09 -3003957.2
3764388600000.0 -0.399414 1.6979794e-09 -3003957.2
3770525400000.0 -0.40006515 1.6979794e-09 -3003957.2
3776661000000.0 -0.40071616 1.6979794e-09 -3003957.2
3782796400000.0 -0.40136713 1.6292796e-09 -3149942.8
3788933200000.0 -0.40201828 1.6292796e-09 -3149942.8
3795068600000.0 -0.40266928 1.6292796e-09 -3149942.8
3801204000000.0 -0.40332028 1.6292796e-09 -3149942.8
3807341000000.0 -0.4039714 1.5823728e-09 -3289925.2
3813476400000.0 -0.4046224 1.5823728e-09 -3289925.2
3819612000000.0 -0.4052734 1.5823728e-09 -3289925.2
3825748100000.0 -0.40592447 1.5823728e-09 -3289925.2
3831884400000.0 -0.40657553 1.5302962e-09 -3350500.5
3838020000000.0 -0.40722653 1.5302962e-09 -3350500.5
3844156000000.0 -0.4078776 1.5302962e-09 -3350500.5
3850292200000.0 -0.40852866 1.5302962e-09 -3350500.5
3856427600000.0 -0.40917966 1.5169164e-09 -3435567.0
3862564000000.0 -0.40983072 1.5169164e-09 -3435567.0
3868700000000.0 -0.4104818 1.5169164e-09 -3435567.0
3874835400000.0 -0.41113278 1.5169164e-09 -3435567.0
3880971700000.0 -0.41178387 1.5697005e-09 -3454742.5
3887107700000.0 -0.41243494 1.5697005e-09 -3454742.5
3893243200000.0 -0.4130859 1.5697005e-09 -3454742.5
3899379400000.0 -0.413737 1.5697005e-09 -3454742.5
3905515700000.0 -0.41438806 1.6884131e-09 -3406351.5
3911651200000.0 -0.41503906 1.6884131e-09 -3406351.5
3917786600000.0 -0.41569003 1.6884131e-09 -3406351.5
3923923400000.0 -0.4163412 1.6884131e-09 -3406351.5
3930059000000.0 -0.4169922 1.8317301e-09 -3289979.2
3936194400000.0 -0.4176432 1.8317301e-09 -3289979.2
3942331200000.0 -0.4182943 1.8317301e-09 -3289979.2
3948466700000.0 -0.4189453 1.8317301e-09 -3289979.2
3954602100000.0 -0.4195963 1.9653283e-09 -3100000.2
3960739200000.0 -0.42024744 1.9653283e-09 -3100000.2
3966874700000.0 -0.42089844 1.9653283e-09 -3100000.2
3973010000000.0 -0.42154944 1.9653283e-09 -3100000.2
3979147000000.0 -0.4222006 2.091832e-09 -2892862.8
3985282400000.0 -0.42285156 2.091832e-09 -2892862.8
3991418000000.0 -0.42350256 2.091832e-09 -2892862.8
3997554000000.0 -0.42415363 2.091832e-09 -2892862.8
4003690200000.0 -0.42480472 2.203487e-09 -2715650.0
4009825700000.0 -0.4254557 2.203487e-09 -2715650.0
4015962000000.0 -0.42610675 2.203487e-09 -2715650.0
4022098000000.0 -0.42675784 2.203487e-09 -2715650.0
4028233400000.0 -0.4274088 2.2849445e-09 -2573237.8
4034369700000.0 -0.4280599 2.2849445e-09 -2573237.8
4040506000000.0 -0.42871097 2.2849445e-09 -2573237.8
4046641400000.0 -0.42936197 2.2849445e-09 -2573237.8
4052777400000.0 -0.43001303 2.3477431e-09 -2391155.2
4058913700000.0 -0.4306641 2.3477431e-09 -2391155.2
4065049200000.0 -0.4313151 2.3477431e-09 -2391155.2
4071185200000.0 -0.43196616 2.3477431e-09 -2391155.2
4077321500000.0 -0.43261722 2.4517781e-09 -2117885.2
4083457000000.0 -0.43326822 2.4517781e-09 -2117885.2
4089592400000.0 -0.43391922 2.4517781e-09 -2117885.2
4095729200000.0 -0.43457034 2.4517781e-09 -2117885.2
4101864700000.0 -0.43522134 2.6023845e-09 -1752204.8
4108000200000.0 -0.43587235 2.6023845e-09 -1752204.8
4114137200000.0 -0.4365235 2.6023845e-09 -1752204.8
4120272700000.0 -0.43717447 2.6023845e-09 -1752204.8
4126408200000.0 -0.43782547 2.5468847e-09 -1616431.8
4132545000000.0 -0.43847662 2.5468847e-09 -1616431.8
4138680500000.0 -0.43912762 2.5468847e-09 -1616431.8
4144816000000.0 -0.4397786 2.5468847e-09 -1616431.8
4150952700000.0 -0.44042975 2.2596316e-09 -1941221.5
4157088200000.0 -0.44108075 2.2596316e-09 -1941221.5
4163223700000.0 -0.44173172 2.2596316e-09 -1941221.5
4169360000000.0 -0.4423828 2.2596316e-09 -1941221.5
4175496000000.0 -0.44303387 2.062042e-09 -2228701.5
4181631400000.0 -0.44368488 2.062042e-09 -2228701.5
4187767700000.0 -0.44433594 2.062042e-09 -2228701.5
4193904000000.0 -0.444987 2.062042e-09 -2228701.5
4200039400000.0 -0.445638 2.0002695e-09 -2399336.8
4206175500000.0 -0.44628906 2.0002695e-09 -2399336.8
4212311700000.0 -0.44694012 2.0002695e-09 -2399336.8
4218447200000.0 -0.44759113 2.0002695e-09 -2399336.8
4224583500000.0 -0.4482422 1.9791917e-09 -2524773.8
4230719500000.0 -0.44889325 1.9791917e-09 -2524773.8
4236855000000.0 -0.44954425 1.9791917e-09 -2524773.8
4242991200000.0 -0.4501953 1.9791917e-09 -2524773.8
4249127200000.0 -0.4508464 1.9463093e-09 -2658782.8
4255262700000.0 -0.45149738 1.9463093e-09 -2658782.8
4261398200000.0 -0.45214838 1.9463093e-09 -2658782.8
4267535200000.0 -0.45279953 1.9463093e-09 -2658782.8
4273670700000.0 -0.45345053 1.8591331e-09 -2841324.5
4279806200000.0 -0.4541015 1.8591331e-09 -2841324.5
4285943000000.0 -0.45475265 1.8591331e-09 -2841324.5
4292078500000.0 -0.45540366 1.8591331e-09 -2841324.5
4298214000000.0 -0.45605463 1.711251e-09 -3041208.2
4304350700000.0 -0.45670578 1.711251e-09 -3041208.2
4310486200000.0 -0.45735678 1.711251e-09 -3041208.2
4316621700000.0 -0.45800778 1.711251e-09 -3041208.2
4322758800000.0 -0.4586589 1.5922743e-09 -3202174.2
4328894000000.0 -0.4593099 1.5922743e-09 -3202174.2
4335029500000.0 -0.4599609 1.5922743e-09 -3202174.2
4341165700000.0 -0.46061197 1.5922743e-09 -3202174.2
4347302000000.0 -0.46126303 1.537702e-09 -3269658.0
4353437500000.0 -0.46191403 1.537702e-09 -3269658.0
4359573500000.0 -0.4625651 1.537702e-09 -3269658.0
4365709700000.0 -0.46321616 1.537702e-09 -3269658.0
4371845200000.0 -0.46386716 1.4771071e-09 -3452334.2
4377981500000.0 -0.46451822 1.4771071e-09 -3452334.2
4384117500000.0 -0.4651693 1.4771071e-09 -3452334.2
4390253000000.0 -0.46582028 1.4771071e-09 -3452334.2
4396389200000.0 -0.46647137 1.353599e-09 -3937207.0
4402525500000.0 -0.46712244 1.353599e-09 -3937207.0
4408660700000.0 -0.46777344 1.353599e-09 -3937207.0
4414797000000.0 -0.4684245 1.353599e-09 -3937207.0
4420933000000.0 -0.46907556 1.2451727e-09 -4544163.0
4427068500000.0 -0.4697265 1.2451727e-09 -4544163.0
4433204000000.0 -0.47037753 1.2451727e-09 -4544163.0
4439341000000.0 -0.4710287 1.2451727e-09 -4544163.0
4445477000000.0 -0.47167972 1.1481845e-09 -5132504.0
4451612000000.0 -0.4723307 1.1481845e-09 -5132504.0
4457749000000.0 -0.4729818 1.1481845e-09 -5132504.0
4463884500000.0 -0.47363284 1.1481845e-09 -5132504.0
4470019700000.0 -0.4742838 1.1377704e-09 -5497165.0
4476156500000.0 -0.47493497 1.1377704e-09 -5497165.0
4482292000000.0 -0.47558594 1.1377704e-09 -5497165.0
4488427500000.0 -0.47623694 1.1377704e-09 -5497165.0
4494564000000.0 -0.47688803 1.1677256e-09 -5635725.0
4500700000000.0 -0.47753906 1.1677256e-09 -5635725.0
4506835000000.0 -0.47819003 1.1677256e-09 -5635725.0
4512971500000.0 -0.47884113 1.1677256e-09 -5635725.0
4519108000000.0 -0.47949222 1.2087422e-09 -5691894.5
4525243500000.0 -0.48014325 1.2087422e-09 -5691894.5
4531379000000.0 -0.48079422 1.2087422e-09 -5691894.5
4537515500000.0 -0.48144534 1.2087422e-09 -5691894.5
4543651000000.0 -0.48209637 1.2588063e-09 -5741964.0
4549787000000.0 -0.48274735 1.2588063e-09 -5741964.0
4555923000000.0 -0.48339847 1.2588063e-09 -5741964.0
4562059000000.0 -0.48404947 1.2588063e-09 -5741964.0
4568195300000.0 -0.48470056 1.3082877e-09 -5773116.5
4574331000000.0 -0.48535156 1.3082877e-09 -5773116.5
4580467000000.0 -0.4860026 1.3082877e-09 -5773116.5
4586603000000.0 -0.48665366 1.3082877e-09 -5773116.5
4592739300000.0 -0.48730478 1.3570554e-09 -5812754.5
4598874500000.0 -0.48795572 1.3570554e-09 -5812754.5
4605010000000.0 -0.48860675 1.3570554e-09 -5812754.5
4611147000000.0 -0.48925787 1.3570554e-09 -5812754.5
4617282000000.0 -0.48990884 1.4091927e-09 -5851914.0
4623418000000.0 -0.49055988 1.4091927e-09 -5851914.0
4629555000000.0 -0.491211 1.4091927e-09 -5851914.0
4635690000000.0 -0.49186197 1.4091927e-09 -5851914.0
4641826000000.0 -0.49251297 1.4628383e-09 -5888392.0
4647962500000.0 -0.49316412 1.4628383e-09 -5888392.0
4654098000000.0 -0.49381506 1.4628383e-09 -5888392.0
4660233500000.0 -0.4944661 1.4628383e-09 -5888392.0
4666370300000.0 -0.49511725 1.5227337e-09 -5907677.5
4672506000000.0 -0.49576828 1.5227337e-09 -5907677.5
4678641000000.0 -0.49641922 1.5227337e-09 -5907677.5
4684777500000.0 -0.4970703 1.5227337e-09 -5907677.5
4690914000000.0 -0.49772137 1.5814099e-09 -5894998.5
4697049000000.0 -0.49837238 1.5814099e-09 -5894998.5
4703185300000.0 -0.49902344 1.5814099e-09 -5894998.5
4709321500000.0 -0.4996745 1.5814099e-09 -5894998.5
