morphology_data/1d_wa_a0.05_l8r1_00001.ecsv
# %ECSV 1.0
# ---
# datatype:
# - {name: b, datatype: float32}
# - {name: phase, datatype: float32}
# - {name: sigma, datatype: float32}
# - {name: vr, datatype: float32}
# meta: {lambda: 8, rp: 1.0, sep: 0.05, wind: a}
# schema: astropy-2.0
b phase sigma vr
[from data line 349]
-1283942000000.0 0.27246094 1.3611551e-08 657347.25
-1280874000000.0 0.2718099 1.3611551e-08 657347.25
-1277806000000.0 0.27115884 1.3611551e-08 657347.25
-1274738100000.0 0.2705078 1.3900431e-08 664493.25
-1271670200000.0 0.2698568 1.3900431e-08 664493.25
-1268602200000.0 0.26920575 1.3900431e-08 664493.25
-1265534200000.0 0.2685547 1.3900431e-08 664493.25
-1262466200000.0 0.26790366 1.4198117e-08 678084.06
-1259398200000.0 0.2672526 1.4198117e-08 678084.06
-1256330200000.0 0.26660156 1.4198117e-08 678084.06
-1253262400000.0 0.26595053 1.4198117e-08 678084.06
-1250194500000.0 0.2652995 1.4474711e-08 681934.6
-1247126500000.0 0.26464844 1.4474711e-08 681934.6
-1244058500000.0 0.2639974 1.4474711e-08 681934.6
-1240990500000.0 0.26334634 1.4474711e-08 681934.6
-1237922500000.0 0.26269528 1.4796588e-08 694798.75
-1234854500000.0 0.26204425 1.4796588e-08 694798.75
-1231786600000.0 0.26139322 1.4796588e-08 694798.75
-1228718700000.0 0.2607422 1.4796588e-08 694798.75
-1225650700000.0 0.26009116 1.5089562e-08 697862.9
-1222582700000.0 0.2594401 1.5089562e-08 697862.9
-1219514900000.0 0.2587891 1.5089562e-08 697862.9
-1216446900000.0 0.25813803 1.5089562e-08 697862.9
-1213378900000.0 0.257487 1.5377328e-08 711849.06
-1210310900000.0 0.2568359 1.5377328e-08 711849.06
-1207243000000.0 0.2561849 1.5377328e-08 711849.06
-1204175000000.0 0.25553384 1.5377328e-08 711849.06
-1201107000000.0 0.2548828 1.5684305e-08 710876.44
-1198039100000.0 0.25423178 1.5684305e-08 710876.44
-1194971100000.0 0.25358072 1.5684305e-08 710876.44
-1191903100000.0 0.2529297 1.5684305e-08 710876.44
-1188835200000.0 0.25227866 1.5942176e-08 721798.9
-1185767200000.0 0.25162762 1.5942176e-08 721798.9
-1182699200000.0 0.25097656 1.5942176e-08 721798.9
-1179631200000.0 0.2503255 1.5942176e-08 721798.9
-1176563400000.0 0.24967448 1.6247318e-08 722991.06
-1173495300000.0 0.24902344 1.6247318e-08 722991.06
-1170427300000.0 0.24837239 1.6247318e-08 722991.06
-1167359500000.0 0.24772136 1.6247318e-08 722991.06
-1164291500000.0 0.2470703 1.6563748e-08 734785.3
-1161223500000.0 0.24641925 1.6563748e-08 734785.3
-1158155500000.0 0.2457682 1.6563748e-08 734785.3
-1155087600000.0 0.24511719 1.6563748e-08 734785.3
-1152019600000.0 0.24446614 1.686296e-08 731559.0
-1148951600000.0 0.2438151 1.686296e-08 731559.0
-1145883700000.0 0.24316406 1.686296e-08 731559.0
-1142815900000.0 0.24251305 1.686296e-08 731559.0
-1139747800000.0 0.241862 1.7166503e-08 742660.6
-1136679800000.0 0.24121095 1.7166503e-08 742660.6
-1133611800000.0 0.2405599 1.7166503e-08 742660.6
-1130543800000.0 0.23990884 1.7166503e-08 742660.6
-1127475800000.0 0.2392578 1.7525583e-08 740672.8
-1124408000000.0 0.23860677 1.7525583e-08 740672.8
-1121340100000.0 0.23795573 1.7525583e-08 740672.8
-1118272100000.0 0.23730469 1.7525583e-08 740672.8
-1115204100000.0 0.23665364 1.7847837e-08 751850.1
-1112136100000.0 0.2360026 1.7847837e-08 751850.1
-1109068100000.0 0.23535155 1.7847837e-08 751850.1
-1106000100000.0 0.23470049 1.7847837e-08 751850.1
-1102932200000.0 0.23404948 1.8228262e-08 747834.94
-1099864300000.0 0.23339845 1.8228262e-08 747834.94
-1096796340000.0 0.23274739 1.8228262e-08 747834.94
-1093728340000.0 0.23209634 1.8228262e-08 747834.94
-1090660400000.0 0.23144531 1.8599476e-08 758626.06
-1087592400000.0 0.23079427 1.8599476e-08 758626.06
-1084524400000.0 0.23014322 1.8599476e-08 758626.06
-1081456500000.0 0.22949219 1.8599476e-08 758626.06
-1078388600000.0 0.22884116 1.9009223e-08 755290.25
-1075320600000.0 0.22819011 1.9009223e-08 755290.25
-1072252600000.0 0.22753906 1.9009223e-08 755290.25
-1069184650000.0 0.22688803 1.9009223e-08 755290.25
-1066116700000.0 0.22623697 1.9403785e-08 766995.25
-1063048700000.0 0.22558592 1.9403785e-08 766995.25
-1059980800000.0 0.22493489 1.9403785e-08 766995.25
-1056912830000.0 0.22428386 1.9403785e-08 766995.25
-1053844800000.0 0.22363281 1.985325e-08 760600.44
-1050776800000.0 0.22298177 1.985325e-08 760600.44
-1047708960000.0 0.22233073 1.985325e-08 760600.44
-1044640960000.0 0.22167969 1.985325e-08 760600.44
-1041572950000.0 0.22102864 2.0253527e-08 770563.8
-1038505000000.0 0.22037761 2.0253527e-08 770563.8
-1035437150000.0 0.21972658 2.0253527e-08 770563.8
-1032369140000.0 0.21907552 2.0253527e-08 770563.8
-1029301140000.0 0.21842447 2.0737474e-08 766184.0
-1026233200000.0 0.21777344 2.0737474e-08 766184.0
-1023165200000.0 0.21712239 2.0737474e-08 766184.0
-1020097200000.0 0.21647134 2.0737474e-08 766184.0
-1017029300000.0 0.21582031 2.113355e-08 776778.6
-1013961400000.0 0.21516928 2.113355e-08 776778.6
-1010893400000.0 0.21451823 2.113355e-08 776778.6
-1007825400000.0 0.21386719 2.113355e-08 776778.6
-1004757450000.0 0.21321616 2.160059e-08 767988.25
-1001689500000.0 0.2125651 2.160059e-08 767988.25
-998621500000.0 0.21191405 2.160059e-08 767988.25
-995553600000.0 0.21126302 2.160059e-08 767988.25
-992485640000.0 0.21061198 2.20087e-08 776189.0
-989417640000.0 0.20996094 2.20087e-08 776189.0
-986349630000.0 0.20930989 2.20087e-08 776189.0
-983281760000.0 0.20865886 2.20087e-08 776189.0
-980213760000.0 0.20800781 2.252832e-08 769715.06
-977145760000.0 0.20735677 2.252832e-08 769715.06
-974077800000.0 0.20670573 2.252832e-08 769715.06
-971009950000.0 0.2060547 2.252832e-08 769715.06
-967941950000.0 0.20540364 2.3006745e-08 782341.06
-964873950000.0 0.2047526 2.3006745e-08 782341.06
-961806000000.0 0.20410156 2.3006745e-08 782341.06
-958738140000.0 0.20345053 2.3006745e-08 782341.06
-955670000000.0 0.20279947 2.3467924e-08 774269.1
-952602100000.0 0.20214844 2.3467924e-08 774269.1
-949534200000.0 0.2014974 2.3467924e-08 774269.1
-946466200000.0 0.20084636 2.3467924e-08 774269.1
-943398200000.0 0.20019531 2.3928127e-08 782956.0
-940330250000.0 0.19954428 2.3928127e-08 782956.0
-937262400000.0 0.19889325 2.3928127e-08 782956.0
-934194300000.0 0.19824217 2.3928127e-08 782956.0
-931126400000.0 0.19759114 2.4475643e-08 775775.75
-928058440000.0 0.19694011 2.4475643e-08 775775.75
-924990440000.0 0.19628906 2.4475643e-08 775775.75
-921922440000.0 0.19563802 2.4475643e-08 775775.75
-918854570000.0 0.19498698 2.4997115e-08 787781.6
-915786600000.0 0.19433595 2.4997115e-08 787781.6
-912718560000.0 0.19368488 2.4997115e-08 787781.6
-909650600000.0 0.19303386 2.4997115e-08 787781.6
-906582750000.0 0.19238283 2.5623933e-08 786646.3
-903514750000.0 0.19173177 2.5623933e-08 786646.3
-900446750000.0 0.19108072 2.5623933e-08 786646.3
-897378800000.0 0.19042969 2.5623933e-08 786646.3
-894310900000.0 0.18977866 2.6080906e-08 796953.75
-891242800000.0 0.1891276 2.6080906e-08 796953.75
-888174940000.0 0.18847656 2.6080906e-08 796953.75
-885107000000.0 0.18782553 2.6080906e-08 796953.75
-882039000000.0 0.18717448 2.6589259e-08 789800.25
-878971000000.0 0.18652342 2.6589259e-08 789800.25
-875903060000.0 0.1858724 2.6589259e-08 789800.25
-872835200000.0 0.18522137 2.6589259e-08 789800.25
-869767050000.0 0.1845703 2.7098944e-08 799360.2
-866699200000.0 0.18391927 2.7098944e-08 799360.2
-863631250000.0 0.18326823 2.7098944e-08 799360.2
-860563240000.0 0.18261719 2.7098944e-08 799360.2
-857495400000.0 0.18196616 2.7642146e-08 797092.0
-854427400000.0 0.18131511 2.7642146e-08 797092.0
-851359400000.0 0.18066408 2.7642146e-08 797092.0
-848291360000.0 0.180013 2.7642146e-08 797092.0
-845223400000.0 0.17936198 2.8225923e-08 810430.4
-842155560000.0 0.17871095 2.8225923e-08 810430.4
-839087400000.0 0.17805988 2.8225923e-08 810430.4
-836019700000.0 0.17740889 2.8225923e-08 810430.4
-832951600000.0 0.17675781 2.874184e-08 808703.5
-829883550000.0 0.17610675 2.874184e-08 808703.5
-826815800000.0 0.17545575 2.874184e-08 808703.5
-823747740000.0 0.17480469 2.874184e-08 808703.5
-820679600000.0 0.17415361 2.9143811e-08 815354.44
-817611870000.0 0.17350262 2.9143811e-08 815354.44
-814543800000.0 0.17285155 2.9143811e-08 815354.44
-811475860000.0 0.17220053 2.9143811e-08 815354.44
-808408000000.0 0.1715495 2.9578572e-08 811937.25
-805339860000.0 0.17089842 2.9578572e-08 811937.25
-802272000000.0 0.17024739 2.9578572e-08 811937.25
-799204050000.0 0.16959636 2.9578572e-08 811937.25
-796136000000.0 0.1689453 2.998348e-08 820311.4
-793068240000.0 0.1682943 2.998348e-08 820311.4
-790000200000.0 0.16764323 2.998348e-08 820311.4
-786932040000.0 0.16699216 2.998348e-08 820311.4
-783864370000.0 0.16634117 3.040585e-08 833512.0
-780796200000.0 0.1656901 3.040585e-08 833512.0
-777728160000.0 0.16503903 3.040585e-08 833512.0
-774660400000.0 0.16438805 3.040585e-08 833512.0
-771592360000.0 0.16373697 3.093062e-08 838944.5
-768524400000.0 0.16308594 3.093062e-08 838944.5
-765456500000.0 0.1624349 3.093062e-08 838944.5
-762388400000.0 0.16178384 3.093062e-08 838944.5
-759320540000.0 0.16113281 3.133443e-08 843673.44
-756252600000.0 0.16048178 3.133443e-08 843673.44
-753184540000.0 0.1598307 3.133443e-08 843673.44
-750116800000.0 0.15917972 3.133443e-08 843673.44
-747048670000.0 0.15852864 3.1729037e-08 847901.94
-743980600000.0 0.15787758 3.1729037e-08 847901.94
-740912860000.0 0.15722659 3.1729037e-08 847901.94
-737844800000.0 0.15657552 3.1729037e-08 847901.94
-734776700000.0 0.15592445 3.2077086e-08 853011.44
-731709000000.0 0.15527347 3.2077086e-08 853011.44
-728640850000.0 0.15462239 3.2077086e-08 853011.44
-725573000000.0 0.15397136 3.2077086e-08 853011.44
-722505040000.0 0.15332033 3.23533e-08 856688.7
-719437000000.0 0.15266925 3.23533e-08 856688.7
-716369040000.0 0.15201822 3.23533e-08 856688.7
-713301160000.0 0.1513672 3.23533e-08 856688.7
-710233000000.0 0.15071613 3.2697617e-08 861341.44
-707165300000.0 0.15006512 3.2697617e-08 861341.44
-704097200000.0 0.14941406 3.2697617e-08 861341.44
-701029150000.0 0.148763 3.2697617e-08 861341.44
-697961400000.0 0.148112 3.298512e-08 864774.3
-694893300000.0 0.14746092 3.298512e-08 864774.3
-691825200000.0 0.14680986 3.298512e-08 864774.3
-688757500000.0 0.14615887 3.298512e-08 864774.3
-685689400000.0 0.1455078 3.3318074e-08 868832.5
-682621500000.0 0.14485677 3.3318074e-08 868832.5
-679553600000.0 0.14420575 3.3318074e-08 868832.5
-676485460000.0 0.14355466 3.3318074e-08 868832.5
-673417600000.0 0.14290364 3.3693347e-08 875429.2
-670349660000.0 0.14225261 3.3693347e-08 875429.2
-667281600000.0 0.14160155 3.3693347e-08 875429.2
-664213850000.0 0.14095055 3.3693347e-08 875429.2
-661145800000.0 0.14029948 3.396918e-08 878962.0
-658077650000.0 0.13964841 3.396918e-08 878962.0
-655009900000.0 0.1389974 3.396918e-08 878962.0
-651941840000.0 0.13834634 3.396918e-08 878962.0
-648873800000.0 0.13769528 3.4229394e-08 879713.4
-645806000000.0 0.1370443 3.4229394e-08 879713.4
-642737960000.0 0.13639323 3.4229394e-08 879713.4
-639670000000.0 0.13574219 3.4229394e-08 879713.4
-636602100000.0 0.13509116 3.4502666e-08 879019.9
-633534000000.0 0.1344401 3.4502666e-08 879019.9
-630466100000.0 0.13378905 3.4502666e-08 879019.9
-627398200000.0 0.13313803 3.4502666e-08 879019.9
-624330150000.0 0.13248697 3.4830293e-08 877568.44
-621262400000.0 0.13183598 3.4830293e-08 877568.44
-618194300000.0 0.13118489 3.4830293e-08 877568.44
-615126200000.0 0.13053383 3.4830293e-08 877568.44
-612058460000.0 0.12988284 3.515775e-08 877855.1
-608990400000.0 0.12923177 3.515775e-08 877855.1
-605922260000.0 0.12858069 3.515775e-08 877855.1
-602854600000.0 0.12792972 3.515775e-08 877855.1
-599786460000.0 0.12727864 3.5415773e-08 878918.4
-596718600000.0 0.12662761 3.5415773e-08 878918.4
-593650650000.0 0.12597658 3.5415773e-08 878918.4
-590582600000.0 0.1253255 3.5415773e-08 878918.4
-587514640000.0 0.12467448 3.5651148e-08 880997.1
-584446800000.0 0.12402345 3.5651148e-08 880997.1
-581378640000.0 0.123372376 3.5651148e-08 880997.1
-578310900000.0 0.12272138 3.5651148e-08 880997.1
-575242800000.0 0.12207031 3.5787917e-08 881694.44
-572174760000.0 0.12141925 3.5787917e-08 881694.44
-569107000000.0 0.12076825 3.5787917e-08 881694.44
-566038900000.0 0.12011717 3.5787917e-08 881694.44
-562970800000.0 0.11946611 3.608873e-08 879924.3
-559903100000.0 0.118815124 3.608873e-08 879924.3
-556835000000.0 0.118164055 3.608873e-08 879924.3
-553767100000.0 0.11751302 3.608873e-08 879924.3
-550699200000.0 0.11686199 3.6371052e-08 883339.8
-547631100000.0 0.11621092 3.6371052e-08 883339.8
-544563200000.0 0.11555989 3.6371052e-08 883339.8
-541495260000.0 0.11490886 3.6371052e-08 883339.8
-538427200000.0 0.11425779 3.6497468e-08 884432.0
-535359460000.0 0.113606796 3.6497468e-08 884432.0
-532291350000.0 0.11295573 3.6497468e-08 884432.0
-529223300000.0 0.11230466 3.6497468e-08 884432.0
-526155550000.0 0.11165367 3.6831917e-08 880433.9
-523087450000.0 0.1110026 3.6831917e-08 880433.9
-520019350000.0 0.11035153 3.6831917e-08 880433.9
-516951640000.0 0.10970054 3.6831917e-08 880433.9
-513883540000.0 0.10904947 3.6972224e-08 871463.94
-510815630000.0 0.10839844 3.6972224e-08 871463.94
-507747730000.0 0.107747406 3.6972224e-08 871463.94
-504679630000.0 0.10709634 3.6972224e-08 871463.94
-501611720000.0 0.106445305 3.7253766e-08 868595.06
-498543820000.0 0.10579427 3.7253766e-08 868595.06
-495475720000.0 0.10514321 3.7253766e-08 868595.06
-492407980000.0 0.10449222 3.7253766e-08 868595.06
-489339900000.0 0.10384115 3.7854814e-08 865029.56
-486271800000.0 0.10319008 3.7854814e-08 865029.56
-483204070000.0 0.102539085 3.7854814e-08 865029.56
-480135970000.0 0.101888016 3.7854814e-08 865029.56
-477067900000.0 0.10123695 3.814935e-08 855525.6
-474000160000.0 0.10058595 3.814935e-08 855525.6
-470932060000.0 0.09993488 3.814935e-08 855525.6
-467864160000.0 0.09928385 3.814935e-08 855525.6
-464796250000.0 0.09863283 3.8409762e-08 844150.94
-461728150000.0 0.09798176 3.8409762e-08 844150.94
-458660250000.0 0.09733073 3.8409762e-08 844150.94
-455592350000.0 0.096679695 3.8409762e-08 844150.94
-452524240000.0 0.096028626 3.886294e-08 829734.8
-449456500000.0 0.09537763 3.886294e-08 829734.8
-446388440000.0 0.09472656 3.886294e-08 829734.8
-443320340000.0 0.09407549 3.886294e-08 829734.8
-440252600000.0 0.0934245 3.9147515e-08 805125.8
-437184530000.0 0.09277343 3.9147515e-08 805125.8
-434116430000.0 0.09212236 3.9147515e-08 805125.8
-431048700000.0 0.091471374 3.9147515e-08 805125.8
-427980620000.0 0.090820305 3.983478e-08 785682.3
-424912680000.0 0.09016927 3.983478e-08 785682.3
-421844780000.0 0.08951824 3.983478e-08 785682.3
-418776700000.0 0.08886717 3.983478e-08 785682.3
-415708770000.0 0.08821614 4.0667636e-08 761237.8
-412640870000.0 0.08756511 4.0667636e-08 761237.8
-409572800000.0 0.08691404 4.0667636e-08 761237.8
-406505060000.0 0.086263046 4.0667636e-08 761237.8
-403436960000.0 0.08561198 4.176279e-08 727644.2
-400368860000.0 0.08496091 4.176279e-08 727644.2
-397301150000.0 0.08430992 4.176279e-08 727644.2
-394233050000.0 0.08365885 4.176279e-08 727644.2
-391165150000.0 0.08300782 4.5383075e-08 866263.9
-388097250000.0 0.08235679 4.5383075e-08 866263.9
-385029140000.0 0.08170572 4.4868365e-08 826319.94
-381961240000.0 0.08105469 4.4868365e-08 826319.94
-378893340000.0 0.080403656 4.3949395e-08 750310.56
-375825240000.0 0.07975259 4.3949395e-08 750310.56
-372757500000.0 0.07910159 4.295902e-08 619603.8
-369689400000.0 0.07845052 4.295902e-08 619603.8
-366621330000.0 0.077799454 4.1938815e-08 484335.97
-363553600000.0 0.07714847 4.1938815e-08 484335.97
-360485500000.0 0.07649739 4.155436e-08 363228.78
-357417420000.0 0.07584633 4.155436e-08 363228.78
-354349680000.0 0.075195335 4.153314e-08 266304.06
-351281580000.0 0.07454426 4.153314e-08 266304.06
-348213670000.0 0.073893234 4.1759698e-08 175102.4
-345145770000.0 0.0732422 4.1759698e-08 175102.4
-342077670000.0 0.07259113 4.2242974e-08 100268.6
-339009770000.0 0.0719401 4.2242974e-08 100268.6
-335941860000.0 0.07128907 4.2949594e-08 41103.957
-332873760000.0 0.070638 4.2949594e-08 41103.957
-329806020000.0 0.06998701 4.3629136e-08 -3421.2642
-326737950000.0 0.069335945 4.3629136e-08 -3421.2642
-323669850000.0 0.068684876 4.431676e-08 -35460.26
-320602100000.0 0.068033874 4.431676e-08 -35460.26
-317534040000.0 0.06738281 4.5132936e-08 -50131.98
-314465940000.0 0.06673174 4.5132936e-08 -50131.98
