morphology_data/1d_wa_a0.05_l8r0.5_00001.ecsv
# %ECSV 1.0
# ---
# datatype:
# - {name: b, datatype: float32}
# - {name: phase, datatype: float32}
# - {name: sigma, datatype: float32}
# - {name: vr, datatype: float32}
# meta: {lambda: 8, rp: 0.5, sep: 0.05, wind: a}
# schema: astropy-2.0
b phase sigma vr
[from data line 937]
526155550000.0 -0.11165367 4.047759e-08 -1329909.0
529223300000.0 -0.11230466 4.1129855e-08 -1275111.4
532291350000.0 -0.11295573 4.1129855e-08 -1275111.4
535359460000.0 -0.113606796 4.1129855e-08 -1275111.4
538427200000.0 -0.11425779 4.1129855e-08 -1275111.4
541495260000.0 -0.11490886 4.2136797e-08 -1204467.8
544563200000.0 -0.11555989 4.2136797e-08 -1204467.8
547631100000.0 -0.11621092 4.2136797e-08 -1204467.8
550699200000.0 -0.11686199 4.2136797e-08 -1204467.8
553767100000.0 -0.11751302 4.37205e-08 -1094522.5
556835000000.0 -0.118164055 4.37205e-08 -1094522.5
559903100000.0 -0.118815124 4.37205e-08 -1094522.5
562970800000.0 -0.11946611 4.37205e-08 -1094522.5
566038900000.0 -0.12011717 4.581254e-08 -977356.56
569107000000.0 -0.12076825 4.581254e-08 -977356.56
572174760000.0 -0.12141925 4.581254e-08 -977356.56
575242800000.0 -0.12207031 4.581254e-08 -977356.56
578310900000.0 -0.12272138 4.8364953e-08 -874054.06
581378640000.0 -0.123372376 4.8364953e-08 -874054.06
584446800000.0 -0.12402345 4.8364953e-08 -874054.06
587514640000.0 -0.12467448 4.8364953e-08 -874054.06
590582600000.0 -0.1253255 5.1174805e-08 -775973.7
593650650000.0 -0.12597658 5.1174805e-08 -775973.7
596718600000.0 -0.12662761 5.1174805e-08 -775973.7
599786460000.0 -0.12727864 5.1174805e-08 -775973.7
602854600000.0 -0.12792972 5.4610325e-08 -681782.9
605922260000.0 -0.12858069 5.4610325e-08 -681782.9
608990400000.0 -0.12923177 5.4610325e-08 -681782.9
612058460000.0 -0.12988284 5.4610325e-08 -681782.9
615126200000.0 -0.13053383 5.7462e-08 -582686.75
618194300000.0 -0.13118489 5.7462e-08 -582686.75
621262400000.0 -0.13183598 5.7462e-08 -582686.75
624330150000.0 -0.13248697 5.7462e-08 -582686.75
627398200000.0 -0.13313803 5.9193187e-08 -486957.7
630466100000.0 -0.13378905 5.9193187e-08 -486957.7
633534000000.0 -0.1344401 5.9193187e-08 -486957.7
636602100000.0 -0.13509116 5.9193187e-08 -486957.7
639670000000.0 -0.13574219 5.9091587e-08 -421628.16
642737960000.0 -0.13639323 5.9091587e-08 -421628.16
645806000000.0 -0.1370443 5.9091587e-08 -421628.16
648873800000.0 -0.13769528 5.9091587e-08 -421628.16
651941840000.0 -0.13834634 5.826547e-08 -379220.56
655009900000.0 -0.1389974 5.826547e-08 -379220.56
658077650000.0 -0.13964841 5.826547e-08 -379220.56
661145800000.0 -0.14029948 5.826547e-08 -379220.56
664213850000.0 -0.14095055 5.7081245e-08 -365588.0
667281600000.0 -0.14160155 5.7081245e-08 -365588.0
670349660000.0 -0.14225261 5.7081245e-08 -365588.0
673417800000.0 -0.14290369 5.7081245e-08 -365588.0
676485460000.0 -0.14355466 5.610046e-08 -382200.6
679553600000.0 -0.14420575 5.610046e-08 -382200.6
682621670000.0 -0.14485681 5.610046e-08 -382200.6
685689400000.0 -0.1455078 5.610046e-08 -382200.6
688757150000.0 -0.1461588 5.525591e-08 -419845.2
691825600000.0 -0.14680995 5.525591e-08 -419845.2
694893300000.0 -0.14746092 5.525591e-08 -419845.2
697961000000.0 -0.14811192 5.525591e-08 -419845.2
701029500000.0 -0.14876308 5.4017146e-08 -479078.16
704097200000.0 -0.14941406 5.4017146e-08 -479078.16
707164960000.0 -0.15006506 5.4017146e-08 -479078.16
710233400000.0 -0.1507162 5.4017146e-08 -479078.16
713301160000.0 -0.1513672 5.2276178e-08 -556746.8
716368840000.0 -0.15201817 5.2276178e-08 -556746.8
719437300000.0 -0.15266933 5.2276178e-08 -556746.8
722505040000.0 -0.15332033 5.2276178e-08 -556746.8
725572800000.0 -0.15397131 5.083576e-08 -632740.56
728640850000.0 -0.15462239 5.083576e-08 -632740.56
731709000000.0 -0.15527347 5.083576e-08 -632740.56
734776700000.0 -0.15592445 5.083576e-08 -632740.56
737844800000.0 -0.15657552 4.9751833e-08 -698645.3
740912860000.0 -0.15722659 4.9751833e-08 -698645.3
743980600000.0 -0.15787758 4.9751833e-08 -698645.3
747048670000.0 -0.15852864 4.9751833e-08 -698645.3
750116800000.0 -0.15917972 4.9120775e-08 -768318.7
753184540000.0 -0.1598307 4.9120775e-08 -768318.7
756252600000.0 -0.16048178 4.9120775e-08 -768318.7
759320700000.0 -0.16113284 4.9120775e-08 -768318.7
762388400000.0 -0.16178384 4.8441304e-08 -845671.6
765456500000.0 -0.1624349 4.8441304e-08 -845671.6
768524600000.0 -0.16308598 4.8441304e-08 -845671.6
771592360000.0 -0.16373697 4.8441304e-08 -845671.6
774660100000.0 -0.16438797 4.840904e-08 -940787.4
777728500000.0 -0.1650391 4.840904e-08 -940787.4
780796200000.0 -0.1656901 4.840904e-08 -940787.4
783864000000.0 -0.1663411 4.840904e-08 -940787.4
786932430000.0 -0.16699223 4.278521e-08 -1079801.6
790000200000.0 -0.16764323 4.278521e-08 -1079801.6
793067900000.0 -0.16829422 4.278521e-08 -1079801.6
796136300000.0 -0.16894537 4.278521e-08 -1079801.6
799204050000.0 -0.16959636 4.091352e-08 -1141161.6
802271800000.0 -0.17024736 4.091352e-08 -1141161.6
805339860000.0 -0.17089842 4.091352e-08 -1141161.6
808408000000.0 -0.1715495 4.091352e-08 -1141161.6
811475700000.0 -0.17220049 4.0046086e-08 -1227096.0
814543800000.0 -0.17285155 4.0046086e-08 -1227096.0
817611870000.0 -0.17350262 4.0046086e-08 -1227096.0
820679600000.0 -0.17415361 4.0046086e-08 -1227096.0
823747740000.0 -0.17480469 3.846698e-08 -1270099.4
826815800000.0 -0.17545575 3.846698e-08 -1270099.4
829883550000.0 -0.17610675 3.846698e-08 -1270099.4
832951600000.0 -0.17675781 3.846698e-08 -1270099.4
836019700000.0 -0.17740889 3.760937e-08 -1350077.0
839087400000.0 -0.17805988 3.760937e-08 -1350077.0
842155560000.0 -0.17871095 3.760937e-08 -1350077.0
845223600000.0 -0.17936201 3.760937e-08 -1350077.0
848291360000.0 -0.180013 3.623911e-08 -1390547.5
851359100000.0 -0.180664 3.623911e-08 -1390547.5
854427500000.0 -0.18131514 3.623911e-08 -1390547.5
857495240000.0 -0.18196614 3.623911e-08 -1390547.5
860563000000.0 -0.18261713 3.503951e-08 -1474255.0
863631440000.0 -0.18326828 3.503951e-08 -1474255.0
866699200000.0 -0.18391927 3.503951e-08 -1474255.0
869766900000.0 -0.18457027 3.503951e-08 -1474255.0
872835400000.0 -0.1852214 3.4046785e-08 -1502029.0
875903060000.0 -0.1858724 3.4046785e-08 -1502029.0
878970800000.0 -0.1865234 3.4046785e-08 -1502029.0
882039260000.0 -0.18717454 3.4046785e-08 -1502029.0
885107000000.0 -0.18782553 3.2999786e-08 -1585750.5
888174740000.0 -0.18847652 3.2999786e-08 -1585750.5
891242800000.0 -0.1891276 3.2999786e-08 -1585750.5
894310900000.0 -0.18977866 3.2999786e-08 -1585750.5
897378600000.0 -0.19042966 3.2193842e-08 -1608133.6
900446750000.0 -0.19108072 3.2193842e-08 -1608133.6
903514800000.0 -0.1917318 3.2193842e-08 -1608133.6
906582560000.0 -0.19238278 3.2193842e-08 -1608133.6
909650600000.0 -0.19303386 3.1091044e-08 -1684636.4
912718760000.0 -0.19368492 3.1091044e-08 -1684636.4
915786400000.0 -0.19433591 3.1091044e-08 -1684636.4
918854570000.0 -0.19498698 3.1091044e-08 -1684636.4
921922630000.0 -0.19563805 3.0573606e-08 -1704313.4
924990400000.0 -0.19628905 3.0573606e-08 -1704313.4
928058440000.0 -0.19694011 3.0573606e-08 -1704313.4
931126600000.0 -0.19759119 3.0573606e-08 -1704313.4
934194300000.0 -0.19824217 2.9704642e-08 -1775517.2
937262000000.0 -0.19889317 2.9704642e-08 -1775517.2
940330450000.0 -0.19954431 2.9704642e-08 -1775517.2
943398200000.0 -0.20019531 2.9704642e-08 -1775517.2
946465900000.0 -0.2008463 2.918836e-08 -1786483.4
949534400000.0 -0.20149745 2.918836e-08 -1786483.4
952602100000.0 -0.20214844 2.918836e-08 -1786483.4
955669800000.0 -0.20279942 2.918836e-08 -1786483.4
958738300000.0 -0.20345058 2.8372215e-08 -1851433.4
961806000000.0 -0.20410156 2.8372215e-08 -1851433.4
964873750000.0 -0.20475256 2.8372215e-08 -1851433.4
967942200000.0 -0.2054037 2.8372215e-08 -1851433.4
971009950000.0 -0.2060547 2.8083784e-08 -1862822.1
974077700000.0 -0.20670569 2.8083784e-08 -1862822.1
977145760000.0 -0.20735677 2.8083784e-08 -1862822.1
980213800000.0 -0.20800783 2.8083784e-08 -1862822.1
983281570000.0 -0.20865881 2.7323564e-08 -1927296.1
986349630000.0 -0.20930989 2.7323564e-08 -1927296.1
989417770000.0 -0.20996095 2.7323564e-08 -1927296.1
992485500000.0 -0.21061195 2.7323564e-08 -1927296.1
995553600000.0 -0.21126302 2.6913705e-08 -1947600.4
998621640000.0 -0.21191409 2.6913705e-08 -1947600.4
1001689400000.0 -0.21256508 2.6913705e-08 -1947600.4
1004757450000.0 -0.21321616 2.6913705e-08 -1947600.4
1007825600000.0 -0.21386722 2.6335606e-08 -2003999.1
1010893300000.0 -0.2145182 2.6335606e-08 -2003999.1
1013961400000.0 -0.21516928 2.6335606e-08 -2003999.1
1017029460000.0 -0.21582034 2.6335606e-08 -2003999.1
1020097200000.0 -0.21647134 2.6150891e-08 -2017745.5
1023164940000.0 -0.21712233 2.6150891e-08 -2017745.5
1026233400000.0 -0.21777348 2.6150891e-08 -2017745.5
1029301140000.0 -0.21842447 2.6150891e-08 -2017745.5
1032368900000.0 -0.21907547 2.5462308e-08 -2088381.9
1035437300000.0 -0.2197266 2.5462308e-08 -2088381.9
1038505000000.0 -0.22037761 2.5462308e-08 -2088381.9
1041572760000.0 -0.2210286 2.5462308e-08 -2088381.9
1044641200000.0 -0.22167975 2.5159128e-08 -2105496.5
1047708960000.0 -0.22233073 2.5159128e-08 -2105496.5
1050776700000.0 -0.22298172 2.5159128e-08 -2105496.5
1053845100000.0 -0.22363287 2.5159128e-08 -2105496.5
1056912830000.0 -0.22428386 2.4667175e-08 -2160007.5
1059980600000.0 -0.22493486 2.4667175e-08 -2160007.5
1063048700000.0 -0.22558592 2.4667175e-08 -2160007.5
1066116800000.0 -0.226237 2.4667175e-08 -2160007.5
1069184500000.0 -0.22688799 2.4367603e-08 -2182806.5
1072252600000.0 -0.22753906 2.4367603e-08 -2182806.5
1075320650000.0 -0.22819012 2.4367603e-08 -2182806.5
1078388400000.0 -0.22884111 2.4367603e-08 -2182806.5
1081456500000.0 -0.22949219 2.3883434e-08 -2237112.8
1084524600000.0 -0.23014325 2.3883434e-08 -2237112.8
1087592330000.0 -0.23079425 2.3883434e-08 -2237112.8
1090660400000.0 -0.23144531 2.3883434e-08 -2237112.8
1093728530000.0 -0.23209639 2.3578018e-08 -2254376.5
1096796200000.0 -0.23274738 2.3578018e-08 -2254376.5
1099864300000.0 -0.23339845 2.3578018e-08 -2254376.5
1102932500000.0 -0.23404953 2.3578018e-08 -2254376.5
1106000100000.0 -0.23470049 2.318991e-08 -2302015.8
1109067800000.0 -0.23535149 2.318991e-08 -2302015.8
1112136400000.0 -0.23600265 2.318991e-08 -2302015.8
1115204100000.0 -0.23665364 2.318991e-08 -2302015.8
1118271800000.0 -0.23730463 2.3076394e-08 -2309993.5
1121340200000.0 -0.23795578 2.3076394e-08 -2309993.5
1124408000000.0 -0.23860677 2.3076394e-08 -2309993.5
1127475700000.0 -0.23925777 2.3076394e-08 -2309993.5
1130544100000.0 -0.2399089 2.2644175e-08 -2360128.0
1133611800000.0 -0.2405599 2.2644175e-08 -2360128.0
1136679600000.0 -0.2412109 2.2644175e-08 -2360128.0
1139748100000.0 -0.24186206 2.2644175e-08 -2360128.0
1142815900000.0 -0.24251305 2.2422213e-08 -2368382.5
1145883500000.0 -0.243164 2.2422213e-08 -2368382.5
1148951600000.0 -0.2438151 2.2422213e-08 -2368382.5
1152019700000.0 -0.24446616 2.2422213e-08 -2368382.5
1155087500000.0 -0.24511716 2.229541e-08 -2404047.0
1158155500000.0 -0.2457682 2.229541e-08 -2404047.0
1161223600000.0 -0.2464193 2.229541e-08 -2404047.0
1164291300000.0 -0.24707028 2.229541e-08 -2404047.0
1167359500000.0 -0.24772136 2.2220712e-08 -2402075.8
1170427500000.0 -0.24837242 2.2220712e-08 -2402075.8
1173495200000.0 -0.24902342 2.2220712e-08 -2402075.8
1176563400000.0 -0.24967448 2.2220712e-08 -2402075.8
1179631500000.0 -0.25032556 2.2028086e-08 -2441020.2
1182699200000.0 -0.25097656 2.2028086e-08 -2441020.2
1185767200000.0 -0.25162762 2.2028086e-08 -2441020.2
1188835400000.0 -0.2522787 2.2028086e-08 -2441020.2
1191903100000.0 -0.2529297 2.199713e-08 -2446072.8
1194970800000.0 -0.25358066 2.199713e-08 -2446072.8
1198039200000.0 -0.2542318 2.199713e-08 -2446072.8
1201107000000.0 -0.2548828 2.199713e-08 -2446072.8
1204174700000.0 -0.2555338 2.1956184e-08 -2476871.5
1207243100000.0 -0.25618494 2.1956184e-08 -2476871.5
1210310900000.0 -0.2568359 2.1956184e-08 -2476871.5
1213378600000.0 -0.25748694 2.1956184e-08 -2476871.5
1216447100000.0 -0.25813806 2.2073221e-08 -2469235.0
1219514900000.0 -0.2587891 2.2073221e-08 -2469235.0
1222582600000.0 -0.2594401 2.2073221e-08 -2469235.0
1225651000000.0 -0.26009122 2.2073221e-08 -2469235.0
1228718700000.0 -0.2607422 2.2221423e-08 -2476626.8
1231786500000.0 -0.2613932 2.2221423e-08 -2476626.8
1234854500000.0 -0.26204425 2.2221423e-08 -2476626.8
1237922600000.0 -0.26269534 2.2221423e-08 -2476626.8
1240990400000.0 -0.2633463 2.250332e-08 -2464578.8
1244058500000.0 -0.2639974 2.250332e-08 -2464578.8
1247126500000.0 -0.26464844 2.250332e-08 -2464578.8
1250194200000.0 -0.26529944 2.250332e-08 -2464578.8
1253262400000.0 -0.26595053 2.2751136e-08 -2477956.0
1256330500000.0 -0.2666016 2.2751136e-08 -2477956.0
1259398200000.0 -0.2672526 2.2751136e-08 -2477956.0
1262466200000.0 -0.26790366 2.2751136e-08 -2477956.0
1265534400000.0 -0.26855472 2.3194456e-08 -2486138.5
1268602100000.0 -0.26920572 2.3194456e-08 -2486138.5
1271670200000.0 -0.2698568 2.3194456e-08 -2486138.5
1274738200000.0 -0.27050784 2.3194456e-08 -2486138.5
1277806000000.0 -0.27115884 2.3692776e-08 -2506232.5
1280873700000.0 -0.27180985 2.3692776e-08 -2506232.5
1283942100000.0 -0.27246097 2.3692776e-08 -2506232.5
1287009900000.0 -0.27311197 2.3692776e-08 -2506232.5
1290077600000.0 -0.27376294 2.4489669e-08 -2524311.0
1293146100000.0 -0.27441412 2.4489669e-08 -2524311.0
1296213900000.0 -0.2750651 2.4489669e-08 -2524311.0
1299281600000.0 -0.27571613 2.4489669e-08 -2524311.0
1302350000000.0 -0.27636725 2.5317176e-08 -2554156.0
1305417700000.0 -0.27701825 2.5317176e-08 -2554156.0
1308485500000.0 -0.27766922 2.5317176e-08 -2554156.0
1311553900000.0 -0.27832037 2.5317176e-08 -2554156.0
1314621600000.0 -0.27897137 2.6456615e-08 -2591250.8
1317689400000.0 -0.27962235 2.6456615e-08 -2591250.8
1320757500000.0 -0.28027344 2.6456615e-08 -2591250.8
1323825600000.0 -0.28092453 2.6456615e-08 -2591250.8
1326893200000.0 -0.28157547 2.7658007e-08 -2626376.8
1329961400000.0 -0.28222656 2.7658007e-08 -2626376.8
1333029500000.0 -0.28287762 2.7658007e-08 -2626376.8
1336097200000.0 -0.28352863 2.7658007e-08 -2626376.8
1339165200000.0 -0.28417966 2.8980649e-08 -2652507.5
1342233400000.0 -0.28483075 2.8980649e-08 -2652507.5
1345301100000.0 -0.28548175 2.8980649e-08 -2652507.5
1348369300000.0 -0.28613284 2.8980649e-08 -2652507.5
1351437300000.0 -0.28678387 3.0084415e-08 -2666994.8
1354505000000.0 -0.28743488 3.0084415e-08 -2666994.8
1357573100000.0 -0.28808594 3.0084415e-08 -2666994.8
1360641300000.0 -0.28873703 3.0084415e-08 -2666994.8
1363709000000.0 -0.28938803 3.116833e-08 -2660373.5
1366776600000.0 -0.29003897 3.116833e-08 -2660373.5
1369845100000.0 -0.29069015 3.116833e-08 -2660373.5
1372912900000.0 -0.29134116 3.116833e-08 -2660373.5
1375980600000.0 -0.29199213 3.2217276e-08 -2638662.0
1379049000000.0 -0.29264328 3.2217276e-08 -2638662.0
1382116800000.0 -0.29329428 3.2217276e-08 -2638662.0
1385184500000.0 -0.29394525 3.2217276e-08 -2638662.0
1388252900000.0 -0.2945964 3.3415024e-08 -2601365.0
1391320600000.0 -0.2952474 3.3415024e-08 -2601365.0
1394388400000.0 -0.2958984 3.3415024e-08 -2601365.0
1397456900000.0 -0.29654956 3.3415024e-08 -2601365.0
1400524600000.0 -0.29720056 3.4681502e-08 -2578232.8
1403592400000.0 -0.29785153 3.4681502e-08 -2578232.8
1406660400000.0 -0.2985026 3.4681502e-08 -2578232.8
1409728500000.0 -0.29915366 3.4681502e-08 -2578232.8
1412796300000.0 -0.29980466 3.5930697e-08 -2547857.8
1415864300000.0 -0.30045572 3.5930697e-08 -2547857.8
1418932400000.0 -0.30110678 3.5930697e-08 -2547857.8
1422000100000.0 -0.30175778 3.5930697e-08 -2547857.8
1425068300000.0 -0.30240884 3.74299e-08 -2543825.2
1428136300000.0 -0.3030599 3.74299e-08 -2543825.2
1431204000000.0 -0.3037109 3.74299e-08 -2543825.2
1434272100000.0 -0.304362 3.74299e-08 -2543825.2
1437340300000.0 -0.30501306 3.8931216e-08 -2502767.2
1440408000000.0 -0.30566406 3.8931216e-08 -2502767.2
1443476000000.0 -0.30631512 3.8931216e-08 -2502767.2
1446544100000.0 -0.3069662 3.8931216e-08 -2502767.2
1449611900000.0 -0.3076172 4.0872482e-08 -2495159.0
1452679600000.0 -0.30826816 4.0872482e-08 -2495159.0
1455748000000.0 -0.3089193 4.0872482e-08 -2495159.0
1458815800000.0 -0.3095703 4.0872482e-08 -2495159.0
1461883500000.0 -0.3102213 4.2565283e-08 -2436428.8
1464951900000.0 -0.31087244 4.2565283e-08 -2436428.8
1468019600000.0 -0.3115234 4.2565283e-08 -2436428.8
