morphology_data/1d_wa_a0.025_l2r0.5_00001.ecsv
# %ECSV 1.0
# ---
# datatype:
# - {name: b, datatype: float32}
# - {name: phase, datatype: float32}
# - {name: sigma, datatype: float32}
# - {name: vr, datatype: float32}
# meta: {lambda: 2, rp: 0.5, sep: 0.025, wind: a}
# schema: astropy-2.0
b phase sigma vr
[from data line 636]
-201718480000.0 0.08561198 8.977013e-09 -493832.22
-200184430000.0 0.08496091 8.977013e-09 -493832.22
-198650580000.0 0.08430992 8.977013e-09 -493832.22
-197116530000.0 0.08365885 8.977013e-09 -493832.22
-195582570000.0 0.08300782 9.320712e-09 -206055.77
-194048620000.0 0.08235679 9.320712e-09 -206055.77
-192514570000.0 0.08170572 9.700594e-09 -265012.06
-190980620000.0 0.08105469 9.700594e-09 -265012.06
-189446670000.0 0.080403656 1.07017355e-08 34350.484
-187912620000.0 0.07975259 1.07017355e-08 34350.484
-186378750000.0 0.07910159 1.1800948e-08 563754.2
-184844700000.0 0.07845052 1.1800948e-08 563754.2
-183310660000.0 0.077799454 1.3045855e-08 1386688.9
-181776800000.0 0.07714847 1.3045855e-08 1386688.9
-180242740000.0 0.07649739 1.2811696e-08 1374250.1
-178708710000.0 0.07584633 1.2811696e-08 1374250.1
-177174840000.0 0.075195335 1.1312465e-08 681685.94
-175640790000.0 0.07454426 1.1312465e-08 681685.94
-174106840000.0 0.073893234 1.0718362e-08 140449.44
-172572880000.0 0.0732422 1.0718362e-08 140449.44
-171038830000.0 0.07259113 1.0258098e-08 -373978.1
-169504880000.0 0.0719401 1.0258098e-08 -373978.1
-167970930000.0 0.07128907 9.828191e-09 -835937.6
-166436880000.0 0.070638 9.828191e-09 -835937.6
-164903010000.0 0.06998701 9.516124e-09 -1183825.5
-163368980000.0 0.069335945 9.516124e-09 -1183825.5
-161834930000.0 0.068684876 9.597597e-09 -1224266.6
-160301060000.0 0.068033874 9.597597e-09 -1224266.6
-158767020000.0 0.06738281 9.462639e-09 -1330072.2
-157232970000.0 0.06673174 9.462639e-09 -1330072.2
-155699100000.0 0.06608075 9.473807e-09 -1220171.9
-154165070000.0 0.06542969 9.473807e-09 -1220171.9
-152631100000.0 0.06477865 9.5571995e-09 -1050141.2
-151097150000.0 0.06412762 9.5571995e-09 -1050141.2
-149563110000.0 0.063476555 9.698148e-09 -810519.44
-148029150000.0 0.062825516 9.698148e-09 -810519.44
-146495200000.0 0.062174488 1.0099199e-08 -652669.3
-144961160000.0 0.061523426 1.0169318e-08 -523608.94
-143427290000.0 0.060872428 1.0286664e-08 -525364.0
-141893240000.0 0.06022136 1.0336699e-08 -513473.62
-140359190000.0 0.059570286 1.04856515e-08 -567975.4
-138825330000.0 0.058919296 1.0603256e-08 -488957.94
-137291284000.0 0.058268227 1.0614855e-08 -553153.2
-135757240000.0 0.057617158 1.0720103e-08 -534585.5
-134223370000.0 0.056966167 1.07954925e-08 -588982.06
-132689330000.0 0.056315098 1.0943777e-08 -518998.75
-131155370000.0 0.055664066 1.11190985e-08 -470362.72
-129621420000.0 0.055013034 1.1268094e-08 -349967.06
-128087376000.0 0.05436197 1.14301315e-08 -257373.2
-126553416000.0 0.053710938 1.1597766e-08 -93395.27
-125019460000.0 0.053059906 1.1761973e-08 24699.504
-123485420000.0 0.052408837 1.2024053e-08 265359.62
-121951550000.0 0.051757842 1.2362383e-08 524291.7
-120417510000.0 0.051106777 1.2594036e-08 776580.0
-118883460000.0 0.050455708 1.2732373e-08 715178.56
-117349600000.0 0.049804714 1.2983198e-08 853088.8
-115815555000.0 0.049153645 1.3504213e-08 1150715.4
-114281505000.0 0.048502576 1.39651055e-08 1525508.6
-112747640000.0 0.047851585 1.4607942e-08 1682513.8
-111213590000.0 0.047200516 1.4743676e-08 1665087.5
-109679640000.0 0.046549484 1.4105342e-08 1074144.9
-108145690000.0 0.045898452 1.3274002e-08 468754.47
-106611640000.0 0.045247383 1.3161198e-08 100937.97
-105077690000.0 0.04459635 1.3103748e-08 -56264.79
-103543734000.0 0.043945324 1.3124467e-08 -174547.1
-102009680000.0 0.043294255 1.3156898e-08 -210817.34
-100475820000.0 0.04264326 1.322293e-08 -337224.66
-98941770000.0 0.04199219 1.33530715e-08 -385500.9
-97407730000.0 0.041341122 1.3497295e-08 -448287.22
-95873870000.0 0.04069013 1.3721466e-08 -495568.16
-94339820000.0 0.040039062 1.4084227e-08 -572769.25
-92805775000.0 0.039387994 1.4545103e-08 -502579.72
-91271905000.0 0.038736995 1.5000293e-08 -415514.0
-89737860000.0 0.03808593 1.5568238e-08 -283076.1
-88203910000.0 0.0374349 1.605656e-08 -244705.39
-86669950000.0 0.03678387 1.6504647e-08 -118971.69
-85135910000.0 0.0361328 1.6903574e-08 -34707.297
-83601960000.0 0.035481773 1.7363147e-08 92042.62
-82068000000.0 0.034830738 1.7939719e-08 175015.6
-80533955000.0 0.03417967 1.8528809e-08 322425.22
-79000084000.0 0.033528678 1.9228501e-08 472922.25
-77466040000.0 0.03287761 1.9928935e-08 632504.0
-75932000000.0 0.03222654 2.0647157e-08 783703.9
-74398130000.0 0.031575546 2.1365594e-08 987795.2
-72864090000.0 0.030924477 2.1971108e-08 1216731.4
-71330050000.0 0.030273411 2.2631461e-08 1453086.5
-69796176000.0 0.029622415 2.3188475e-08 1632005.9
-68262130000.0 0.028971346 2.3674247e-08 1792371.2
-66728178000.0 0.028320316 2.4264335e-08 1932924.2
-65194220000.0 0.027669284 2.4946004e-08 2081207.6
-63660175000.0 0.027018217 2.5452756e-08 2063424.6
-62126220000.0 0.026367186 2.5255755e-08 1669406.8
-60592263000.0 0.025716154 2.4750822e-08 1097062.6
-59058220000.0 0.025065087 2.4961906e-08 839850.3
-57524355000.0 0.024414092 2.56341e-08 751229.5
-55990310000.0 0.023763025 2.6442807e-08 698797.06
-54456267000.0 0.023111956 2.7369097e-08 674602.75
-52922400000.0 0.022460962 2.8432478e-08 651603.0
-51388355000.0 0.021809895 2.9565378e-08 636707.94
-49854310000.0 0.021158826 3.0754897e-08 619111.25
-48320442000.0 0.020507833 3.191746e-08 601550.6
-46786400000.0 0.019856764 3.30398e-08 583195.0
-45252444000.0 0.019205732 3.415967e-08 554259.6
-43718490000.0 0.018554702 3.5176225e-08 539988.7
-42184440000.0 0.017903633 3.620237e-08 492283.0
-40650486000.0 0.017252602 3.7230446e-08 456690.5
-39116534000.0 0.016601572 3.8596244e-08 420604.2
-37582488000.0 0.015950503 4.0161066e-08 427209.34
-36048620000.0 0.015299509 4.227892e-08 406813.84
-34514575000.0 0.014648439 4.44308e-08 424491.34
-32980531000.0 0.013997372 4.6980944e-08 448610.78
-31446665000.0 0.013346379 4.9761965e-08 465842.03
-29912621000.0 0.012695311 5.292707e-08 479783.12
-28378577000.0 0.012044242 5.628874e-08 488809.0
-26844710000.0 0.011393248 6.018645e-08 496939.3
-25310667000.0 0.01074218 6.4474314e-08 504218.12
-23776710000.0 0.010091149 6.965449e-08 512428.9
-22242755000.0 0.009440118 7.551975e-08 521768.88
-20708710000.0 0.008789049 8.266278e-08 545637.44
-19174754000.0 0.008138019 9.064628e-08 548114.6
-17640800000.0 0.0074869874 1.0019059e-07 517465.25
-16106755000.0 0.006835919 1.1148835e-07 454032.25
-14572889000.0 0.006184926 1.2597131e-07 410114.7
-13038844000.0 0.0055338573 1.4456532e-07 368411.47
-11504800000.0 0.0048827888 1.694772e-07 340845.5
-9970934000.0 0.0042317957 2.0347704e-07 303594.56
-8436888600.0 0.0035807267 2.5306989e-07 272274.66
-6902844000.0 0.0029296577 3.2980438e-07 216241.98
-5368978000.0 0.0022786648 4.6603043e-07 149401.19
-3834933000.0 0.0016275961 7.699105e-07 46893.33
3834933000.0 -0.0016275961 9.7099e-07 -145739.03
5368978000.0 -0.0022786648 5.1910865e-07 -234362.22
6902844000.0 -0.0029296577 3.5857158e-07 -336344.94
8436888600.0 -0.0035807267 2.7128712e-07 -431823.1
9970934000.0 -0.0042317957 2.1661347e-07 -502809.84
11504800000.0 -0.0048827888 1.7920965e-07 -579554.25
13038844000.0 -0.0055338573 1.5209511e-07 -670814.44
14572889000.0 -0.006184926 1.3197518e-07 -743870.56
16106755000.0 -0.006835919 1.15905436e-07 -863357.2
17640800000.0 -0.0074869874 1.03538454e-07 -938094.94
19174754000.0 -0.008138019 9.3177334e-08 -1061773.5
20708710000.0 -0.008789049 8.495729e-08 -1137509.8
22242755000.0 -0.009440118 7.783881e-08 -1249249.4
23776710000.0 -0.010091149 7.195115e-08 -1335889.6
25310667000.0 -0.01074218 6.672393e-08 -1421264.9
26844710000.0 -0.011393248 6.232281e-08 -1506836.8
28378577000.0 -0.012044242 5.834712e-08 -1575259.2
29912621000.0 -0.012695311 5.4944167e-08 -1655337.6
31446665000.0 -0.013346379 5.1781537e-08 -1723254.4
32980531000.0 -0.013997372 4.9076466e-08 -1797037.5
34514575000.0 -0.014648439 4.644898e-08 -1870999.8
36048620000.0 -0.015299509 4.4234902e-08 -1943110.1
37582488000.0 -0.015950503 4.2142556e-08 -2008942.0
39116534000.0 -0.016601572 4.0268127e-08 -2082039.6
40650486000.0 -0.017252602 3.8155846e-08 -2161776.2
42184440000.0 -0.017903633 3.6606302e-08 -2231858.5
43718490000.0 -0.018554702 3.4757043e-08 -2310068.0
45252444000.0 -0.019205732 3.345621e-08 -2389871.5
46786400000.0 -0.019856764 3.1901244e-08 -2479602.2
48320442000.0 -0.020507833 3.0860992e-08 -2566282.2
49854310000.0 -0.021158826 2.963706e-08 -2657597.0
51388355000.0 -0.021809895 2.874048e-08 -2761784.5
52922400000.0 -0.022460962 2.7772865e-08 -2864964.5
54456267000.0 -0.023111956 2.7040937e-08 -2960864.2
55990310000.0 -0.023763025 2.6328326e-08 -3042516.0
57524355000.0 -0.024414092 2.561773e-08 -3131719.0
59058220000.0 -0.025065087 2.5013414e-08 -3255234.2
60592263000.0 -0.025716154 2.44173e-08 -3349395.0
62126220000.0 -0.026367186 2.3538913e-08 -3500678.0
63660175000.0 -0.027018217 2.3013506e-08 -3587458.8
65194220000.0 -0.027669284 2.190686e-08 -3703529.0
66728178000.0 -0.028320316 2.1409745e-08 -3791744.5
68262130000.0 -0.028971346 2.030416e-08 -3869166.2
69796176000.0 -0.029622415 1.9839426e-08 -3978610.5
71330050000.0 -0.030273411 1.9027102e-08 -4051622.2
72864090000.0 -0.030924477 1.8647105e-08 -4168942.5
74398130000.0 -0.031575546 1.8087915e-08 -4249525.0
75932000000.0 -0.03222654 1.7769185e-08 -4365663.5
77466040000.0 -0.03287761 1.7613791e-08 -4347902.0
79000084000.0 -0.033528678 1.734413e-08 -4457936.0
80533955000.0 -0.03417967 1.7498818e-08 -4261576.5
82068000000.0 -0.034830738 1.7270041e-08 -4350652.0
83601960000.0 -0.035481773 1.7725917e-08 -3926751.5
85135910000.0 -0.0361328 1.7523494e-08 -3992276.8
86669950000.0 -0.03678387 1.8448063e-08 -3484640.2
88203910000.0 -0.0374349 1.8341268e-08 -3573774.0
89737860000.0 -0.03808593 1.9210997e-08 -3452000.5
91271905000.0 -0.038736995 1.9310077e-08 -3616086.0
92805775000.0 -0.039387994 1.929726e-08 -3987246.5
94339820000.0 -0.040039062 1.9433696e-08 -4102408.2
95873870000.0 -0.04069013 1.8895765e-08 -4514796.5
97407730000.0 -0.041341122 1.8881385e-08 -4481273.0
98941770000.0 -0.04199219 1.8421932e-08 -4700165.0
100475820000.0 -0.04264326 1.8391658e-08 -4686887.0
102009680000.0 -0.043294255 1.791759e-08 -4888983.0
103543734000.0 -0.043945324 1.77813e-08 -4894843.5
105077690000.0 -0.04459635 1.7472171e-08 -5025768.0
106611640000.0 -0.045247383 1.7333456e-08 -5069109.0
108145690000.0 -0.045898452 1.731427e-08 -5113095.5
109679640000.0 -0.046549484 1.724535e-08 -5143345.0
111213590000.0 -0.047200516 1.7411374e-08 -5013065.0
112747640000.0 -0.047851585 1.7257001e-08 -4993674.0
114281505000.0 -0.048502576 1.7722527e-08 -4741404.0
115815555000.0 -0.049153645 1.7718492e-08 -4774446.0
117349600000.0 -0.049804714 1.8639348e-08 -4398040.5
118883460000.0 -0.050455708 1.8613058e-08 -4403118.5
120417510000.0 -0.051106777 1.946405e-08 -3957521.0
121951550000.0 -0.051757842 1.941757e-08 -3909418.0
123485420000.0 -0.052408837 2.018362e-08 -3548722.2
125019460000.0 -0.053059906 2.0601806e-08 -3418862.8
126553416000.0 -0.053710938 2.4578815e-08 -2902345.5
128087376000.0 -0.05436197 2.5838961e-08 -2580472.8
129621420000.0 -0.055013034 2.5722205e-08 -2180890.8
131155370000.0 -0.055664066 2.4215712e-08 -2207001.8
132689330000.0 -0.056315098 2.4435124e-08 -2040019.9
134223370000.0 -0.056966167 2.4638323e-08 -2120861.2
135757240000.0 -0.057617158 2.511336e-08 -2094312.6
137291284000.0 -0.058268227 2.5203853e-08 -2101704.2
138825330000.0 -0.058919296 2.5195e-08 -2043529.0
140359190000.0 -0.059570286 2.4765733e-08 -2138389.8
141893240000.0 -0.06022136 2.4468317e-08 -2235430.8
143427290000.0 -0.060872428 2.4876607e-08 -2185234.2
144961160000.0 -0.061523426 2.7098224e-08 -1738086.6
146495200000.0 -0.062174488 2.8111371e-08 -1588683.1
148029150000.0 -0.062825516 2.8056792e-08 -1171620.6
149563110000.0 -0.063476555 2.8056792e-08 -1171620.6
151097150000.0 -0.06412762 2.8096363e-08 -663716.8
152631100000.0 -0.06477865 2.8096363e-08 -663716.8
154165070000.0 -0.06542969 2.7796574e-08 -295847.28
155699100000.0 -0.06608075 2.7796574e-08 -295847.28
157232970000.0 -0.06673174 2.6244592e-08 -176649.92
158767020000.0 -0.06738281 2.6244592e-08 -176649.92
160301060000.0 -0.068033874 2.4309859e-08 -264403.06
161834930000.0 -0.068684876 2.4309859e-08 -264403.06
163368980000.0 -0.069335945 2.2785725e-08 -528320.0
164903010000.0 -0.06998701 2.2785725e-08 -528320.0
166436880000.0 -0.070638 2.215472e-08 -767488.06
167970930000.0 -0.07128907 2.215472e-08 -767488.06
169504880000.0 -0.0719401 2.2594069e-08 -756103.2
171038830000.0 -0.07259113 2.2594069e-08 -756103.2
172572880000.0 -0.0732422 2.3585496e-08 -591824.94
174106840000.0 -0.073893234 2.3585496e-08 -591824.94
175640790000.0 -0.07454426 2.525865e-08 -387866.9
177174840000.0 -0.075195335 2.525865e-08 -387866.9
178708710000.0 -0.07584633 2.7755421e-08 -458178.78
180242740000.0 -0.07649739 2.7755421e-08 -458178.78
181776800000.0 -0.07714847 2.7985724e-08 -143325.52
183310660000.0 -0.077799454 2.7985724e-08 -143325.52
184844700000.0 -0.07845052 2.7082928e-08 310211.53
186378750000.0 -0.07910159 2.7082928e-08 310211.53
187912620000.0 -0.07975259 2.655478e-08 596051.2
189446670000.0 -0.080403656 2.655478e-08 596051.2
190980620000.0 -0.08105469 2.6836823e-08 705576.2
192514570000.0 -0.08170572 2.6836823e-08 705576.2
194048620000.0 -0.08235679 2.8836569e-08 783696.7
195582570000.0 -0.08300782 2.8836569e-08 783696.7
197116530000.0 -0.08365885 3.23143e-08 911171.94
198650580000.0 -0.08430992 3.23143e-08 911171.94
200184430000.0 -0.08496091 3.23143e-08 911171.94
201718480000.0 -0.08561198 3.23143e-08 911171.94
203252530000.0 -0.086263046 3.6856537e-08 1181766.6
204786400000.0 -0.08691404 3.6856537e-08 1181766.6
206320440000.0 -0.08756511 3.6856537e-08 1181766.6
207854390000.0 -0.08821614 3.6856537e-08 1181766.6
209388360000.0 -0.08886717 3.925213e-08 1451001.8
210922390000.0 -0.08951824 3.925213e-08 1451001.8
212456340000.0 -0.09016927 3.925213e-08 1451001.8
213990310000.0 -0.090820305 3.925213e-08 1451001.8
215524340000.0 -0.091471374 3.9439655e-08 1613905.9
217058210000.0 -0.09212236 3.9439655e-08 1613905.9
218592260000.0 -0.09277343 3.9439655e-08 1613905.9
220126300000.0 -0.0934245 3.9439655e-08 1613905.9
221660170000.0 -0.09407549 3.748837e-08 1796249.9
223194220000.0 -0.09472656 3.748837e-08 1796249.9
224728250000.0 -0.09537763 3.748837e-08 1796249.9
226262120000.0 -0.096028626 3.748837e-08 1796249.9
227796170000.0 -0.096679695 3.634625e-08 2137730.8
229330120000.0 -0.09733073 3.634625e-08 2137730.8
230864080000.0 -0.09798176 3.634625e-08 2137730.8
232398130000.0 -0.09863283 3.634625e-08 2137730.8
233932080000.0 -0.09928385 3.6048682e-08 2518867.8
235466030000.0 -0.09993488 3.6048682e-08 2518867.8
237000080000.0 -0.10058595 3.6048682e-08 2518867.8
238533950000.0 -0.10123695 3.6048682e-08 2518867.8
240067990000.0 -0.101888016 3.5549828e-08 2638799.2
241602040000.0 -0.102539085 3.5549828e-08 2638799.2
243135900000.0 -0.10319008 3.5549828e-08 2638799.2
244669960000.0 -0.10384115 3.5549828e-08 2638799.2
246203990000.0 -0.10449222 3.493688e-08 2481040.5
247737860000.0 -0.10514321 3.493688e-08 2481040.5
249271910000.0 -0.10579427 3.493688e-08 2481040.5
250805860000.0 -0.106445305 3.493688e-08 2481040.5
252339810000.0 -0.10709634 3.464793e-08 2234223.0
253873860000.0 -0.107747406 3.464793e-08 2234223.0
255407820000.0 -0.10839844 3.464793e-08 2234223.0
256941770000.0 -0.10904947 3.464793e-08 2234223.0
258475820000.0 -0.10970054 3.48925e-08 1998658.5
260009670000.0 -0.11035153 3.48925e-08 1998658.5
261543720000.0 -0.1110026 3.48925e-08 1998658.5
263077770000.0 -0.11165367 3.48925e-08 1998658.5
264611640000.0 -0.11230466 3.5285822e-08 1815746.9
266145680000.0 -0.11295573 3.5285822e-08 1815746.9
267679730000.0 -0.113606796 3.5285822e-08 1815746.9
269213600000.0 -0.11425779 3.5285822e-08 1815746.9
270747630000.0 -0.11490886 3.4562007e-08 1796768.0
272281600000.0 -0.11555989 3.4562007e-08 1796768.0
273815550000.0 -0.11621092 3.4562007e-08 1796768.0
275349600000.0 -0.11686199 3.4562007e-08 1796768.0
276883540000.0 -0.11751302 3.333599e-08 2100149.0
278417500000.0 -0.118164055 3.333599e-08 2100149.0
279951540000.0 -0.118815124 3.333599e-08 2100149.0
281485400000.0 -0.11946611 3.333599e-08 2100149.0
