morphology_data/1d_wb_a0.025_l8r1_00001.ecsv
# %ECSV 1.0
# ---
# datatype:
# - {name: b, datatype: float32}
# - {name: phase, datatype: float32}
# - {name: sigma, datatype: float32}
# - {name: vr, datatype: float32}
# meta: {lambda: 8, rp: 1.0, sep: 0.025, wind: b}
# schema: astropy-2.0
b phase sigma vr
[from data line 741]
-40650486000.0 0.017252602 3.1996056e-08 -702169.7
-39116534000.0 0.016601572 3.359966e-08 -683628.06
-37582488000.0 0.015950503 3.5328924e-08 -665138.2
-36048620000.0 0.015299509 3.7631768e-08 -646594.94
-34514575000.0 0.014648439 4.0012832e-08 -622123.4
-32980531000.0 0.013997372 4.246261e-08 -598208.4
-31446665000.0 0.013346379 4.5580453e-08 -568987.56
-29912621000.0 0.012695311 4.876434e-08 -541207.7
-28378577000.0 0.012044242 5.2716302e-08 -506435.06
-26844710000.0 0.011393248 5.665728e-08 -478787.9
-25310667000.0 0.01074218 6.177682e-08 -442665.66
-23776710000.0 0.010091149 6.72107e-08 -412761.6
-22242755000.0 0.009440118 7.529412e-08 -365579.66
-20708710000.0 0.008789049 8.473777e-08 -315348.3
-19174754000.0 0.008138019 9.907354e-08 -248078.73
-17640800000.0 0.0074869874 1.1937179e-07 -166250.9
-16106755000.0 0.006835919 1.5125218e-07 -69798.93
-14572889000.0 0.006184926 2.0099557e-07 24590.766
-13038844000.0 0.0055338573 2.829612e-07 98217.85
-11504800000.0 0.0048827888 4.2980955e-07 147563.9
-9970934000.0 0.0042317957 7.246028e-07 166333.97
-8436888600.0 0.0035807267 1.4653814e-06 154172.86
8436888600.0 -0.0035807267 1.8373486e-06 -141447.97
9970934000.0 -0.0042317957 8.619412e-07 -210893.78
11504800000.0 -0.0048827888 4.9957964e-07 -230299.84
13038844000.0 -0.0055338573 3.2624465e-07 -213904.72
14572889000.0 -0.006184926 2.306256e-07 -163823.11
16106755000.0 -0.006835919 1.7225821e-07 -86803.06
17640800000.0 -0.0074869874 1.3393057e-07 20595.652
19174754000.0 -0.008138019 1.0881022e-07 128408.484
20708710000.0 -0.008789049 9.185379e-08 223559.81
22242755000.0 -0.009440118 8.011363e-08 302558.25
23776710000.0 -0.010091149 7.216583e-08 367329.3
25310667000.0 -0.01074218 6.557422e-08 423457.47
26844710000.0 -0.011393248 6.0815076e-08 468235.6
28378577000.0 -0.012044242 5.6616756e-08 511049.94
29912621000.0 -0.012695311 5.323554e-08 550618.4
31446665000.0 -0.013346379 5.0504838e-08 591799.3
32980531000.0 -0.013997372 4.81658e-08 630646.2
34514575000.0 -0.014648439 4.6242103e-08 665590.1
36048620000.0 -0.015299509 4.4413888e-08 692187.5
37582488000.0 -0.015950503 4.3159794e-08 713192.3
39116534000.0 -0.016601572 4.1671125e-08 732152.0
40650486000.0 -0.017252602 4.049742e-08 748154.3
42184440000.0 -0.017903633 3.9534434e-08 769748.44
43718490000.0 -0.018554702 3.8794873e-08 793023.6
45252444000.0 -0.019205732 3.820991e-08 815049.0
46786400000.0 -0.019856764 3.7679747e-08 837410.25
48320442000.0 -0.020507833 3.7412114e-08 859680.2
49854310000.0 -0.021158826 3.742859e-08 886479.1
51388355000.0 -0.021809895 3.756557e-08 906814.7
52922400000.0 -0.022460962 3.723782e-08 906144.8
54456267000.0 -0.023111956 3.658054e-08 890630.44
55990310000.0 -0.023763025 3.5934395e-08 876518.2
57524355000.0 -0.024414092 3.5506865e-08 867888.1
59058220000.0 -0.025065087 3.5194734e-08 863508.7
60592263000.0 -0.025716154 3.5034592e-08 861407.9
62126220000.0 -0.026367186 3.4986297e-08 860531.6
63660175000.0 -0.027018217 3.5103877e-08 860393.5
65194220000.0 -0.027669284 3.5551583e-08 861235.6
66728178000.0 -0.028320316 3.6310364e-08 864325.1
68262130000.0 -0.028971346 3.7378268e-08 868130.25
69796176000.0 -0.029622415 3.871739e-08 876551.06
71330050000.0 -0.030273411 4.0197094e-08 892055.5
72864090000.0 -0.030924477 4.174697e-08 914986.75
74398130000.0 -0.031575546 4.3385363e-08 951841.56
75932000000.0 -0.03222654 4.51535e-08 975079.2
77466040000.0 -0.03287761 4.7346923e-08 1002653.06
79000084000.0 -0.033528678 5.005038e-08 1033894.0
80533955000.0 -0.03417967 5.2913567e-08 1062214.8
82068000000.0 -0.034830738 5.5662323e-08 1085394.9
83601960000.0 -0.035481773 5.8265716e-08 1104259.5
85135910000.0 -0.0361328 6.058915e-08 1117724.6
86669950000.0 -0.03678387 6.2570756e-08 1127950.9
88203910000.0 -0.0374349 6.422815e-08 1135576.1
89737860000.0 -0.03808593 6.5648784e-08 1142143.0
91271905000.0 -0.038736995 6.690691e-08 1147497.2
92805775000.0 -0.039387994 6.824471e-08 1152152.5
94339820000.0 -0.040039062 6.968988e-08 1156532.4
95873870000.0 -0.04069013 7.126692e-08 1159666.8
97407730000.0 -0.041341122 7.300255e-08 1160751.8
98941770000.0 -0.04199219 7.457321e-08 1156995.8
100475820000.0 -0.04264326 7.605024e-08 1150592.9
102009680000.0 -0.043294255 7.738675e-08 1142614.2
103543734000.0 -0.043945324 7.848073e-08 1133348.2
105077690000.0 -0.04459635 7.946579e-08 1124438.2
106611640000.0 -0.045247383 8.0580804e-08 1117340.6
108145690000.0 -0.045898452 8.143408e-08 1110067.2
109679640000.0 -0.046549484 8.2084306e-08 1101179.4
111213590000.0 -0.047200516 8.272098e-08 1090987.2
112747640000.0 -0.047851585 8.3246704e-08 1079390.4
114281505000.0 -0.048502576 8.344463e-08 1066640.1
115815555000.0 -0.049153645 8.329442e-08 1054355.8
117349600000.0 -0.049804714 8.2823014e-08 1041257.75
118883460000.0 -0.050455708 8.19016e-08 1024588.06
120417510000.0 -0.051106777 8.032777e-08 1003509.56
121951550000.0 -0.051757842 7.8369716e-08 981602.2
123485420000.0 -0.052408837 7.634528e-08 957928.4
125019460000.0 -0.053059906 7.4023035e-08 929369.8
126553416000.0 -0.053710938 7.1528554e-08 894195.06
128087376000.0 -0.05436197 6.940001e-08 859811.2
129621420000.0 -0.055013034 6.744032e-08 825535.7
131155370000.0 -0.055664066 6.51475e-08 786396.3
132689330000.0 -0.056315098 6.288633e-08 744919.6
134223370000.0 -0.056966167 6.068151e-08 703180.9
135757240000.0 -0.057617158 5.8659506e-08 663306.56
137291284000.0 -0.058268227 5.6946366e-08 627323.75
138825330000.0 -0.058919296 5.5519436e-08 595848.75
140359190000.0 -0.059570286 5.439614e-08 569398.44
141893240000.0 -0.06022136 5.3482903e-08 546792.56
143427290000.0 -0.060872428 5.2718175e-08 526058.7
144961160000.0 -0.061523426 5.2069023e-08 507088.47
146495200000.0 -0.062174488 5.1281894e-08 481396.8
148029150000.0 -0.062825516 5.28749e-08 457851.16
149563110000.0 -0.063476555 5.28749e-08 457851.16
151097150000.0 -0.06412762 5.0385022e-08 411137.34
152631100000.0 -0.06477865 5.0385022e-08 411137.34
154165070000.0 -0.06542969 4.7754476e-08 366242.9
155699100000.0 -0.06608075 4.7754476e-08 366242.9
157232970000.0 -0.06673174 4.501874e-08 320831.75
158767020000.0 -0.06738281 4.501874e-08 320831.75
160301060000.0 -0.068033874 4.2480135e-08 279639.84
161834930000.0 -0.068684876 4.2480135e-08 279639.84
163368980000.0 -0.069335945 4.016058e-08 237616.6
164903010000.0 -0.06998701 4.016058e-08 237616.6
166436880000.0 -0.070638 3.816844e-08 192577.97
167970930000.0 -0.07128907 3.816844e-08 192577.97
169504880000.0 -0.0719401 3.688018e-08 150437.28
171038830000.0 -0.07259113 3.688018e-08 150437.28
172572880000.0 -0.0732422 3.6069455e-08 107766.29
174106840000.0 -0.073893234 3.6069455e-08 107766.29
175640790000.0 -0.07454426 3.553726e-08 65193.902
177174840000.0 -0.075195335 3.553726e-08 65193.902
178708710000.0 -0.07584633 3.5220395e-08 21540.166
180242740000.0 -0.07649739 3.5220395e-08 21540.166
181776800000.0 -0.07714847 3.4954535e-08 -20913.668
183310660000.0 -0.077799454 3.4954535e-08 -20913.668
184844700000.0 -0.07845052 3.451864e-08 -63010.18
186378750000.0 -0.07910159 3.451864e-08 -63010.18
187912620000.0 -0.07975259 3.3792915e-08 -105052.46
189446670000.0 -0.080403656 3.3792915e-08 -105052.46
190980620000.0 -0.08105469 3.2720575e-08 -144181.58
192514570000.0 -0.08170572 3.2720575e-08 -144181.58
194048620000.0 -0.08235679 3.1267952e-08 -189377.47
195582570000.0 -0.08300782 3.1267952e-08 -189377.47
197116530000.0 -0.08365885 2.9000235e-08 -248524.4
198650580000.0 -0.08430992 2.9000235e-08 -248524.4
200184430000.0 -0.08496091 2.9000235e-08 -248524.4
201718480000.0 -0.08561198 2.9000235e-08 -248524.4
203252530000.0 -0.086263046 2.6754925e-08 -315004.16
204786400000.0 -0.08691404 2.6754925e-08 -315004.16
206320440000.0 -0.08756511 2.6754925e-08 -315004.16
207854390000.0 -0.08821614 2.6754925e-08 -315004.16
209388360000.0 -0.08886717 2.5338073e-08 -377855.9
210922390000.0 -0.08951824 2.5338073e-08 -377855.9
212456340000.0 -0.09016927 2.5338073e-08 -377855.9
213990310000.0 -0.090820305 2.5338073e-08 -377855.9
215524340000.0 -0.091471374 2.5207438e-08 -439077.3
217058210000.0 -0.09212236 2.5207438e-08 -439077.3
218592260000.0 -0.09277343 2.5207438e-08 -439077.3
220126300000.0 -0.0934245 2.5207438e-08 -439077.3
221660170000.0 -0.09407549 2.585089e-08 -505497.2
223194220000.0 -0.09472656 2.585089e-08 -505497.2
224728250000.0 -0.09537763 2.585089e-08 -505497.2
226262120000.0 -0.096028626 2.585089e-08 -505497.2
227796170000.0 -0.096679695 2.6990248e-08 -578266.8
229330120000.0 -0.09733073 2.6990248e-08 -578266.8
230864080000.0 -0.09798176 2.6990248e-08 -578266.8
232398130000.0 -0.09863283 2.6990248e-08 -578266.8
233932080000.0 -0.09928385 2.8027596e-08 -658962.06
235466030000.0 -0.09993488 2.8027596e-08 -658962.06
237000080000.0 -0.10058595 2.8027596e-08 -658962.06
238533950000.0 -0.10123695 2.8027596e-08 -658962.06
240067990000.0 -0.101888016 2.79353e-08 -750086.75
241602040000.0 -0.102539085 2.79353e-08 -750086.75
243135900000.0 -0.10319008 2.79353e-08 -750086.75
244669960000.0 -0.10384115 2.79353e-08 -750086.75
246203990000.0 -0.10449222 2.7181734e-08 -853370.44
247737860000.0 -0.10514321 2.7181734e-08 -853370.44
249271910000.0 -0.10579427 2.7181734e-08 -853370.44
250805860000.0 -0.106445305 2.7181734e-08 -853370.44
252339810000.0 -0.10709634 2.6637622e-08 -979564.25
253873860000.0 -0.107747406 2.6637622e-08 -979564.25
255407820000.0 -0.10839844 2.6637622e-08 -979564.25
256941770000.0 -0.10904947 2.6637622e-08 -979564.25
258475820000.0 -0.10970054 2.7132037e-08 -1067055.1
260009670000.0 -0.11035153 2.7132037e-08 -1067055.1
261543720000.0 -0.1110026 2.7132037e-08 -1067055.1
263077770000.0 -0.11165367 2.7132037e-08 -1067055.1
264611640000.0 -0.11230466 2.7415416e-08 -1099283.9
266145680000.0 -0.11295573 2.7415416e-08 -1099283.9
267679730000.0 -0.113606796 2.7415416e-08 -1099283.9
269213600000.0 -0.11425779 2.7415416e-08 -1099283.9
270747630000.0 -0.11490886 2.6762674e-08 -1088582.2
272281600000.0 -0.11555989 2.6762674e-08 -1088582.2
273815550000.0 -0.11621092 2.6762674e-08 -1088582.2
275349600000.0 -0.11686199 2.6762674e-08 -1088582.2
276883540000.0 -0.11751302 2.5003784e-08 -1060038.1
278417500000.0 -0.118164055 2.5003784e-08 -1060038.1
279951540000.0 -0.118815124 2.5003784e-08 -1060038.1
281485400000.0 -0.11946611 2.5003784e-08 -1060038.1
283019440000.0 -0.12011717 2.2410275e-08 -1061833.1
284553500000.0 -0.12076825 2.2410275e-08 -1061833.1
286087380000.0 -0.12141925 2.2410275e-08 -1061833.1
287621400000.0 -0.12207031 2.2410275e-08 -1061833.1
289155450000.0 -0.12272138 1.981893e-08 -1083609.1
290689320000.0 -0.123372376 1.981893e-08 -1083609.1
292223400000.0 -0.12402345 1.981893e-08 -1083609.1
293757320000.0 -0.12467448 1.981893e-08 -1083609.1
295291300000.0 -0.1253255 1.7757237e-08 -1100152.0
296825320000.0 -0.12597658 1.7757237e-08 -1100152.0
298359300000.0 -0.12662761 1.7757237e-08 -1100152.0
299893230000.0 -0.12727864 1.7757237e-08 -1100152.0
301427300000.0 -0.12792972 1.6177422e-08 -1100664.1
302961130000.0 -0.12858069 1.6177422e-08 -1100664.1
304495200000.0 -0.12923177 1.6177422e-08 -1100664.1
306029230000.0 -0.12988284 1.6177422e-08 -1100664.1
307563100000.0 -0.13053383 1.4585463e-08 -1080947.1
309097140000.0 -0.13118489 1.4585463e-08 -1080947.1
310631200000.0 -0.13183598 1.4585463e-08 -1080947.1
312165070000.0 -0.13248697 1.4585463e-08 -1080947.1
313699100000.0 -0.13313803 1.26429365e-08 -1052393.1
315233040000.0 -0.13378905 1.26429365e-08 -1052393.1
316767000000.0 -0.1344401 1.26429365e-08 -1052393.1
318301040000.0 -0.13509116 1.26429365e-08 -1052393.1
319835000000.0 -0.13574219 1.0359642e-08 -1009067.5
321368980000.0 -0.13639323 1.0359642e-08 -1009067.5
322903000000.0 -0.1370443 1.0359642e-08 -1009067.5
324436900000.0 -0.13769528 1.0359642e-08 -1009067.5
325970920000.0 -0.13834634 8.713273e-09 -897434.56
327504950000.0 -0.1389974 8.713273e-09 -897434.56
329038820000.0 -0.13964841 8.713273e-09 -897434.56
330572900000.0 -0.14029948 8.713273e-09 -897434.56
332106920000.0 -0.14095055 7.331797e-09 -994831.1
333640800000.0 -0.14160155 7.331797e-09 -994831.1
335174830000.0 -0.14225261 7.331797e-09 -994831.1
336708900000.0 -0.14290369 7.331797e-09 -994831.1
338242730000.0 -0.14355466 5.8887863e-09 -1342457.5
339776800000.0 -0.14420575 5.8887863e-09 -1342457.5
341310830000.0 -0.14485681 5.8887863e-09 -1342457.5
342844700000.0 -0.1455078 5.8887863e-09 -1342457.5
344378570000.0 -0.1461588 4.9432183e-09 -1611100.4
345912800000.0 -0.14680995 4.9432183e-09 -1611100.4
347446640000.0 -0.14746092 4.9432183e-09 -1611100.4
348980500000.0 -0.14811192 4.9432183e-09 -1611100.4
350514740000.0 -0.14876308 4.9963997e-09 -1586456.8
352048600000.0 -0.14941406 4.9963997e-09 -1586456.8
353582480000.0 -0.15006506 4.9963997e-09 -1586456.8
355116700000.0 -0.1507162 4.9963997e-09 -1586456.8
356650580000.0 -0.1513672 5.2871907e-09 -1631674.4
358184420000.0 -0.15201817 5.2871907e-09 -1631674.4
359718650000.0 -0.15266933 5.2871907e-09 -1631674.4
361252520000.0 -0.15332033 5.2871907e-09 -1631674.4
362786400000.0 -0.15397131 5.6505947e-09 -1613516.9
364320420000.0 -0.15462239 5.6505947e-09 -1613516.9
365854500000.0 -0.15527347 5.6505947e-09 -1613516.9
367388360000.0 -0.15592445 5.6505947e-09 -1613516.9
368922400000.0 -0.15657552 5.9609375e-09 -1600588.9
370456430000.0 -0.15722659 5.9609375e-09 -1600588.9
371990300000.0 -0.15787758 5.9609375e-09 -1600588.9
373524330000.0 -0.15852864 5.9609375e-09 -1600588.9
375058400000.0 -0.15917972 6.2140963e-09 -1617700.1
376592270000.0 -0.1598307 6.2140963e-09 -1617700.1
378126300000.0 -0.16048178 6.2140963e-09 -1617700.1
379660340000.0 -0.16113284 6.2140963e-09 -1617700.1
381194200000.0 -0.16178384 6.3682495e-09 -1667906.9
382728240000.0 -0.1624349 6.3682495e-09 -1667906.9
384262300000.0 -0.16308598 6.3682495e-09 -1667906.9
385796180000.0 -0.16373697 6.3682495e-09 -1667906.9
387330050000.0 -0.16438797 6.3357786e-09 -1742669.6
388864250000.0 -0.1650391 6.3357786e-09 -1742669.6
390398100000.0 -0.1656901 6.3357786e-09 -1742669.6
391932000000.0 -0.1663411 6.3357786e-09 -1742669.6
393466220000.0 -0.16699223 6.2100343e-09 -1830984.9
395000100000.0 -0.16764323 6.2100343e-09 -1830984.9
396533960000.0 -0.16829422 6.2100343e-09 -1830984.9
398068150000.0 -0.16894537 6.2100343e-09 -1830984.9
399602020000.0 -0.16959636 6.033875e-09 -1917137.4
401135900000.0 -0.17024736 6.033875e-09 -1917137.4
402669930000.0 -0.17089842 6.033875e-09 -1917137.4
404204000000.0 -0.1715495 6.033875e-09 -1917137.4
405737870000.0 -0.17220049 5.6382707e-09 -1987538.5
407271900000.0 -0.17285155 5.6382707e-09 -1987538.5
408805930000.0 -0.17350262 5.6382707e-09 -1987538.5
410339800000.0 -0.17415361 5.6382707e-09 -1987538.5
411873870000.0 -0.17480469 4.9402167e-09 -2013186.0
413407900000.0 -0.17545575 4.9402167e-09 -2013186.0
414941770000.0 -0.17610675 4.9402167e-09 -2013186.0
416475800000.0 -0.17675781 4.9402167e-09 -2013186.0
418009840000.0 -0.17740889 4.2285593e-09 -2040731.0
419543700000.0 -0.17805988 4.2285593e-09 -2040731.0
421077780000.0 -0.17871095 4.2285593e-09 -2040731.0
422611800000.0 -0.17936201 4.2285593e-09 -2040731.0
424145680000.0 -0.180013 3.6623193e-09 -2037787.8
425679550000.0 -0.180664 3.6623193e-09 -2037787.8
427213750000.0 -0.18131514 3.6623193e-09 -2037787.8
428747620000.0 -0.18196614 3.6623193e-09 -2037787.8
430281500000.0 -0.18261713 3.4128902e-09 -2005749.0
431815720000.0 -0.18326828 3.4128902e-09 -2005749.0
433349600000.0 -0.18391927 3.4128902e-09 -2005749.0
434883460000.0 -0.18457027 3.4128902e-09 -2005749.0
436417700000.0 -0.1852214 3.3064897e-09 -1951359.2
437951530000.0 -0.1858724 3.3064897e-09 -1951359.2
439485400000.0 -0.1865234 3.3064897e-09 -1951359.2
441019630000.0 -0.18717454 3.3064897e-09 -1951359.2
442553500000.0 -0.18782553 3.2854657e-09 -1874905.5
444087370000.0 -0.18847652 3.2854657e-09 -1874905.5
445621400000.0 -0.1891276 3.2854657e-09 -1874905.5
447155440000.0 -0.18977866 3.2854657e-09 -1874905.5
448689300000.0 -0.19042966 3.3855685e-09 -1768398.4
450223370000.0 -0.19108072 3.3855685e-09 -1768398.4
451757400000.0 -0.1917318 3.3855685e-09 -1768398.4
