morphology_data/1d_wa_a0.05_l8r0.5_00001.ecsv
# %ECSV 1.0
# ---
# datatype:
# - {name: b, datatype: float32}
# - {name: phase, datatype: float32}
# - {name: sigma, datatype: float32}
# - {name: vr, datatype: float32}
# meta: {lambda: 8, rp: 0.5, sep: 0.05, wind: a}
# schema: astropy-2.0
b phase sigma vr
[from data line 626]
-434116430000.0 0.09212236 2.7377752e-08 1638618.0
-431048700000.0 0.091471374 2.7377752e-08 1638618.0
-427980620000.0 0.090820305 2.7799173e-08 1629799.8
-424912680000.0 0.09016927 2.7799173e-08 1629799.8
-421844780000.0 0.08951824 2.7799173e-08 1629799.8
-418776700000.0 0.08886717 2.7799173e-08 1629799.8
-415708770000.0 0.08821614 2.8309305e-08 1565038.5
-412640870000.0 0.08756511 2.8309305e-08 1565038.5
-409572800000.0 0.08691404 2.8309305e-08 1565038.5
-406505060000.0 0.086263046 2.8309305e-08 1565038.5
-403436960000.0 0.08561198 2.9198233e-08 1549333.2
-400368860000.0 0.08496091 2.9198233e-08 1549333.2
-397301150000.0 0.08430992 2.9198233e-08 1549333.2
-394233050000.0 0.08365885 2.9198233e-08 1549333.2
-391165150000.0 0.08300782 2.957097e-08 1531236.9
-388097250000.0 0.08235679 2.957097e-08 1531236.9
-385029140000.0 0.08170572 2.9736352e-08 1518673.6
-381961240000.0 0.08105469 2.9736352e-08 1518673.6
-378893340000.0 0.080403656 3.006893e-08 1489744.9
-375825240000.0 0.07975259 3.006893e-08 1489744.9
-372757500000.0 0.07910159 3.033438e-08 1486462.4
-369689400000.0 0.07845052 3.033438e-08 1486462.4
-366621330000.0 0.077799454 3.0647186e-08 1450976.9
-363553600000.0 0.07714847 3.0647186e-08 1450976.9
-360485500000.0 0.07649739 3.080154e-08 1451420.5
-357417420000.0 0.07584633 3.080154e-08 1451420.5
-354349680000.0 0.075195335 3.0902143e-08 1409001.9
-351281580000.0 0.07454426 3.0902143e-08 1409001.9
-348213670000.0 0.073893234 3.082605e-08 1398391.6
-345145770000.0 0.0732422 3.082605e-08 1398391.6
-342077670000.0 0.07259113 3.0719946e-08 1349985.8
-339009770000.0 0.0719401 3.0719946e-08 1349985.8
-335941860000.0 0.07128907 3.046803e-08 1322274.2
-332873760000.0 0.070638 3.046803e-08 1322274.2
-329806020000.0 0.06998701 3.036267e-08 1273752.0
-326737950000.0 0.069335945 3.036267e-08 1273752.0
-323669850000.0 0.068684876 3.01889e-08 1240666.2
-320602100000.0 0.068033874 3.01889e-08 1240666.2
-317534040000.0 0.06738281 2.9989536e-08 1194120.8
-314465940000.0 0.06673174 2.9989536e-08 1194120.8
-311398200000.0 0.06608075 2.990054e-08 1162661.5
-308330140000.0 0.06542969 2.990054e-08 1162661.5
-305262200000.0 0.06477865 2.966501e-08 1115033.8
-302194300000.0 0.06412762 2.966501e-08 1115033.8
-299126230000.0 0.063476555 2.9614299e-08 1088033.6
-296058300000.0 0.062825516 2.9614299e-08 1088033.6
-292990400000.0 0.062174488 2.9435498e-08 1045152.4
-289922320000.0 0.061523426 2.9435498e-08 1045152.4
-286854580000.0 0.060872428 2.9414231e-08 1021579.7
-283786480000.0 0.06022136 2.9414231e-08 1021579.7
-280718380000.0 0.059570286 2.9464694e-08 996749.9
-277650670000.0 0.058919296 2.9464694e-08 996749.9
-274582570000.0 0.058268227 2.9551831e-08 977769.1
-271514480000.0 0.057617158 2.9551831e-08 977769.1
-268446740000.0 0.056966167 2.982667e-08 969758.9
-265378660000.0 0.056315098 2.982667e-08 969758.9
-262310740000.0 0.055664066 3.0206667e-08 969576.25
-259242840000.0 0.055013034 3.0206667e-08 969576.25
-256174750000.0 0.05436197 3.068677e-08 982029.6
-253106830000.0 0.053710938 3.068677e-08 982029.6
-250038930000.0 0.053059906 3.1367737e-08 998285.0
-246970840000.0 0.052408837 3.1367737e-08 998285.0
-243903100000.0 0.051757842 3.2145266e-08 1024917.44
-240835020000.0 0.051106777 3.2145266e-08 1024917.44
-237766920000.0 0.050455708 3.304413e-08 1046284.3
-234699200000.0 0.049804714 3.304413e-08 1046284.3
-231631110000.0 0.049153645 3.392162e-08 1090671.6
-228563010000.0 0.048502576 3.392162e-08 1090671.6
-225495290000.0 0.047851585 3.4920774e-08 1135129.6
-222427190000.0 0.047200516 3.4920774e-08 1135129.6
-219359280000.0 0.046549484 3.5866563e-08 1196862.0
-216291380000.0 0.045898452 3.5866563e-08 1196862.0
-213223280000.0 0.045247383 3.682834e-08 1230479.4
-210155370000.0 0.04459635 3.682834e-08 1230479.4
-207087470000.0 0.043945324 3.7828585e-08 1287615.8
-204019370000.0 0.043294255 3.7828585e-08 1287615.8
-200951640000.0 0.04264326 3.8908e-08 1301658.2
-197883540000.0 0.04199219 3.8908e-08 1301658.2
-194815460000.0 0.041341122 3.982859e-08 1339765.9
-191747740000.0 0.04069013 4.0149704e-08 1347800.6
-188679630000.0 0.040039062 4.1208068e-08 1350002.0
-185611550000.0 0.039387994 4.15952e-08 1354061.2
-182543810000.0 0.038736995 4.2410395e-08 1381216.9
-179475730000.0 0.03808593 4.2824066e-08 1383173.1
-176407820000.0 0.0374349 4.390482e-08 1372178.5
-173339900000.0 0.03678387 4.4390433e-08 1375820.0
-170271820000.0 0.0361328 4.5227537e-08 1394614.1
-167203910000.0 0.035481773 4.582369e-08 1399567.1
-164136000000.0 0.034830738 4.6908415e-08 1376243.4
-161067910000.0 0.03417967 4.7599983e-08 1379362.8
-158000170000.0 0.033528678 4.846178e-08 1392996.5
-154932080000.0 0.03287761 4.9182304e-08 1393163.5
-151864000000.0 0.03222654 5.041688e-08 1364181.5
-148796260000.0 0.031575546 5.121391e-08 1366373.5
-145728180000.0 0.030924477 5.2087255e-08 1380108.0
-142660100000.0 0.030273411 5.297705e-08 1382807.1
-139592350000.0 0.029622415 5.431064e-08 1355565.0
-136524260000.0 0.028971346 5.5334525e-08 1358006.0
-133456355000.0 0.028320316 5.655934e-08 1376370.6
-130388440000.0 0.027669284 5.763986e-08 1379448.9
-127320350000.0 0.027018217 5.9290084e-08 1367161.4
-124252440000.0 0.026367186 6.044034e-08 1373519.4
-121184530000.0 0.025716154 6.209822e-08 1399061.8
-118116440000.0 0.025065087 6.311002e-08 1399338.0
-115048710000.0 0.024414092 6.537865e-08 1407334.4
-111980620000.0 0.023763025 6.637303e-08 1399752.4
-108912530000.0 0.023111956 6.854831e-08 1432734.8
-105844800000.0 0.022460962 6.970633e-08 1423799.0
-102776710000.0 0.021809895 7.2493876e-08 1441522.1
-99708620000.0 0.021158826 7.374895e-08 1425878.8
-96640885000.0 0.020507833 7.673061e-08 1465397.8
-93572800000.0 0.019856764 7.808193e-08 1436158.1
-90504890000.0 0.019205732 8.12141e-08 1458418.1
-87436980000.0 0.018554702 8.316971e-08 1415977.8
-84368880000.0 0.017903633 8.6487674e-08 1434137.8
-81300970000.0 0.017252602 8.934992e-08 1405276.8
-78233070000.0 0.016601572 9.292956e-08 1399015.9
-75164975000.0 0.015950503 9.636895e-08 1367075.9
-72097240000.0 0.015299509 1.0109072e-07 1345838.4
-69029150000.0 0.014648439 1.0532042e-07 1309609.5
-65961062000.0 0.013997372 1.1043102e-07 1284583.8
-62893330000.0 0.013346379 1.1567144e-07 1244306.1
-59825242000.0 0.012695311 1.2193092e-07 1209543.2
-56757154000.0 0.012044242 1.2857353e-07 1165186.1
-53689420000.0 0.011393248 1.3630324e-07 1119273.2
-50621334000.0 0.01074218 1.4496416e-07 1070884.5
-47553420000.0 0.010091149 1.5529756e-07 1023256.94
-44485510000.0 0.009440118 1.6700444e-07 970449.9
-41417420000.0 0.008789049 1.8077364e-07 910816.6
-38349510000.0 0.008138019 1.9737459e-07 853775.25
-35281600000.0 0.0074869874 2.1905254e-07 790395.1
-32213510000.0 0.006835919 2.4455932e-07 728065.4
-29145778000.0 0.006184926 2.7678604e-07 658384.2
-26077688000.0 0.0055338573 3.1950464e-07 591847.06
-23009600000.0 0.0048827888 3.778237e-07 525312.5
-19941868000.0 0.0042317957 4.615266e-07 453581.4
-16873777000.0 0.0035807267 5.8995226e-07 375898.06
-13805688000.0 0.0029296577 8.097859e-07 300732.5
-10737956000.0 0.0022786648 1.2527498e-06 224041.08
-7669866000.0 0.0016275961 2.4752408e-06 141551.4
-4601955300.0 0.0009765653 9.9760455e-06 62055.984
4601955300.0 -0.0009765653 1.3519722e-05 -28154.197
7669866000.0 -0.0016275961 2.7831948e-06 -91213.14
10737956000.0 -0.0022786648 1.3407367e-06 -122891.26
13805688000.0 -0.0029296577 8.4861085e-07 -145721.52
16873777000.0 -0.0035807267 6.110355e-07 -162798.73
19941868000.0 -0.0042317957 4.7333143e-07 -182406.75
23009600000.0 -0.0048827888 3.852847e-07 -192681.48
26077688000.0 -0.0055338573 3.2441895e-07 -195835.02
29145778000.0 -0.006184926 2.8006394e-07 -199987.94
32213510000.0 -0.006835919 2.4572785e-07 -216304.44
35281600000.0 -0.0074869874 2.1944417e-07 -218092.78
38349510000.0 -0.008138019 1.9921325e-07 -211093.38
41417420000.0 -0.008789049 1.8178903e-07 -209458.86
44485510000.0 -0.009440118 1.6659169e-07 -222077.56
47553420000.0 -0.010091149 1.5451121e-07 -222375.06
50621334000.0 -0.01074218 1.4370161e-07 -215039.48
53689420000.0 -0.011393248 1.3511607e-07 -217132.08
56757154000.0 -0.012044242 1.2624467e-07 -222447.44
59825242000.0 -0.012695311 1.1983903e-07 -223231.0
62893330000.0 -0.013346379 1.1306283e-07 -216898.45
65961062000.0 -0.013997372 1.07927285e-07 -210840.92
69029150000.0 -0.014648439 1.02210265e-07 -220579.19
72097240000.0 -0.015299509 9.801522e-08 -210994.73
75164975000.0 -0.015950503 9.4122356e-08 -212920.11
78233070000.0 -0.016601572 9.067951e-08 -203530.12
81300970000.0 -0.017252602 8.675656e-08 -215351.8
84368880000.0 -0.017903633 8.404048e-08 -207789.16
87436980000.0 -0.018554702 8.096667e-08 -211010.0
90504890000.0 -0.019205732 7.879162e-08 -203104.1
93572800000.0 -0.019856764 7.589258e-08 -208140.48
96640885000.0 -0.020507833 7.3925634e-08 -193343.05
99708620000.0 -0.021158826 7.1651364e-08 -197033.89
102776710000.0 -0.021809895 6.9916354e-08 -179591.69
105844800000.0 -0.022460962 6.768576e-08 -182603.83
108912530000.0 -0.023111956 6.6100824e-08 -161762.27
111980620000.0 -0.023763025 6.417658e-08 -178891.25
115048710000.0 -0.024414092 6.281635e-08 -160144.73
118116440000.0 -0.025065087 6.097466e-08 -163433.83
121184530000.0 -0.025716154 5.966721e-08 -141959.62
124252440000.0 -0.026367186 5.7902728e-08 -170208.02
127320350000.0 -0.027018217 5.6478285e-08 -140076.36
130388440000.0 -0.027669284 5.5040143e-08 -149935.23
133456355000.0 -0.028320316 5.4273556e-08 -140394.78
136524260000.0 -0.028971346 5.3003212e-08 -194241.17
139592350000.0 -0.029622415 5.2205365e-08 -174949.2
142660100000.0 -0.030273411 5.092142e-08 -172429.45
145728180000.0 -0.030924477 5.0231918e-08 -155004.72
148796260000.0 -0.031575546 4.8624965e-08 -191925.4
151864000000.0 -0.03222654 4.8058624e-08 -177274.4
154932080000.0 -0.03287761 4.699355e-08 -174618.97
158000170000.0 -0.033528678 4.652718e-08 -162734.11
161067910000.0 -0.03417967 4.5236593e-08 -212045.6
164136000000.0 -0.034830738 4.4824937e-08 -202536.56
167203910000.0 -0.035481773 4.39269e-08 -195470.02
170271820000.0 -0.0361328 4.3573557e-08 -186252.73
173339900000.0 -0.03678387 4.2397424e-08 -234673.55
176407820000.0 -0.0374349 4.2064293e-08 -224064.86
179475730000.0 -0.03808593 4.126199e-08 -210381.53
182543810000.0 -0.038736995 4.09482e-08 -199306.88
185611550000.0 -0.039387994 3.9859277e-08 -246643.73
188679630000.0 -0.040039062 3.9561133e-08 -236137.66
191747740000.0 -0.04069013 3.8829658e-08 -221825.97
194815460000.0 -0.041341122 3.8627295e-08 -214936.33
197883540000.0 -0.04199219 3.7479154e-08 -256329.61
200951640000.0 -0.04264326 3.7479154e-08 -256329.61
204019370000.0 -0.043294255 3.691818e-08 -237396.55
207087470000.0 -0.043945324 3.691818e-08 -237396.55
210155370000.0 -0.04459635 3.5954244e-08 -281674.66
213223280000.0 -0.045247383 3.5954244e-08 -281674.66
216291380000.0 -0.045898452 3.523993e-08 -264150.7
219359280000.0 -0.046549484 3.523993e-08 -264150.7
222427190000.0 -0.047200516 3.402949e-08 -311431.72
225495290000.0 -0.047851585 3.402949e-08 -311431.72
228563010000.0 -0.048502576 3.3240156e-08 -317640.6
231631110000.0 -0.049153645 3.3240156e-08 -317640.6
234699200000.0 -0.049804714 3.2099425e-08 -404987.28
237766920000.0 -0.050455708 3.2099425e-08 -404987.28
240835020000.0 -0.051106777 3.1522333e-08 -459447.22
243903100000.0 -0.051757842 3.1522333e-08 -459447.22
246970840000.0 -0.052408837 3.1146996e-08 -562466.5
250038930000.0 -0.053059906 3.1146996e-08 -562466.5
253106830000.0 -0.053710938 3.1899546e-08 -666175.6
256174750000.0 -0.05436197 3.1899546e-08 -666175.6
259242840000.0 -0.055013034 3.3097976e-08 -758923.2
262310740000.0 -0.055664066 3.3097976e-08 -758923.2
265378660000.0 -0.056315098 3.3640408e-08 -591892.8
268446740000.0 -0.056966167 3.3640408e-08 -591892.8
271514480000.0 -0.057617158 3.3731382e-08 -495132.75
274582570000.0 -0.058268227 3.3731382e-08 -495132.75
277650670000.0 -0.058919296 3.2961516e-08 -479057.75
280718380000.0 -0.059570286 3.2961516e-08 -479057.75
283786480000.0 -0.06022136 3.1160447e-08 -558906.75
286854580000.0 -0.060872428 3.1160447e-08 -558906.75
289922320000.0 -0.061523426 2.9322008e-08 -644109.94
292990400000.0 -0.062174488 2.9322008e-08 -644109.94
296058300000.0 -0.062825516 2.8447698e-08 -714362.5
299126230000.0 -0.063476555 2.8447698e-08 -714362.5
302194300000.0 -0.06412762 2.8270168e-08 -756497.25
305262200000.0 -0.06477865 2.8270168e-08 -756497.25
308330140000.0 -0.06542969 2.8386143e-08 -836080.8
311398200000.0 -0.06608075 2.8386143e-08 -836080.8
314465940000.0 -0.06673174 3.0254203e-08 -929549.4
317534040000.0 -0.06738281 3.0254203e-08 -929549.4
320602100000.0 -0.068033874 3.1624502e-08 -765633.3
323669850000.0 -0.068684876 3.1624502e-08 -765633.3
326737950000.0 -0.069335945 3.225793e-08 -600154.06
329806020000.0 -0.06998701 3.225793e-08 -600154.06
332873760000.0 -0.070638 3.2356503e-08 -624906.8
335941860000.0 -0.07128907 3.2356503e-08 -624906.8
339009770000.0 -0.0719401 3.210822e-08 -717532.7
342077670000.0 -0.07259113 3.210822e-08 -717532.7
345145770000.0 -0.0732422 3.201871e-08 -816345.0
348213670000.0 -0.073893234 3.201871e-08 -816345.0
351281580000.0 -0.07454426 3.2293507e-08 -861609.06
354349680000.0 -0.075195335 3.2293507e-08 -861609.06
357417420000.0 -0.07584633 3.2464182e-08 -908611.5
360485500000.0 -0.07649739 3.2464182e-08 -908611.5
363553600000.0 -0.07714847 3.258471e-08 -937669.94
366621330000.0 -0.077799454 3.258471e-08 -937669.94
369689400000.0 -0.07845052 3.2826105e-08 -978334.6
372757500000.0 -0.07910159 3.2826105e-08 -978334.6
375825240000.0 -0.07975259 3.2934985e-08 -1016726.8
378893340000.0 -0.080403656 3.2934985e-08 -1016726.8
381961240000.0 -0.08105469 3.2949472e-08 -1072043.2
385029140000.0 -0.08170572 3.2949472e-08 -1072043.2
388097250000.0 -0.08235679 3.2840788e-08 -1154527.8
391165150000.0 -0.08300782 3.2840788e-08 -1154527.8
394233050000.0 -0.08365885 3.416161e-08 -1235989.2
397301150000.0 -0.08430992 3.416161e-08 -1235989.2
400368860000.0 -0.08496091 3.416161e-08 -1235989.2
403436960000.0 -0.08561198 3.416161e-08 -1235989.2
406505060000.0 -0.086263046 3.6136413e-08 -1291293.4
409572800000.0 -0.08691404 3.6136413e-08 -1291293.4
412640870000.0 -0.08756511 3.6136413e-08 -1291293.4
415708770000.0 -0.08821614 3.6136413e-08 -1291293.4
418776700000.0 -0.08886717 3.718796e-08 -1300514.4
421844780000.0 -0.08951824 3.718796e-08 -1300514.4
424912680000.0 -0.09016927 3.718796e-08 -1300514.4
427980620000.0 -0.090820305 3.718796e-08 -1300514.4
431048700000.0 -0.091471374 3.7912642e-08 -1347492.9
434116430000.0 -0.09212236 3.7912642e-08 -1347492.9
437184530000.0 -0.09277343 3.7912642e-08 -1347492.9
440252600000.0 -0.0934245 3.7912642e-08 -1347492.9
443320340000.0 -0.09407549 3.8392194e-08 -1393844.5
446388440000.0 -0.09472656 3.8392194e-08 -1393844.5
449456500000.0 -0.09537763 3.8392194e-08 -1393844.5
452524240000.0 -0.096028626 3.8392194e-08 -1393844.5
455592350000.0 -0.096679695 3.872748e-08 -1415113.2
458660250000.0 -0.09733073 3.872748e-08 -1415113.2
461728150000.0 -0.09798176 3.872748e-08 -1415113.2
464796250000.0 -0.09863283 3.872748e-08 -1415113.2
467864160000.0 -0.09928385 3.877058e-08 -1429947.2
470932060000.0 -0.09993488 3.877058e-08 -1429947.2
474000160000.0 -0.10058595 3.877058e-08 -1429947.2
477067900000.0 -0.10123695 3.877058e-08 -1429947.2
480135970000.0 -0.101888016 3.9320664e-08 -1430546.0
483204070000.0 -0.102539085 3.9320664e-08 -1430546.0
486271800000.0 -0.10319008 3.9320664e-08 -1430546.0
489339900000.0 -0.10384115 3.9320664e-08 -1430546.0
492407980000.0 -0.10449222 3.9882977e-08 -1404007.5
495475720000.0 -0.10514321 3.9882977e-08 -1404007.5
498543820000.0 -0.10579427 3.9882977e-08 -1404007.5
501611720000.0 -0.106445305 3.9882977e-08 -1404007.5
504679630000.0 -0.10709634 4.0093976e-08 -1373724.6
507747730000.0 -0.107747406 4.0093976e-08 -1373724.6
510815630000.0 -0.10839844 4.0093976e-08 -1373724.6
513883540000.0 -0.10904947 4.0093976e-08 -1373724.6
516951640000.0 -0.10970054 4.047759e-08 -1329909.0
520019350000.0 -0.11035153 4.047759e-08 -1329909.0
