morphology_data/1d_wa_a0.025_l4r1_00001.ecsv
# %ECSV 1.0
# ---
# datatype:
# - {name: b, datatype: float32}
# - {name: phase, datatype: float32}
# - {name: sigma, datatype: float32}
# - {name: vr, datatype: float32}
# meta: {lambda: 4, rp: 1.0, sep: 0.025, wind: a}
# schema: astropy-2.0
b phase sigma vr
[from data line 947]
290689320000.0 -0.123372376 1.9694292e-07 -1048057.7
292223400000.0 -0.12402345 1.9694292e-07 -1048057.7
293757320000.0 -0.12467448 1.9694292e-07 -1048057.7
295291300000.0 -0.1253255 2.029925e-07 -1094573.8
296825320000.0 -0.12597658 2.029925e-07 -1094573.8
298359300000.0 -0.12662761 2.029925e-07 -1094573.8
299893230000.0 -0.12727864 2.029925e-07 -1094573.8
301427300000.0 -0.12792972 2.080353e-07 -1139249.9
302961130000.0 -0.12858069 2.080353e-07 -1139249.9
304495200000.0 -0.12923177 2.080353e-07 -1139249.9
306029230000.0 -0.12988284 2.080353e-07 -1139249.9
307563100000.0 -0.13053383 2.1132053e-07 -1199208.5
309097140000.0 -0.13118489 2.1132053e-07 -1199208.5
310631200000.0 -0.13183598 2.1132053e-07 -1199208.5
312165070000.0 -0.13248697 2.1132053e-07 -1199208.5
313699100000.0 -0.13313803 2.1263017e-07 -1272434.1
315233040000.0 -0.13378905 2.1263017e-07 -1272434.1
316767000000.0 -0.1344401 2.1263017e-07 -1272434.1
318301040000.0 -0.13509116 2.1263017e-07 -1272434.1
319835000000.0 -0.13574219 2.1202855e-07 -1355320.4
321368980000.0 -0.13639323 2.1202855e-07 -1355320.4
322903000000.0 -0.1370443 2.1202855e-07 -1355320.4
324436900000.0 -0.13769528 2.1202855e-07 -1355320.4
325970920000.0 -0.13834634 2.1029444e-07 -1441012.2
327504950000.0 -0.1389974 2.1029444e-07 -1441012.2
329038820000.0 -0.13964841 2.1029444e-07 -1441012.2
330572900000.0 -0.14029948 2.1029444e-07 -1441012.2
332106920000.0 -0.14095055 2.0683615e-07 -1530599.2
333640800000.0 -0.14160155 2.0683615e-07 -1530599.2
335174830000.0 -0.14225261 2.0683615e-07 -1530599.2
336708900000.0 -0.14290369 2.0683615e-07 -1530599.2
338242730000.0 -0.14355466 2.0182799e-07 -1621367.0
339776800000.0 -0.14420575 2.0182799e-07 -1621367.0
341310830000.0 -0.14485681 2.0182799e-07 -1621367.0
342844700000.0 -0.1455078 2.0182799e-07 -1621367.0
344378570000.0 -0.1461588 1.9596828e-07 -1706957.9
345912800000.0 -0.14680995 1.9596828e-07 -1706957.9
347446640000.0 -0.14746092 1.9596828e-07 -1706957.9
348980500000.0 -0.14811192 1.9596828e-07 -1706957.9
350514740000.0 -0.14876308 1.8926757e-07 -1784643.8
352048600000.0 -0.14941406 1.8926757e-07 -1784643.8
353582480000.0 -0.15006506 1.8926757e-07 -1784643.8
355116700000.0 -0.1507162 1.8926757e-07 -1784643.8
356650580000.0 -0.1513672 1.8141026e-07 -1852042.2
358184420000.0 -0.15201817 1.8141026e-07 -1852042.2
359718650000.0 -0.15266933 1.8141026e-07 -1852042.2
361252520000.0 -0.15332033 1.8141026e-07 -1852042.2
362786400000.0 -0.15397131 1.7232934e-07 -1921821.2
364320420000.0 -0.15462239 1.7232934e-07 -1921821.2
365854500000.0 -0.15527347 1.7232934e-07 -1921821.2
367388360000.0 -0.15592445 1.7232934e-07 -1921821.2
368922400000.0 -0.15657552 1.6285175e-07 -1990215.2
370456430000.0 -0.15722659 1.6285175e-07 -1990215.2
371990300000.0 -0.15787758 1.6285175e-07 -1990215.2
373524330000.0 -0.15852864 1.6285175e-07 -1990215.2
375058400000.0 -0.15917972 1.5416423e-07 -2045228.9
376592270000.0 -0.1598307 1.5416423e-07 -2045228.9
378126300000.0 -0.16048178 1.5416423e-07 -2045228.9
379660340000.0 -0.16113284 1.5416423e-07 -2045228.9
381194200000.0 -0.16178384 1.4732487e-07 -2070098.6
382728240000.0 -0.1624349 1.4732487e-07 -2070098.6
384262300000.0 -0.16308598 1.4732487e-07 -2070098.6
385796180000.0 -0.16373697 1.4732487e-07 -2070098.6
387330050000.0 -0.16438797 1.424395e-07 -2060841.1
388864250000.0 -0.1650391 1.424395e-07 -2060841.1
390398100000.0 -0.1656901 1.424395e-07 -2060841.1
391932000000.0 -0.1663411 1.424395e-07 -2060841.1
393466220000.0 -0.16699223 1.3914196e-07 -2037733.6
395000100000.0 -0.16764323 1.3914196e-07 -2037733.6
396533960000.0 -0.16829422 1.3914196e-07 -2037733.6
398068150000.0 -0.16894537 1.3914196e-07 -2037733.6
399602020000.0 -0.16959636 1.3731464e-07 -2005573.1
401135900000.0 -0.17024736 1.3731464e-07 -2005573.1
402669930000.0 -0.17089842 1.3731464e-07 -2005573.1
404204000000.0 -0.1715495 1.3731464e-07 -2005573.1
405737870000.0 -0.17220049 1.3625129e-07 -1964697.1
407271900000.0 -0.17285155 1.3625129e-07 -1964697.1
408805930000.0 -0.17350262 1.3625129e-07 -1964697.1
410339800000.0 -0.17415361 1.3625129e-07 -1964697.1
411873870000.0 -0.17480469 1.3359205e-07 -1966464.6
413407900000.0 -0.17545575 1.3359205e-07 -1966464.6
414941770000.0 -0.17610675 1.3359205e-07 -1966464.6
416475800000.0 -0.17675781 1.3359205e-07 -1966464.6
418009840000.0 -0.17740889 1.2948098e-07 -2011547.4
419543700000.0 -0.17805988 1.2948098e-07 -2011547.4
421077780000.0 -0.17871095 1.2948098e-07 -2011547.4
422611800000.0 -0.17936201 1.2948098e-07 -2011547.4
424145680000.0 -0.180013 1.2307329e-07 -2122464.2
425679550000.0 -0.180664 1.2307329e-07 -2122464.2
427213750000.0 -0.18131514 1.2307329e-07 -2122464.2
428747620000.0 -0.18196614 1.2307329e-07 -2122464.2
430281500000.0 -0.18261713 1.1630392e-07 -2265892.8
431815720000.0 -0.18326828 1.1630392e-07 -2265892.8
433349600000.0 -0.18391927 1.1630392e-07 -2265892.8
434883460000.0 -0.18457027 1.1630392e-07 -2265892.8
436417700000.0 -0.1852214 1.1260556e-07 -2337930.8
437951530000.0 -0.1858724 1.1260556e-07 -2337930.8
439485400000.0 -0.1865234 1.1260556e-07 -2337930.8
441019630000.0 -0.18717454 1.1260556e-07 -2337930.8
442553500000.0 -0.18782553 1.1217412e-07 -2324995.5
444087370000.0 -0.18847652 1.1217412e-07 -2324995.5
445621400000.0 -0.1891276 1.1217412e-07 -2324995.5
447155440000.0 -0.18977866 1.1217412e-07 -2324995.5
448689300000.0 -0.19042966 1.13505784e-07 -2277186.0
450223370000.0 -0.19108072 1.13505784e-07 -2277186.0
451757400000.0 -0.1917318 1.13505784e-07 -2277186.0
453291280000.0 -0.19238278 1.13505784e-07 -2277186.0
454825300000.0 -0.19303386 1.1579448e-07 -2221092.0
456359380000.0 -0.19368492 1.1579448e-07 -2221092.0
457893200000.0 -0.19433591 1.1579448e-07 -2221092.0
459427280000.0 -0.19498698 1.1579448e-07 -2221092.0
460961320000.0 -0.19563805 1.1841875e-07 -2177191.0
462495200000.0 -0.19628905 1.1841875e-07 -2177191.0
464029220000.0 -0.19694011 1.1841875e-07 -2177191.0
465563300000.0 -0.19759119 1.1841875e-07 -2177191.0
467097160000.0 -0.19824217 1.2091004e-07 -2153849.0
468631000000.0 -0.19889317 1.2091004e-07 -2153849.0
470165230000.0 -0.19954431 1.2091004e-07 -2153849.0
471699100000.0 -0.20019531 1.2091004e-07 -2153849.0
473232970000.0 -0.2008463 1.2322997e-07 -2157422.5
474767200000.0 -0.20149745 1.2322997e-07 -2157422.5
476301070000.0 -0.20214844 1.2322997e-07 -2157422.5
477834900000.0 -0.20279942 1.2322997e-07 -2157422.5
479369130000.0 -0.20345058 1.2654884e-07 -2192567.8
480903000000.0 -0.20410156 1.2654884e-07 -2192567.8
482436870000.0 -0.20475256 1.2654884e-07 -2192567.8
483971100000.0 -0.2054037 1.2654884e-07 -2192567.8
485504970000.0 -0.2060547 1.3124266e-07 -2254230.2
487038840000.0 -0.20670569 1.3124266e-07 -2254230.2
488572880000.0 -0.20735677 1.3124266e-07 -2254230.2
490106900000.0 -0.20800783 1.3124266e-07 -2254230.2
491640780000.0 -0.20865881 1.3708024e-07 -2328769.8
493174820000.0 -0.20930989 1.3708024e-07 -2328769.8
494708880000.0 -0.20996095 1.3708024e-07 -2328769.8
496242750000.0 -0.21061195 1.3708024e-07 -2328769.8
497776800000.0 -0.21126302 1.426336e-07 -2400159.2
499310820000.0 -0.21191409 1.426336e-07 -2400159.2
500844700000.0 -0.21256508 1.426336e-07 -2400159.2
502378730000.0 -0.21321616 1.426336e-07 -2400159.2
503912800000.0 -0.21386722 1.4616433e-07 -2481372.2
505446660000.0 -0.2145182 1.4616433e-07 -2481372.2
506980700000.0 -0.21516928 1.4616433e-07 -2481372.2
508514730000.0 -0.21582034 1.4616433e-07 -2481372.2
510048600000.0 -0.21647134 1.4676019e-07 -2586272.0
511582470000.0 -0.21712233 1.4676019e-07 -2586272.0
513116700000.0 -0.21777348 1.4676019e-07 -2586272.0
514650570000.0 -0.21842447 1.4676019e-07 -2586272.0
516184440000.0 -0.21907547 1.4489693e-07 -2719113.0
517718640000.0 -0.2197266 1.4489693e-07 -2719113.0
519252500000.0 -0.22037761 1.4489693e-07 -2719113.0
520786380000.0 -0.2210286 1.4489693e-07 -2719113.0
522320600000.0 -0.22167975 1.4339643e-07 -2859786.8
523854480000.0 -0.22233073 1.4339643e-07 -2859786.8
525388350000.0 -0.22298172 1.4339643e-07 -2859786.8
526922550000.0 -0.22363287 1.4339643e-07 -2859786.8
528456420000.0 -0.22428386 1.4237386e-07 -2979380.5
529990300000.0 -0.22493486 1.4237386e-07 -2979380.5
531524350000.0 -0.22558592 1.4237386e-07 -2979380.5
533058400000.0 -0.226237 1.4237386e-07 -2979380.5
534592260000.0 -0.22688799 1.4179639e-07 -3081677.0
536126300000.0 -0.22753906 1.4179639e-07 -3081677.0
537660330000.0 -0.22819012 1.4179639e-07 -3081677.0
539194200000.0 -0.22884111 1.4179639e-07 -3081677.0
540728260000.0 -0.22949219 1.4177499e-07 -3173633.0
542262300000.0 -0.23014325 1.4177499e-07 -3173633.0
543796170000.0 -0.23079425 1.4177499e-07 -3173633.0
545330200000.0 -0.23144531 1.4177499e-07 -3173633.0
546864270000.0 -0.23209639 1.4143929e-07 -3250711.2
548398100000.0 -0.23274738 1.4143929e-07 -3250711.2
549932200000.0 -0.23339845 1.4143929e-07 -3250711.2
551466240000.0 -0.23404953 1.4143929e-07 -3250711.2
553000040000.0 -0.23470049 1.4115734e-07 -3317910.0
554533900000.0 -0.23535149 1.4115734e-07 -3317910.0
556068200000.0 -0.23600265 1.4115734e-07 -3317910.0
557602050000.0 -0.23665364 1.4115734e-07 -3317910.0
559135900000.0 -0.23730463 1.4077334e-07 -3373685.0
560670100000.0 -0.23795578 1.4077334e-07 -3373685.0
562204000000.0 -0.23860677 1.4077334e-07 -3373685.0
563737850000.0 -0.23925777 1.4077334e-07 -3373685.0
565272050000.0 -0.2399089 1.3992792e-07 -3404593.0
566805900000.0 -0.2405599 1.3992792e-07 -3404593.0
568339800000.0 -0.2412109 1.3992792e-07 -3404593.0
569874060000.0 -0.24186206 1.3992792e-07 -3404593.0
571407900000.0 -0.24251305 1.3776881e-07 -3377778.2
572941700000.0 -0.243164 1.3776881e-07 -3377778.2
574475800000.0 -0.2438151 1.3776881e-07 -3377778.2
576009860000.0 -0.24446616 1.3776881e-07 -3377778.2
577543730000.0 -0.24511716 1.3462353e-07 -3292172.8
579077730000.0 -0.2457682 1.3462353e-07 -3292172.8
580611800000.0 -0.2464193 1.3462353e-07 -3292172.8
582145700000.0 -0.24707028 1.3462353e-07 -3292172.8
583679740000.0 -0.24772136 1.2991867e-07 -3220695.0
585213740000.0 -0.24837242 1.2991867e-07 -3220695.0
586747600000.0 -0.24902342 1.2991867e-07 -3220695.0
588281700000.0 -0.24967448 1.2991867e-07 -3220695.0
589815740000.0 -0.25032556 1.2391503e-07 -3268861.8
591349600000.0 -0.25097656 1.2391503e-07 -3268861.8
592883600000.0 -0.25162762 1.2391503e-07 -3268861.8
594417700000.0 -0.2522787 1.2391503e-07 -3268861.8
595951550000.0 -0.2529297 1.18476414e-07 -3421738.0
597485400000.0 -0.25358066 1.18476414e-07 -3421738.0
599019600000.0 -0.2542318 1.18476414e-07 -3421738.0
600553500000.0 -0.2548828 1.18476414e-07 -3421738.0
602087360000.0 -0.2555338 1.1313121e-07 -3548498.0
603621560000.0 -0.25618494 1.1313121e-07 -3548498.0
605155400000.0 -0.2568359 1.1313121e-07 -3548498.0
606689300000.0 -0.25748694 1.1313121e-07 -3548498.0
608223560000.0 -0.25813806 1.0734047e-07 -3634747.8
609757400000.0 -0.2587891 1.0734047e-07 -3634747.8
611291300000.0 -0.2594401 1.0734047e-07 -3634747.8
612825500000.0 -0.26009122 1.0734047e-07 -3634747.8
614359400000.0 -0.2607422 1.012652e-07 -3657267.2
615893240000.0 -0.2613932 1.012652e-07 -3657267.2
617427240000.0 -0.26204425 1.012652e-07 -3657267.2
618961300000.0 -0.26269534 1.012652e-07 -3657267.2
620495200000.0 -0.2633463 9.3955286e-08 -3627665.0
622029240000.0 -0.2639974 9.3955286e-08 -3627665.0
623563240000.0 -0.26464844 9.3955286e-08 -3627665.0
625097100000.0 -0.26529944 9.3955286e-08 -3627665.0
626631200000.0 -0.26595053 8.563751e-08 -3576241.8
628165250000.0 -0.2666016 8.563751e-08 -3576241.8
629699100000.0 -0.2672526 8.563751e-08 -3576241.8
631233100000.0 -0.26790366 8.563751e-08 -3576241.8
632767200000.0 -0.26855472 7.691568e-08 -3510252.2
634301050000.0 -0.26920572 7.691568e-08 -3510252.2
635835100000.0 -0.2698568 7.691568e-08 -3510252.2
637369100000.0 -0.27050784 7.691568e-08 -3510252.2
638903000000.0 -0.27115884 6.865173e-08 -3422507.0
640436860000.0 -0.27180985 6.865173e-08 -3422507.0
641971060000.0 -0.27246097 6.865173e-08 -3422507.0
643504900000.0 -0.27311197 6.865173e-08 -3422507.0
645038800000.0 -0.27376294 6.179664e-08 -3326991.8
646573060000.0 -0.27441412 6.179664e-08 -3326991.8
648106930000.0 -0.2750651 6.179664e-08 -3326991.8
649640800000.0 -0.27571613 6.179664e-08 -3326991.8
651175000000.0 -0.27636725 5.6230025e-08 -3232382.8
652708900000.0 -0.27701825 5.6230025e-08 -3232382.8
654242740000.0 -0.27766922 5.6230025e-08 -3232382.8
655776940000.0 -0.27832037 5.6230025e-08 -3232382.8
657310800000.0 -0.27897137 5.134289e-08 -3121130.5
658844700000.0 -0.27962235 5.134289e-08 -3121130.5
660378750000.0 -0.28027344 5.134289e-08 -3121130.5
661912800000.0 -0.28092453 5.134289e-08 -3121130.5
663446600000.0 -0.28157547 4.702371e-08 -3004615.0
664980700000.0 -0.28222656 4.702371e-08 -3004615.0
666514750000.0 -0.28287762 4.702371e-08 -3004615.0
668048600000.0 -0.28352863 4.702371e-08 -3004615.0
669582600000.0 -0.28417966 4.2893188e-08 -2917218.5
671116700000.0 -0.28483075 4.2893188e-08 -2917218.5
672650560000.0 -0.28548175 4.2893188e-08 -2917218.5
674184600000.0 -0.28613284 4.2893188e-08 -2917218.5
675718600000.0 -0.28678387 3.9475072e-08 -2848009.5
677252500000.0 -0.28743488 3.9475072e-08 -2848009.5
678786560000.0 -0.28808594 3.9475072e-08 -2848009.5
680320600000.0 -0.28873703 3.9475072e-08 -2848009.5
681854500000.0 -0.28938803 3.692641e-08 -2790485.5
683388300000.0 -0.29003897 3.692641e-08 -2790485.5
684922600000.0 -0.29069015 3.692641e-08 -2790485.5
686456440000.0 -0.29134116 3.692641e-08 -2790485.5
687990300000.0 -0.29199213 3.504965e-08 -2748323.0
689524500000.0 -0.29264328 3.504965e-08 -2748323.0
691058400000.0 -0.29329428 3.504965e-08 -2748323.0
692592250000.0 -0.29394525 3.504965e-08 -2748323.0
694126440000.0 -0.2945964 3.3337432e-08 -2677875.0
695660300000.0 -0.2952474 3.3337432e-08 -2677875.0
697194200000.0 -0.2958984 3.3337432e-08 -2677875.0
698728450000.0 -0.29654956 3.3337432e-08 -2677875.0
700262300000.0 -0.29720056 3.1439704e-08 -2597439.2
701796200000.0 -0.29785153 3.1439704e-08 -2597439.2
703330200000.0 -0.2985026 3.1439704e-08 -2597439.2
704864260000.0 -0.29915366 3.1439704e-08 -2597439.2
706398100000.0 -0.29980466 2.9933794e-08 -2480597.8
707932100000.0 -0.30045572 2.9933794e-08 -2480597.8
709466200000.0 -0.30110678 2.9933794e-08 -2480597.8
711000060000.0 -0.30175778 2.9933794e-08 -2480597.8
712534100000.0 -0.30240884 2.887788e-08 -2334371.5
714068100000.0 -0.3030599 2.887788e-08 -2334371.5
715602000000.0 -0.3037109 2.887788e-08 -2334371.5
717136100000.0 -0.304362 2.887788e-08 -2334371.5
718670140000.0 -0.30501306 2.7814842e-08 -2234065.2
720204000000.0 -0.30566406 2.7814842e-08 -2234065.2
721738000000.0 -0.30631512 2.7814842e-08 -2234065.2
723272100000.0 -0.3069662 2.7814842e-08 -2234065.2
724805940000.0 -0.3076172 2.6141372e-08 -2192084.2
726339800000.0 -0.30826816 2.6141372e-08 -2192084.2
727874000000.0 -0.3089193 2.6141372e-08 -2192084.2
729407900000.0 -0.3095703 2.6141372e-08 -2192084.2
730941750000.0 -0.3102213 2.3943493e-08 -2208349.0
732475950000.0 -0.31087244 2.3943493e-08 -2208349.0
734009800000.0 -0.3115234 2.3943493e-08 -2208349.0
735543700000.0 -0.31217444 2.3943493e-08 -2208349.0
737077950000.0 -0.3128256 2.1727084e-08 -2305402.0
738611800000.0 -0.31347656 2.1727084e-08 -2305402.0
740145700000.0 -0.3141276 2.1727084e-08 -2305402.0
741679900000.0 -0.31477872 2.1727084e-08 -2305402.0
743213760000.0 -0.3154297 2.0087109e-08 -2446117.2
744747600000.0 -0.3160807 2.0087109e-08 -2446117.2
746281700000.0 -0.31673178 2.0087109e-08 -2446117.2
747815700000.0 -0.31738284 2.0087109e-08 -2446117.2
749349600000.0 -0.3180338 1.8930887e-08 -2560010.8
750883640000.0 -0.3186849 1.8930887e-08 -2560010.8
752417640000.0 -0.31933597 1.8930887e-08 -2560010.8
753951500000.0 -0.31998697 1.8930887e-08 -2560010.8
755485600000.0 -0.32063803 1.8114589e-08 -2635031.2
757019640000.0 -0.3212891 1.8114589e-08 -2635031.2
758553500000.0 -0.3219401 1.8114589e-08 -2635031.2
760087500000.0 -0.32259116 1.8114589e-08 -2635031.2
761621600000.0 -0.32324222 1.7623824e-08 -2678025.0
763155450000.0 -0.32389322 1.7623824e-08 -2678025.0
