morphology_data/1d_wa_a0.025_l4r0.5_00001.ecsv
# %ECSV 1.0
# ---
# datatype:
# - {name: b, datatype: float32}
# - {name: phase, datatype: float32}
# - {name: sigma, datatype: float32}
# - {name: vr, datatype: float32}
# meta: {lambda: 4, rp: 0.5, sep: 0.025, wind: a}
# schema: astropy-2.0
b phase sigma vr
-1177330300000.0 0.49967447 9.265944e-09 -748723.75
-1175796300000.0 0.49902344 9.265944e-09 -748723.75
-1174262400000.0 0.4983724 9.265944e-09 -748723.75
-1172728300000.0 0.49772134 9.265944e-09 -748723.75
-1171194400000.0 0.4970703 9.385452e-09 -521370.2
-1169660400000.0 0.49641928 9.385452e-09 -521370.2
-1168126500000.0 0.49576828 9.385452e-09 -521370.2
-1166592400000.0 0.4951172 9.385452e-09 -521370.2
-1165058500000.0 0.4944662 9.66196e-09 -125058.016
-1163524400000.0 0.49381506 9.66196e-09 -125058.016
-1161990500000.0 0.4931641 9.66196e-09 -125058.016
-1160456400000.0 0.49251297 9.66196e-09 -125058.016
-1158922500000.0 0.49186197 9.771002e-09 401732.94
-1157388600000.0 0.49121094 9.771002e-09 401732.94
-1155854500000.0 0.49055988 9.771002e-09 401732.94
-1154320600000.0 0.48990884 9.771002e-09 401732.94
-1152786600000.0 0.4892578 9.487359e-09 830869.44
-1151252600000.0 0.48860675 9.487359e-09 830869.44
-1149718600000.0 0.48795572 9.487359e-09 830869.44
-1148184700000.0 0.4873047 9.487359e-09 830869.44
-1146650800000.0 0.48665366 8.691401e-09 1135222.1
-1145116700000.0 0.4860026 8.691401e-09 1135222.1
-1143582800000.0 0.48535156 8.691401e-09 1135222.1
-1142048800000.0 0.48470056 8.691401e-09 1135222.1
-1140514800000.0 0.48404947 7.801133e-09 1309892.1
-1138980800000.0 0.48339847 7.801133e-09 1309892.1
-1137446700000.0 0.48274735 7.801133e-09 1309892.1
-1135912800000.0 0.48209637 7.801133e-09 1309892.1
-1134378700000.0 0.48144525 7.0210597e-09 1283428.8
-1132844800000.0 0.48079422 7.0210597e-09 1283428.8
-1131310900000.0 0.48014325 7.0210597e-09 1283428.8
-1129776800000.0 0.47949213 7.0210597e-09 1283428.8
-1128242900000.0 0.47884113 6.3898797e-09 973915.3
-1126709000000.0 0.4781901 6.3898797e-09 973915.3
-1125175000000.0 0.47753906 6.3898797e-09 973915.3
-1123640900000.0 0.476888 6.3898797e-09 973915.3
-1122107000000.0 0.47623697 5.6546385e-09 553276.4
-1120573000000.0 0.47558594 5.6546385e-09 553276.4
-1119039100000.0 0.47493497 5.6546385e-09 553276.4
-1117505000000.0 0.47428384 5.6546385e-09 553276.4
-1115971100000.0 0.47363284 5.1175917e-09 374048.06
-1114437000000.0 0.47298175 5.1175917e-09 374048.06
-1112903100000.0 0.47233072 5.1175917e-09 374048.06
-1111369200000.0 0.47167972 5.1175917e-09 374048.06
-1109835100000.0 0.47102863 4.788468e-09 225575.97
-1108301200000.0 0.47037762 4.788468e-09 225575.97
-1106767100000.0 0.4697265 4.788468e-09 225575.97
-1105233200000.0 0.46907553 4.788468e-09 225575.97
-1103699200000.0 0.4684245 4.5809525e-09 100122.02
-1102165200000.0 0.46777344 4.5809525e-09 100122.02
-1100631200000.0 0.4671224 4.5809525e-09 100122.02
-1099097300000.0 0.46647137 4.5809525e-09 100122.02
-1097563400000.0 0.46582034 4.5009942e-09 26878.809
-1096029300000.0 0.46516925 4.5009942e-09 26878.809
-1094495400000.0 0.46451822 4.5009942e-09 26878.809
-1092961400000.0 0.4638672 4.5009942e-09 26878.809
-1091427400000.0 0.46321613 4.508581e-09 41737.934
-1089893400000.0 0.4625651 4.508581e-09 41737.934
-1088359400000.0 0.46191406 4.508581e-09 41737.934
-1086825370000.0 0.461263 4.508581e-09 41737.934
-1085291400000.0 0.46061197 4.626897e-09 159487.33
-1083757500000.0 0.45996094 4.626897e-09 159487.33
-1082223500000.0 0.4593099 4.626897e-09 159487.33
-1080689500000.0 0.45865884 4.626897e-09 159487.33
-1079155560000.0 0.4580078 4.906422e-09 374133.0
-1077621560000.0 0.45735678 4.906422e-09 374133.0
-1076087600000.0 0.45670575 4.906422e-09 374133.0
-1074553550000.0 0.4560547 4.906422e-09 374133.0
-1073019600000.0 0.45540366 5.584387e-09 555068.4
-1071485700000.0 0.45475262 5.584387e-09 555068.4
-1069951600000.0 0.45410153 5.584387e-09 555068.4
-1068417700000.0 0.45345053 5.584387e-09 555068.4
-1066883700000.0 0.4527995 6.209119e-09 909714.5
-1065349700000.0 0.4521484 6.209119e-09 909714.5
-1063815700000.0 0.45149738 6.209119e-09 909714.5
-1062281740000.0 0.45084634 6.209119e-09 909714.5
-1060747800000.0 0.4501953 7.0210233e-09 1750113.1
-1059213740000.0 0.44954425 7.0210233e-09 1750113.1
-1057679800000.0 0.44889322 7.0210233e-09 1750113.1
-1056145870000.0 0.4482422 7.0210233e-09 1750113.1
-1054611870000.0 0.44759116 7.213379e-09 2986262.5
-1053077860000.0 0.4469401 7.213379e-09 2986262.5
-1051543860000.0 0.44628906 7.213379e-09 2986262.5
-1050009900000.0 0.44563803 7.213379e-09 2986262.5
-1048475860000.0 0.44498697 5.768757e-09 2565952.2
-1046941900000.0 0.44433594 5.768757e-09 2565952.2
-1045408000000.0 0.4436849 5.768757e-09 2565952.2
-1043873900000.0 0.44303384 5.768757e-09 2565952.2
-1042340000000.0 0.4423828 3.497034e-09 1088916.6
-1040806000000.0 0.44173178 3.497034e-09 1088916.6
-1039272050000.0 0.44108075 3.497034e-09 1088916.6
-1037738000000.0 0.44042966 3.497034e-09 1088916.6
-1036204050000.0 0.43977866 3.102378e-09 1251986.8
-1034670100000.0 0.43912762 3.102378e-09 1251986.8
-1033136200000.0 0.4384766 3.102378e-09 1251986.8
-1031602100000.0 0.4378255 3.102378e-09 1251986.8
-1030068200000.0 0.43717447 3.317164e-09 1267818.9
-1028534200000.0 0.43652344 3.317164e-09 1267818.9
-1027000200000.0 0.43587238 3.317164e-09 1267818.9
-1025466200000.0 0.43522134 3.317164e-09 1267818.9
-1023932240000.0 0.4345703 3.5676893e-09 1255556.5
-1022398200000.0 0.43391925 3.5676893e-09 1255556.5
-1020864230000.0 0.43326822 3.5676893e-09 1255556.5
-1019330300000.0 0.4326172 3.5676893e-09 1255556.5
-1017796300000.0 0.43196616 3.888843e-09 1209922.1
-1016262300000.0 0.4313151 3.888843e-09 1209922.1
-1014728300000.0 0.43066406 3.888843e-09 1209922.1
-1013194360000.0 0.43001303 3.888843e-09 1209922.1
-1011660400000.0 0.429362 4.2048685e-09 1085784.2
-1010126360000.0 0.42871094 4.2048685e-09 1085784.2
-1008592400000.0 0.4280599 4.2048685e-09 1085784.2
-1007058500000.0 0.42740887 4.2048685e-09 1085784.2
-1005524400000.0 0.42675778 4.3653525e-09 1156066.5
-1003990500000.0 0.42610675 4.3653525e-09 1156066.5
-1002456500000.0 0.42545575 4.3653525e-09 1156066.5
-1000922500000.0 0.42480466 4.3653525e-09 1156066.5
-999388500000.0 0.42415363 4.7229287e-09 1227702.8
-997854540000.0 0.4235026 4.7229287e-09 1227702.8
-996320600000.0 0.42285156 4.7229287e-09 1227702.8
-994786600000.0 0.42220053 4.7229287e-09 1227702.8
-993252600000.0 0.42154947 5.144119e-09 1276685.4
-991718700000.0 0.42089844 5.144119e-09 1276685.4
-990184700000.0 0.4202474 5.144119e-09 1276685.4
-988650700000.0 0.41959634 5.144119e-09 1276685.4
-987116670000.0 0.4189453 5.603896e-09 1334325.5
-985582700000.0 0.41829428 5.603896e-09 1334325.5
-984048660000.0 0.41764322 5.603896e-09 1334325.5
-982514700000.0 0.4169922 5.603896e-09 1334325.5
-980980800000.0 0.41634116 6.081597e-09 1428929.2
-979446700000.0 0.4156901 6.081597e-09 1428929.2
-977912860000.0 0.4150391 6.081597e-09 1428929.2
-976378800000.0 0.41438803 6.081597e-09 1428929.2
-974844800000.0 0.41373694 6.57434e-09 1548871.4
-973310900000.0 0.41308597 6.57434e-09 1548871.4
-971776850000.0 0.41243488 6.57434e-09 1548871.4
-970242900000.0 0.41178387 6.57434e-09 1548871.4
-968709000000.0 0.41113284 7.1198585e-09 1661216.4
-967174900000.0 0.41048175 7.1198585e-09 1661216.4
-965641000000.0 0.40983072 7.1198585e-09 1661216.4
-964107000000.0 0.4091797 7.1198585e-09 1661216.4
-962573000000.0 0.40852863 7.663653e-09 1743204.4
-961039000000.0 0.4078776 7.663653e-09 1743204.4
-959505040000.0 0.40722656 7.663653e-09 1743204.4
-957971000000.0 0.4065755 7.663653e-09 1743204.4
-956437100000.0 0.4059245 8.183376e-09 1767831.9
-954903100000.0 0.40527344 8.183376e-09 1767831.9
-953369030000.0 0.40462238 8.183376e-09 1767831.9
-951835160000.0 0.40397137 8.183376e-09 1767831.9
-950301100000.0 0.4033203 8.637806e-09 1765782.4
-948767160000.0 0.40266928 8.637806e-09 1765782.4
-947233200000.0 0.40201825 8.637806e-09 1765782.4
-945699160000.0 0.4013672 8.637806e-09 1765782.4
-944165200000.0 0.40071616 9.013461e-09 1762619.2
-942631300000.0 0.40006512 9.013461e-09 1762619.2
-941097200000.0 0.39941403 9.013461e-09 1762619.2
-939563300000.0 0.398763 9.013461e-09 1762619.2
-938029300000.0 0.39811197 9.396157e-09 1743792.8
-936495300000.0 0.3974609 9.396157e-09 1743792.8
-934961400000.0 0.39680994 9.396157e-09 1743792.8
-933427350000.0 0.39615884 9.396157e-09 1743792.8
-931893400000.0 0.3955078 9.677142e-09 1697375.5
-930359400000.0 0.39485678 9.677142e-09 1697375.5
-928825400000.0 0.39420572 9.677142e-09 1697375.5
-927291400000.0 0.3935547 9.677142e-09 1697375.5
-925757500000.0 0.39290366 9.774299e-09 1617558.0
-924223500000.0 0.3922526 9.774299e-09 1617558.0
-922689500000.0 0.39160156 9.774299e-09 1617558.0
-921155530000.0 0.39095053 9.774299e-09 1617558.0
-919621500000.0 0.39029947 9.7870725e-09 1628711.0
-918087500000.0 0.38964844 9.7870725e-09 1628711.0
-916553600000.0 0.3889974 9.7870725e-09 1628711.0
-915019500000.0 0.38834634 9.7870725e-09 1628711.0
-913485660000.0 0.38769534 9.988961e-09 1676698.4
-911951600000.0 0.38704428 9.988961e-09 1676698.4
-910417660000.0 0.38639325 9.988961e-09 1676698.4
-908883700000.0 0.38574222 9.988961e-09 1676698.4
-907349660000.0 0.38509113 1.0285565e-08 1652993.8
-905815700000.0 0.3844401 1.0285565e-08 1652993.8
-904281700000.0 0.3837891 1.0285565e-08 1652993.8
-902747700000.0 0.383138 1.0285565e-08 1652993.8
-901213800000.0 0.38248697 1.0544805e-08 1608207.9
-899679800000.0 0.38183594 1.0544805e-08 1608207.9
-898145800000.0 0.38118488 1.0544805e-08 1608207.9
-896611800000.0 0.38053384 1.0544805e-08 1608207.9
-895077840000.0 0.3798828 1.0775012e-08 1588892.1
-893543800000.0 0.37923175 1.0775012e-08 1588892.1
-892009900000.0 0.37858075 1.0775012e-08 1588892.1
-890475900000.0 0.3779297 1.0775012e-08 1588892.1
-888941900000.0 0.37727866 1.1054374e-08 1595555.1
-887408000000.0 0.37662762 1.1054374e-08 1595555.1
-885873900000.0 0.37597656 1.1054374e-08 1595555.1
-884339970000.0 0.37532553 1.1054374e-08 1595555.1
-882806000000.0 0.3746745 1.1387839e-08 1636057.5
-881271960000.0 0.37402344 1.1387839e-08 1636057.5
-879738000000.0 0.3733724 1.1387839e-08 1636057.5
-878204100000.0 0.37272137 1.1387839e-08 1636057.5
-876670000000.0 0.37207028 1.17909655e-08 1688756.6
-875136100000.0 0.37141925 1.17909655e-08 1688756.6
-873602100000.0 0.37076822 1.17909655e-08 1688756.6
-872068100000.0 0.37011716 1.17909655e-08 1688756.6
-870534200000.0 0.3694662 1.2276445e-08 1737942.0
-869000150000.0 0.3688151 1.2276445e-08 1737942.0
-867466200000.0 0.36816406 1.2276445e-08 1737942.0
-865932200000.0 0.36751303 1.2276445e-08 1737942.0
-864398200000.0 0.36686197 1.2733892e-08 1795625.8
-862864200000.0 0.36621094 1.2733892e-08 1795625.8
-861330300000.0 0.3655599 1.2733892e-08 1795625.8
-859796200000.0 0.36490884 1.2733892e-08 1795625.8
-858262300000.0 0.3642578 1.32521984e-08 1840172.8
-856728340000.0 0.36360678 1.32521984e-08 1840172.8
-855194300000.0 0.36295572 1.32521984e-08 1840172.8
-853660340000.0 0.3623047 1.32521984e-08 1840172.8
-852126400000.0 0.36165366 1.3751491e-08 1890379.5
-850592330000.0 0.3610026 1.3751491e-08 1890379.5
-849058460000.0 0.3603516 1.3751491e-08 1890379.5
-847524400000.0 0.35970053 1.3751491e-08 1890379.5
-845990460000.0 0.3590495 1.4250637e-08 1952412.8
-844456500000.0 0.35839847 1.4250637e-08 1952412.8
-842922460000.0 0.35774738 1.4250637e-08 1952412.8
-841388500000.0 0.35709634 1.4250637e-08 1952412.8
-839854500000.0 0.3564453 1.4778845e-08 2008886.8
-838320500000.0 0.35579425 1.4778845e-08 2008886.8
-836786600000.0 0.35514322 1.4778845e-08 2008886.8
-835252600000.0 0.3544922 1.4778845e-08 2008886.8
-833718600000.0 0.35384113 1.5324472e-08 2063809.5
-832184600000.0 0.3531901 1.5324472e-08 2063809.5
-830650650000.0 0.35253906 1.5324472e-08 2063809.5
-829116600000.0 0.351888 1.5324472e-08 2063809.5
-827582700000.0 0.351237 1.592706e-08 2104398.2
-826048700000.0 0.35058594 1.592706e-08 2104398.2
-824514700000.0 0.3499349 1.592706e-08 2104398.2
-822980800000.0 0.34928387 1.592706e-08 2104398.2
-821446700000.0 0.3486328 1.6523964e-08 2131365.0
-819912800000.0 0.34798178 1.6523964e-08 2131365.0
-818378830000.0 0.34733075 1.6523964e-08 2131365.0
-816844800000.0 0.3466797 1.6523964e-08 2131365.0
-815310800000.0 0.34602866 1.700643e-08 2154783.0
-813776900000.0 0.34537762 1.700643e-08 2154783.0
-812242800000.0 0.34472653 1.700643e-08 2154783.0
-810708900000.0 0.3440755 1.700643e-08 2154783.0
-809174900000.0 0.34342447 1.7366265e-08 2162921.0
-807640900000.0 0.3427734 1.7366265e-08 2162921.0
-806107000000.0 0.3421224 1.7366265e-08 2162921.0
-804572950000.0 0.34147134 1.7366265e-08 2162921.0
-803039000000.0 0.3408203 1.7631473e-08 2159733.2
-801505000000.0 0.34016928 1.7631473e-08 2159733.2
-799971000000.0 0.33951822 1.7631473e-08 2159733.2
-798437000000.0 0.3388672 1.7631473e-08 2159733.2
-796903100000.0 0.33821616 1.7810205e-08 2140682.0
-795369000000.0 0.3375651 1.7810205e-08 2140682.0
-793835100000.0 0.33691406 1.7810205e-08 2140682.0
-792301140000.0 0.33626303 1.7810205e-08 2140682.0
-790767100000.0 0.33561197 1.7971116e-08 2147591.0
-789233140000.0 0.33496094 1.7971116e-08 2147591.0
-787699200000.0 0.3343099 1.7971116e-08 2147591.0
-786165200000.0 0.33365887 1.7971116e-08 2147591.0
-784631200000.0 0.3330078 1.8210395e-08 2175014.5
-783097200000.0 0.33235678 1.8210395e-08 2175014.5
-781563270000.0 0.33170575 1.8210395e-08 2175014.5
-780029300000.0 0.33105472 1.8210395e-08 2175014.5
-778495260000.0 0.33040363 1.8581758e-08 2191033.8
-776961300000.0 0.3297526 1.8581758e-08 2191033.8
-775427300000.0 0.32910156 1.8581758e-08 2191033.8
-773893300000.0 0.3284505 1.8581758e-08 2191033.8
-772359300000.0 0.32779947 1.9137278e-08 2186254.2
-770825400000.0 0.32714844 1.9137278e-08 2186254.2
-769291400000.0 0.32649738 1.9137278e-08 2186254.2
-767757400000.0 0.32584634 1.9137278e-08 2186254.2
-766223450000.0 0.3251953 1.9966684e-08 2194294.2
-764689500000.0 0.32454428 1.9966684e-08 2194294.2
-763155450000.0 0.32389322 1.9966684e-08 2194294.2
-761621500000.0 0.3232422 1.9966684e-08 2194294.2
-760087500000.0 0.32259116 2.0975456e-08 2235640.5
-758553600000.0 0.32194012 2.0975456e-08 2235640.5
-757019500000.0 0.32128906 2.0975456e-08 2235640.5
-755485600000.0 0.32063803 2.0975456e-08 2235640.5
-753951640000.0 0.319987 2.1658078e-08 2250255.5
-752417600000.0 0.31933594 2.1658078e-08 2250255.5
-750883640000.0 0.3186849 2.1658078e-08 2250255.5
-749349700000.0 0.31803387 2.1658078e-08 2250255.5
-747815700000.0 0.31738284 2.1672221e-08 2214099.0
-746281700000.0 0.31673178 2.1672221e-08 2214099.0
-744747700000.0 0.31608072 2.1672221e-08 2214099.0
-743213760000.0 0.3154297 2.1672221e-08 2214099.0
-741679700000.0 0.31477863 2.1278368e-08 2159134.8
-740145760000.0 0.3141276 2.1278368e-08 2159134.8
-738611800000.0 0.31347656 2.1278368e-08 2159134.8
-737077800000.0 0.31282553 2.1278368e-08 2159134.8
-735543800000.0 0.31217447 2.0719485e-08 2121626.0
-734009800000.0 0.3115234 2.0719485e-08 2121626.0
-732475900000.0 0.3108724 2.0719485e-08 2121626.0
-730941800000.0 0.3102213 2.0719485e-08 2121626.0
-729407900000.0 0.3095703 2.0234603e-08 2083033.4
-727873950000.0 0.30891928 2.0234603e-08 2083033.4
-726339940000.0 0.30826822 2.0234603e-08 2083033.4
-724805940000.0 0.3076172 2.0234603e-08 2083033.4
-723272000000.0 0.30696616 1.9897158e-08 2063491.5
-721738000000.0 0.30631512 1.9897158e-08 2063491.5
-720204000000.0 0.30566406 1.9897158e-08 2063491.5
-718670000000.0 0.30501303 1.9897158e-08 2063491.5
-717136100000.0 0.304362 1.971988e-08 2037362.0
-715602100000.0 0.30371094 1.971988e-08 2037362.0
-714068070000.0 0.30305988 1.971988e-08 2037362.0
-712534100000.0 0.30240884 1.971988e-08 2037362.0
-711000100000.0 0.3017578 1.9559382e-08 2010652.2
-709466100000.0 0.30110675 1.9559382e-08 2010652.2
-707932100000.0 0.30045572 1.9559382e-08 2010652.2
-706398200000.0 0.2998047 1.9559382e-08 2010652.2
-704864200000.0 0.29915366 1.941591e-08 1990566.2
-703330200000.0 0.2985026 1.941591e-08 1990566.2
-701796250000.0 0.29785156 1.941591e-08 1990566.2
-700262300000.0 0.29720056 1.941591e-08 1990566.2
-698728250000.0 0.29654947 1.9324279e-08 1970215.0
-697194300000.0 0.29589847 1.9324279e-08 1970215.0
-695660300000.0 0.2952474 1.9324279e-08 1970215.0
-694126300000.0 0.29459634 1.9324279e-08 1970215.0
