morphology_data/1d_wb_a0.05_l2r1_00001.ecsv
# %ECSV 1.0
# ---
# datatype:
# - {name: b, datatype: float32}
# - {name: phase, datatype: float32}
# - {name: sigma, datatype: float32}
# - {name: vr, datatype: float32}
# meta: {lambda: 2, rp: 1.0, sep: 0.05, wind: b}
# schema: astropy-2.0
b phase sigma vr
[from data line 618]
-458660250000.0 0.09733073 9.296039e-10 -3852048.8
-455592350000.0 0.096679695 9.296039e-10 -3852048.8
-452524240000.0 0.096028626 9.959282e-10 -3637780.5
-449456500000.0 0.09537763 9.959282e-10 -3637780.5
-446388440000.0 0.09472656 9.959282e-10 -3637780.5
-443320340000.0 0.09407549 9.959282e-10 -3637780.5
-440252600000.0 0.0934245 1.063558e-09 -3501623.5
-437184530000.0 0.09277343 1.063558e-09 -3501623.5
-434116430000.0 0.09212236 1.063558e-09 -3501623.5
-431048700000.0 0.091471374 1.063558e-09 -3501623.5
-427980620000.0 0.090820305 1.1094915e-09 -3493360.5
-424912680000.0 0.09016927 1.1094915e-09 -3493360.5
-421844780000.0 0.08951824 1.1094915e-09 -3493360.5
-418776700000.0 0.08886717 1.1094915e-09 -3493360.5
-415708770000.0 0.08821614 1.1139051e-09 -3546567.0
-412640870000.0 0.08756511 1.1139051e-09 -3546567.0
-409572800000.0 0.08691404 1.1139051e-09 -3546567.0
-406505060000.0 0.086263046 1.1139051e-09 -3546567.0
-403436960000.0 0.08561198 1.0894351e-09 -3417389.8
-400368860000.0 0.08496091 1.0894351e-09 -3417389.8
-397301150000.0 0.08430992 1.0894351e-09 -3417389.8
-394233050000.0 0.08365885 1.0894351e-09 -3417389.8
-391165150000.0 0.08300782 1.0772214e-09 -3182514.2
-388097250000.0 0.08235679 1.0772214e-09 -3182514.2
-385029140000.0 0.08170572 1.0618876e-09 -2905040.0
-381961240000.0 0.08105469 1.0618876e-09 -2905040.0
-378893340000.0 0.080403656 1.0458895e-09 -2724810.8
-375825240000.0 0.07975259 1.0458895e-09 -2724810.8
-372757500000.0 0.07910159 1.0510086e-09 -2469955.2
-369689400000.0 0.07845052 1.0510086e-09 -2469955.2
-366621330000.0 0.077799454 1.0494943e-09 -2175918.0
-363553600000.0 0.07714847 1.0494943e-09 -2175918.0
-360485500000.0 0.07649739 1.0449897e-09 -2014247.4
-357417420000.0 0.07584633 1.0449897e-09 -2014247.4
-354349680000.0 0.075195335 1.0480186e-09 -2015609.1
-351281580000.0 0.07454426 1.0480186e-09 -2015609.1
-348213670000.0 0.073893234 1.1300464e-09 -1917873.4
-345145770000.0 0.0732422 1.1300464e-09 -1917873.4
-342077670000.0 0.07259113 1.2543957e-09 -1739008.5
-339009770000.0 0.0719401 1.2543957e-09 -1739008.5
-335941860000.0 0.07128907 1.370207e-09 -1417787.2
-332873760000.0 0.070638 1.370207e-09 -1417787.2
-329806020000.0 0.06998701 1.5299484e-09 -781491.25
-326737950000.0 0.069335945 1.5299484e-09 -781491.25
-323669850000.0 0.068684876 1.7619343e-09 9244.659
-320602100000.0 0.068033874 1.7619343e-09 9244.659
-317534040000.0 0.06738281 1.8699235e-09 483276.7
-314465940000.0 0.06673174 1.8699235e-09 483276.7
-311398200000.0 0.06608075 1.8409491e-09 768793.75
-308330140000.0 0.06542969 1.8409491e-09 768793.75
-305262200000.0 0.06477865 1.7473281e-09 841890.4
-302194300000.0 0.06412762 1.7473281e-09 841890.4
-299126230000.0 0.063476555 1.6687587e-09 788881.56
-296058300000.0 0.062825516 1.6687587e-09 788881.56
-292990400000.0 0.062174488 1.6384982e-09 770394.44
-289922320000.0 0.061523426 1.6384982e-09 770394.44
-286854580000.0 0.060872428 1.5808604e-09 741193.94
-283786480000.0 0.06022136 1.5808604e-09 741193.94
-280718380000.0 0.059570286 1.6282979e-09 870237.0
-277650670000.0 0.058919296 1.6282979e-09 870237.0
-274582570000.0 0.058268227 1.8222979e-09 1357104.1
-271514480000.0 0.057617158 1.8222979e-09 1357104.1
-268446740000.0 0.056966167 2.1061186e-09 1931682.2
-265378660000.0 0.056315098 2.1061186e-09 1931682.2
-262310740000.0 0.055664066 2.3322675e-09 2337472.2
-259242840000.0 0.055013034 2.3322675e-09 2337472.2
-256174750000.0 0.05436197 2.7695954e-09 2801688.8
-253106830000.0 0.053710938 2.7695954e-09 2801688.8
-250038930000.0 0.053059906 3.1252858e-09 2896790.0
-246970840000.0 0.052408837 3.1252858e-09 2896790.0
-243903100000.0 0.051757842 3.3445857e-09 2714725.5
-240835020000.0 0.051106777 3.3445857e-09 2714725.5
-237766920000.0 0.050455708 3.3939527e-09 2761794.0
-234699200000.0 0.049804714 3.3939527e-09 2761794.0
-231631110000.0 0.049153645 3.609963e-09 3077402.0
-228563010000.0 0.048502576 3.609963e-09 3077402.0
-225495290000.0 0.047851585 3.4110195e-09 2963080.8
-222427190000.0 0.047200516 3.4110195e-09 2963080.8
-219359280000.0 0.046549484 3.6864454e-09 3726506.5
-216291380000.0 0.045898452 3.6864454e-09 3726506.5
-213223280000.0 0.045247383 3.942507e-09 4318960.5
-210155370000.0 0.04459635 3.942507e-09 4318960.5
-207087470000.0 0.043945324 4.1033736e-09 5087202.5
-204019370000.0 0.043294255 4.1033736e-09 5087202.5
-200951640000.0 0.04264326 3.929829e-09 5392997.0
-197883540000.0 0.04199219 3.929829e-09 5392997.0
-194815460000.0 0.041341122 3.4897178e-09 5422401.0
-191747740000.0 0.04069013 3.4844183e-09 5428624.5
-188679630000.0 0.040039062 3.0861242e-09 5046458.0
-185611550000.0 0.039387994 3.1047125e-09 5028194.0
-182543810000.0 0.038736995 3.1124128e-09 4880994.0
-179475730000.0 0.03808593 3.132964e-09 4854456.0
-176407820000.0 0.0374349 3.1422607e-09 4641593.5
-173339900000.0 0.03678387 3.1727667e-09 4567394.5
-170271820000.0 0.0361328 3.2214158e-09 3805153.0
-167203910000.0 0.035481773 3.2428469e-09 3783211.2
-164136000000.0 0.034830738 3.1617642e-09 3254666.8
-161067910000.0 0.03417967 3.1879368e-09 3238945.8
-158000170000.0 0.033528678 2.8659426e-09 1905079.1
-154932080000.0 0.03287761 2.928972e-09 1965913.1
-151864000000.0 0.03222654 2.8484854e-09 1448514.6
-148796260000.0 0.031575546 3.0010865e-09 1609120.8
-145728180000.0 0.030924477 3.0198852e-09 1443251.4
-142660100000.0 0.030273411 3.0079006e-09 1415055.5
-139592350000.0 0.029622415 2.8800333e-09 1062947.8
-136524260000.0 0.028971346 2.8803844e-09 1037140.06
-133456355000.0 0.028320316 2.629968e-09 373896.22
-130388440000.0 0.027669284 2.5805136e-09 288960.3
-127320350000.0 0.027018217 2.210711e-09 -514186.78
-124252440000.0 0.026367186 2.2131736e-09 -510701.47
-121184530000.0 0.025716154 2.109572e-09 -764768.4
-118116440000.0 0.025065087 2.250112e-09 -536357.0
-115048710000.0 0.024414092 2.258587e-09 -563564.6
-111980620000.0 0.023763025 2.288505e-09 -579188.94
-108912530000.0 0.023111956 2.221971e-09 -669648.0
-105844800000.0 0.022460962 2.311927e-09 -550774.75
-102776710000.0 0.021809895 2.5168034e-09 -286633.12
-99708620000.0 0.021158826 2.5787428e-09 -229098.23
-96640885000.0 0.020507833 2.63292e-09 -161736.69
-93572800000.0 0.019856764 2.672359e-09 -167717.12
-90504890000.0 0.019205732 2.8399008e-09 38442.996
-87436980000.0 0.018554702 2.9383604e-09 69788.96
-84368880000.0 0.017903633 3.0704776e-09 199116.28
-81300970000.0 0.017252602 3.177056e-09 211919.34
-78233070000.0 0.016601572 3.3227257e-09 285404.0
-75164975000.0 0.015950503 3.449183e-09 319814.84
-72097240000.0 0.015299509 3.683473e-09 427476.53
-69029150000.0 0.014648439 3.8724006e-09 473401.78
-65961062000.0 0.013997372 4.0903756e-09 458289.1
-62893330000.0 0.013346379 4.3100767e-09 489830.44
-59825242000.0 0.012695311 4.5358055e-09 470108.94
-56757154000.0 0.012044242 4.736546e-09 417091.8
-53689420000.0 0.011393248 5.0366e-09 386509.22
-50621334000.0 0.01074218 5.3194107e-09 371322.34
-47553420000.0 0.010091149 5.7787015e-09 456158.4
-44485510000.0 0.009440118 6.1618115e-09 410401.47
-41417420000.0 0.008789049 6.7668466e-09 314085.66
-38349510000.0 0.008138019 7.313057e-09 286456.97
-35281600000.0 0.0074869874 7.832232e-09 -48948.637
-32213510000.0 0.006835919 8.6272625e-09 -54993.645
-29145778000.0 0.006184926 9.663939e-09 -70660.79
-26077688000.0 0.0055338573 1.100012e-08 -44972.906
-23009600000.0 0.0048827888 1.2740671e-08 -106249.25
-19941868000.0 0.0042317957 1.5278236e-08 -53378.26
-16873777000.0 0.0035807267 1.8998229e-08 -76225.86
-13805688000.0 0.0029296577 2.4598384e-08 -70352.79
-10737956000.0 0.0022786648 3.469881e-08 -80763.46
-7669866000.0 0.0016275961 5.6396996e-08 -66731.96
7669866000.0 -0.0016275961 6.116221e-08 -188581.62
10737956000.0 -0.0022786648 3.6937827e-08 -357901.25
13805688000.0 -0.0029296577 2.6049126e-08 -415143.84
16873777000.0 -0.0035807267 2.0304695e-08 -447719.03
19941868000.0 -0.0042317957 1.6262726e-08 -487843.94
23009600000.0 -0.0048827888 1.3579364e-08 -577470.2
26077688000.0 -0.0055338573 1.1619598e-08 -587928.56
29145778000.0 -0.006184926 1.0164959e-08 -659110.25
32213510000.0 -0.006835919 8.95459e-09 -761630.3
35281600000.0 -0.0074869874 8.049458e-09 -871662.3
38349510000.0 -0.008138019 7.246182e-09 -1013529.5
41417420000.0 -0.008789049 6.6404637e-09 -1136692.8
44485510000.0 -0.009440118 6.081165e-09 -1243701.2
47553420000.0 -0.010091149 5.7360214e-09 -1339420.6
50621334000.0 -0.01074218 5.5416547e-09 -1209670.1
53689420000.0 -0.011393248 5.48311e-09 -1164271.5
56757154000.0 -0.012044242 5.621465e-09 -889801.2
59825242000.0 -0.012695311 5.861678e-09 -618284.75
62893330000.0 -0.013346379 6.0646506e-09 -106225.875
65961062000.0 -0.013997372 5.9124288e-09 81280.195
69029150000.0 -0.014648439 5.8434346e-09 177397.62
72097240000.0 -0.015299509 5.5403273e-09 82870.875
75164975000.0 -0.015950503 5.3716964e-09 -37553.215
78233070000.0 -0.016601572 5.3336118e-09 -2562.284
81300970000.0 -0.017252602 5.3531872e-09 75228.5
84368880000.0 -0.017903633 4.8059885e-09 -101849.65
87436980000.0 -0.018554702 4.4160844e-09 -356474.4
90504890000.0 -0.019205732 4.366072e-09 -484006.94
93572800000.0 -0.019856764 4.3894923e-09 -459467.56
96640885000.0 -0.020507833 6.0630176e-09 -605391.5
99708620000.0 -0.021158826 6.4777392e-09 -822440.25
102776710000.0 -0.021809895 5.4130984e-09 -944598.1
105844800000.0 -0.022460962 5.9579834e-09 -1303547.5
108912530000.0 -0.023111956 5.550145e-09 -1036500.44
111980620000.0 -0.023763025 5.080058e-09 -920445.8
115048710000.0 -0.024414092 4.283199e-09 -1220165.6
118116440000.0 -0.025065087 3.766509e-09 -1334284.2
121184530000.0 -0.025716154 3.2619067e-09 -1395298.9
124252440000.0 -0.026367186 2.5707971e-09 -2097600.2
127320350000.0 -0.027018217 2.4301796e-09 -2236341.8
130388440000.0 -0.027669284 2.2849371e-09 -2167376.8
133456355000.0 -0.028320316 2.237511e-09 -1785636.0
136524260000.0 -0.028971346 2.1725468e-09 -1134242.4
139592350000.0 -0.029622415 2.1647266e-09 -666015.9
142660100000.0 -0.030273411 2.075239e-09 -1036091.75
145728180000.0 -0.030924477 1.9538375e-09 -1606913.9
148796260000.0 -0.031575546 1.5167504e-09 -3196953.8
151864000000.0 -0.03222654 1.1351617e-09 -4905741.5
154932080000.0 -0.03287761 7.6562584e-10 -6821914.0
158000170000.0 -0.033528678 5.7491895e-10 -7617725.5
161067910000.0 -0.03417967 4.6943693e-10 -7642351.5
164136000000.0 -0.034830738 4.26297e-10 -7683916.5
167203910000.0 -0.035481773 4.322867e-10 -7377979.0
170271820000.0 -0.0361328 4.1569106e-10 -6956897.5
173339900000.0 -0.03678387 4.2785303e-10 -6844605.5
176407820000.0 -0.0374349 4.0078457e-10 -7066443.5
179475730000.0 -0.03808593 3.9416143e-10 -7196055.0
182543810000.0 -0.038736995 3.8904666e-10 -7362424.5
185611550000.0 -0.039387994 4.1455267e-10 -7125913.0
188679630000.0 -0.040039062 4.2067166e-10 -7195979.5
191747740000.0 -0.04069013 4.3055984e-10 -7095437.5
194815460000.0 -0.041341122 4.3210674e-10 -7245217.0
197883540000.0 -0.04199219 4.4598183e-10 -7257771.5
200951640000.0 -0.04264326 4.4598183e-10 -7257771.5
204019370000.0 -0.043294255 4.4432028e-10 -7433872.5
207087470000.0 -0.043945324 4.4432028e-10 -7433872.5
210155370000.0 -0.04459635 4.5117146e-10 -7279481.5
213223280000.0 -0.045247383 4.5117146e-10 -7279481.5
216291380000.0 -0.045898452 4.504509e-10 -7044280.0
219359280000.0 -0.046549484 4.504509e-10 -7044280.0
222427190000.0 -0.047200516 5.0194593e-10 -6113507.5
225495290000.0 -0.047851585 5.0194593e-10 -6113507.5
228563010000.0 -0.048502576 5.3048704e-10 -5673321.0
231631110000.0 -0.049153645 5.3048704e-10 -5673321.0
234699200000.0 -0.049804714 5.430635e-10 -5413848.0
237766920000.0 -0.050455708 5.430635e-10 -5413848.0
240835020000.0 -0.051106777 5.2941285e-10 -5464480.0
243903100000.0 -0.051757842 5.2941285e-10 -5464480.0
246970840000.0 -0.052408837 5.686278e-10 -4780950.5
250038930000.0 -0.053059906 5.686278e-10 -4780950.5
253106830000.0 -0.053710938 5.917048e-10 -4342075.5
256174750000.0 -0.05436197 5.917048e-10 -4342075.5
259242840000.0 -0.055013034 6.436199e-10 -3076792.0
262310740000.0 -0.055664066 6.436199e-10 -3076792.0
265378660000.0 -0.056315098 5.797549e-10 -2716850.2
268446740000.0 -0.056966167 5.797549e-10 -2716850.2
271514480000.0 -0.057617158 5.4417965e-10 -1504938.2
274582570000.0 -0.058268227 5.4417965e-10 -1504938.2
277650670000.0 -0.058919296 5.4056676e-10 -1248018.6
280718380000.0 -0.059570286 5.4056676e-10 -1248018.6
283786480000.0 -0.06022136 5.6581473e-10 -1360398.1
286854580000.0 -0.060872428 5.6581473e-10 -1360398.1
289922320000.0 -0.061523426 6.0317307e-10 -1531869.6
292990400000.0 -0.062174488 6.0317307e-10 -1531869.6
296058300000.0 -0.062825516 6.6037065e-10 -1414230.9
299126230000.0 -0.063476555 6.6037065e-10 -1414230.9
302194300000.0 -0.06412762 6.7733247e-10 -1298141.8
305262200000.0 -0.06477865 6.7733247e-10 -1298141.8
308330140000.0 -0.06542969 6.949093e-10 -1256915.9
311398200000.0 -0.06608075 6.949093e-10 -1256915.9
314465940000.0 -0.06673174 5.987432e-10 -1162981.6
317534040000.0 -0.06738281 5.987432e-10 -1162981.6
320602100000.0 -0.068033874 5.0306137e-10 -579085.75
323669850000.0 -0.068684876 5.0306137e-10 -579085.75
326737950000.0 -0.069335945 4.472258e-10 457108.03
329806020000.0 -0.06998701 4.472258e-10 457108.03
332873760000.0 -0.070638 4.38761e-10 48020.94
335941860000.0 -0.07128907 4.38761e-10 48020.94
339009770000.0 -0.0719401 4.1930506e-10 -28545.123
342077670000.0 -0.07259113 4.1930506e-10 -28545.123
345145770000.0 -0.0732422 4.2882187e-10 -376828.9
348213670000.0 -0.073893234 4.2882187e-10 -376828.9
351281580000.0 -0.07454426 4.2318354e-10 -377449.6
354349680000.0 -0.075195335 4.2318354e-10 -377449.6
357417420000.0 -0.07584633 4.4601306e-10 -402840.6
360485500000.0 -0.07649739 4.4601306e-10 -402840.6
363553600000.0 -0.07714847 4.266157e-10 -337426.28
366621330000.0 -0.077799454 4.266157e-10 -337426.28
369689400000.0 -0.07845052 3.3409056e-10 -984575.56
372757500000.0 -0.07910159 3.3409056e-10 -984575.56
375825240000.0 -0.07975259 3.2746575e-10 -945362.1
378893340000.0 -0.080403656 3.2746575e-10 -945362.1
381961240000.0 -0.08105469 1.9062525e-10 -2267961.5
385029140000.0 -0.08170572 1.9062525e-10 -2267961.5
388097250000.0 -0.08235679 1.9020473e-10 -2251767.8
391165150000.0 -0.08300782 1.9020473e-10 -2251767.8
394233050000.0 -0.08365885 9.729459e-11 -2925275.0
397301150000.0 -0.08430992 9.729459e-11 -2925275.0
400368860000.0 -0.08496091 9.729459e-11 -2925275.0
403436960000.0 -0.08561198 9.729459e-11 -2925275.0
406505060000.0 -0.086263046 7.6708785e-11 -2806136.5
409572800000.0 -0.08691404 7.6708785e-11 -2806136.5
412640870000.0 -0.08756511 7.6708785e-11 -2806136.5
415708770000.0 -0.08821614 7.6708785e-11 -2806136.5
418776700000.0 -0.08886717 7.572622e-11 -3169680.0
421844780000.0 -0.08951824 7.572622e-11 -3169680.0
424912680000.0 -0.09016927 7.572622e-11 -3169680.0
427980620000.0 -0.090820305 7.572622e-11 -3169680.0
431048700000.0 -0.091471374 6.779831e-11 -4458808.0
434116430000.0 -0.09212236 6.779831e-11 -4458808.0
437184530000.0 -0.09277343 6.779831e-11 -4458808.0
440252600000.0 -0.0934245 6.779831e-11 -4458808.0
443320340000.0 -0.09407549 4.8738263e-11 -6210759.0
446388440000.0 -0.09472656 4.8738263e-11 -6210759.0
449456500000.0 -0.09537763 4.8738263e-11 -6210759.0
452524240000.0 -0.096028626 4.8738263e-11 -6210759.0
455592350000.0 -0.096679695 3.7708503e-11 -6578835.0
458660250000.0 -0.09733073 3.7708503e-11 -6578835.0
461728150000.0 -0.09798176 3.7708503e-11 -6578835.0
464796250000.0 -0.09863283 3.7708503e-11 -6578835.0
467864160000.0 -0.09928385 3.7543555e-11 -6249094.5
470932060000.0 -0.09993488 3.7543555e-11 -6249094.5
474000160000.0 -0.10058595 3.7543555e-11 -6249094.5
477067900000.0 -0.10123695 3.7543555e-11 -6249094.5
480135970000.0 -0.101888016 3.823451e-11 -5642496.5
483204070000.0 -0.102539085 3.823451e-11 -5642496.5
486271800000.0 -0.10319008 3.823451e-11 -5642496.5
489339900000.0 -0.10384115 3.823451e-11 -5642496.5
492407980000.0 -0.10449222 3.914741e-11 -5129710.0
495475720000.0 -0.10514321 3.914741e-11 -5129710.0
498543820000.0 -0.10579427 3.914741e-11 -5129710.0
