morphology_data/1d_wa_a0.05_l4r1_00001.ecsv
# %ECSV 1.0
# ---
# datatype:
# - {name: b, datatype: float32}
# - {name: phase, datatype: float32}
# - {name: sigma, datatype: float32}
# - {name: vr, datatype: float32}
# meta: {lambda: 4, rp: 1.0, sep: 0.05, wind: a}
# schema: astropy-2.0
b phase sigma vr
[from data line 933]
520019350000.0 -0.11035153 5.3937224e-08 -917830.5
523087450000.0 -0.1110026 5.3937224e-08 -917830.5
526155550000.0 -0.11165367 5.3937224e-08 -917830.5
529223300000.0 -0.11230466 6.1006276e-08 -831969.1
532291350000.0 -0.11295573 6.1006276e-08 -831969.1
535359460000.0 -0.113606796 6.1006276e-08 -831969.1
538427200000.0 -0.11425779 6.1006276e-08 -831969.1
541495260000.0 -0.11490886 6.9620164e-08 -739429.2
544563200000.0 -0.11555989 6.9620164e-08 -739429.2
547631100000.0 -0.11621092 6.9620164e-08 -739429.2
550699200000.0 -0.11686199 6.9620164e-08 -739429.2
553767100000.0 -0.11751302 7.991543e-08 -652529.9
556835000000.0 -0.118164055 7.991543e-08 -652529.9
559903100000.0 -0.118815124 7.991543e-08 -652529.9
562970800000.0 -0.11946611 7.991543e-08 -652529.9
566038900000.0 -0.12011717 9.097119e-08 -601281.8
569107000000.0 -0.12076825 9.097119e-08 -601281.8
572174760000.0 -0.12141925 9.097119e-08 -601281.8
575242800000.0 -0.12207031 9.097119e-08 -601281.8
578310900000.0 -0.12272138 1.0093318e-07 -567718.75
581378640000.0 -0.123372376 1.0093318e-07 -567718.75
584446800000.0 -0.12402345 1.0093318e-07 -567718.75
587514640000.0 -0.12467448 1.0093318e-07 -567718.75
590582600000.0 -0.1253255 1.0790889e-07 -549980.3
593650650000.0 -0.12597658 1.0790889e-07 -549980.3
596718600000.0 -0.12662761 1.0790889e-07 -549980.3
599786460000.0 -0.12727864 1.0790889e-07 -549980.3
602854600000.0 -0.12792972 1.09260384e-07 -558146.44
605922260000.0 -0.12858069 1.09260384e-07 -558146.44
608990400000.0 -0.12923177 1.09260384e-07 -558146.44
612058460000.0 -0.12988284 1.09260384e-07 -558146.44
615126200000.0 -0.13053383 1.06674705e-07 -569400.7
618194300000.0 -0.13118489 1.06674705e-07 -569400.7
621262400000.0 -0.13183598 1.06674705e-07 -569400.7
624330150000.0 -0.13248697 1.06674705e-07 -569400.7
627398200000.0 -0.13313803 1.0297447e-07 -588172.3
630466100000.0 -0.13378905 1.0297447e-07 -588172.3
633534000000.0 -0.1344401 1.0297447e-07 -588172.3
636602100000.0 -0.13509116 1.0297447e-07 -588172.3
639670000000.0 -0.13574219 9.926456e-08 -612048.44
642737960000.0 -0.13639323 9.926456e-08 -612048.44
645806000000.0 -0.1370443 9.926456e-08 -612048.44
648873800000.0 -0.13769528 9.926456e-08 -612048.44
651941840000.0 -0.13834634 9.659412e-08 -641687.0
655009900000.0 -0.1389974 9.659412e-08 -641687.0
658077650000.0 -0.13964841 9.659412e-08 -641687.0
661145800000.0 -0.14029948 9.659412e-08 -641687.0
664213850000.0 -0.14095055 9.4809614e-08 -682180.8
667281600000.0 -0.14160155 9.4809614e-08 -682180.8
670349660000.0 -0.14225261 9.4809614e-08 -682180.8
673417800000.0 -0.14290369 9.4809614e-08 -682180.8
676485460000.0 -0.14355466 9.370469e-08 -729320.75
679553600000.0 -0.14420575 9.370469e-08 -729320.75
682621670000.0 -0.14485681 9.370469e-08 -729320.75
685689400000.0 -0.1455078 9.370469e-08 -729320.75
688757150000.0 -0.1461588 9.3130836e-08 -787461.7
691825600000.0 -0.14680995 9.3130836e-08 -787461.7
694893300000.0 -0.14746092 9.3130836e-08 -787461.7
697961000000.0 -0.14811192 9.3130836e-08 -787461.7
701029500000.0 -0.14876308 9.172325e-08 -856792.06
704097200000.0 -0.14941406 9.172325e-08 -856792.06
707164960000.0 -0.15006506 9.172325e-08 -856792.06
710233400000.0 -0.1507162 9.172325e-08 -856792.06
713301160000.0 -0.1513672 8.8293476e-08 -926430.44
716368840000.0 -0.15201817 8.8293476e-08 -926430.44
719437300000.0 -0.15266933 8.8293476e-08 -926430.44
722505040000.0 -0.15332033 8.8293476e-08 -926430.44
725572800000.0 -0.15397131 8.34115e-08 -996574.75
728640850000.0 -0.15462239 8.34115e-08 -996574.75
731709000000.0 -0.15527347 8.34115e-08 -996574.75
734776700000.0 -0.15592445 8.34115e-08 -996574.75
737844800000.0 -0.15657552 7.773791e-08 -1063835.1
740912860000.0 -0.15722659 7.773791e-08 -1063835.1
743980600000.0 -0.15787758 7.773791e-08 -1063835.1
747048670000.0 -0.15852864 7.773791e-08 -1063835.1
750116800000.0 -0.15917972 7.1416906e-08 -1124712.9
753184540000.0 -0.1598307 7.1416906e-08 -1124712.9
756252600000.0 -0.16048178 7.1416906e-08 -1124712.9
759320700000.0 -0.16113284 7.1416906e-08 -1124712.9
762388400000.0 -0.16178384 6.466459e-08 -1182933.2
765456500000.0 -0.1624349 6.466459e-08 -1182933.2
768524600000.0 -0.16308598 6.466459e-08 -1182933.2
771592360000.0 -0.16373697 6.466459e-08 -1182933.2
774660100000.0 -0.16438797 5.8494102e-08 -1248408.2
777728500000.0 -0.1650391 5.8494102e-08 -1248408.2
780796200000.0 -0.1656901 5.8494102e-08 -1248408.2
783864000000.0 -0.1663411 5.8494102e-08 -1248408.2
786932430000.0 -0.16699223 4.8829598e-08 -1298913.1
790000200000.0 -0.16764323 4.8829598e-08 -1298913.1
793067900000.0 -0.16829422 4.8829598e-08 -1298913.1
796136300000.0 -0.16894537 4.8829598e-08 -1298913.1
799204050000.0 -0.16959636 4.628922e-08 -1320607.6
802271800000.0 -0.17024736 4.628922e-08 -1320607.6
805339860000.0 -0.17089842 4.628922e-08 -1320607.6
808408000000.0 -0.1715495 4.628922e-08 -1320607.6
811475700000.0 -0.17220049 4.079659e-08 -1415965.2
814543800000.0 -0.17285155 4.079659e-08 -1415965.2
817611870000.0 -0.17350262 4.079659e-08 -1415965.2
820679600000.0 -0.17415361 4.079659e-08 -1415965.2
823747740000.0 -0.17480469 3.8961513e-08 -1441190.1
826815800000.0 -0.17545575 3.8961513e-08 -1441190.1
829883550000.0 -0.17610675 3.8961513e-08 -1441190.1
832951600000.0 -0.17675781 3.8961513e-08 -1441190.1
836019700000.0 -0.17740889 3.5090267e-08 -1519943.9
839087400000.0 -0.17805988 3.5090267e-08 -1519943.9
842155560000.0 -0.17871095 3.5090267e-08 -1519943.9
845223600000.0 -0.17936201 3.5090267e-08 -1519943.9
848291360000.0 -0.180013 3.380515e-08 -1533006.5
851359100000.0 -0.180664 3.380515e-08 -1533006.5
854427500000.0 -0.18131514 3.380515e-08 -1533006.5
857495240000.0 -0.18196614 3.380515e-08 -1533006.5
860563000000.0 -0.18261713 3.0983188e-08 -1602403.8
863631440000.0 -0.18326828 3.0983188e-08 -1602403.8
866699200000.0 -0.18391927 3.0983188e-08 -1602403.8
869766900000.0 -0.18457027 3.0983188e-08 -1602403.8
872835400000.0 -0.1852214 3.0033977e-08 -1605959.6
875903060000.0 -0.1858724 3.0033977e-08 -1605959.6
878970800000.0 -0.1865234 3.0033977e-08 -1605959.6
882039260000.0 -0.18717454 3.0033977e-08 -1605959.6
885107000000.0 -0.18782553 2.8140885e-08 -1655408.2
888174740000.0 -0.18847652 2.8140885e-08 -1655408.2
891242800000.0 -0.1891276 2.8140885e-08 -1655408.2
894310900000.0 -0.18977866 2.8140885e-08 -1655408.2
897378600000.0 -0.19042966 2.7448515e-08 -1655368.6
900446750000.0 -0.19108072 2.7448515e-08 -1655368.6
903514800000.0 -0.1917318 2.7448515e-08 -1655368.6
906582560000.0 -0.19238278 2.7448515e-08 -1655368.6
909650600000.0 -0.19303386 2.6149584e-08 -1690931.6
912718760000.0 -0.19368492 2.6149584e-08 -1690931.6
915786400000.0 -0.19433591 2.6149584e-08 -1690931.6
918854570000.0 -0.19498698 2.6149584e-08 -1690931.6
921922630000.0 -0.19563805 2.5637892e-08 -1683633.9
924990400000.0 -0.19628905 2.5637892e-08 -1683633.9
928058440000.0 -0.19694011 2.5637892e-08 -1683633.9
931126600000.0 -0.19759119 2.5637892e-08 -1683633.9
934194300000.0 -0.19824217 2.4665905e-08 -1713833.1
937262000000.0 -0.19889317 2.4665905e-08 -1713833.1
940330450000.0 -0.19954431 2.4665905e-08 -1713833.1
943398200000.0 -0.20019531 2.4665905e-08 -1713833.1
946465900000.0 -0.2008463 2.4368534e-08 -1696217.1
949534400000.0 -0.20149745 2.4368534e-08 -1696217.1
952602100000.0 -0.20214844 2.4368534e-08 -1696217.1
955669800000.0 -0.20279942 2.4368534e-08 -1696217.1
958738300000.0 -0.20345058 2.3608916e-08 -1712854.0
961806000000.0 -0.20410156 2.3608916e-08 -1712854.0
964873750000.0 -0.20475256 2.3608916e-08 -1712854.0
967942200000.0 -0.2054037 2.3608916e-08 -1712854.0
971009950000.0 -0.2060547 2.3343736e-08 -1702587.4
974077700000.0 -0.20670569 2.3343736e-08 -1702587.4
977145760000.0 -0.20735677 2.3343736e-08 -1702587.4
980213800000.0 -0.20800783 2.3343736e-08 -1702587.4
983281570000.0 -0.20865881 2.2866713e-08 -1711156.8
986349630000.0 -0.20930989 2.2866713e-08 -1711156.8
989417770000.0 -0.20996095 2.2866713e-08 -1711156.8
992485500000.0 -0.21061195 2.2866713e-08 -1711156.8
995553600000.0 -0.21126302 2.279429e-08 -1693433.4
998621640000.0 -0.21191409 2.279429e-08 -1693433.4
1001689400000.0 -0.21256508 2.279429e-08 -1693433.4
1004757450000.0 -0.21321616 2.279429e-08 -1693433.4
1007825600000.0 -0.21386722 2.253985e-08 -1701329.4
1010893300000.0 -0.2145182 2.253985e-08 -1701329.4
1013961400000.0 -0.21516928 2.253985e-08 -1701329.4
1017029460000.0 -0.21582034 2.253985e-08 -1701329.4
1020097200000.0 -0.21647134 2.2668345e-08 -1688192.8
1023164940000.0 -0.21712233 2.2668345e-08 -1688192.8
1026233400000.0 -0.21777348 2.2668345e-08 -1688192.8
1029301140000.0 -0.21842447 2.2668345e-08 -1688192.8
1032368900000.0 -0.21907547 2.2800744e-08 -1702901.4
1035437300000.0 -0.2197266 2.2800744e-08 -1702901.4
1038505000000.0 -0.22037761 2.2800744e-08 -1702901.4
1041572760000.0 -0.2210286 2.2800744e-08 -1702901.4
1044641200000.0 -0.22167975 2.3282372e-08 -1707469.0
1047708960000.0 -0.22233073 2.3282372e-08 -1707469.0
1050776700000.0 -0.22298172 2.3282372e-08 -1707469.0
1053845100000.0 -0.22363287 2.3282372e-08 -1707469.0
1056912830000.0 -0.22428386 2.3797817e-08 -1741479.4
1059980600000.0 -0.22493486 2.3797817e-08 -1741479.4
1063048700000.0 -0.22558592 2.3797817e-08 -1741479.4
1066116800000.0 -0.226237 2.3797817e-08 -1741479.4
1069184500000.0 -0.22688799 2.4595916e-08 -1764598.2
1072252600000.0 -0.22753906 2.4595916e-08 -1764598.2
1075320650000.0 -0.22819012 2.4595916e-08 -1764598.2
1078388400000.0 -0.22884111 2.4595916e-08 -1764598.2
1081456500000.0 -0.22949219 2.5422542e-08 -1806965.2
1084524600000.0 -0.23014325 2.5422542e-08 -1806965.2
1087592330000.0 -0.23079425 2.5422542e-08 -1806965.2
1090660400000.0 -0.23144531 2.5422542e-08 -1806965.2
1093728530000.0 -0.23209639 2.6148298e-08 -1826805.0
1096796200000.0 -0.23274738 2.6148298e-08 -1826805.0
1099864300000.0 -0.23339845 2.6148298e-08 -1826805.0
1102932500000.0 -0.23404953 2.6148298e-08 -1826805.0
1106000100000.0 -0.23470049 2.6804887e-08 -1867594.6
1109067800000.0 -0.23535149 2.6804887e-08 -1867594.6
1112136400000.0 -0.23600265 2.6804887e-08 -1867594.6
1115204100000.0 -0.23665364 2.6804887e-08 -1867594.6
1118271800000.0 -0.23730463 2.740767e-08 -1875030.1
1121340200000.0 -0.23795578 2.740767e-08 -1875030.1
1124408000000.0 -0.23860677 2.740767e-08 -1875030.1
1127475700000.0 -0.23925777 2.740767e-08 -1875030.1
1130544100000.0 -0.2399089 2.7976899e-08 -1913484.9
1133611800000.0 -0.2405599 2.7976899e-08 -1913484.9
1136679600000.0 -0.2412109 2.7976899e-08 -1913484.9
1139748100000.0 -0.24186206 2.7976899e-08 -1913484.9
1142815900000.0 -0.24251305 2.8411382e-08 -1928985.4
1145883500000.0 -0.243164 2.8411382e-08 -1928985.4
1148951600000.0 -0.2438151 2.8411382e-08 -1928985.4
1152019700000.0 -0.24446616 2.8411382e-08 -1928985.4
1155087500000.0 -0.24511716 2.8950588e-08 -1974137.0
1158155500000.0 -0.2457682 2.8950588e-08 -1974137.0
1161223600000.0 -0.2464193 2.8950588e-08 -1974137.0
1164291300000.0 -0.24707028 2.8950588e-08 -1974137.0
1167359500000.0 -0.24772136 2.9279533e-08 -1992672.6
1170427500000.0 -0.24837242 2.9279533e-08 -1992672.6
1173495200000.0 -0.24902342 2.9279533e-08 -1992672.6
1176563400000.0 -0.24967448 2.9279533e-08 -1992672.6
1179631500000.0 -0.25032556 2.9729074e-08 -2035268.1
1182699200000.0 -0.25097656 2.9729074e-08 -2035268.1
1185767200000.0 -0.25162762 2.9729074e-08 -2035268.1
1188835400000.0 -0.2522787 2.9729074e-08 -2035268.1
1191903100000.0 -0.2529297 2.995166e-08 -2049905.2
1194970800000.0 -0.25358066 2.995166e-08 -2049905.2
1198039200000.0 -0.2542318 2.995166e-08 -2049905.2
1201107000000.0 -0.2548828 2.995166e-08 -2049905.2
1204174700000.0 -0.2555338 3.0263603e-08 -2087515.1
1207243100000.0 -0.25618494 3.0263603e-08 -2087515.1
1210310900000.0 -0.2568359 3.0263603e-08 -2087515.1
1213378600000.0 -0.25748694 3.0263603e-08 -2087515.1
1216447100000.0 -0.25813806 3.0591966e-08 -2100134.5
1219514900000.0 -0.2587891 3.0591966e-08 -2100134.5
1222582600000.0 -0.2594401 3.0591966e-08 -2100134.5
1225651000000.0 -0.26009122 3.0591966e-08 -2100134.5
1228718700000.0 -0.2607422 3.1064225e-08 -2128165.0
1231786500000.0 -0.2613932 3.1064225e-08 -2128165.0
1234854500000.0 -0.26204425 3.1064225e-08 -2128165.0
1237922600000.0 -0.26269534 3.1064225e-08 -2128165.0
1240990400000.0 -0.2633463 3.159351e-08 -2140446.5
1244058500000.0 -0.2639974 3.159351e-08 -2140446.5
1247126500000.0 -0.26464844 3.159351e-08 -2140446.5
1250194200000.0 -0.26529944 3.159351e-08 -2140446.5
1253262400000.0 -0.26595053 3.2073686e-08 -2167323.2
1256330500000.0 -0.2666016 3.2073686e-08 -2167323.2
1259398200000.0 -0.2672526 3.2073686e-08 -2167323.2
1262466200000.0 -0.26790366 3.2073686e-08 -2167323.2
1265534400000.0 -0.26855472 3.2614704e-08 -2185829.2
1268602100000.0 -0.26920572 3.2614704e-08 -2185829.2
1271670200000.0 -0.2698568 3.2614704e-08 -2185829.2
1274738200000.0 -0.27050784 3.2614704e-08 -2185829.2
1277806000000.0 -0.27115884 3.3176633e-08 -2217128.2
1280873700000.0 -0.27180985 3.3176633e-08 -2217128.2
1283942100000.0 -0.27246097 3.3176633e-08 -2217128.2
1287009900000.0 -0.27311197 3.3176633e-08 -2217128.2
1290077600000.0 -0.27376294 3.394195e-08 -2236820.0
1293146100000.0 -0.27441412 3.394195e-08 -2236820.0
1296213900000.0 -0.2750651 3.394195e-08 -2236820.0
1299281600000.0 -0.27571613 3.394195e-08 -2236820.0
1302350000000.0 -0.27636725 3.4681005e-08 -2259840.2
1305417700000.0 -0.27701825 3.4681005e-08 -2259840.2
1308485500000.0 -0.27766922 3.4681005e-08 -2259840.2
1311553900000.0 -0.27832037 3.4681005e-08 -2259840.2
1314621600000.0 -0.27897137 3.5642543e-08 -2275162.2
1317689400000.0 -0.27962235 3.5642543e-08 -2275162.2
1320757500000.0 -0.28027344 3.5642543e-08 -2275162.2
1323825600000.0 -0.28092453 3.5642543e-08 -2275162.2
1326893200000.0 -0.28157547 3.647209e-08 -2293950.8
1329961400000.0 -0.28222656 3.647209e-08 -2293950.8
1333029500000.0 -0.28287762 3.647209e-08 -2293950.8
1336097200000.0 -0.28352863 3.647209e-08 -2293950.8
1339165200000.0 -0.28417966 3.7528533e-08 -2305011.8
1342233400000.0 -0.28483075 3.7528533e-08 -2305011.8
1345301100000.0 -0.28548175 3.7528533e-08 -2305011.8
1348369300000.0 -0.28613284 3.7528533e-08 -2305011.8
1351437300000.0 -0.28678387 3.841943e-08 -2315324.5
1354505000000.0 -0.28743488 3.841943e-08 -2315324.5
1357573100000.0 -0.28808594 3.841943e-08 -2315324.5
1360641300000.0 -0.28873703 3.841943e-08 -2315324.5
1363709000000.0 -0.28938803 3.9571425e-08 -2310326.8
1366776600000.0 -0.29003897 3.9571425e-08 -2310326.8
1369845100000.0 -0.29069015 3.9571425e-08 -2310326.8
1372912900000.0 -0.29134116 3.9571425e-08 -2310326.8
1375980600000.0 -0.29199213 4.0750443e-08 -2302976.2
1379049000000.0 -0.29264328 4.0750443e-08 -2302976.2
1382116800000.0 -0.29329428 4.0750443e-08 -2302976.2
1385184500000.0 -0.29394525 4.0750443e-08 -2302976.2
1388252900000.0 -0.2945964 4.2098883e-08 -2291217.8
1391320600000.0 -0.2952474 4.2098883e-08 -2291217.8
1394388400000.0 -0.2958984 4.2098883e-08 -2291217.8
1397456900000.0 -0.29654956 4.2098883e-08 -2291217.8
1400524600000.0 -0.29720056 4.342904e-08 -2312247.8
1403592400000.0 -0.29785153 4.342904e-08 -2312247.8
1406660400000.0 -0.2985026 4.342904e-08 -2312247.8
1409728500000.0 -0.29915366 4.342904e-08 -2312247.8
1412796300000.0 -0.29980466 4.4262627e-08 -2338023.5
1415864300000.0 -0.30045572 4.4262627e-08 -2338023.5
1418932400000.0 -0.30110678 4.4262627e-08 -2338023.5
1422000100000.0 -0.30175778 4.4262627e-08 -2338023.5
1425068300000.0 -0.30240884 4.5731877e-08 -2442402.5
1428136300000.0 -0.3030599 4.5731877e-08 -2442402.5
1431204000000.0 -0.3037109 4.5731877e-08 -2442402.5
1434272100000.0 -0.304362 4.5731877e-08 -2442402.5
1437340300000.0 -0.30501306 4.63358e-08 -2513764.0
1440408000000.0 -0.30566406 4.63358e-08 -2513764.0
1443476000000.0 -0.30631512 4.63358e-08 -2513764.0
1446544100000.0 -0.3069662 4.63358e-08 -2513764.0
1449611900000.0 -0.3076172 4.751173e-08 -2642639.0
1452679600000.0 -0.30826816 4.751173e-08 -2642639.0
1455748000000.0 -0.3089193 4.751173e-08 -2642639.0
1458815800000.0 -0.3095703 4.751173e-08 -2642639.0
1461883500000.0 -0.3102213 4.7795965e-08 -2722369.5
