morphology_data/1d_wa_a0.025_l4r1_00001.ecsv
# %ECSV 1.0
# ---
# datatype:
# - {name: b, datatype: float32}
# - {name: phase, datatype: float32}
# - {name: sigma, datatype: float32}
# - {name: vr, datatype: float32}
# meta: {lambda: 4, rp: 1.0, sep: 0.025, wind: a}
# schema: astropy-2.0
b phase sigma vr
-1177330300000.0 0.49967447 2.6486974e-10 1301382.9
-1175796300000.0 0.49902344 2.6486974e-10 1301382.9
-1174262400000.0 0.4983724 2.6486974e-10 1301382.9
-1172728300000.0 0.49772134 2.6486974e-10 1301382.9
-1171194400000.0 0.4970703 2.7843403e-10 1019068.7
-1169660400000.0 0.49641928 2.7843403e-10 1019068.7
-1168126500000.0 0.49576828 2.7843403e-10 1019068.7
-1166592400000.0 0.4951172 2.7843403e-10 1019068.7
-1165058500000.0 0.4944662 2.9048403e-10 805306.4
-1163524400000.0 0.49381506 2.9048403e-10 805306.4
-1161990500000.0 0.4931641 2.9048403e-10 805306.4
-1160456400000.0 0.49251297 2.9048403e-10 805306.4
-1158922500000.0 0.49186197 2.9922562e-10 649032.1
-1157388600000.0 0.49121094 2.9922562e-10 649032.1
-1155854500000.0 0.49055988 2.9922562e-10 649032.1
-1154320600000.0 0.48990884 2.9922562e-10 649032.1
-1152786600000.0 0.4892578 3.0408448e-10 547352.5
-1151252600000.0 0.48860675 3.0408448e-10 547352.5
-1149718600000.0 0.48795572 3.0408448e-10 547352.5
-1148184700000.0 0.4873047 3.0408448e-10 547352.5
-1146650800000.0 0.48665366 3.111007e-10 453052.88
-1145116700000.0 0.4860026 3.111007e-10 453052.88
-1143582800000.0 0.48535156 3.111007e-10 453052.88
-1142048800000.0 0.48470056 3.111007e-10 453052.88
-1140514800000.0 0.48404947 3.2111866e-10 361623.3
-1138980800000.0 0.48339847 3.2111866e-10 361623.3
-1137446700000.0 0.48274735 3.2111866e-10 361623.3
-1135912800000.0 0.48209637 3.2111866e-10 361623.3
-1134378700000.0 0.48144525 3.3240513e-10 289960.25
-1132844800000.0 0.48079422 3.3240513e-10 289960.25
-1131310900000.0 0.48014325 3.3240513e-10 289960.25
-1129776800000.0 0.47949213 3.3240513e-10 289960.25
-1128242900000.0 0.47884113 3.4477782e-10 230905.81
-1126709000000.0 0.4781901 3.4477782e-10 230905.81
-1125175000000.0 0.47753906 3.4477782e-10 230905.81
-1123640900000.0 0.476888 3.4477782e-10 230905.81
-1122107000000.0 0.47623697 3.5907505e-10 178461.52
-1120573000000.0 0.47558594 3.5907505e-10 178461.52
-1119039100000.0 0.47493497 3.5907505e-10 178461.52
-1117505000000.0 0.47428384 3.5907505e-10 178461.52
-1115971100000.0 0.47363284 3.750174e-10 137288.03
-1114437000000.0 0.47298175 3.750174e-10 137288.03
-1112903100000.0 0.47233072 3.750174e-10 137288.03
-1111369200000.0 0.47167972 3.750174e-10 137288.03
-1109835100000.0 0.47102863 3.915439e-10 107613.266
-1108301200000.0 0.47037762 3.915439e-10 107613.266
-1106767100000.0 0.4697265 3.915439e-10 107613.266
-1105233200000.0 0.46907553 3.915439e-10 107613.266
-1103699200000.0 0.4684245 4.082158e-10 76838.055
-1102165200000.0 0.46777344 4.082158e-10 76838.055
-1100631200000.0 0.4671224 4.082158e-10 76838.055
-1099097300000.0 0.46647137 4.082158e-10 76838.055
-1097563400000.0 0.46582034 4.2478568e-10 41673.22
-1096029300000.0 0.46516925 4.2478568e-10 41673.22
-1094495400000.0 0.46451822 4.2478568e-10 41673.22
-1092961400000.0 0.4638672 4.2478568e-10 41673.22
-1091427400000.0 0.46321613 4.3968798e-10 15366.012
-1089893400000.0 0.4625651 4.3968798e-10 15366.012
-1088359400000.0 0.46191406 4.3968798e-10 15366.012
-1086825370000.0 0.461263 4.3968798e-10 15366.012
-1085291400000.0 0.46061197 4.4541865e-10 44338.555
-1083757500000.0 0.45996094 4.4541865e-10 44338.555
-1082223500000.0 0.4593099 4.4541865e-10 44338.555
-1080689500000.0 0.45865884 4.4541865e-10 44338.555
-1079155560000.0 0.4580078 4.422936e-10 181571.12
-1077621560000.0 0.45735678 4.422936e-10 181571.12
-1076087600000.0 0.45670575 4.422936e-10 181571.12
-1074553550000.0 0.4560547 4.422936e-10 181571.12
-1073019600000.0 0.45540366 4.4323223e-10 356091.25
-1071485700000.0 0.45475262 4.4323223e-10 356091.25
-1069951600000.0 0.45410153 4.4323223e-10 356091.25
-1068417700000.0 0.45345053 4.4323223e-10 356091.25
-1066883700000.0 0.4527995 4.5332882e-10 495095.5
-1065349700000.0 0.4521484 4.5332882e-10 495095.5
-1063815700000.0 0.45149738 4.5332882e-10 495095.5
-1062281740000.0 0.45084634 4.5332882e-10 495095.5
-1060747800000.0 0.4501953 4.733801e-10 560163.0
-1059213740000.0 0.44954425 4.733801e-10 560163.0
-1057679800000.0 0.44889322 4.733801e-10 560163.0
-1056145870000.0 0.4482422 4.733801e-10 560163.0
-1054611870000.0 0.44759116 4.960119e-10 572390.7
-1053077860000.0 0.4469401 4.960119e-10 572390.7
-1051543860000.0 0.44628906 4.960119e-10 572390.7
-1050009900000.0 0.44563803 4.960119e-10 572390.7
-1048475860000.0 0.44498697 5.1346927e-10 537498.75
-1046941900000.0 0.44433594 5.1346927e-10 537498.75
-1045408000000.0 0.4436849 5.1346927e-10 537498.75
-1043873900000.0 0.44303384 5.1346927e-10 537498.75
-1042340000000.0 0.4423828 5.244258e-10 443879.1
-1040806000000.0 0.44173178 5.244258e-10 443879.1
-1039272050000.0 0.44108075 5.244258e-10 443879.1
-1037738000000.0 0.44042966 5.244258e-10 443879.1
-1036204050000.0 0.43977866 5.2998655e-10 292805.38
-1034670100000.0 0.43912762 5.2998655e-10 292805.38
-1033136200000.0 0.4384766 5.2998655e-10 292805.38
-1031602100000.0 0.4378255 5.2998655e-10 292805.38
-1030068200000.0 0.43717447 5.355639e-10 145616.28
-1028534200000.0 0.43652344 5.355639e-10 145616.28
-1027000200000.0 0.43587238 5.355639e-10 145616.28
-1025466200000.0 0.43522134 5.355639e-10 145616.28
-1023932240000.0 0.4345703 5.495931e-10 48822.5
-1022398200000.0 0.43391925 5.495931e-10 48822.5
-1020864230000.0 0.43326822 5.495931e-10 48822.5
-1019330300000.0 0.4326172 5.495931e-10 48822.5
-1017796300000.0 0.43196616 5.750798e-10 -16812.543
-1016262300000.0 0.4313151 5.750798e-10 -16812.543
-1014728300000.0 0.43066406 5.750798e-10 -16812.543
-1013194360000.0 0.43001303 5.750798e-10 -16812.543
-1011660400000.0 0.429362 6.135623e-10 -37307.32
-1010126360000.0 0.42871094 6.135623e-10 -37307.32
-1008592400000.0 0.4280599 6.135623e-10 -37307.32
-1007058500000.0 0.42740887 6.135623e-10 -37307.32
-1005524400000.0 0.42675778 6.661108e-10 3666.7568
-1003990500000.0 0.42610675 6.661108e-10 3666.7568
-1002456500000.0 0.42545575 6.661108e-10 3666.7568
-1000922500000.0 0.42480466 6.661108e-10 3666.7568
-999388500000.0 0.42415363 7.306551e-10 57953.48
-997854540000.0 0.4235026 7.306551e-10 57953.48
-996320600000.0 0.42285156 7.306551e-10 57953.48
-994786600000.0 0.42220053 7.306551e-10 57953.48
-993252600000.0 0.42154947 8.0856144e-10 133294.06
-991718700000.0 0.42089844 8.0856144e-10 133294.06
-990184700000.0 0.4202474 8.0856144e-10 133294.06
-988650700000.0 0.41959634 8.0856144e-10 133294.06
-987116670000.0 0.4189453 9.093838e-10 236957.62
-985582700000.0 0.41829428 9.093838e-10 236957.62
-984048660000.0 0.41764322 9.093838e-10 236957.62
-982514700000.0 0.4169922 9.093838e-10 236957.62
-980980800000.0 0.41634116 1.0437335e-09 342923.84
-979446700000.0 0.4156901 1.0437335e-09 342923.84
-977912860000.0 0.4150391 1.0437335e-09 342923.84
-976378800000.0 0.41438803 1.0437335e-09 342923.84
-974844800000.0 0.41373694 1.2190476e-09 430440.44
-973310900000.0 0.41308597 1.2190476e-09 430440.44
-971776850000.0 0.41243488 1.2190476e-09 430440.44
-970242900000.0 0.41178387 1.2190476e-09 430440.44
-968709000000.0 0.41113284 1.4486323e-09 500262.34
-967174900000.0 0.41048175 1.4486323e-09 500262.34
-965641000000.0 0.40983072 1.4486323e-09 500262.34
-964107000000.0 0.4091797 1.4486323e-09 500262.34
-962573000000.0 0.40852863 1.7276722e-09 557016.9
-961039000000.0 0.4078776 1.7276722e-09 557016.9
-959505040000.0 0.40722656 1.7276722e-09 557016.9
-957971000000.0 0.4065755 1.7276722e-09 557016.9
-956437100000.0 0.4059245 2.0608633e-09 630117.44
-954903100000.0 0.40527344 2.0608633e-09 630117.44
-953369030000.0 0.40462238 2.0608633e-09 630117.44
-951835160000.0 0.40397137 2.0608633e-09 630117.44
-950301100000.0 0.4033203 2.448051e-09 702616.2
-948767160000.0 0.40266928 2.448051e-09 702616.2
-947233200000.0 0.40201825 2.448051e-09 702616.2
-945699160000.0 0.4013672 2.448051e-09 702616.2
-944165200000.0 0.40071616 2.870438e-09 769567.2
-942631300000.0 0.40006512 2.870438e-09 769567.2
-941097200000.0 0.39941403 2.870438e-09 769567.2
-939563300000.0 0.398763 2.870438e-09 769567.2
-938029300000.0 0.39811197 3.3173435e-09 829023.94
-936495300000.0 0.3974609 3.3173435e-09 829023.94
-934961400000.0 0.39680994 3.3173435e-09 829023.94
-933427350000.0 0.39615884 3.3173435e-09 829023.94
-931893400000.0 0.3955078 3.785941e-09 885394.06
-930359400000.0 0.39485678 3.785941e-09 885394.06
-928825400000.0 0.39420572 3.785941e-09 885394.06
-927291400000.0 0.3935547 3.785941e-09 885394.06
-925757500000.0 0.39290366 4.269764e-09 948842.94
-924223500000.0 0.3922526 4.269764e-09 948842.94
-922689500000.0 0.39160156 4.269764e-09 948842.94
-921155530000.0 0.39095053 4.269764e-09 948842.94
-919621500000.0 0.39029947 4.747925e-09 1013711.44
-918087500000.0 0.38964844 4.747925e-09 1013711.44
-916553600000.0 0.3889974 4.747925e-09 1013711.44
-915019500000.0 0.38834634 4.747925e-09 1013711.44
-913485660000.0 0.38769534 5.2248734e-09 1075882.6
-911951600000.0 0.38704428 5.2248734e-09 1075882.6
-910417660000.0 0.38639325 5.2248734e-09 1075882.6
-908883700000.0 0.38574222 5.2248734e-09 1075882.6
-907349660000.0 0.38509113 5.710595e-09 1136767.6
-905815700000.0 0.3844401 5.710595e-09 1136767.6
-904281700000.0 0.3837891 5.710595e-09 1136767.6
-902747700000.0 0.383138 5.710595e-09 1136767.6
-901213800000.0 0.38248697 6.1991563e-09 1188505.9
-899679800000.0 0.38183594 6.1991563e-09 1188505.9
-898145800000.0 0.38118488 6.1991563e-09 1188505.9
-896611800000.0 0.38053384 6.1991563e-09 1188505.9
-895077840000.0 0.3798828 6.7290196e-09 1233768.5
-893543800000.0 0.37923175 6.7290196e-09 1233768.5
-892009900000.0 0.37858075 6.7290196e-09 1233768.5
-890475900000.0 0.3779297 6.7290196e-09 1233768.5
-888941900000.0 0.37727866 7.288475e-09 1273620.8
-887408000000.0 0.37662762 7.288475e-09 1273620.8
-885873900000.0 0.37597656 7.288475e-09 1273620.8
-884339970000.0 0.37532553 7.288475e-09 1273620.8
-882806000000.0 0.3746745 7.897063e-09 1306021.5
-881271960000.0 0.37402344 7.897063e-09 1306021.5
-879738000000.0 0.3733724 7.897063e-09 1306021.5
-878204100000.0 0.37272137 7.897063e-09 1306021.5
-876670000000.0 0.37207028 8.564881e-09 1337458.1
-875136100000.0 0.37141925 8.564881e-09 1337458.1
-873602100000.0 0.37076822 8.564881e-09 1337458.1
-872068100000.0 0.37011716 8.564881e-09 1337458.1
-870534200000.0 0.3694662 9.244662e-09 1369636.5
-869000150000.0 0.3688151 9.244662e-09 1369636.5
-867466200000.0 0.36816406 9.244662e-09 1369636.5
-865932200000.0 0.36751303 9.244662e-09 1369636.5
-864398200000.0 0.36686197 9.9541895e-09 1405463.9
-862864200000.0 0.36621094 9.9541895e-09 1405463.9
-861330300000.0 0.3655599 9.9541895e-09 1405463.9
-859796200000.0 0.36490884 9.9541895e-09 1405463.9
-858262300000.0 0.3642578 1.0663415e-08 1443244.8
-856728340000.0 0.36360678 1.0663415e-08 1443244.8
-855194300000.0 0.36295572 1.0663415e-08 1443244.8
-853660340000.0 0.3623047 1.0663415e-08 1443244.8
-852126400000.0 0.36165366 1.1362251e-08 1490019.6
-850592330000.0 0.3610026 1.1362251e-08 1490019.6
-849058460000.0 0.3603516 1.1362251e-08 1490019.6
-847524400000.0 0.35970053 1.1362251e-08 1490019.6
-845990460000.0 0.3590495 1.2030807e-08 1536152.8
-844456500000.0 0.35839847 1.2030807e-08 1536152.8
-842922460000.0 0.35774738 1.2030807e-08 1536152.8
-841388500000.0 0.35709634 1.2030807e-08 1536152.8
-839854500000.0 0.3564453 1.2650154e-08 1577284.9
-838320500000.0 0.35579425 1.2650154e-08 1577284.9
-836786600000.0 0.35514322 1.2650154e-08 1577284.9
-835252600000.0 0.3544922 1.2650154e-08 1577284.9
-833718600000.0 0.35384113 1.3216827e-08 1614835.6
-832184600000.0 0.3531901 1.3216827e-08 1614835.6
-830650650000.0 0.35253906 1.3216827e-08 1614835.6
-829116600000.0 0.351888 1.3216827e-08 1614835.6
-827582700000.0 0.351237 1.3720585e-08 1644831.2
-826048700000.0 0.35058594 1.3720585e-08 1644831.2
-824514700000.0 0.3499349 1.3720585e-08 1644831.2
-822980800000.0 0.34928387 1.3720585e-08 1644831.2
-821446700000.0 0.3486328 1.417897e-08 1669323.4
-819912800000.0 0.34798178 1.417897e-08 1669323.4
-818378830000.0 0.34733075 1.417897e-08 1669323.4
-816844800000.0 0.3466797 1.417897e-08 1669323.4
-815310800000.0 0.34602866 1.4610274e-08 1685919.9
-813776900000.0 0.34537762 1.4610274e-08 1685919.9
-812242800000.0 0.34472653 1.4610274e-08 1685919.9
-810708900000.0 0.3440755 1.4610274e-08 1685919.9
-809174900000.0 0.34342447 1.4994933e-08 1696221.6
-807640900000.0 0.3427734 1.4994933e-08 1696221.6
-806107000000.0 0.3421224 1.4994933e-08 1696221.6
-804572950000.0 0.34147134 1.4994933e-08 1696221.6
-803039000000.0 0.3408203 1.5379126e-08 1695435.1
-801505000000.0 0.34016928 1.5379126e-08 1695435.1
-799971000000.0 0.33951822 1.5379126e-08 1695435.1
-798437000000.0 0.3388672 1.5379126e-08 1695435.1
-796903100000.0 0.33821616 1.573829e-08 1693370.6
-795369000000.0 0.3375651 1.573829e-08 1693370.6
-793835100000.0 0.33691406 1.573829e-08 1693370.6
-792301140000.0 0.33626303 1.573829e-08 1693370.6
-790767100000.0 0.33561197 1.6093725e-08 1690553.6
-789233140000.0 0.33496094 1.6093725e-08 1690553.6
-787699200000.0 0.3343099 1.6093725e-08 1690553.6
-786165200000.0 0.33365887 1.6093725e-08 1690553.6
-784631200000.0 0.3330078 1.6448492e-08 1687816.9
-783097200000.0 0.33235678 1.6448492e-08 1687816.9
-781563270000.0 0.33170575 1.6448492e-08 1687816.9
-780029300000.0 0.33105472 1.6448492e-08 1687816.9
-778495260000.0 0.33040363 1.6855466e-08 1681822.1
-776961300000.0 0.3297526 1.6855466e-08 1681822.1
-775427300000.0 0.32910156 1.6855466e-08 1681822.1
-773893300000.0 0.3284505 1.6855466e-08 1681822.1
-772359300000.0 0.32779947 1.7324046e-08 1674808.5
-770825400000.0 0.32714844 1.7324046e-08 1674808.5
-769291400000.0 0.32649738 1.7324046e-08 1674808.5
-767757400000.0 0.32584634 1.7324046e-08 1674808.5
-766223450000.0 0.3251953 1.7789494e-08 1667628.8
-764689500000.0 0.32454428 1.7789494e-08 1667628.8
-763155450000.0 0.32389322 1.7789494e-08 1667628.8
-761621500000.0 0.3232422 1.7789494e-08 1667628.8
-760087500000.0 0.32259116 1.8298735e-08 1656823.0
-758553600000.0 0.32194012 1.8298735e-08 1656823.0
-757019500000.0 0.32128906 1.8298735e-08 1656823.0
-755485600000.0 0.32063803 1.8298735e-08 1656823.0
-753951640000.0 0.319987 1.8896111e-08 1644021.6
-752417600000.0 0.31933594 1.8896111e-08 1644021.6
-750883640000.0 0.3186849 1.8896111e-08 1644021.6
-749349700000.0 0.31803387 1.8896111e-08 1644021.6
-747815700000.0 0.31738284 1.9528027e-08 1632555.9
-746281700000.0 0.31673178 1.9528027e-08 1632555.9
-744747700000.0 0.31608072 1.9528027e-08 1632555.9
-743213760000.0 0.3154297 1.9528027e-08 1632555.9
-741679700000.0 0.31477863 2.0166592e-08 1619750.1
-740145760000.0 0.3141276 2.0166592e-08 1619750.1
-738611800000.0 0.31347656 2.0166592e-08 1619750.1
-737077800000.0 0.31282553 2.0166592e-08 1619750.1
-735543800000.0 0.31217447 2.0867217e-08 1609061.9
-734009800000.0 0.3115234 2.0867217e-08 1609061.9
-732475900000.0 0.3108724 2.0867217e-08 1609061.9
-730941800000.0 0.3102213 2.0867217e-08 1609061.9
-729407900000.0 0.3095703 2.1560835e-08 1604545.6
-727873950000.0 0.30891928 2.1560835e-08 1604545.6
-726339940000.0 0.30826822 2.1560835e-08 1604545.6
-724805940000.0 0.3076172 2.1560835e-08 1604545.6
-723272000000.0 0.30696616 2.2209825e-08 1598916.2
-721738000000.0 0.30631512 2.2209825e-08 1598916.2
-720204000000.0 0.30566406 2.2209825e-08 1598916.2
-718670000000.0 0.30501303 2.2209825e-08 1598916.2
-717136100000.0 0.304362 2.2801274e-08 1597024.8
-715602100000.0 0.30371094 2.2801274e-08 1597024.8
-714068070000.0 0.30305988 2.2801274e-08 1597024.8
-712534100000.0 0.30240884 2.2801274e-08 1597024.8
-711000100000.0 0.3017578 2.3400334e-08 1600917.0
-709466100000.0 0.30110675 2.3400334e-08 1600917.0
-707932100000.0 0.30045572 2.3400334e-08 1600917.0
-706398200000.0 0.2998047 2.3400334e-08 1600917.0
-704864200000.0 0.29915366 2.3930964e-08 1607189.1
-703330200000.0 0.2985026 2.3930964e-08 1607189.1
-701796250000.0 0.29785156 2.3930964e-08 1607189.1
-700262300000.0 0.29720056 2.3930964e-08 1607189.1
-698728250000.0 0.29654947 2.4333103e-08 1618000.4
-697194300000.0 0.29589847 2.4333103e-08 1618000.4
-695660300000.0 0.2952474 2.4333103e-08 1618000.4
-694126300000.0 0.29459634 2.4333103e-08 1618000.4
