morphology_data/1d_wa_a0.1_l8r2_00001.ecsv
# %ECSV 1.0
# ---
# datatype:
# - {name: b, datatype: float32}
# - {name: phase, datatype: float32}
# - {name: sigma, datatype: float32}
# - {name: vr, datatype: float32}
# meta: {lambda: 8, rp: 2.0, sep: 0.1, wind: a}
# schema: astropy-2.0
b phase sigma vr
[from data line 356]
-2524932500000.0 0.26790366 8.468402e-09 -50261.363
-2518796500000.0 0.2672526 8.468402e-09 -50261.363
-2512660500000.0 0.26660156 8.468402e-09 -50261.363
-2506524700000.0 0.26595053 8.468402e-09 -50261.363
-2500389000000.0 0.2652995 8.772418e-09 -42729.074
-2494253000000.0 0.26464844 8.772418e-09 -42729.074
-2488117000000.0 0.2639974 8.772418e-09 -42729.074
-2481981000000.0 0.26334634 8.772418e-09 -42729.074
-2475845000000.0 0.26269528 9.076184e-09 -30991.729
-2469709000000.0 0.26204425 9.076184e-09 -30991.729
-2463573200000.0 0.26139322 9.076184e-09 -30991.729
-2457437500000.0 0.2607422 9.076184e-09 -30991.729
-2451301500000.0 0.26009116 9.287937e-09 -21048.412
-2445165500000.0 0.2594401 9.287937e-09 -21048.412
-2439029700000.0 0.2587891 9.287937e-09 -21048.412
-2432893700000.0 0.25813803 9.287937e-09 -21048.412
-2426757700000.0 0.257487 9.576227e-09 -8771.084
-2420621700000.0 0.2568359 9.576227e-09 -8771.084
-2414486000000.0 0.2561849 9.576227e-09 -8771.084
-2408350000000.0 0.25553384 9.576227e-09 -8771.084
-2402214000000.0 0.2548828 9.877526e-09 -5102.6577
-2396078200000.0 0.25423178 9.877526e-09 -5102.6577
-2389942200000.0 0.25358072 9.877526e-09 -5102.6577
-2383806200000.0 0.2529297 9.877526e-09 -5102.6577
-2377670500000.0 0.25227866 1.0227922e-08 8465.724
-2371534500000.0 0.25162762 1.0227922e-08 8465.724
-2365398500000.0 0.25097656 1.0227922e-08 8465.724
-2359262400000.0 0.2503255 1.0227922e-08 8465.724
-2353126700000.0 0.24967448 1.0444361e-08 12780.066
-2346990700000.0 0.24902344 1.0444361e-08 12780.066
-2340854700000.0 0.24837239 1.0444361e-08 12780.066
-2334719000000.0 0.24772136 1.0444361e-08 12780.066
-2328583000000.0 0.2470703 1.0829613e-08 23593.553
-2322447000000.0 0.24641925 1.0829613e-08 23593.553
-2316311000000.0 0.2457682 1.0829613e-08 23593.553
-2310175200000.0 0.24511719 1.0829613e-08 23593.553
-2304039200000.0 0.24446614 1.1131888e-08 23964.37
-2297903200000.0 0.2438151 1.1131888e-08 23964.37
-2291767400000.0 0.24316406 1.1131888e-08 23964.37
-2285631700000.0 0.24251305 1.1131888e-08 23964.37
-2279495700000.0 0.241862 1.14714584e-08 36203.652
-2273359700000.0 0.24121095 1.14714584e-08 36203.652
-2267223700000.0 0.2405599 1.14714584e-08 36203.652
-2261087700000.0 0.23990884 1.14714584e-08 36203.652
-2254951700000.0 0.2392578 1.170841e-08 35877.133
-2248816000000.0 0.23860677 1.170841e-08 35877.133
-2242680200000.0 0.23795573 1.170841e-08 35877.133
-2236544200000.0 0.23730469 1.170841e-08 35877.133
-2230408200000.0 0.23665364 1.2147722e-08 42142.21
-2224272200000.0 0.2360026 1.2147722e-08 42142.21
-2218136200000.0 0.23535155 1.2147722e-08 42142.21
-2212000200000.0 0.23470049 1.2147722e-08 42142.21
-2205864400000.0 0.23404948 1.2441598e-08 41220.402
-2199728700000.0 0.23339845 1.2441598e-08 41220.402
-2193592700000.0 0.23274739 1.2441598e-08 41220.402
-2187456700000.0 0.23209634 1.2441598e-08 41220.402
-2181320800000.0 0.23144531 1.2772148e-08 47309.67
-2175184800000.0 0.23079427 1.2772148e-08 47309.67
-2169048800000.0 0.23014322 1.2772148e-08 47309.67
-2162913000000.0 0.22949219 1.2772148e-08 47309.67
-2156777200000.0 0.22884116 1.30277655e-08 44221.47
-2150641200000.0 0.22819011 1.30277655e-08 44221.47
-2144505200000.0 0.22753906 1.30277655e-08 44221.47
-2138369300000.0 0.22688803 1.30277655e-08 44221.47
-2132233400000.0 0.22623697 1.3475626e-08 45179.203
-2126097400000.0 0.22558592 1.3475626e-08 45179.203
-2119961500000.0 0.22493489 1.3475626e-08 45179.203
-2113825700000.0 0.22428386 1.3475626e-08 45179.203
-2107689700000.0 0.22363281 1.3663924e-08 43740.48
-2101553700000.0 0.22298177 1.3663924e-08 43740.48
-2095417900000.0 0.22233073 1.3663924e-08 43740.48
-2089281900000.0 0.22167969 1.3663924e-08 43740.48
-2083145900000.0 0.22102864 1.3990142e-08 44172.832
-2077010000000.0 0.22037761 1.3990142e-08 44172.832
-2070874300000.0 0.21972658 1.3990142e-08 44172.832
-2064738300000.0 0.21907552 1.3990142e-08 44172.832
-2058602300000.0 0.21842447 1.4210883e-08 38555.227
-2052466400000.0 0.21777344 1.4210883e-08 38555.227
-2046330400000.0 0.21712239 1.4210883e-08 38555.227
-2040194400000.0 0.21647134 1.4210883e-08 38555.227
-2034058700000.0 0.21582031 1.4587713e-08 37424.367
-2027922800000.0 0.21516928 1.4587713e-08 37424.367
-2021786800000.0 0.21451823 1.4587713e-08 37424.367
-2015650800000.0 0.21386719 1.4587713e-08 37424.367
-2009514900000.0 0.21321616 1.46940495e-08 32335.24
-2003379000000.0 0.2125651 1.46940495e-08 32335.24
-1997243000000.0 0.21191405 1.46940495e-08 32335.24
-1991107100000.0 0.21126302 1.46940495e-08 32335.24
-1984971300000.0 0.21061198 1.5016393e-08 31688.814
-1978835300000.0 0.20996094 1.5016393e-08 31688.814
-1972699300000.0 0.20930989 1.5016393e-08 31688.814
-1966563500000.0 0.20865886 1.5016393e-08 31688.814
-1960427500000.0 0.20800781 1.5184495e-08 22322.44
-1954291500000.0 0.20735677 1.5184495e-08 22322.44
-1948155600000.0 0.20670573 1.5184495e-08 22322.44
-1942019900000.0 0.2060547 1.5184495e-08 22322.44
-1935883900000.0 0.20540364 1.5554546e-08 22260.037
-1929747900000.0 0.2047526 1.5554546e-08 22260.037
-1923612000000.0 0.20410156 1.5554546e-08 22260.037
-1917476300000.0 0.20345053 1.5554546e-08 22260.037
-1911340000000.0 0.20279947 1.5624236e-08 13954.159
-1905204300000.0 0.20214844 1.5624236e-08 13954.159
-1899068400000.0 0.2014974 1.5624236e-08 13954.159
-1892932400000.0 0.20084636 1.5624236e-08 13954.159
-1886796400000.0 0.20019531 1.594522e-08 13366.879
-1880660500000.0 0.19954428 1.594522e-08 13366.879
-1874524800000.0 0.19889325 1.594522e-08 13366.879
-1868388600000.0 0.19824217 1.594522e-08 13366.879
-1862252800000.0 0.19759114 1.609862e-08 4464.267
-1856116900000.0 0.19694011 1.609862e-08 4464.267
-1849980900000.0 0.19628906 1.609862e-08 4464.267
-1843844900000.0 0.19563802 1.609862e-08 4464.267
-1837709100000.0 0.19498698 1.6341923e-08 6983.855
-1831573300000.0 0.19433595 1.6341923e-08 6983.855
-1825437100000.0 0.19368488 1.6341923e-08 6983.855
-1819301200000.0 0.19303386 1.6341923e-08 6983.855
-1813165500000.0 0.19238283 1.636064e-08 -1354.8049
-1807029500000.0 0.19173177 1.636064e-08 -1354.8049
-1800893500000.0 0.19108072 1.636064e-08 -1354.8049
-1794757600000.0 0.19042969 1.636064e-08 -1354.8049
-1788621800000.0 0.18977866 1.6592114e-08 1565.9269
-1782485600000.0 0.1891276 1.6592114e-08 1565.9269
-1776349900000.0 0.18847656 1.6592114e-08 1565.9269
-1770214000000.0 0.18782553 1.6592114e-08 1565.9269
-1764078000000.0 0.18717448 1.6690352e-08 -6722.4697
-1757942000000.0 0.18652342 1.6690352e-08 -6722.4697
-1751806100000.0 0.1858724 1.6690352e-08 -6722.4697
-1745670400000.0 0.18522137 1.6690352e-08 -6722.4697
-1739534100000.0 0.1845703 1.6826373e-08 482.0342
-1733398400000.0 0.18391927 1.6826373e-08 482.0342
-1727262500000.0 0.18326823 1.6826373e-08 482.0342
-1721126500000.0 0.18261719 1.6826373e-08 482.0342
-1714990700000.0 0.18196616 1.6921252e-08 -8265.454
-1708854700000.0 0.18131511 1.6921252e-08 -8265.454
-1702718900000.0 0.18066408 1.6921252e-08 -8265.454
-1696582700000.0 0.180013 1.6921252e-08 -8265.454
-1690446900000.0 0.17936198 1.7121325e-08 -3513.1997
-1684311100000.0 0.17871095 1.7121325e-08 -3513.1997
-1678174800000.0 0.17805988 1.7121325e-08 -3513.1997
-1672039400000.0 0.17740889 1.7121325e-08 -3513.1997
-1665903200000.0 0.17675781 1.7366578e-08 -12268.37
-1659767100000.0 0.17610675 1.7366578e-08 -12268.37
-1653631600000.0 0.17545575 1.7366578e-08 -12268.37
-1647495500000.0 0.17480469 1.7366578e-08 -12268.37
-1641359200000.0 0.17415361 1.7519403e-08 -3360.2117
-1635223700000.0 0.17350262 1.7519403e-08 -3360.2117
-1629087600000.0 0.17285155 1.7519403e-08 -3360.2117
-1622951700000.0 0.17220053 1.7519403e-08 -3360.2117
-1616816000000.0 0.1715495 1.7825766e-08 -12388.526
-1610679700000.0 0.17089842 1.7825766e-08 -12388.526
-1604544000000.0 0.17024739 1.7825766e-08 -12388.526
-1598408100000.0 0.16959636 1.7825766e-08 -12388.526
-1592272000000.0 0.1689453 1.8139136e-08 -3784.397
-1586136500000.0 0.1682943 1.8139136e-08 -3784.397
-1580000300000.0 0.16764323 1.8139136e-08 -3784.397
-1573864100000.0 0.16699216 1.8139136e-08 -3784.397
-1567728700000.0 0.16634117 1.8563597e-08 10118.683
-1561592500000.0 0.1656901 1.8563597e-08 10118.683
-1555456300000.0 0.16503903 1.8563597e-08 10118.683
-1549320800000.0 0.16438805 1.8563597e-08 10118.683
-1543184700000.0 0.16373697 1.8909363e-08 10534.273
-1537048800000.0 0.16308594 1.8909363e-08 10534.273
-1530913000000.0 0.1624349 1.8909363e-08 10534.273
-1524776800000.0 0.16178384 1.8909363e-08 10534.273
-1518641100000.0 0.16113281 1.93115e-08 15855.126
-1512505200000.0 0.16048178 1.93115e-08 15855.126
-1506369100000.0 0.1598307 1.93115e-08 15855.126
-1500233600000.0 0.15917972 1.93115e-08 15855.126
-1494097300000.0 0.15852864 1.981306e-08 21373.607
-1487961200000.0 0.15787758 1.981306e-08 21373.607
-1481825700000.0 0.15722659 1.981306e-08 21373.607
-1475689600000.0 0.15657552 1.981306e-08 21373.607
-1469553400000.0 0.15592445 2.0220497e-08 29837.492
-1463418000000.0 0.15527347 2.0220497e-08 29837.492
-1457281700000.0 0.15462239 2.0220497e-08 29837.492
-1451146000000.0 0.15397136 2.0220497e-08 29837.492
-1445010100000.0 0.15332033 2.073486e-08 37474.59
-1438874000000.0 0.15266925 2.073486e-08 37474.59
-1432738100000.0 0.15201822 2.073486e-08 37474.59
-1426602300000.0 0.1513672 2.073486e-08 37474.59
-1420466000000.0 0.15071613 2.1194017e-08 44948.797
-1414330600000.0 0.15006512 2.1194017e-08 44948.797
-1408194400000.0 0.14941406 2.1194017e-08 44948.797
-1402058300000.0 0.148763 2.1194017e-08 44948.797
-1395922800000.0 0.148112 2.1716472e-08 53562.52
-1389786600000.0 0.14746092 2.1716472e-08 53562.52
-1383650400000.0 0.14680986 2.1716472e-08 53562.52
-1377515000000.0 0.14615887 2.1716472e-08 53562.52
-1371378800000.0 0.1455078 2.2084208e-08 60192.44
-1365243000000.0 0.14485677 2.2084208e-08 60192.44
-1359107200000.0 0.14420575 2.2084208e-08 60192.44
-1352970900000.0 0.14355466 2.2084208e-08 60192.44
-1346835200000.0 0.14290364 2.2550086e-08 67839.56
-1340699300000.0 0.14225261 2.2550086e-08 67839.56
-1334563200000.0 0.14160155 2.2550086e-08 67839.56
-1328427700000.0 0.14095055 2.2550086e-08 67839.56
-1322291600000.0 0.14029948 2.296054e-08 73315.33
-1316155300000.0 0.13964841 2.296054e-08 73315.33
-1310019800000.0 0.1389974 2.296054e-08 73315.33
-1303883700000.0 0.13834634 2.296054e-08 73315.33
-1297747500000.0 0.13769528 2.3268756e-08 80045.375
-1291612000000.0 0.1370443 2.3268756e-08 80045.375
-1285475900000.0 0.13639323 2.3268756e-08 80045.375
-1279340000000.0 0.13574219 2.3268756e-08 80045.375
-1273204200000.0 0.13509116 2.3454227e-08 79339.21
-1267068000000.0 0.1344401 2.3454227e-08 79339.21
-1260932200000.0 0.13378905 2.3454227e-08 79339.21
-1254796400000.0 0.13313803 2.3454227e-08 79339.21
-1248660300000.0 0.13248697 2.3762027e-08 76919.04
-1242524800000.0 0.13183598 2.3762027e-08 76919.04
-1236388500000.0 0.13118489 2.3762027e-08 76919.04
-1230252400000.0 0.13053383 2.3762027e-08 76919.04
-1224116900000.0 0.12988284 2.400747e-08 74393.23
-1217980800000.0 0.12923177 2.400747e-08 74393.23
-1211844500000.0 0.12858069 2.400747e-08 74393.23
-1205709200000.0 0.12792972 2.400747e-08 74393.23
-1199572900000.0 0.12727864 2.3882205e-08 64806.066
-1193437200000.0 0.12662761 2.3882205e-08 64806.066
-1187301300000.0 0.12597658 2.3882205e-08 64806.066
-1181165200000.0 0.1253255 2.3882205e-08 64806.066
-1175029300000.0 0.12467448 2.419695e-08 56221.777
-1168893500000.0 0.12402345 2.419695e-08 56221.777
-1162757300000.0 0.123372376 2.419695e-08 56221.777
-1156621800000.0 0.12272138 2.419695e-08 56221.777
-1150485700000.0 0.12207031 2.4447512e-08 47923.117
-1144349500000.0 0.12141925 2.4447512e-08 47923.117
-1138214000000.0 0.12076825 2.4447512e-08 47923.117
-1132077800000.0 0.12011717 2.4447512e-08 47923.117
-1125941600000.0 0.11946611 2.4413499e-08 40218.156
-1119806200000.0 0.118815124 2.4413499e-08 40218.156
-1113670000000.0 0.118164055 2.4413499e-08 40218.156
-1107534200000.0 0.11751302 2.4413499e-08 40218.156
-1101398400000.0 0.11686199 2.4380851e-08 23970.26
-1095262200000.0 0.11621092 2.4380851e-08 23970.26
-1089126400000.0 0.11555989 2.4380851e-08 23970.26
-1082990500000.0 0.11490886 2.4380851e-08 23970.26
-1076854400000.0 0.11425779 2.4587878e-08 6356.559
-1070718900000.0 0.113606796 2.4587878e-08 6356.559
-1064582700000.0 0.11295573 2.4587878e-08 6356.559
-1058446600000.0 0.11230466 2.4587878e-08 6356.559
-1052311100000.0 0.11165367 2.4691145e-08 -4606.6445
-1046174900000.0 0.1110026 2.4691145e-08 -4606.6445
-1040038700000.0 0.11035153 2.4691145e-08 -4606.6445
-1033903300000.0 0.10970054 2.4691145e-08 -4606.6445
-1027767100000.0 0.10904947 2.4410342e-08 -28678.982
-1021631270000.0 0.10839844 2.4410342e-08 -28678.982
-1015495460000.0 0.107747406 2.4410342e-08 -28678.982
-1009359260000.0 0.10709634 2.4410342e-08 -28678.982
-1003223450000.0 0.106445305 2.452491e-08 -55593.23
-997087640000.0 0.10579427 2.452491e-08 -55593.23
-990951440000.0 0.10514321 2.452491e-08 -55593.23
-984815960000.0 0.10449222 2.452491e-08 -55593.23
-978679800000.0 0.10384115 2.4691959e-08 -68567.234
-972543600000.0 0.10319008 2.4691959e-08 -68567.234
-966408140000.0 0.102539085 2.4691959e-08 -68567.234
-960271940000.0 0.101888016 2.4691959e-08 -68567.234
-954135800000.0 0.10123695 2.4927553e-08 -81427.8
-948000300000.0 0.10058595 2.4927553e-08 -81427.8
-941864100000.0 0.09993488 2.4927553e-08 -81427.8
-935728300000.0 0.09928385 2.4927553e-08 -81427.8
-929592500000.0 0.09863283 2.5468298e-08 -87108.35
-923456300000.0 0.09798176 2.5468298e-08 -87108.35
-917320500000.0 0.09733073 2.5468298e-08 -87108.35
-911184700000.0 0.096679695 2.5468298e-08 -87108.35
-905048500000.0 0.096028626 2.5912197e-08 -89619.51
-898913000000.0 0.09537763 2.5912197e-08 -89619.51
-892776900000.0 0.09472656 2.5912197e-08 -89619.51
-886640700000.0 0.09407549 2.5912197e-08 -89619.51
-880505200000.0 0.0934245 2.6342718e-08 -97981.25
-874369060000.0 0.09277343 2.6342718e-08 -97981.25
-868232860000.0 0.09212236 2.6342718e-08 -97981.25
-862097400000.0 0.091471374 2.6342718e-08 -97981.25
-855961240000.0 0.090820305 2.6505928e-08 -130916.77
-849825370000.0 0.09016927 2.6505928e-08 -130916.77
-843689560000.0 0.08951824 2.6505928e-08 -130916.77
-837553400000.0 0.08886717 2.6505928e-08 -130916.77
-831417550000.0 0.08821614 2.5991756e-08 -155134.94
-825281740000.0 0.08756511 2.5991756e-08 -155134.94
-819145600000.0 0.08691404 2.5991756e-08 -155134.94
-813010100000.0 0.086263046 2.5991756e-08 -155134.94
-806873900000.0 0.08561198 2.6737084e-08 -116510.08
-800737700000.0 0.08496091 2.6737084e-08 -116510.08
-794602300000.0 0.08430992 2.6737084e-08 -116510.08
-788466100000.0 0.08365885 2.6737084e-08 -116510.08
-782330300000.0 0.08300782 2.738956e-08 -183239.28
-776194500000.0 0.08235679 2.738956e-08 -183239.28
-770058300000.0 0.08170572 2.7432161e-08 -199080.39
-763922500000.0 0.08105469 2.7432161e-08 -199080.39
-757786700000.0 0.080403656 2.7235187e-08 -211252.16
-751650500000.0 0.07975259 2.7235187e-08 -211252.16
-745515000000.0 0.07910159 2.738941e-08 -232255.98
-739378800000.0 0.07845052 2.738941e-08 -232255.98
-733242650000.0 0.077799454 2.7394035e-08 -246233.73
-727107200000.0 0.07714847 2.7394035e-08 -246233.73
-720971000000.0 0.07649739 2.7583734e-08 -264322.38
-714834840000.0 0.07584633 2.7583734e-08 -264322.38
-708699360000.0 0.075195335 2.771214e-08 -278105.8
-702563160000.0 0.07454426 2.771214e-08 -278105.8
-696427350000.0 0.073893234 2.8188948e-08 -290286.38
-690291540000.0 0.0732422 2.8188948e-08 -290286.38
-684155340000.0 0.07259113 2.8520027e-08 -286878.5
-678019500000.0 0.0719401 2.8520027e-08 -286878.5
-671883700000.0 0.07128907 2.8955338e-08 -279209.5
-665747500000.0 0.070638 2.8955338e-08 -279209.5
-659612040000.0 0.06998701 2.9208795e-08 -259607.1
-653475900000.0 0.069335945 2.9208795e-08 -259607.1
-647339700000.0 0.068684876 2.9525696e-08 -253827.8
-641204200000.0 0.068033874 2.9525696e-08 -253827.8
-635068100000.0 0.06738281 2.9659741e-08 -232782.81
-628931900000.0 0.06673174 2.9659741e-08 -232782.81
