morphology_data/1d_wb_a0.025_l2r2_00001.ecsv
# %ECSV 1.0
# ---
# datatype:
# - {name: b, datatype: float32}
# - {name: phase, datatype: float32}
# - {name: sigma, datatype: float32}
# - {name: vr, datatype: float32}
# meta: {lambda: 2, rp: 2.0, sep: 0.025, wind: b}
# schema: astropy-2.0
b phase sigma vr
-1177330300000.0 0.49967447 3.8032932e-10 -2659392.0
-1175796300000.0 0.49902344 3.8032932e-10 -2659392.0
-1174262400000.0 0.4983724 3.8032932e-10 -2659392.0
-1172728300000.0 0.49772134 3.8032932e-10 -2659392.0
-1171194400000.0 0.4970703 2.3401653e-10 -4102589.5
-1169660400000.0 0.49641928 2.3401653e-10 -4102589.5
-1168126500000.0 0.49576828 2.3401653e-10 -4102589.5
-1166592400000.0 0.4951172 2.3401653e-10 -4102589.5
-1165058500000.0 0.4944662 1.6126171e-10 -4984029.0
-1163524400000.0 0.49381506 1.6126171e-10 -4984029.0
-1161990500000.0 0.4931641 1.6126171e-10 -4984029.0
-1160456400000.0 0.49251297 1.6126171e-10 -4984029.0
-1158922500000.0 0.49186197 1.3113545e-10 -5449411.5
-1157388600000.0 0.49121094 1.3113545e-10 -5449411.5
-1155854500000.0 0.49055988 1.3113545e-10 -5449411.5
-1154320600000.0 0.48990884 1.3113545e-10 -5449411.5
-1152786600000.0 0.4892578 1.1897082e-10 -5672887.0
-1151252600000.0 0.48860675 1.1897082e-10 -5672887.0
-1149718600000.0 0.48795572 1.1897082e-10 -5672887.0
-1148184700000.0 0.4873047 1.1897082e-10 -5672887.0
-1146650800000.0 0.48665366 1.1287514e-10 -5803679.5
-1145116700000.0 0.4860026 1.1287514e-10 -5803679.5
-1143582800000.0 0.48535156 1.1287514e-10 -5803679.5
-1142048800000.0 0.48470056 1.1287514e-10 -5803679.5
-1140514800000.0 0.48404947 1.0961329e-10 -5913328.0
-1138980800000.0 0.48339847 1.0961329e-10 -5913328.0
-1137446700000.0 0.48274735 1.0961329e-10 -5913328.0
-1135912800000.0 0.48209637 1.0961329e-10 -5913328.0
-1134378700000.0 0.48144525 1.06119e-10 -6031932.5
-1132844800000.0 0.48079422 1.06119e-10 -6031932.5
-1131310900000.0 0.48014325 1.06119e-10 -6031932.5
-1129776800000.0 0.47949213 1.06119e-10 -6031932.5
-1128242900000.0 0.47884113 1.0241151e-10 -6103683.0
-1126709000000.0 0.4781901 1.0241151e-10 -6103683.0
-1125175000000.0 0.47753906 1.0241151e-10 -6103683.0
-1123640900000.0 0.476888 1.0241151e-10 -6103683.0
-1122107000000.0 0.47623697 1.01404385e-10 -6060680.0
-1120573000000.0 0.47558594 1.01404385e-10 -6060680.0
-1119039100000.0 0.47493497 1.01404385e-10 -6060680.0
-1117505000000.0 0.47428384 1.01404385e-10 -6060680.0
-1115971100000.0 0.47363284 1.0329891e-10 -5926295.5
-1114437000000.0 0.47298175 1.0329891e-10 -5926295.5
-1112903100000.0 0.47233072 1.0329891e-10 -5926295.5
-1111369200000.0 0.47167972 1.0329891e-10 -5926295.5
-1109835100000.0 0.47102863 1.06855025e-10 -5741559.0
-1108301200000.0 0.47037762 1.06855025e-10 -5741559.0
-1106767100000.0 0.4697265 1.06855025e-10 -5741559.0
-1105233200000.0 0.46907553 1.06855025e-10 -5741559.0
-1103699200000.0 0.4684245 1.1139207e-10 -5524766.0
-1102165200000.0 0.46777344 1.1139207e-10 -5524766.0
-1100631200000.0 0.4671224 1.1139207e-10 -5524766.0
-1099097300000.0 0.46647137 1.1139207e-10 -5524766.0
-1097563400000.0 0.46582034 1.1677473e-10 -5282292.0
-1096029300000.0 0.46516925 1.1677473e-10 -5282292.0
-1094495400000.0 0.46451822 1.1677473e-10 -5282292.0
-1092961400000.0 0.4638672 1.1677473e-10 -5282292.0
-1091427400000.0 0.46321613 1.2300402e-10 -5011380.5
-1089893400000.0 0.4625651 1.2300402e-10 -5011380.5
-1088359400000.0 0.46191406 1.2300402e-10 -5011380.5
-1086825370000.0 0.461263 1.2300402e-10 -5011380.5
-1085291400000.0 0.46061197 1.2969162e-10 -4672193.0
-1083757500000.0 0.45996094 1.2969162e-10 -4672193.0
-1082223500000.0 0.4593099 1.2969162e-10 -4672193.0
-1080689500000.0 0.45865884 1.2969162e-10 -4672193.0
-1079155560000.0 0.4580078 1.3708262e-10 -4259282.5
-1077621560000.0 0.45735678 1.3708262e-10 -4259282.5
-1076087600000.0 0.45670575 1.3708262e-10 -4259282.5
-1074553550000.0 0.4560547 1.3708262e-10 -4259282.5
-1073019600000.0 0.45540366 1.4626558e-10 -3824776.2
-1071485700000.0 0.45475262 1.4626558e-10 -3824776.2
-1069951600000.0 0.45410153 1.4626558e-10 -3824776.2
-1068417700000.0 0.45345053 1.4626558e-10 -3824776.2
-1066883700000.0 0.4527995 1.5811599e-10 -3407747.0
-1065349700000.0 0.4521484 1.5811599e-10 -3407747.0
-1063815700000.0 0.45149738 1.5811599e-10 -3407747.0
-1062281740000.0 0.45084634 1.5811599e-10 -3407747.0
-1060747800000.0 0.4501953 1.7235649e-10 -3029254.5
-1059213740000.0 0.44954425 1.7235649e-10 -3029254.5
-1057679800000.0 0.44889322 1.7235649e-10 -3029254.5
-1056145870000.0 0.4482422 1.7235649e-10 -3029254.5
-1054611870000.0 0.44759116 1.8842233e-10 -2701261.8
-1053077860000.0 0.4469401 1.8842233e-10 -2701261.8
-1051543860000.0 0.44628906 1.8842233e-10 -2701261.8
-1050009900000.0 0.44563803 1.8842233e-10 -2701261.8
-1048475860000.0 0.44498697 2.0570201e-10 -2423734.8
-1046941900000.0 0.44433594 2.0570201e-10 -2423734.8
-1045408000000.0 0.4436849 2.0570201e-10 -2423734.8
-1043873900000.0 0.44303384 2.0570201e-10 -2423734.8
-1042340000000.0 0.4423828 2.2432198e-10 -2176166.8
-1040806000000.0 0.44173178 2.2432198e-10 -2176166.8
-1039272050000.0 0.44108075 2.2432198e-10 -2176166.8
-1037738000000.0 0.44042966 2.2432198e-10 -2176166.8
-1036204050000.0 0.43977866 2.4248517e-10 -1929778.2
-1034670100000.0 0.43912762 2.4248517e-10 -1929778.2
-1033136200000.0 0.4384766 2.4248517e-10 -1929778.2
-1031602100000.0 0.4378255 2.4248517e-10 -1929778.2
-1030068200000.0 0.43717447 2.5618224e-10 -1651660.8
-1028534200000.0 0.43652344 2.5618224e-10 -1651660.8
-1027000200000.0 0.43587238 2.5618224e-10 -1651660.8
-1025466200000.0 0.43522134 2.5618224e-10 -1651660.8
-1023932240000.0 0.4345703 2.673985e-10 -1328880.1
-1022398200000.0 0.43391925 2.673985e-10 -1328880.1
-1020864230000.0 0.43326822 2.673985e-10 -1328880.1
-1019330300000.0 0.4326172 2.673985e-10 -1328880.1
-1017796300000.0 0.43196616 2.797239e-10 -1035586.94
-1016262300000.0 0.4313151 2.797239e-10 -1035586.94
-1014728300000.0 0.43066406 2.797239e-10 -1035586.94
-1013194360000.0 0.43001303 2.797239e-10 -1035586.94
-1011660400000.0 0.429362 2.9189987e-10 -832787.5
-1010126360000.0 0.42871094 2.9189987e-10 -832787.5
-1008592400000.0 0.4280599 2.9189987e-10 -832787.5
-1007058500000.0 0.42740887 2.9189987e-10 -832787.5
-1005524400000.0 0.42675778 3.0064756e-10 -724827.2
-1003990500000.0 0.42610675 3.0064756e-10 -724827.2
-1002456500000.0 0.42545575 3.0064756e-10 -724827.2
-1000922500000.0 0.42480466 3.0064756e-10 -724827.2
-999388500000.0 0.42415363 2.9942682e-10 -703764.7
-997854540000.0 0.4235026 2.9942682e-10 -703764.7
-996320600000.0 0.42285156 2.9942682e-10 -703764.7
-994786600000.0 0.42220053 2.9942682e-10 -703764.7
-993252600000.0 0.42154947 2.902255e-10 -695462.6
-991718700000.0 0.42089844 2.902255e-10 -695462.6
-990184700000.0 0.4202474 2.902255e-10 -695462.6
-988650700000.0 0.41959634 2.902255e-10 -695462.6
-987116670000.0 0.4189453 2.8313057e-10 -656448.9
-985582700000.0 0.41829428 2.8313057e-10 -656448.9
-984048660000.0 0.41764322 2.8313057e-10 -656448.9
-982514700000.0 0.4169922 2.8313057e-10 -656448.9
-980980800000.0 0.41634116 2.8324326e-10 -602423.3
-979446700000.0 0.4156901 2.8324326e-10 -602423.3
-977912860000.0 0.4150391 2.8324326e-10 -602423.3
-976378800000.0 0.41438803 2.8324326e-10 -602423.3
-974844800000.0 0.41373694 2.8918964e-10 -544276.7
-973310900000.0 0.41308597 2.8918964e-10 -544276.7
-971776850000.0 0.41243488 2.8918964e-10 -544276.7
-970242900000.0 0.41178387 2.8918964e-10 -544276.7
-968709000000.0 0.41113284 2.9346753e-10 -521772.25
-967174900000.0 0.41048175 2.9346753e-10 -521772.25
-965641000000.0 0.40983072 2.9346753e-10 -521772.25
-964107000000.0 0.4091797 2.9346753e-10 -521772.25
-962573000000.0 0.40852863 2.9249303e-10 -556755.1
-961039000000.0 0.4078776 2.9249303e-10 -556755.1
-959505040000.0 0.40722656 2.9249303e-10 -556755.1
-957971000000.0 0.4065755 2.9249303e-10 -556755.1
-956437100000.0 0.4059245 2.873954e-10 -664976.5
-954903100000.0 0.40527344 2.873954e-10 -664976.5
-953369030000.0 0.40462238 2.873954e-10 -664976.5
-951835160000.0 0.40397137 2.873954e-10 -664976.5
-950301100000.0 0.4033203 2.757307e-10 -821036.1
-948767160000.0 0.40266928 2.757307e-10 -821036.1
-947233200000.0 0.40201825 2.757307e-10 -821036.1
-945699160000.0 0.4013672 2.757307e-10 -821036.1
-944165200000.0 0.40071616 2.6318583e-10 -915440.06
-942631300000.0 0.40006512 2.6318583e-10 -915440.06
-941097200000.0 0.39941403 2.6318583e-10 -915440.06
-939563300000.0 0.398763 2.6318583e-10 -915440.06
-938029300000.0 0.39811197 2.5634872e-10 -885968.06
-936495300000.0 0.3974609 2.5634872e-10 -885968.06
-934961400000.0 0.39680994 2.5634872e-10 -885968.06
-933427350000.0 0.39615884 2.5634872e-10 -885968.06
-931893400000.0 0.3955078 2.5321692e-10 -776772.56
-930359400000.0 0.39485678 2.5321692e-10 -776772.56
-928825400000.0 0.39420572 2.5321692e-10 -776772.56
-927291400000.0 0.3935547 2.5321692e-10 -776772.56
-925757500000.0 0.39290366 2.4945468e-10 -639906.8
-924223500000.0 0.3922526 2.4945468e-10 -639906.8
-922689500000.0 0.39160156 2.4945468e-10 -639906.8
-921155530000.0 0.39095053 2.4945468e-10 -639906.8
-919621500000.0 0.39029947 2.4390348e-10 -526155.7
-918087500000.0 0.38964844 2.4390348e-10 -526155.7
-916553600000.0 0.3889974 2.4390348e-10 -526155.7
-915019500000.0 0.38834634 2.4390348e-10 -526155.7
-913485660000.0 0.38769534 2.3638794e-10 -493670.75
-911951600000.0 0.38704428 2.3638794e-10 -493670.75
-910417660000.0 0.38639325 2.3638794e-10 -493670.75
-908883700000.0 0.38574222 2.3638794e-10 -493670.75
-907349660000.0 0.38509113 2.2670553e-10 -536195.94
-905815700000.0 0.3844401 2.2670553e-10 -536195.94
-904281700000.0 0.3837891 2.2670553e-10 -536195.94
-902747700000.0 0.383138 2.2670553e-10 -536195.94
-901213800000.0 0.38248697 2.159056e-10 -645664.94
-899679800000.0 0.38183594 2.159056e-10 -645664.94
-898145800000.0 0.38118488 2.159056e-10 -645664.94
-896611800000.0 0.38053384 2.159056e-10 -645664.94
-895077840000.0 0.3798828 2.045076e-10 -870591.9
-893543800000.0 0.37923175 2.045076e-10 -870591.9
-892009900000.0 0.37858075 2.045076e-10 -870591.9
-890475900000.0 0.3779297 2.045076e-10 -870591.9
-888941900000.0 0.37727866 1.8735892e-10 -1255943.4
-887408000000.0 0.37662762 1.8735892e-10 -1255943.4
-885873900000.0 0.37597656 1.8735892e-10 -1255943.4
-884339970000.0 0.37532553 1.8735892e-10 -1255943.4
-882806000000.0 0.3746745 1.6307537e-10 -1851850.1
-881271960000.0 0.37402344 1.6307537e-10 -1851850.1
-879738000000.0 0.3733724 1.6307537e-10 -1851850.1
-878204100000.0 0.37272137 1.6307537e-10 -1851850.1
-876670000000.0 0.37207028 1.3990131e-10 -2652730.5
-875136100000.0 0.37141925 1.3990131e-10 -2652730.5
-873602100000.0 0.37076822 1.3990131e-10 -2652730.5
-872068100000.0 0.37011716 1.3990131e-10 -2652730.5
-870534200000.0 0.3694662 1.2718904e-10 -3349876.8
-869000150000.0 0.3688151 1.2718904e-10 -3349876.8
-867466200000.0 0.36816406 1.2718904e-10 -3349876.8
-865932200000.0 0.36751303 1.2718904e-10 -3349876.8
-864398200000.0 0.36686197 1.257495e-10 -3710820.8
-862864200000.0 0.36621094 1.257495e-10 -3710820.8
-861330300000.0 0.3655599 1.257495e-10 -3710820.8
-859796200000.0 0.36490884 1.257495e-10 -3710820.8
-858262300000.0 0.3642578 1.3057729e-10 -3864007.2
-856728340000.0 0.36360678 1.3057729e-10 -3864007.2
-855194300000.0 0.36295572 1.3057729e-10 -3864007.2
-853660340000.0 0.3623047 1.3057729e-10 -3864007.2
-852126400000.0 0.36165366 1.3703456e-10 -3959334.2
-850592330000.0 0.3610026 1.3703456e-10 -3959334.2
-849058460000.0 0.3603516 1.3703456e-10 -3959334.2
-847524400000.0 0.35970053 1.3703456e-10 -3959334.2
-845990460000.0 0.3590495 1.4267476e-10 -4051426.5
-844456500000.0 0.35839847 1.4267476e-10 -4051426.5
-842922460000.0 0.35774738 1.4267476e-10 -4051426.5
-841388500000.0 0.35709634 1.4267476e-10 -4051426.5
-839854500000.0 0.3564453 1.4473434e-10 -4186886.5
-838320500000.0 0.35579425 1.4473434e-10 -4186886.5
-836786600000.0 0.35514322 1.4473434e-10 -4186886.5
-835252600000.0 0.3544922 1.4473434e-10 -4186886.5
-833718600000.0 0.35384113 1.4307437e-10 -4383246.0
-832184600000.0 0.3531901 1.4307437e-10 -4383246.0
-830650650000.0 0.35253906 1.4307437e-10 -4383246.0
-829116600000.0 0.351888 1.4307437e-10 -4383246.0
-827582700000.0 0.351237 1.4313059e-10 -4530024.0
-826048700000.0 0.35058594 1.4313059e-10 -4530024.0
-824514700000.0 0.3499349 1.4313059e-10 -4530024.0
-822980800000.0 0.34928387 1.4313059e-10 -4530024.0
-821446700000.0 0.3486328 1.4771404e-10 -4568945.0
-819912800000.0 0.34798178 1.4771404e-10 -4568945.0
-818378830000.0 0.34733075 1.4771404e-10 -4568945.0
-816844800000.0 0.3466797 1.4771404e-10 -4568945.0
-815310800000.0 0.34602866 1.5621646e-10 -4526807.0
-813776900000.0 0.34537762 1.5621646e-10 -4526807.0
-812242800000.0 0.34472653 1.5621646e-10 -4526807.0
-810708900000.0 0.3440755 1.5621646e-10 -4526807.0
-809174900000.0 0.34342447 1.6909027e-10 -4423485.0
-807640900000.0 0.3427734 1.6909027e-10 -4423485.0
-806107000000.0 0.3421224 1.6909027e-10 -4423485.0
-804572950000.0 0.34147134 1.6909027e-10 -4423485.0
-803039000000.0 0.3408203 1.8784047e-10 -4268329.0
-801505000000.0 0.34016928 1.8784047e-10 -4268329.0
-799971000000.0 0.33951822 1.8784047e-10 -4268329.0
-798437000000.0 0.3388672 1.8784047e-10 -4268329.0
-796903100000.0 0.33821616 2.0755338e-10 -4095473.0
-795369000000.0 0.3375651 2.0755338e-10 -4095473.0
-793835100000.0 0.33691406 2.0755338e-10 -4095473.0
-792301140000.0 0.33626303 2.0755338e-10 -4095473.0
-790767100000.0 0.33561197 2.2390646e-10 -3927962.0
-789233140000.0 0.33496094 2.2390646e-10 -3927962.0
-787699200000.0 0.3343099 2.2390646e-10 -3927962.0
-786165200000.0 0.33365887 2.2390646e-10 -3927962.0
-784631200000.0 0.3330078 2.3872812e-10 -3752831.0
-783097200000.0 0.33235678 2.3872812e-10 -3752831.0
-781563270000.0 0.33170575 2.3872812e-10 -3752831.0
-780029300000.0 0.33105472 2.3872812e-10 -3752831.0
-778495260000.0 0.33040363 2.5401717e-10 -3571510.8
-776961300000.0 0.3297526 2.5401717e-10 -3571510.8
-775427300000.0 0.32910156 2.5401717e-10 -3571510.8
-773893300000.0 0.3284505 2.5401717e-10 -3571510.8
-772359300000.0 0.32779947 2.6792057e-10 -3426170.5
-770825400000.0 0.32714844 2.6792057e-10 -3426170.5
-769291400000.0 0.32649738 2.6792057e-10 -3426170.5
-767757400000.0 0.32584634 2.6792057e-10 -3426170.5
-766223450000.0 0.3251953 2.797243e-10 -3313537.0
-764689500000.0 0.32454428 2.797243e-10 -3313537.0
-763155450000.0 0.32389322 2.797243e-10 -3313537.0
-761621500000.0 0.3232422 2.797243e-10 -3313537.0
-760087500000.0 0.32259116 2.868631e-10 -3223382.2
-758553600000.0 0.32194012 2.868631e-10 -3223382.2
-757019500000.0 0.32128906 2.868631e-10 -3223382.2
-755485600000.0 0.32063803 2.868631e-10 -3223382.2
-753951640000.0 0.319987 2.8347805e-10 -3205383.0
-752417600000.0 0.31933594 2.8347805e-10 -3205383.0
-750883640000.0 0.3186849 2.8347805e-10 -3205383.0
-749349700000.0 0.31803387 2.8347805e-10 -3205383.0
-747815700000.0 0.31738284 2.6893215e-10 -3273397.8
-746281700000.0 0.31673178 2.6893215e-10 -3273397.8
-744747700000.0 0.31608072 2.6893215e-10 -3273397.8
-743213760000.0 0.3154297 2.6893215e-10 -3273397.8
-741679700000.0 0.31477863 2.4631572e-10 -3415210.5
-740145760000.0 0.3141276 2.4631572e-10 -3415210.5
-738611800000.0 0.31347656 2.4631572e-10 -3415210.5
-737077800000.0 0.31282553 2.4631572e-10 -3415210.5
-735543800000.0 0.31217447 2.163917e-10 -3657188.2
-734009800000.0 0.3115234 2.163917e-10 -3657188.2
-732475900000.0 0.3108724 2.163917e-10 -3657188.2
-730941800000.0 0.3102213 2.163917e-10 -3657188.2
-729407900000.0 0.3095703 1.8550197e-10 -3994503.0
-727873950000.0 0.30891928 1.8550197e-10 -3994503.0
-726339940000.0 0.30826822 1.8550197e-10 -3994503.0
-724805940000.0 0.3076172 1.8550197e-10 -3994503.0
-723272000000.0 0.30696616 1.6133955e-10 -4353553.5
-721738000000.0 0.30631512 1.6133955e-10 -4353553.5
-720204000000.0 0.30566406 1.6133955e-10 -4353553.5
-718670000000.0 0.30501303 1.6133955e-10 -4353553.5
-717136100000.0 0.304362 1.4386642e-10 -4710744.5
-715602100000.0 0.30371094 1.4386642e-10 -4710744.5
-714068070000.0 0.30305988 1.4386642e-10 -4710744.5
-712534100000.0 0.30240884 1.4386642e-10 -4710744.5
-711000100000.0 0.3017578 1.3207149e-10 -5001017.5
-709466100000.0 0.30110675 1.3207149e-10 -5001017.5
-707932100000.0 0.30045572 1.3207149e-10 -5001017.5
-706398200000.0 0.2998047 1.3207149e-10 -5001017.5
-704864200000.0 0.29915366 1.3104738e-10 -4942950.5
