morphology_data/1d_wb_a0.025_l2r0.5_00001.ecsv
# %ECSV 1.0
# ---
# datatype:
# - {name: b, datatype: float32}
# - {name: phase, datatype: float32}
# - {name: sigma, datatype: float32}
# - {name: vr, datatype: float32}
# meta: {lambda: 2, rp: 0.5, sep: 0.025, wind: b}
# schema: astropy-2.0
b phase sigma vr
[from data line 1002]
365854500000.0 -0.15527347 nan nan
367388360000.0 -0.15592445 nan nan
368922400000.0 -0.15657552 nan nan
370456430000.0 -0.15722659 nan nan
371990300000.0 -0.15787758 nan nan
373524330000.0 -0.15852864 nan nan
375058400000.0 -0.15917972 nan nan
376592270000.0 -0.1598307 nan nan
378126300000.0 -0.16048178 nan nan
379660340000.0 -0.16113284 nan nan
381194200000.0 -0.16178384 nan nan
382728240000.0 -0.1624349 nan nan
384262300000.0 -0.16308598 nan nan
385796180000.0 -0.16373697 nan nan
387330050000.0 -0.16438797 nan nan
388864250000.0 -0.1650391 nan nan
390398100000.0 -0.1656901 nan nan
391932000000.0 -0.1663411 nan nan
393466220000.0 -0.16699223 nan nan
395000100000.0 -0.16764323 nan nan
396533960000.0 -0.16829422 nan nan
398068150000.0 -0.16894537 nan nan
399602020000.0 -0.16959636 nan nan
401135900000.0 -0.17024736 nan nan
402669930000.0 -0.17089842 nan nan
404204000000.0 -0.1715495 nan nan
405737870000.0 -0.17220049 nan nan
407271900000.0 -0.17285155 nan nan
408805930000.0 -0.17350262 nan nan
410339800000.0 -0.17415361 nan nan
411873870000.0 -0.17480469 nan nan
413407900000.0 -0.17545575 nan nan
414941770000.0 -0.17610675 nan nan
416475800000.0 -0.17675781 nan nan
418009840000.0 -0.17740889 nan nan
419543700000.0 -0.17805988 nan nan
421077780000.0 -0.17871095 nan nan
422611800000.0 -0.17936201 nan nan
424145680000.0 -0.180013 nan nan
425679550000.0 -0.180664 nan nan
427213750000.0 -0.18131514 nan nan
428747620000.0 -0.18196614 nan nan
430281500000.0 -0.18261713 nan nan
431815720000.0 -0.18326828 nan nan
433349600000.0 -0.18391927 nan nan
434883460000.0 -0.18457027 nan nan
436417700000.0 -0.1852214 nan nan
437951530000.0 -0.1858724 nan nan
439485400000.0 -0.1865234 nan nan
441019630000.0 -0.18717454 nan nan
442553500000.0 -0.18782553 nan nan
444087370000.0 -0.18847652 nan nan
445621400000.0 -0.1891276 nan nan
447155440000.0 -0.18977866 nan nan
448689300000.0 -0.19042966 nan nan
450223370000.0 -0.19108072 nan nan
451757400000.0 -0.1917318 nan nan
453291280000.0 -0.19238278 nan nan
454825300000.0 -0.19303386 nan nan
456359380000.0 -0.19368492 nan nan
457893200000.0 -0.19433591 nan nan
459427280000.0 -0.19498698 nan nan
460961320000.0 -0.19563805 nan nan
462495200000.0 -0.19628905 nan nan
464029220000.0 -0.19694011 nan nan
465563300000.0 -0.19759119 nan nan
467097160000.0 -0.19824217 nan nan
468631000000.0 -0.19889317 nan nan
470165230000.0 -0.19954431 nan nan
471699100000.0 -0.20019531 nan nan
473232970000.0 -0.2008463 nan nan
474767200000.0 -0.20149745 nan nan
476301070000.0 -0.20214844 nan nan
477834900000.0 -0.20279942 nan nan
479369130000.0 -0.20345058 1.0597296e-11 -7622636.0
480903000000.0 -0.20410156 1.0597296e-11 -7622636.0
482436870000.0 -0.20475256 1.0597296e-11 -7622636.0
483971100000.0 -0.2054037 1.0597296e-11 -7622636.0
485504970000.0 -0.2060547 1.3645605e-11 -7321764.5
487038840000.0 -0.20670569 1.3645605e-11 -7321764.5
488572880000.0 -0.20735677 1.3645605e-11 -7321764.5
490106900000.0 -0.20800783 1.3645605e-11 -7321764.5
491640780000.0 -0.20865881 1.6993375e-11 -7083950.0
493174820000.0 -0.20930989 1.6993375e-11 -7083950.0
494708880000.0 -0.20996095 1.6993375e-11 -7083950.0
496242750000.0 -0.21061195 1.6993375e-11 -7083950.0
497776800000.0 -0.21126302 2.0652457e-11 -6868599.5
499310820000.0 -0.21191409 2.0652457e-11 -6868599.5
500844700000.0 -0.21256508 2.0652457e-11 -6868599.5
502378730000.0 -0.21321616 2.0652457e-11 -6868599.5
503912800000.0 -0.21386722 2.4627453e-11 -6652936.5
505446660000.0 -0.2145182 2.4627453e-11 -6652936.5
506980700000.0 -0.21516928 2.4627453e-11 -6652936.5
508514730000.0 -0.21582034 2.4627453e-11 -6652936.5
510048600000.0 -0.21647134 2.8960426e-11 -6425814.0
511582470000.0 -0.21712233 2.8960426e-11 -6425814.0
513116700000.0 -0.21777348 2.8960426e-11 -6425814.0
514650570000.0 -0.21842447 2.8960426e-11 -6425814.0
516184440000.0 -0.21907547 3.3766254e-11 -6182549.0
517718640000.0 -0.2197266 3.3766254e-11 -6182549.0
519252500000.0 -0.22037761 3.3766254e-11 -6182549.0
520786380000.0 -0.2210286 3.3766254e-11 -6182549.0
522320600000.0 -0.22167975 3.9176284e-11 -5925193.5
523854480000.0 -0.22233073 3.9176284e-11 -5925193.5
525388350000.0 -0.22298172 3.9176284e-11 -5925193.5
526922550000.0 -0.22363287 3.9176284e-11 -5925193.5
528456420000.0 -0.22428386 4.52548e-11 -5660197.0
529990300000.0 -0.22493486 4.52548e-11 -5660197.0
531524350000.0 -0.22558592 4.52548e-11 -5660197.0
533058400000.0 -0.226237 4.52548e-11 -5660197.0
534592260000.0 -0.22688799 5.2002503e-11 -5393717.5
536126300000.0 -0.22753906 5.2002503e-11 -5393717.5
537660330000.0 -0.22819012 5.2002503e-11 -5393717.5
539194200000.0 -0.22884111 5.2002503e-11 -5393717.5
540728260000.0 -0.22949219 5.931965e-11 -5130112.5
542262300000.0 -0.23014325 5.931965e-11 -5130112.5
543796170000.0 -0.23079425 5.931965e-11 -5130112.5
545330200000.0 -0.23144531 5.931965e-11 -5130112.5
546864270000.0 -0.23209639 6.701527e-11 -4871206.0
548398100000.0 -0.23274738 6.701527e-11 -4871206.0
549932200000.0 -0.23339845 6.701527e-11 -4871206.0
551466240000.0 -0.23404953 6.701527e-11 -4871206.0
553000040000.0 -0.23470049 7.4880824e-11 -4615313.0
554533900000.0 -0.23535149 7.4880824e-11 -4615313.0
556068200000.0 -0.23600265 7.4880824e-11 -4615313.0
557602050000.0 -0.23665364 7.4880824e-11 -4615313.0
559135900000.0 -0.23730463 8.275243e-11 -4361280.0
560670100000.0 -0.23795578 8.275243e-11 -4361280.0
562204000000.0 -0.23860677 8.275243e-11 -4361280.0
563737850000.0 -0.23925777 8.275243e-11 -4361280.0
565272050000.0 -0.2399089 9.048413e-11 -4118101.2
566805900000.0 -0.2405599 9.048413e-11 -4118101.2
568339800000.0 -0.2412109 9.048413e-11 -4118101.2
569874060000.0 -0.24186206 9.048413e-11 -4118101.2
571407900000.0 -0.24251305 9.786035e-11 -3907322.5
572941700000.0 -0.243164 9.786035e-11 -3907322.5
574475800000.0 -0.2438151 9.786035e-11 -3907322.5
576009860000.0 -0.24446616 9.786035e-11 -3907322.5
577543730000.0 -0.24511716 1.0468781e-10 -3746069.8
579077730000.0 -0.2457682 1.0468781e-10 -3746069.8
580611800000.0 -0.2464193 1.0468781e-10 -3746069.8
582145700000.0 -0.24707028 1.0468781e-10 -3746069.8
583679740000.0 -0.24772136 1.1083455e-10 -3642098.0
585213740000.0 -0.24837242 1.1083455e-10 -3642098.0
586747600000.0 -0.24902342 1.1083455e-10 -3642098.0
588281700000.0 -0.24967448 1.1083455e-10 -3642098.0
589815740000.0 -0.25032556 1.16311696e-10 -3589665.0
591349600000.0 -0.25097656 1.16311696e-10 -3589665.0
592883600000.0 -0.25162762 1.16311696e-10 -3589665.0
594417700000.0 -0.2522787 1.16311696e-10 -3589665.0
595951550000.0 -0.2529297 1.2121223e-10 -3586155.2
597485400000.0 -0.25358066 1.2121223e-10 -3586155.2
599019600000.0 -0.2542318 1.2121223e-10 -3586155.2
600553500000.0 -0.2548828 1.2121223e-10 -3586155.2
602087360000.0 -0.2555338 1.252138e-10 -3671218.5
603621560000.0 -0.25618494 1.252138e-10 -3671218.5
605155400000.0 -0.2568359 1.252138e-10 -3671218.5
606689300000.0 -0.25748694 1.252138e-10 -3671218.5
608223560000.0 -0.25813806 1.2760924e-10 -3840912.5
609757400000.0 -0.2587891 1.2760924e-10 -3840912.5
611291300000.0 -0.2594401 1.2760924e-10 -3840912.5
612825500000.0 -0.26009122 1.2760924e-10 -3840912.5
614359400000.0 -0.2607422 1.2832017e-10 -4029755.5
615893240000.0 -0.2613932 1.2832017e-10 -4029755.5
617427240000.0 -0.26204425 1.2832017e-10 -4029755.5
618961300000.0 -0.26269534 1.2832017e-10 -4029755.5
620495200000.0 -0.2633463 1.2779844e-10 -4193038.2
622029240000.0 -0.2639974 1.2779844e-10 -4193038.2
623563240000.0 -0.26464844 1.2779844e-10 -4193038.2
625097100000.0 -0.26529944 1.2779844e-10 -4193038.2
626631200000.0 -0.26595053 1.2599494e-10 -4316925.5
628165250000.0 -0.2666016 1.2599494e-10 -4316925.5
629699100000.0 -0.2672526 1.2599494e-10 -4316925.5
631233100000.0 -0.26790366 1.2599494e-10 -4316925.5
632767200000.0 -0.26855472 1.2235757e-10 -4392581.5
634301050000.0 -0.26920572 1.2235757e-10 -4392581.5
635835100000.0 -0.2698568 1.2235757e-10 -4392581.5
637369100000.0 -0.27050784 1.2235757e-10 -4392581.5
638903000000.0 -0.27115884 1.1782104e-10 -4416507.5
640436860000.0 -0.27180985 1.1782104e-10 -4416507.5
641971060000.0 -0.27246097 1.1782104e-10 -4416507.5
643504900000.0 -0.27311197 1.1782104e-10 -4416507.5
645038800000.0 -0.27376294 1.1444141e-10 -4413505.5
646573060000.0 -0.27441412 1.1444141e-10 -4413505.5
648106930000.0 -0.2750651 1.1444141e-10 -4413505.5
649640800000.0 -0.27571613 1.1444141e-10 -4413505.5
651175000000.0 -0.27636725 1.14146595e-10 -4439606.5
652708900000.0 -0.27701825 1.14146595e-10 -4439606.5
654242740000.0 -0.27766922 1.14146595e-10 -4439606.5
655776940000.0 -0.27832037 1.14146595e-10 -4439606.5
657310800000.0 -0.27897137 1.1604147e-10 -4523390.0
658844700000.0 -0.27962235 1.1604147e-10 -4523390.0
660378750000.0 -0.28027344 1.1604147e-10 -4523390.0
661912800000.0 -0.28092453 1.1604147e-10 -4523390.0
663446600000.0 -0.28157547 1.16255804e-10 -4660610.0
664980700000.0 -0.28222656 1.16255804e-10 -4660610.0
666514750000.0 -0.28287762 1.16255804e-10 -4660610.0
668048600000.0 -0.28352863 1.16255804e-10 -4660610.0
669582600000.0 -0.28417966 1.1359983e-10 -4806589.5
671116700000.0 -0.28483075 1.1359983e-10 -4806589.5
672650560000.0 -0.28548175 1.1359983e-10 -4806589.5
674184600000.0 -0.28613284 1.1359983e-10 -4806589.5
675718600000.0 -0.28678387 1.0990533e-10 -4944750.0
677252500000.0 -0.28743488 1.0990533e-10 -4944750.0
678786560000.0 -0.28808594 1.0990533e-10 -4944750.0
680320600000.0 -0.28873703 1.0990533e-10 -4944750.0
681854500000.0 -0.28938803 1.0686599e-10 -5059529.5
683388300000.0 -0.29003897 1.0686599e-10 -5059529.5
684922600000.0 -0.29069015 1.0686599e-10 -5059529.5
686456440000.0 -0.29134116 1.0686599e-10 -5059529.5
687990300000.0 -0.29199213 1.046428e-10 -5119337.0
689524500000.0 -0.29264328 1.046428e-10 -5119337.0
691058400000.0 -0.29329428 1.046428e-10 -5119337.0
692592250000.0 -0.29394525 1.046428e-10 -5119337.0
694126440000.0 -0.2945964 1.0273846e-10 -5124652.5
695660300000.0 -0.2952474 1.0273846e-10 -5124652.5
697194200000.0 -0.2958984 1.0273846e-10 -5124652.5
698728450000.0 -0.29654956 1.0273846e-10 -5124652.5
700262300000.0 -0.29720056 1.0097355e-10 -5081692.5
701796200000.0 -0.29785153 1.0097355e-10 -5081692.5
703330200000.0 -0.2985026 1.0097355e-10 -5081692.5
704864260000.0 -0.29915366 1.0097355e-10 -5081692.5
706398100000.0 -0.29980466 9.985259e-11 -4951802.5
707932100000.0 -0.30045572 9.985259e-11 -4951802.5
709466200000.0 -0.30110678 9.985259e-11 -4951802.5
711000060000.0 -0.30175778 9.985259e-11 -4951802.5
712534100000.0 -0.30240884 1.0012456e-10 -4734053.0
714068100000.0 -0.3030599 1.0012456e-10 -4734053.0
715602000000.0 -0.3037109 1.0012456e-10 -4734053.0
717136100000.0 -0.304362 1.0012456e-10 -4734053.0
718670140000.0 -0.30501306 1.0135943e-10 -4532008.5
720204000000.0 -0.30566406 1.0135943e-10 -4532008.5
721738000000.0 -0.30631512 1.0135943e-10 -4532008.5
723272100000.0 -0.3069662 1.0135943e-10 -4532008.5
724805940000.0 -0.3076172 1.0214879e-10 -4407912.0
726339800000.0 -0.30826816 1.0214879e-10 -4407912.0
727874000000.0 -0.3089193 1.0214879e-10 -4407912.0
729407900000.0 -0.3095703 1.0214879e-10 -4407912.0
730941750000.0 -0.3102213 1.0121867e-10 -4432611.0
732475950000.0 -0.31087244 1.0121867e-10 -4432611.0
734009800000.0 -0.3115234 1.0121867e-10 -4432611.0
735543700000.0 -0.31217444 1.0121867e-10 -4432611.0
737077950000.0 -0.3128256 9.816278e-11 -4758324.0
738611800000.0 -0.31347656 9.816278e-11 -4758324.0
740145700000.0 -0.3141276 9.816278e-11 -4758324.0
741679900000.0 -0.31477872 9.816278e-11 -4758324.0
743213760000.0 -0.3154297 9.342381e-11 -5298523.0
744747600000.0 -0.3160807 9.342381e-11 -5298523.0
746281700000.0 -0.31673178 9.342381e-11 -5298523.0
747815700000.0 -0.31738284 9.342381e-11 -5298523.0
749349600000.0 -0.3180338 8.705248e-11 -5859700.5
750883640000.0 -0.3186849 8.705248e-11 -5859700.5
752417640000.0 -0.31933597 8.705248e-11 -5859700.5
753951500000.0 -0.31998697 8.705248e-11 -5859700.5
755485600000.0 -0.32063803 8.012851e-11 -6337149.0
757019640000.0 -0.3212891 8.012851e-11 -6337149.0
758553500000.0 -0.3219401 8.012851e-11 -6337149.0
760087500000.0 -0.32259116 8.012851e-11 -6337149.0
761621600000.0 -0.32324222 7.441421e-11 -6667933.5
763155450000.0 -0.32389322 7.441421e-11 -6667933.5
764689500000.0 -0.32454428 7.441421e-11 -6667933.5
766223500000.0 -0.32519534 7.441421e-11 -6667933.5
767757400000.0 -0.32584634 7.1039404e-11 -6854119.5
769291260000.0 -0.32649735 7.1039404e-11 -6854119.5
770825500000.0 -0.3271485 7.1039404e-11 -6854119.5
772359300000.0 -0.32779947 7.1039404e-11 -6854119.5
773893200000.0 -0.32845047 6.979079e-11 -6933516.5
775427460000.0 -0.32910162 6.979079e-11 -6933516.5
776961300000.0 -0.3297526 6.979079e-11 -6933516.5
778495200000.0 -0.3304036 6.979079e-11 -6933516.5
780029400000.0 -0.33105475 6.940027e-11 -6939514.0
781563270000.0 -0.33170575 6.940027e-11 -6939514.0
783097140000.0 -0.33235672 6.940027e-11 -6939514.0
784631200000.0 -0.3330078 6.940027e-11 -6939514.0
786165200000.0 -0.33365887 6.910865e-11 -6870499.5
787699100000.0 -0.33430985 6.910865e-11 -6870499.5
789233140000.0 -0.33496094 6.910865e-11 -6870499.5
790767200000.0 -0.335612 6.910865e-11 -6870499.5
792301000000.0 -0.336263 6.872924e-11 -6748342.0
793835100000.0 -0.33691406 6.872924e-11 -6748342.0
795369140000.0 -0.33756512 6.872924e-11 -6748342.0
796903000000.0 -0.33821613 6.872924e-11 -6748342.0
798437000000.0 -0.3388672 6.746424e-11 -6629572.0
799971100000.0 -0.33951825 6.746424e-11 -6629572.0
801504950000.0 -0.34016925 6.746424e-11 -6629572.0
803039000000.0 -0.3408203 6.746424e-11 -6629572.0
804573000000.0 -0.3414714 6.550644e-11 -6540860.5
806106900000.0 -0.34212238 6.550644e-11 -6540860.5
807640760000.0 -0.34277338 6.550644e-11 -6540860.5
809175000000.0 -0.34342453 6.550644e-11 -6540860.5
810708900000.0 -0.3440755 6.357946e-11 -6488935.5
812242700000.0 -0.3447265 6.357946e-11 -6488935.5
813776960000.0 -0.34537765 6.357946e-11 -6488935.5
815310800000.0 -0.34602866 6.357946e-11 -6488935.5
816844700000.0 -0.34667963 6.203456e-11 -6472022.0
818378900000.0 -0.34733078 6.203456e-11 -6472022.0
819912800000.0 -0.34798178 6.203456e-11 -6472022.0
821446640000.0 -0.34863275 6.203456e-11 -6472022.0
822980840000.0 -0.3492839 6.032834e-11 -6514037.5
824514700000.0 -0.3499349 6.032834e-11 -6514037.5
826048600000.0 -0.3505859 6.032834e-11 -6514037.5
827582640000.0 -0.35123697 6.032834e-11 -6514037.5
829116700000.0 -0.35188803 5.8752885e-11 -6632291.0
830650600000.0 -0.35253903 5.8752885e-11 -6632291.0
832184600000.0 -0.3531901 5.8752885e-11 -6632291.0
833718650000.0 -0.35384116 5.8752885e-11 -6632291.0
835252500000.0 -0.35449216 5.873649e-11 -6791493.0
836786600000.0 -0.35514322 5.873649e-11 -6791493.0
838320600000.0 -0.3557943 5.873649e-11 -6791493.0
839854460000.0 -0.35644528 5.873649e-11 -6791493.0
841388500000.0 -0.35709634 6.061183e-11 -6916289.5
842922500000.0 -0.35774744 6.061183e-11 -6916289.5
844456400000.0 -0.3583984 6.061183e-11 -6916289.5
845990460000.0 -0.3590495 6.061183e-11 -6916289.5
847524500000.0 -0.35970056 6.2673436e-11 -6990840.0
849058400000.0 -0.36035156 6.2673436e-11 -6990840.0
850592300000.0 -0.36100253 6.2673436e-11 -6990840.0
852126470000.0 -0.3616537 6.2673436e-11 -6990840.0
853660340000.0 -0.3623047 6.3687146e-11 -7051221.5
855194200000.0 -0.36295566 6.3687146e-11 -7051221.5
856728400000.0 -0.3636068 6.3687146e-11 -7051221.5
858262300000.0 -0.3642578 6.3687146e-11 -7051221.5
859796140000.0 -0.3649088 6.342125e-11 -7120844.0
861330400000.0 -0.36555994 6.342125e-11 -7120844.0
862864200000.0 -0.36621094 6.342125e-11 -7120844.0
864398100000.0 -0.36686194 6.342125e-11 -7120844.0
865932350000.0 -0.3675131 6.199976e-11 -7214138.5
867466200000.0 -0.36816406 6.199976e-11 -7214138.5
869000100000.0 -0.36881506 6.199976e-11 -7214138.5
870534100000.0 -0.36946613 6.199976e-11 -7214138.5
872068150000.0 -0.3701172 5.9827636e-11 -7390520.0
873602000000.0 -0.3707682 5.9827636e-11 -7390520.0
875136100000.0 -0.37141925 5.9827636e-11 -7390520.0
876670100000.0 -0.37207034 5.9827636e-11 -7390520.0
878203960000.0 -0.3727213 5.7425325e-11 -7688857.0
