morphology_data/1d_wa_a0.05_l4r2_00001.ecsv
# %ECSV 1.0
# ---
# datatype:
# - {name: b, datatype: float32}
# - {name: phase, datatype: float32}
# - {name: sigma, datatype: float32}
# - {name: vr, datatype: float32}
# meta: {lambda: 4, rp: 2.0, sep: 0.05, wind: a}
# schema: astropy-2.0
b phase sigma vr
-2354660500000.0 0.49967447 2.0744181e-10 -58302.29
-2351592600000.0 0.49902344 2.0744181e-10 -58302.29
-2348524800000.0 0.4983724 2.0744181e-10 -58302.29
-2345456600000.0 0.49772134 2.0744181e-10 -58302.29
-2342388800000.0 0.4970703 2.0744205e-10 -58306.484
-2339321000000.0 0.49641928 2.0744205e-10 -58306.484
-2336253000000.0 0.49576828 2.0744205e-10 -58306.484
-2333185000000.0 0.4951172 2.0744205e-10 -58306.484
-2330117000000.0 0.4944662 2.9440234e-10 102898.1
-2327049000000.0 0.49381506 2.9440234e-10 102898.1
-2323981000000.0 0.4931641 2.9440234e-10 102898.1
-2320913000000.0 0.49251297 2.9440234e-10 102898.1
-2317845000000.0 0.49186197 2.9445518e-10 102597.305
-2314777100000.0 0.49121094 2.9445518e-10 102597.305
-2311709000000.0 0.49055988 2.9445518e-10 102597.305
-2308641000000.0 0.48990884 2.9445518e-10 102597.305
-2305573300000.0 0.4892578 3.8823122e-10 229816.03
-2302505000000.0 0.48860675 3.8823122e-10 229816.03
-2299437300000.0 0.48795572 3.8823122e-10 229816.03
-2296369400000.0 0.4873047 3.8823122e-10 229816.03
-2293301500000.0 0.48665366 3.9237158e-10 223118.52
-2290233400000.0 0.4860026 3.9237158e-10 223118.52
-2287165500000.0 0.48535156 3.9237158e-10 223118.52
-2284097600000.0 0.48470056 3.9237158e-10 223118.52
-2281029500000.0 0.48404947 4.99638e-10 318930.25
-2277961600000.0 0.48339847 4.99638e-10 318930.25
-2274893500000.0 0.48274735 4.99638e-10 318930.25
-2271825600000.0 0.48209637 4.99638e-10 318930.25
-2268757500000.0 0.48144525 5.19438e-10 312209.2
-2265689600000.0 0.48079422 5.19438e-10 312209.2
-2262621700000.0 0.48014325 5.19438e-10 312209.2
-2259553600000.0 0.47949213 5.19438e-10 312209.2
-2256485700000.0 0.47884113 6.297908e-10 381039.06
-2253418000000.0 0.4781901 6.297908e-10 381039.06
-2250350000000.0 0.47753906 6.297908e-10 381039.06
-2247281900000.0 0.476888 6.297908e-10 381039.06
-2244214000000.0 0.47623697 6.6523914e-10 382027.38
-2241146000000.0 0.47558594 6.6523914e-10 382027.38
-2238078300000.0 0.47493497 6.6523914e-10 382027.38
-2235010000000.0 0.47428384 6.6523914e-10 382027.38
-2231942300000.0 0.47363284 7.741542e-10 431047.53
-2228874000000.0 0.47298175 7.741542e-10 431047.53
-2225806200000.0 0.47233072 7.741542e-10 431047.53
-2222738400000.0 0.47167972 7.741542e-10 431047.53
-2219670200000.0 0.47102863 8.228907e-10 441257.12
-2216602400000.0 0.47037762 8.228907e-10 441257.12
-2213534200000.0 0.4697265 8.228907e-10 441257.12
-2210466400000.0 0.46907553 8.228907e-10 441257.12
-2207398500000.0 0.4684245 9.264807e-10 485876.38
-2204330400000.0 0.46777344 9.264807e-10 485876.38
-2201262500000.0 0.4671224 9.264807e-10 485876.38
-2198194600000.0 0.46647137 9.264807e-10 485876.38
-2195126700000.0 0.46582034 9.907245e-10 502270.94
-2192058600000.0 0.46516925 9.907245e-10 502270.94
-2188990700000.0 0.46451822 9.907245e-10 502270.94
-2185922700000.0 0.4638672 9.907245e-10 502270.94
-2182854700000.0 0.46321613 1.0953658e-09 540591.6
-2179786700000.0 0.4625651 1.0953658e-09 540591.6
-2176718900000.0 0.46191406 1.0953658e-09 540591.6
-2173650700000.0 0.461263 1.0953658e-09 540591.6
-2170582900000.0 0.46061197 1.1699155e-09 560760.3
-2167515000000.0 0.45996094 1.1699155e-09 560760.3
-2164447000000.0 0.4593099 1.1699155e-09 560760.3
-2161379000000.0 0.45865884 1.1699155e-09 560760.3
-2158311100000.0 0.4580078 1.2852638e-09 591769.4
-2155243100000.0 0.45735678 1.2852638e-09 591769.4
-2152175200000.0 0.45670575 1.2852638e-09 591769.4
-2149107100000.0 0.4560547 1.2852638e-09 591769.4
-2146039200000.0 0.45540366 1.3853381e-09 613247.7
-2142971400000.0 0.45475262 1.3853381e-09 613247.7
-2139903200000.0 0.45410153 1.3853381e-09 613247.7
-2136835400000.0 0.45345053 1.3853381e-09 613247.7
-2133767400000.0 0.4527995 1.5037283e-09 639287.7
-2130699400000.0 0.4521484 1.5037283e-09 639287.7
-2127631400000.0 0.45149738 1.5037283e-09 639287.7
-2124563500000.0 0.45084634 1.5037283e-09 639287.7
-2121495600000.0 0.4501953 1.621877e-09 660985.6
-2118427500000.0 0.44954425 1.621877e-09 660985.6
-2115359600000.0 0.44889322 1.621877e-09 660985.6
-2112291700000.0 0.4482422 1.621877e-09 660985.6
-2109223700000.0 0.44759116 1.7488507e-09 675493.5
-2106155700000.0 0.4469401 1.7488507e-09 675493.5
-2103087700000.0 0.44628906 1.7488507e-09 675493.5
-2100019900000.0 0.44563803 1.7488507e-09 675493.5
-2096951700000.0 0.44498697 1.8689124e-09 694654.9
-2093883900000.0 0.44433594 1.8689124e-09 694654.9
-2090816000000.0 0.4436849 1.8689124e-09 694654.9
-2087747800000.0 0.44303384 1.8689124e-09 694654.9
-2084680000000.0 0.4423828 1.9965556e-09 702651.25
-2081612000000.0 0.44173178 1.9965556e-09 702651.25
-2078544100000.0 0.44108075 1.9965556e-09 702651.25
-2075476000000.0 0.44042966 1.9965556e-09 702651.25
-2072408100000.0 0.43977866 2.0974371e-09 718459.94
-2069340200000.0 0.43912762 2.0974371e-09 718459.94
-2066272400000.0 0.4384766 2.0974371e-09 718459.94
-2063204200000.0 0.4378255 2.0974371e-09 718459.94
-2060136300000.0 0.43717447 2.2265558e-09 713087.56
-2057068300000.0 0.43652344 2.2265558e-09 713087.56
-2054000300000.0 0.43587238 2.2265558e-09 713087.56
-2050932300000.0 0.43522134 2.2265558e-09 713087.56
-2047864500000.0 0.4345703 2.3266042e-09 734316.8
-2044796300000.0 0.43391925 2.3266042e-09 734316.8
-2041728500000.0 0.43326822 2.3266042e-09 734316.8
-2038660600000.0 0.4326172 2.3266042e-09 734316.8
-2035592600000.0 0.43196616 2.4717828e-09 736787.3
-2032524600000.0 0.4313151 2.4717828e-09 736787.3
-2029456600000.0 0.43066406 2.4717828e-09 736787.3
-2026388700000.0 0.43001303 2.4717828e-09 736787.3
-2023320800000.0 0.429362 2.5557516e-09 762440.25
-2020252700000.0 0.42871094 2.5557516e-09 762440.25
-2017184800000.0 0.4280599 2.5557516e-09 762440.25
-2014117000000.0 0.42740887 2.5557516e-09 762440.25
-2011048800000.0 0.42675778 2.7307594e-09 757351.06
-2007981000000.0 0.42610675 2.7307594e-09 757351.06
-2004913000000.0 0.42545575 2.7307594e-09 757351.06
-2001845000000.0 0.42480466 2.7307594e-09 757351.06
-1998777000000.0 0.42415363 2.8083489e-09 787535.94
-1995709100000.0 0.4235026 2.8083489e-09 787535.94
-1992641200000.0 0.42285156 2.8083489e-09 787535.94
-1989573200000.0 0.42220053 2.8083489e-09 787535.94
-1986505200000.0 0.42154947 2.9613954e-09 782664.8
-1983437300000.0 0.42089844 2.9613954e-09 782664.8
-1980369300000.0 0.4202474 2.9613954e-09 782664.8
-1977301300000.0 0.41959634 2.9613954e-09 782664.8
-1974233300000.0 0.4189453 3.0588325e-09 798955.5
-1971165500000.0 0.41829428 3.0588325e-09 798955.5
-1968097300000.0 0.41764322 3.0588325e-09 798955.5
-1965029500000.0 0.4169922 3.0588325e-09 798955.5
-1961961600000.0 0.41634116 3.205625e-09 791615.0
-1958893500000.0 0.4156901 3.205625e-09 791615.0
-1955825700000.0 0.4150391 3.205625e-09 791615.0
-1952757600000.0 0.41438803 3.205625e-09 791615.0
-1949689600000.0 0.41373694 3.275819e-09 811825.06
-1946621800000.0 0.41308597 3.275819e-09 811825.06
-1943553700000.0 0.41243488 3.275819e-09 811825.06
-1940485800000.0 0.41178387 3.275819e-09 811825.06
-1937418000000.0 0.41113284 3.4541718e-09 787496.44
-1934349800000.0 0.41048175 3.4541718e-09 787496.44
-1931282000000.0 0.40983072 3.4541718e-09 787496.44
-1928214000000.0 0.4091797 3.4541718e-09 787496.44
-1925146000000.0 0.40852863 3.5113679e-09 811573.3
-1922078000000.0 0.4078776 3.5113679e-09 811573.3
-1919010100000.0 0.40722656 3.5113679e-09 811573.3
-1915942000000.0 0.4065755 3.5113679e-09 811573.3
-1912874200000.0 0.4059245 3.6850971e-09 786142.75
-1909806200000.0 0.40527344 3.6850971e-09 786142.75
-1906738100000.0 0.40462238 3.6850971e-09 786142.75
-1903670300000.0 0.40397137 3.6850971e-09 786142.75
-1900602200000.0 0.4033203 3.764284e-09 798961.56
-1897534300000.0 0.40266928 3.764284e-09 798961.56
-1894466500000.0 0.40201825 3.764284e-09 798961.56
-1891398300000.0 0.4013672 3.764284e-09 798961.56
-1888330400000.0 0.40071616 3.943082e-09 780562.5
-1885262600000.0 0.40006512 3.943082e-09 780562.5
-1882194400000.0 0.39941403 3.943082e-09 780562.5
-1879126600000.0 0.398763 3.943082e-09 780562.5
-1876058600000.0 0.39811197 4.0184958e-09 789558.25
-1872990600000.0 0.3974609 4.0184958e-09 789558.25
-1869922800000.0 0.39680994 4.0184958e-09 789558.25
-1866854700000.0 0.39615884 4.0184958e-09 789558.25
-1863786800000.0 0.3955078 4.2067336e-09 769226.7
-1860718800000.0 0.39485678 4.2067336e-09 769226.7
-1857650800000.0 0.39420572 4.2067336e-09 769226.7
-1854582800000.0 0.3935547 4.2067336e-09 769226.7
-1851515000000.0 0.39290366 4.300615e-09 784218.7
-1848447000000.0 0.3922526 4.300615e-09 784218.7
-1845379000000.0 0.39160156 4.300615e-09 784218.7
-1842311100000.0 0.39095053 4.300615e-09 784218.7
-1839243000000.0 0.39029947 4.471941e-09 763509.44
-1836175000000.0 0.38964844 4.471941e-09 763509.44
-1833107200000.0 0.3889974 4.471941e-09 763509.44
-1830039000000.0 0.38834634 4.471941e-09 763509.44
-1826971300000.0 0.38769534 4.581916e-09 781904.06
-1823903200000.0 0.38704428 4.581916e-09 781904.06
-1820835300000.0 0.38639325 4.581916e-09 781904.06
-1817767400000.0 0.38574222 4.581916e-09 781904.06
-1814699300000.0 0.38509113 4.7635695e-09 765525.56
-1811631400000.0 0.3844401 4.7635695e-09 765525.56
-1808563400000.0 0.3837891 4.7635695e-09 765525.56
-1805495400000.0 0.383138 4.7635695e-09 765525.56
-1802427600000.0 0.38248697 4.860287e-09 785497.6
-1799359600000.0 0.38183594 4.860287e-09 785497.6
-1796291600000.0 0.38118488 4.860287e-09 785497.6
-1793223600000.0 0.38053384 4.860287e-09 785497.6
-1790155700000.0 0.3798828 5.0535083e-09 770653.0
-1787087600000.0 0.37923175 5.0535083e-09 770653.0
-1784019800000.0 0.37858075 5.0535083e-09 770653.0
-1780951800000.0 0.3779297 5.0535083e-09 770653.0
-1777883800000.0 0.37727866 5.1420113e-09 788785.56
-1774816000000.0 0.37662762 5.1420113e-09 788785.56
-1771747800000.0 0.37597656 5.1420113e-09 788785.56
-1768679900000.0 0.37532553 5.1420113e-09 788785.56
-1765612000000.0 0.3746745 5.3048015e-09 770274.1
-1762543900000.0 0.37402344 5.3048015e-09 770274.1
-1759476000000.0 0.3733724 5.3048015e-09 770274.1
-1756408200000.0 0.37272137 5.3048015e-09 770274.1
-1753340000000.0 0.37207028 5.376396e-09 781240.56
-1750272200000.0 0.37141925 5.376396e-09 781240.56
-1747204200000.0 0.37076822 5.376396e-09 781240.56
-1744136200000.0 0.37011716 5.376396e-09 781240.56
-1741068400000.0 0.3694662 5.5326255e-09 754264.56
-1738000300000.0 0.3688151 5.5326255e-09 754264.56
-1734932400000.0 0.36816406 5.5326255e-09 754264.56
-1731864400000.0 0.36751303 5.5326255e-09 754264.56
-1728796400000.0 0.36686197 5.585598e-09 755276.06
-1725728400000.0 0.36621094 5.585598e-09 755276.06
-1722660600000.0 0.3655599 5.585598e-09 755276.06
-1719592400000.0 0.36490884 5.585598e-09 755276.06
-1716524500000.0 0.3642578 5.7760796e-09 719633.25
-1713456700000.0 0.36360678 5.7760796e-09 719633.25
-1710388500000.0 0.36295572 5.7760796e-09 719633.25
-1707320700000.0 0.3623047 5.7760796e-09 719633.25
-1704252800000.0 0.36165366 5.8511405e-09 718297.3
-1701184700000.0 0.3610026 5.8511405e-09 718297.3
-1698116900000.0 0.3603516 5.8511405e-09 718297.3
-1695048800000.0 0.35970053 5.8511405e-09 718297.3
-1691980900000.0 0.3590495 6.0863807e-09 678912.44
-1688913000000.0 0.35839847 6.0863807e-09 678912.44
-1685844900000.0 0.35774738 6.0863807e-09 678912.44
-1682777000000.0 0.35709634 6.0863807e-09 678912.44
-1679709000000.0 0.3564453 6.2176966e-09 678081.06
-1676641000000.0 0.35579425 6.2176966e-09 678081.06
-1673573200000.0 0.35514322 6.2176966e-09 678081.06
-1670505200000.0 0.3544922 6.2176966e-09 678081.06
-1667437200000.0 0.35384113 6.529762e-09 645400.06
-1664369200000.0 0.3531901 6.529762e-09 645400.06
-1661301300000.0 0.35253906 6.529762e-09 645400.06
-1658233200000.0 0.351888 6.529762e-09 645400.06
-1655165400000.0 0.351237 6.681105e-09 644081.25
-1652097400000.0 0.35058594 6.681105e-09 644081.25
-1649029400000.0 0.3499349 6.681105e-09 644081.25
-1645961500000.0 0.34928387 6.681105e-09 644081.25
-1642893400000.0 0.3486328 7.0349158e-09 615479.7
-1639825500000.0 0.34798178 7.0349158e-09 615479.7
-1636757700000.0 0.34733075 7.0349158e-09 615479.7
-1633689500000.0 0.3466797 7.0349158e-09 615479.7
-1630621700000.0 0.34602866 7.2872854e-09 618623.25
-1627553800000.0 0.34537762 7.2872854e-09 618623.25
-1624485700000.0 0.34472653 7.2872854e-09 618623.25
-1621417800000.0 0.3440755 7.2872854e-09 618623.25
-1618349800000.0 0.34342447 7.685971e-09 600418.9
-1615281800000.0 0.3427734 7.685971e-09 600418.9
-1612214000000.0 0.3421224 7.685971e-09 600418.9
-1609145900000.0 0.34147134 7.685971e-09 600418.9
-1606078000000.0 0.3408203 7.96312e-09 604626.7
-1603010000000.0 0.34016928 7.96312e-09 604626.7
-1599942000000.0 0.33951822 7.96312e-09 604626.7
-1596874000000.0 0.3388672 7.96312e-09 604626.7
-1593806200000.0 0.33821616 8.395071e-09 596694.7
-1590738000000.0 0.3375651 8.395071e-09 596694.7
-1587670200000.0 0.33691406 8.395071e-09 596694.7
-1584602300000.0 0.33626303 8.395071e-09 596694.7
-1581534200000.0 0.33561197 8.7586685e-09 600581.06
-1578466300000.0 0.33496094 8.7586685e-09 600581.06
-1575398400000.0 0.3343099 8.7586685e-09 600581.06
-1572330400000.0 0.33365887 8.7586685e-09 600581.06
-1569262400000.0 0.3330078 9.217558e-09 596462.3
-1566194400000.0 0.33235678 9.217558e-09 596462.3
-1563126500000.0 0.33170575 9.217558e-09 596462.3
-1560058700000.0 0.33105472 9.217558e-09 596462.3
-1556990500000.0 0.33040363 9.65862e-09 601394.75
-1553922700000.0 0.3297526 9.65862e-09 601394.75
-1550854700000.0 0.32910156 9.65862e-09 601394.75
-1547786600000.0 0.3284505 9.65862e-09 601394.75
-1544718600000.0 0.32779947 1.0090173e-08 604300.9
-1541650800000.0 0.32714844 1.0090173e-08 604300.9
-1538582800000.0 0.32649738 1.0090173e-08 604300.9
-1535514800000.0 0.32584634 1.0090173e-08 604300.9
-1532446900000.0 0.3251953 1.05810996e-08 602165.9
-1529379000000.0 0.32454428 1.05810996e-08 602165.9
-1526310900000.0 0.32389322 1.05810996e-08 602165.9
-1523243000000.0 0.3232422 1.05810996e-08 602165.9
-1520175000000.0 0.32259116 1.100696e-08 603069.25
-1517107200000.0 0.32194012 1.100696e-08 603069.25
-1514039000000.0 0.32128906 1.100696e-08 603069.25
-1510971100000.0 0.32063803 1.100696e-08 603069.25
-1507903300000.0 0.319987 1.146475e-08 602558.56
-1504835100000.0 0.31933594 1.146475e-08 602558.56
-1501767300000.0 0.3186849 1.146475e-08 602558.56
-1498699400000.0 0.31803387 1.146475e-08 602558.56
-1495631400000.0 0.31738284 1.1826107e-08 605505.44
-1492563400000.0 0.31673178 1.1826107e-08 605505.44
-1489495400000.0 0.31608072 1.1826107e-08 605505.44
-1486427500000.0 0.3154297 1.1826107e-08 605505.44
-1483359400000.0 0.31477863 1.2226079e-08 596687.7
-1480291500000.0 0.3141276 1.2226079e-08 596687.7
-1477223600000.0 0.31347656 1.2226079e-08 596687.7
-1474155600000.0 0.31282553 1.2226079e-08 596687.7
-1471087600000.0 0.31217447 1.24843105e-08 599192.44
-1468019600000.0 0.3115234 1.24843105e-08 599192.44
-1464951800000.0 0.3108724 1.24843105e-08 599192.44
-1461883600000.0 0.3102213 1.24843105e-08 599192.44
-1458815800000.0 0.3095703 1.2891088e-08 595489.06
-1455747900000.0 0.30891928 1.2891088e-08 595489.06
-1452679900000.0 0.30826822 1.2891088e-08 595489.06
-1449611900000.0 0.3076172 1.2891088e-08 595489.06
-1446544000000.0 0.30696616 1.3074651e-08 596131.5
-1443476000000.0 0.30631512 1.3074651e-08 596131.5
-1440408000000.0 0.30566406 1.3074651e-08 596131.5
-1437340000000.0 0.30501303 1.3074651e-08 596131.5
-1434272100000.0 0.304362 1.331818e-08 587199.06
-1431204100000.0 0.30371094 1.331818e-08 587199.06
-1428136100000.0 0.30305988 1.331818e-08 587199.06
-1425068300000.0 0.30240884 1.331818e-08 587199.06
-1422000300000.0 0.3017578 1.3407059e-08 590768.5
-1418932300000.0 0.30110675 1.3407059e-08 590768.5
-1415864300000.0 0.30045572 1.3407059e-08 590768.5
-1412796400000.0 0.2998047 1.3407059e-08 590768.5
-1409728400000.0 0.29915366 1.3664933e-08 584039.94
-1406660400000.0 0.2985026 1.3664933e-08 584039.94
-1403592500000.0 0.29785156 1.3664933e-08 584039.94
-1400524600000.0 0.29720056 1.3664933e-08 584039.94
-1397456500000.0 0.29654947 1.37371545e-08 580062.7
-1394388600000.0 0.29589847 1.37371545e-08 580062.7
