morphology_data/1d_wc_a0.025_l8r0.5_00001.ecsv
# %ECSV 1.0
# ---
# datatype:
# - {name: b, datatype: float32}
# - {name: phase, datatype: float32}
# - {name: sigma, datatype: float32}
# - {name: vr, datatype: float32}
# meta: {lambda: 8, rp: 0.5, sep: 0.025, wind: c}
# schema: astropy-2.0
b phase sigma vr
-1177330300000.0 0.49967447 1.8119917e-11 -5664509.0
-1175796300000.0 0.49902344 1.8119917e-11 -5664509.0
-1174262400000.0 0.4983724 1.8119917e-11 -5664509.0
-1172728300000.0 0.49772134 1.8119917e-11 -5664509.0
-1171194400000.0 0.4970703 1.3876372e-11 -6924475.5
-1169660400000.0 0.49641928 1.3876372e-11 -6924475.5
-1168126500000.0 0.49576828 1.3876372e-11 -6924475.5
-1166592400000.0 0.4951172 1.3876372e-11 -6924475.5
-1165058500000.0 0.4944662 1.1554377e-11 -8057255.5
-1163524400000.0 0.49381506 1.1554377e-11 -8057255.5
-1161990500000.0 0.4931641 1.1554377e-11 -8057255.5
-1160456400000.0 0.49251297 1.1554377e-11 -8057255.5
-1158922500000.0 0.49186197 1.0911614e-11 -8750655.0
-1157388600000.0 0.49121094 1.0911614e-11 -8750655.0
-1155854500000.0 0.49055988 1.0911614e-11 -8750655.0
-1154320600000.0 0.48990884 1.0911614e-11 -8750655.0
-1152786600000.0 0.4892578 1.1364662e-11 -8995668.0
-1151252600000.0 0.48860675 1.1364662e-11 -8995668.0
-1149718600000.0 0.48795572 1.1364662e-11 -8995668.0
-1148184700000.0 0.4873047 1.1364662e-11 -8995668.0
-1146650800000.0 0.48665366 1.2430618e-11 -8959811.0
-1145116700000.0 0.4860026 1.2430618e-11 -8959811.0
-1143582800000.0 0.48535156 1.2430618e-11 -8959811.0
-1142048800000.0 0.48470056 1.2430618e-11 -8959811.0
-1140514800000.0 0.48404947 1.3815528e-11 -8791366.0
-1138980800000.0 0.48339847 1.3815528e-11 -8791366.0
-1137446700000.0 0.48274735 1.3815528e-11 -8791366.0
-1135912800000.0 0.48209637 1.3815528e-11 -8791366.0
-1134378700000.0 0.48144525 1.5352056e-11 -8575802.0
-1132844800000.0 0.48079422 1.5352056e-11 -8575802.0
-1131310900000.0 0.48014325 1.5352056e-11 -8575802.0
-1129776800000.0 0.47949213 1.5352056e-11 -8575802.0
-1128242900000.0 0.47884113 1.693264e-11 -8359600.5
-1126709000000.0 0.4781901 1.693264e-11 -8359600.5
-1125175000000.0 0.47753906 1.693264e-11 -8359600.5
-1123640900000.0 0.476888 1.693264e-11 -8359600.5
-1122107000000.0 0.47623697 1.8474331e-11 -8167713.5
-1120573000000.0 0.47558594 1.8474331e-11 -8167713.5
-1119039100000.0 0.47493497 1.8474331e-11 -8167713.5
-1117505000000.0 0.47428384 1.8474331e-11 -8167713.5
-1115971100000.0 0.47363284 1.9916744e-11 -8010911.5
-1114437000000.0 0.47298175 1.9916744e-11 -8010911.5
-1112903100000.0 0.47233072 1.9916744e-11 -8010911.5
-1111369200000.0 0.47167972 1.9916744e-11 -8010911.5
-1109835100000.0 0.47102863 2.1242414e-11 -7889266.0
-1108301200000.0 0.47037762 2.1242414e-11 -7889266.0
-1106767100000.0 0.4697265 2.1242414e-11 -7889266.0
-1105233200000.0 0.46907553 2.1242414e-11 -7889266.0
-1103699200000.0 0.4684245 2.2481675e-11 -7795696.5
-1102165200000.0 0.46777344 2.2481675e-11 -7795696.5
-1100631200000.0 0.4671224 2.2481675e-11 -7795696.5
-1099097300000.0 0.46647137 2.2481675e-11 -7795696.5
-1097563400000.0 0.46582034 2.3687831e-11 -7719105.0
-1096029300000.0 0.46516925 2.3687831e-11 -7719105.0
-1094495400000.0 0.46451822 2.3687831e-11 -7719105.0
-1092961400000.0 0.4638672 2.3687831e-11 -7719105.0
-1091427400000.0 0.46321613 2.4941776e-11 -7648261.0
-1089893400000.0 0.4625651 2.4941776e-11 -7648261.0
-1088359400000.0 0.46191406 2.4941776e-11 -7648261.0
-1086825370000.0 0.461263 2.4941776e-11 -7648261.0
-1085291400000.0 0.46061197 2.6453598e-11 -7566611.5
-1083757500000.0 0.45996094 2.6453598e-11 -7566611.5
-1082223500000.0 0.4593099 2.6453598e-11 -7566611.5
-1080689500000.0 0.45865884 2.6453598e-11 -7566611.5
-1079155560000.0 0.4580078 2.8527259e-11 -7446382.5
-1077621560000.0 0.45735678 2.8527259e-11 -7446382.5
-1076087600000.0 0.45670575 2.8527259e-11 -7446382.5
-1074553550000.0 0.4560547 2.8527259e-11 -7446382.5
-1073019600000.0 0.45540366 3.1388708e-11 -7253813.0
-1071485700000.0 0.45475262 3.1388708e-11 -7253813.0
-1069951600000.0 0.45410153 3.1388708e-11 -7253813.0
-1068417700000.0 0.45345053 3.1388708e-11 -7253813.0
-1066883700000.0 0.4527995 3.5039593e-11 -6976270.0
-1065349700000.0 0.4521484 3.5039593e-11 -6976270.0
-1063815700000.0 0.45149738 3.5039593e-11 -6976270.0
-1062281740000.0 0.45084634 3.5039593e-11 -6976270.0
-1060747800000.0 0.4501953 3.9238283e-11 -6638280.0
-1059213740000.0 0.44954425 3.9238283e-11 -6638280.0
-1057679800000.0 0.44889322 3.9238283e-11 -6638280.0
-1056145870000.0 0.4482422 3.9238283e-11 -6638280.0
-1054611870000.0 0.44759116 4.365351e-11 -6286279.0
-1053077860000.0 0.4469401 4.365351e-11 -6286279.0
-1051543860000.0 0.44628906 4.365351e-11 -6286279.0
-1050009900000.0 0.44563803 4.365351e-11 -6286279.0
-1048475860000.0 0.44498697 4.7990233e-11 -5962003.0
-1046941900000.0 0.44433594 4.7990233e-11 -5962003.0
-1045408000000.0 0.4436849 4.7990233e-11 -5962003.0
-1043873900000.0 0.44303384 4.7990233e-11 -5962003.0
-1042340000000.0 0.4423828 5.2093337e-11 -5681172.0
-1040806000000.0 0.44173178 5.2093337e-11 -5681172.0
-1039272050000.0 0.44108075 5.2093337e-11 -5681172.0
-1037738000000.0 0.44042966 5.2093337e-11 -5681172.0
-1036204050000.0 0.43977866 5.5412445e-11 -5450639.5
-1034670100000.0 0.43912762 5.5412445e-11 -5450639.5
-1033136200000.0 0.4384766 5.5412445e-11 -5450639.5
-1031602100000.0 0.4378255 5.5412445e-11 -5450639.5
-1030068200000.0 0.43717447 5.674784e-11 -5283595.0
-1028534200000.0 0.43652344 5.674784e-11 -5283595.0
-1027000200000.0 0.43587238 5.674784e-11 -5283595.0
-1025466200000.0 0.43522134 5.674784e-11 -5283595.0
-1023932240000.0 0.4345703 5.604819e-11 -5156534.5
-1022398200000.0 0.43391925 5.604819e-11 -5156534.5
-1020864230000.0 0.43326822 5.604819e-11 -5156534.5
-1019330300000.0 0.4326172 5.604819e-11 -5156534.5
-1017796300000.0 0.43196616 5.4532885e-11 -5015156.0
-1016262300000.0 0.4313151 5.4532885e-11 -5015156.0
-1014728300000.0 0.43066406 5.4532885e-11 -5015156.0
-1013194360000.0 0.43001303 5.4532885e-11 -5015156.0
-1011660400000.0 0.429362 5.3253988e-11 -4827012.5
-1010126360000.0 0.42871094 5.3253988e-11 -4827012.5
-1008592400000.0 0.4280599 5.3253988e-11 -4827012.5
-1007058500000.0 0.42740887 5.3253988e-11 -4827012.5
-1005524400000.0 0.42675778 5.2664997e-11 -4590472.5
-1003990500000.0 0.42610675 5.2664997e-11 -4590472.5
-1002456500000.0 0.42545575 5.2664997e-11 -4590472.5
-1000922500000.0 0.42480466 5.2664997e-11 -4590472.5
-999388500000.0 0.42415363 5.292553e-11 -4314868.0
-997854540000.0 0.4235026 5.292553e-11 -4314868.0
-996320600000.0 0.42285156 5.292553e-11 -4314868.0
-994786600000.0 0.42220053 5.292553e-11 -4314868.0
-993252600000.0 0.42154947 5.4210324e-11 -4004175.8
-991718700000.0 0.42089844 5.4210324e-11 -4004175.8
-990184700000.0 0.4202474 5.4210324e-11 -4004175.8
-988650700000.0 0.41959634 5.4210324e-11 -4004175.8
-987116670000.0 0.4189453 5.6832938e-11 -3656310.2
-985582700000.0 0.41829428 5.6832938e-11 -3656310.2
-984048660000.0 0.41764322 5.6832938e-11 -3656310.2
-982514700000.0 0.4169922 5.6832938e-11 -3656310.2
-980980800000.0 0.41634116 6.1130385e-11 -3268297.5
-979446700000.0 0.4156901 6.1130385e-11 -3268297.5
-977912860000.0 0.4150391 6.1130385e-11 -3268297.5
-976378800000.0 0.41438803 6.1130385e-11 -3268297.5
-974844800000.0 0.41373694 6.7335394e-11 -2835629.0
-973310900000.0 0.41308597 6.7335394e-11 -2835629.0
-971776850000.0 0.41243488 6.7335394e-11 -2835629.0
-970242900000.0 0.41178387 6.7335394e-11 -2835629.0
-968709000000.0 0.41113284 7.530166e-11 -2343373.0
-967174900000.0 0.41048175 7.530166e-11 -2343373.0
-965641000000.0 0.40983072 7.530166e-11 -2343373.0
-964107000000.0 0.4091797 7.530166e-11 -2343373.0
-962573000000.0 0.40852863 8.419953e-11 -1804551.2
-961039000000.0 0.4078776 8.419953e-11 -1804551.2
-959505040000.0 0.40722656 8.419953e-11 -1804551.2
-957971000000.0 0.4065755 8.419953e-11 -1804551.2
-956437100000.0 0.4059245 9.26406e-11 -1297000.9
-954903100000.0 0.40527344 9.26406e-11 -1297000.9
-953369030000.0 0.40462238 9.26406e-11 -1297000.9
-951835160000.0 0.40397137 9.26406e-11 -1297000.9
-950301100000.0 0.4033203 9.952525e-11 -925158.8
-948767160000.0 0.40266928 9.952525e-11 -925158.8
-947233200000.0 0.40201825 9.952525e-11 -925158.8
-945699160000.0 0.4013672 9.952525e-11 -925158.8
-944165200000.0 0.40071616 1.0404688e-10 -763669.44
-942631300000.0 0.40006512 1.0404688e-10 -763669.44
-941097200000.0 0.39941403 1.0404688e-10 -763669.44
-939563300000.0 0.398763 1.0404688e-10 -763669.44
-938029300000.0 0.39811197 1.0548067e-10 -829431.7
-936495300000.0 0.3974609 1.0548067e-10 -829431.7
-934961400000.0 0.39680994 1.0548067e-10 -829431.7
-933427350000.0 0.39615884 1.0548067e-10 -829431.7
-931893400000.0 0.3955078 1.0389066e-10 -1141082.4
-930359400000.0 0.39485678 1.0389066e-10 -1141082.4
-928825400000.0 0.39420572 1.0389066e-10 -1141082.4
-927291400000.0 0.3935547 1.0389066e-10 -1141082.4
-925757500000.0 0.39290366 9.842103e-11 -1752221.4
-924223500000.0 0.3922526 9.842103e-11 -1752221.4
-922689500000.0 0.39160156 9.842103e-11 -1752221.4
-921155530000.0 0.39095053 9.842103e-11 -1752221.4
-919621500000.0 0.39029947 8.302555e-11 -2680600.0
-918087500000.0 0.38964844 8.302555e-11 -2680600.0
-916553600000.0 0.3889974 8.302555e-11 -2680600.0
-915019500000.0 0.38834634 8.302555e-11 -2680600.0
-913485660000.0 0.38769534 5.948094e-11 -3828085.0
-911951600000.0 0.38704428 5.948094e-11 -3828085.0
-910417660000.0 0.38639325 5.948094e-11 -3828085.0
-908883700000.0 0.38574222 5.948094e-11 -3828085.0
-907349660000.0 0.38509113 4.0015165e-11 -5060904.5
-905815700000.0 0.3844401 4.0015165e-11 -5060904.5
-904281700000.0 0.3837891 4.0015165e-11 -5060904.5
-902747700000.0 0.383138 4.0015165e-11 -5060904.5
-901213800000.0 0.38248697 3.000811e-11 -6140932.5
-899679800000.0 0.38183594 3.000811e-11 -6140932.5
-898145800000.0 0.38118488 3.000811e-11 -6140932.5
-896611800000.0 0.38053384 3.000811e-11 -6140932.5
-895077840000.0 0.3798828 2.7138047e-11 -6763440.5
-893543800000.0 0.37923175 2.7138047e-11 -6763440.5
-892009900000.0 0.37858075 2.7138047e-11 -6763440.5
-890475900000.0 0.3779297 2.7138047e-11 -6763440.5
-888941900000.0 0.37727866 2.8197233e-11 -6917294.5
-887408000000.0 0.37662762 2.8197233e-11 -6917294.5
-885873900000.0 0.37597656 2.8197233e-11 -6917294.5
-884339970000.0 0.37532553 2.8197233e-11 -6917294.5
-882806000000.0 0.3746745 3.1108546e-11 -6812358.0
-881271960000.0 0.37402344 3.1108546e-11 -6812358.0
-879738000000.0 0.3733724 3.1108546e-11 -6812358.0
-878204100000.0 0.37272137 3.1108546e-11 -6812358.0
-876670000000.0 0.37207028 3.4750546e-11 -6612521.5
-875136100000.0 0.37141925 3.4750546e-11 -6612521.5
-873602100000.0 0.37076822 3.4750546e-11 -6612521.5
-872068100000.0 0.37011716 3.4750546e-11 -6612521.5
-870534200000.0 0.3694662 3.855988e-11 -6411497.0
-869000150000.0 0.3688151 3.855988e-11 -6411497.0
-867466200000.0 0.36816406 3.855988e-11 -6411497.0
-865932200000.0 0.36751303 3.855988e-11 -6411497.0
-864398200000.0 0.36686197 4.223711e-11 -6251485.0
-862864200000.0 0.36621094 4.223711e-11 -6251485.0
-861330300000.0 0.3655599 4.223711e-11 -6251485.0
-859796200000.0 0.36490884 4.223711e-11 -6251485.0
-858262300000.0 0.3642578 4.566908e-11 -6140793.5
-856728340000.0 0.36360678 4.566908e-11 -6140793.5
-855194300000.0 0.36295572 4.566908e-11 -6140793.5
-853660340000.0 0.3623047 4.566908e-11 -6140793.5
-852126400000.0 0.36165366 4.884539e-11 -6073428.0
-850592330000.0 0.3610026 4.884539e-11 -6073428.0
-849058460000.0 0.3603516 4.884539e-11 -6073428.0
-847524400000.0 0.35970053 4.884539e-11 -6073428.0
-845990460000.0 0.3590495 5.1690815e-11 -6040253.5
-844456500000.0 0.35839847 5.1690815e-11 -6040253.5
-842922460000.0 0.35774738 5.1690815e-11 -6040253.5
-841388500000.0 0.35709634 5.1690815e-11 -6040253.5
-839854500000.0 0.3564453 5.380383e-11 -6039231.5
-838320500000.0 0.35579425 5.380383e-11 -6039231.5
-836786600000.0 0.35514322 5.380383e-11 -6039231.5
-835252600000.0 0.3544922 5.380383e-11 -6039231.5
-833718600000.0 0.35384113 5.463164e-11 -6070002.5
-832184600000.0 0.3531901 5.463164e-11 -6070002.5
-830650650000.0 0.35253906 5.463164e-11 -6070002.5
-829116600000.0 0.351888 5.463164e-11 -6070002.5
-827582700000.0 0.351237 5.457741e-11 -6130390.5
-826048700000.0 0.35058594 5.457741e-11 -6130390.5
-824514700000.0 0.3499349 5.457741e-11 -6130390.5
-822980800000.0 0.34928387 5.457741e-11 -6130390.5
-821446700000.0 0.3486328 5.44984e-11 -6189297.0
-819912800000.0 0.34798178 5.44984e-11 -6189297.0
-818378830000.0 0.34733075 5.44984e-11 -6189297.0
-816844800000.0 0.3466797 5.44984e-11 -6189297.0
-815310800000.0 0.34602866 5.518935e-11 -6199377.5
-813776900000.0 0.34537762 5.518935e-11 -6199377.5
-812242800000.0 0.34472653 5.518935e-11 -6199377.5
-810708900000.0 0.3440755 5.518935e-11 -6199377.5
-809174900000.0 0.34342447 5.698177e-11 -6136840.0
-807640900000.0 0.3427734 5.698177e-11 -6136840.0
-806107000000.0 0.3421224 5.698177e-11 -6136840.0
-804572950000.0 0.34147134 5.698177e-11 -6136840.0
-803039000000.0 0.3408203 5.963143e-11 -5995548.5
-801505000000.0 0.34016928 5.963143e-11 -5995548.5
-799971000000.0 0.33951822 5.963143e-11 -5995548.5
-798437000000.0 0.3388672 5.963143e-11 -5995548.5
-796903100000.0 0.33821616 6.250839e-11 -5772793.0
-795369000000.0 0.3375651 6.250839e-11 -5772793.0
-793835100000.0 0.33691406 6.250839e-11 -5772793.0
-792301140000.0 0.33626303 6.250839e-11 -5772793.0
-790767100000.0 0.33561197 6.5749295e-11 -5473271.5
-789233140000.0 0.33496094 6.5749295e-11 -5473271.5
-787699200000.0 0.3343099 6.5749295e-11 -5473271.5
-786165200000.0 0.33365887 6.5749295e-11 -5473271.5
-784631200000.0 0.3330078 6.940048e-11 -5123150.0
-783097200000.0 0.33235678 6.940048e-11 -5123150.0
-781563270000.0 0.33170575 6.940048e-11 -5123150.0
-780029300000.0 0.33105472 6.940048e-11 -5123150.0
-778495260000.0 0.33040363 7.3040234e-11 -4759697.5
-776961300000.0 0.3297526 7.3040234e-11 -4759697.5
-775427300000.0 0.32910156 7.3040234e-11 -4759697.5
-773893300000.0 0.3284505 7.3040234e-11 -4759697.5
-772359300000.0 0.32779947 7.652387e-11 -4412999.0
-770825400000.0 0.32714844 7.652387e-11 -4412999.0
-769291400000.0 0.32649738 7.652387e-11 -4412999.0
-767757400000.0 0.32584634 7.652387e-11 -4412999.0
-766223450000.0 0.3251953 7.990441e-11 -4098755.8
-764689500000.0 0.32454428 7.990441e-11 -4098755.8
-763155450000.0 0.32389322 7.990441e-11 -4098755.8
-761621500000.0 0.3232422 7.990441e-11 -4098755.8
-760087500000.0 0.32259116 8.364314e-11 -3823096.2
-758553600000.0 0.32194012 8.364314e-11 -3823096.2
-757019500000.0 0.32128906 8.364314e-11 -3823096.2
-755485600000.0 0.32063803 8.364314e-11 -3823096.2
-753951640000.0 0.319987 9.0366575e-11 -3542237.5
-752417600000.0 0.31933594 9.0366575e-11 -3542237.5
-750883640000.0 0.3186849 9.0366575e-11 -3542237.5
-749349700000.0 0.31803387 9.0366575e-11 -3542237.5
-747815700000.0 0.31738284 1.0193401e-10 -3196399.8
-746281700000.0 0.31673178 1.0193401e-10 -3196399.8
-744747700000.0 0.31608072 1.0193401e-10 -3196399.8
-743213760000.0 0.3154297 1.0193401e-10 -3196399.8
-741679700000.0 0.31477863 1.13877935e-10 -2772392.8
-740145760000.0 0.3141276 1.13877935e-10 -2772392.8
-738611800000.0 0.31347656 1.13877935e-10 -2772392.8
-737077800000.0 0.31282553 1.13877935e-10 -2772392.8
-735543800000.0 0.31217447 1.2191836e-10 -2358127.2
-734009800000.0 0.3115234 1.2191836e-10 -2358127.2
-732475900000.0 0.3108724 1.2191836e-10 -2358127.2
-730941800000.0 0.3102213 1.2191836e-10 -2358127.2
-729407900000.0 0.3095703 1.2614276e-10 -2081128.1
-727873950000.0 0.30891928 1.2614276e-10 -2081128.1
-726339940000.0 0.30826822 1.2614276e-10 -2081128.1
-724805940000.0 0.3076172 1.2614276e-10 -2081128.1
-723272000000.0 0.30696616 1.2851667e-10 -1998578.5
-721738000000.0 0.30631512 1.2851667e-10 -1998578.5
-720204000000.0 0.30566406 1.2851667e-10 -1998578.5
-718670000000.0 0.30501303 1.2851667e-10 -1998578.5
-717136100000.0 0.304362 1.307021e-10 -2090146.9
-715602100000.0 0.30371094 1.307021e-10 -2090146.9
-714068070000.0 0.30305988 1.307021e-10 -2090146.9
-712534100000.0 0.30240884 1.307021e-10 -2090146.9
-711000100000.0 0.3017578 1.3257047e-10 -2259246.8
-709466100000.0 0.30110675 1.3257047e-10 -2259246.8
-707932100000.0 0.30045572 1.3257047e-10 -2259246.8
-706398200000.0 0.2998047 1.3257047e-10 -2259246.8
-704864200000.0 0.29915366 1.3235574e-10 -2512552.8
-703330200000.0 0.2985026 1.3235574e-10 -2512552.8
