morphology_data/1d_wa_a0.05_l4r0.5_00001.ecsv
# %ECSV 1.0
# ---
# datatype:
# - {name: b, datatype: float32}
# - {name: phase, datatype: float32}
# - {name: sigma, datatype: float32}
# - {name: vr, datatype: float32}
# meta: {lambda: 4, rp: 0.5, sep: 0.05, wind: a}
# schema: astropy-2.0
b phase sigma vr
-2354660500000.0 0.49967447 6.580926e-09 -829811.6
-2351592600000.0 0.49902344 6.580926e-09 -829811.6
-2348524800000.0 0.4983724 6.580926e-09 -829811.6
-2345456600000.0 0.49772134 6.580926e-09 -829811.6
-2342388800000.0 0.4970703 6.641179e-09 -820414.0
-2339321000000.0 0.49641928 6.641179e-09 -820414.0
-2336253000000.0 0.49576828 6.641179e-09 -820414.0
-2333185000000.0 0.4951172 6.641179e-09 -820414.0
-2330117000000.0 0.4944662 6.6305104e-09 -823584.4
-2327049000000.0 0.49381506 6.6305104e-09 -823584.4
-2323981000000.0 0.4931641 6.6305104e-09 -823584.4
-2320913000000.0 0.49251297 6.6305104e-09 -823584.4
-2317845000000.0 0.49186197 6.642673e-09 -797387.4
-2314777100000.0 0.49121094 6.642673e-09 -797387.4
-2311709000000.0 0.49055988 6.642673e-09 -797387.4
-2308641000000.0 0.48990884 6.642673e-09 -797387.4
-2305573300000.0 0.4892578 6.5380976e-09 -805041.5
-2302505000000.0 0.48860675 6.5380976e-09 -805041.5
-2299437300000.0 0.48795572 6.5380976e-09 -805041.5
-2296369400000.0 0.4873047 6.5380976e-09 -805041.5
-2293301500000.0 0.48665366 6.491785e-09 -776436.56
-2290233400000.0 0.4860026 6.491785e-09 -776436.56
-2287165500000.0 0.48535156 6.491785e-09 -776436.56
-2284097600000.0 0.48470056 6.491785e-09 -776436.56
-2281029500000.0 0.48404947 6.329409e-09 -799168.0
-2277961600000.0 0.48339847 6.329409e-09 -799168.0
-2274893500000.0 0.48274735 6.329409e-09 -799168.0
-2271825600000.0 0.48209637 6.329409e-09 -799168.0
-2268757500000.0 0.48144525 6.2666445e-09 -775781.2
-2265689600000.0 0.48079422 6.2666445e-09 -775781.2
-2262621700000.0 0.48014325 6.2666445e-09 -775781.2
-2259553600000.0 0.47949213 6.2666445e-09 -775781.2
-2256485700000.0 0.47884113 6.066473e-09 -855258.06
-2253418000000.0 0.4781901 6.066473e-09 -855258.06
-2250350000000.0 0.47753906 6.066473e-09 -855258.06
-2247281900000.0 0.476888 6.066473e-09 -855258.06
-2244214000000.0 0.47623697 5.972716e-09 -876847.6
-2241146000000.0 0.47558594 5.972716e-09 -876847.6
-2238078300000.0 0.47493497 5.972716e-09 -876847.6
-2235010000000.0 0.47428384 5.972716e-09 -876847.6
-2231942300000.0 0.47363284 5.7769394e-09 -976308.56
-2228874000000.0 0.47298175 5.7769394e-09 -976308.56
-2225806200000.0 0.47233072 5.7769394e-09 -976308.56
-2222738400000.0 0.47167972 5.7769394e-09 -976308.56
-2219670200000.0 0.47102863 5.731112e-09 -974743.5
-2216602400000.0 0.47037762 5.731112e-09 -974743.5
-2213534200000.0 0.4697265 5.731112e-09 -974743.5
-2210466400000.0 0.46907553 5.731112e-09 -974743.5
-2207398500000.0 0.4684245 5.615282e-09 -1011773.0
-2204330400000.0 0.46777344 5.615282e-09 -1011773.0
-2201262500000.0 0.4671224 5.615282e-09 -1011773.0
-2198194600000.0 0.46647137 5.615282e-09 -1011773.0
-2195126700000.0 0.46582034 5.627354e-09 -956958.7
-2192058600000.0 0.46516925 5.627354e-09 -956958.7
-2188990700000.0 0.46451822 5.627354e-09 -956958.7
-2185922700000.0 0.4638672 5.627354e-09 -956958.7
-2182854700000.0 0.46321613 5.5914073e-09 -950095.25
-2179786700000.0 0.4625651 5.5914073e-09 -950095.25
-2176718900000.0 0.46191406 5.5914073e-09 -950095.25
-2173650700000.0 0.461263 5.5914073e-09 -950095.25
-2170582900000.0 0.46061197 5.644419e-09 -856656.56
-2167515000000.0 0.45996094 5.644419e-09 -856656.56
-2164447000000.0 0.4593099 5.644419e-09 -856656.56
-2161379000000.0 0.45865884 5.644419e-09 -856656.56
-2158311100000.0 0.4580078 5.6733294e-09 -782302.5
-2155243100000.0 0.45735678 5.6733294e-09 -782302.5
-2152175200000.0 0.45670575 5.6733294e-09 -782302.5
-2149107100000.0 0.4560547 5.6733294e-09 -782302.5
-2146039200000.0 0.45540366 5.729897e-09 -655283.1
-2142971400000.0 0.45475262 5.729897e-09 -655283.1
-2139903200000.0 0.45410153 5.729897e-09 -655283.1
-2136835400000.0 0.45345053 5.729897e-09 -655283.1
-2133767400000.0 0.4527995 5.8026326e-09 -548630.7
-2130699400000.0 0.4521484 5.8026326e-09 -548630.7
-2127631400000.0 0.45149738 5.8026326e-09 -548630.7
-2124563500000.0 0.45084634 5.8026326e-09 -548630.7
-2121495600000.0 0.4501953 5.8160947e-09 -428056.25
-2118427500000.0 0.44954425 5.8160947e-09 -428056.25
-2115359600000.0 0.44889322 5.8160947e-09 -428056.25
-2112291700000.0 0.4482422 5.8160947e-09 -428056.25
-2109223700000.0 0.44759116 5.8768146e-09 -325678.16
-2106155700000.0 0.4469401 5.8768146e-09 -325678.16
-2103087700000.0 0.44628906 5.8768146e-09 -325678.16
-2100019900000.0 0.44563803 5.8768146e-09 -325678.16
-2096951700000.0 0.44498697 5.7240794e-09 -341522.6
-2093883900000.0 0.44433594 5.7240794e-09 -341522.6
-2090816000000.0 0.4436849 5.7240794e-09 -341522.6
-2087747800000.0 0.44303384 5.7240794e-09 -341522.6
-2084680000000.0 0.4423828 5.628998e-09 -333166.5
-2081612000000.0 0.44173178 5.628998e-09 -333166.5
-2078544100000.0 0.44108075 5.628998e-09 -333166.5
-2075476000000.0 0.44042966 5.628998e-09 -333166.5
-2072408100000.0 0.43977866 5.392759e-09 -298507.1
-2069340200000.0 0.43912762 5.392759e-09 -298507.1
-2066272400000.0 0.4384766 5.392759e-09 -298507.1
-2063204200000.0 0.4378255 5.392759e-09 -298507.1
-2060136300000.0 0.43717447 5.3361333e-09 -167575.17
-2057068300000.0 0.43652344 5.3361333e-09 -167575.17
-2054000300000.0 0.43587238 5.3361333e-09 -167575.17
-2050932300000.0 0.43522134 5.3361333e-09 -167575.17
-2047864500000.0 0.4345703 5.0754183e-09 -131004.15
-2044796300000.0 0.43391925 5.0754183e-09 -131004.15
-2041728500000.0 0.43326822 5.0754183e-09 -131004.15
-2038660600000.0 0.4326172 5.0754183e-09 -131004.15
-2035592600000.0 0.43196616 4.899355e-09 -67429.59
-2032524600000.0 0.4313151 4.899355e-09 -67429.59
-2029456600000.0 0.43066406 4.899355e-09 -67429.59
-2026388700000.0 0.43001303 4.899355e-09 -67429.59
-2023320800000.0 0.429362 4.5761346e-09 -87603.46
-2020252700000.0 0.42871094 4.5761346e-09 -87603.46
-2017184800000.0 0.4280599 4.5761346e-09 -87603.46
-2014117000000.0 0.42740887 4.5761346e-09 -87603.46
-2011048800000.0 0.42675778 4.4703166e-09 -71098.68
-2007981000000.0 0.42610675 4.4703166e-09 -71098.68
-2004913000000.0 0.42545575 4.4703166e-09 -71098.68
-2001845000000.0 0.42480466 4.4703166e-09 -71098.68
-1998777000000.0 0.42415363 4.3356296e-09 -23881.705
-1995709100000.0 0.4235026 4.3356296e-09 -23881.705
-1992641200000.0 0.42285156 4.3356296e-09 -23881.705
-1989573200000.0 0.42220053 4.3356296e-09 -23881.705
-1986505200000.0 0.42154947 4.3252153e-09 -21082.748
-1983437300000.0 0.42089844 4.3252153e-09 -21082.748
-1980369300000.0 0.4202474 4.3252153e-09 -21082.748
-1977301300000.0 0.41959634 4.3252153e-09 -21082.748
-1974233300000.0 0.4189453 4.2764836e-09 -1096.2655
-1971165500000.0 0.41829428 4.2764836e-09 -1096.2655
-1968097300000.0 0.41764322 4.2764836e-09 -1096.2655
-1965029500000.0 0.4169922 4.2764836e-09 -1096.2655
-1961961600000.0 0.41634116 4.3025548e-09 -110912.31
-1958893500000.0 0.4156901 4.3025548e-09 -110912.31
-1955825700000.0 0.4150391 4.3025548e-09 -110912.31
-1952757600000.0 0.41438803 4.3025548e-09 -110912.31
-1949689600000.0 0.41373694 4.2989914e-09 -119362.74
-1946621800000.0 0.41308597 4.2989914e-09 -119362.74
-1943553700000.0 0.41243488 4.2989914e-09 -119362.74
-1940485800000.0 0.41178387 4.2989914e-09 -119362.74
-1937418000000.0 0.41113284 4.3869504e-09 -275914.03
-1934349800000.0 0.41048175 4.3869504e-09 -275914.03
-1931282000000.0 0.40983072 4.3869504e-09 -275914.03
-1928214000000.0 0.4091797 4.3869504e-09 -275914.03
-1925146000000.0 0.40852863 4.4330046e-09 -271397.6
-1922078000000.0 0.4078776 4.4330046e-09 -271397.6
-1919010100000.0 0.40722656 4.4330046e-09 -271397.6
-1915942000000.0 0.4065755 4.4330046e-09 -271397.6
-1912874200000.0 0.4059245 4.5941806e-09 -387036.62
-1909806200000.0 0.40527344 4.5941806e-09 -387036.62
-1906738100000.0 0.40462238 4.5941806e-09 -387036.62
-1903670300000.0 0.40397137 4.5941806e-09 -387036.62
-1900602200000.0 0.4033203 4.652601e-09 -355003.25
-1897534300000.0 0.40266928 4.652601e-09 -355003.25
-1894466500000.0 0.40201825 4.652601e-09 -355003.25
-1891398300000.0 0.4013672 4.652601e-09 -355003.25
-1888330400000.0 0.40071616 4.846092e-09 -436768.25
-1885262600000.0 0.40006512 4.846092e-09 -436768.25
-1882194400000.0 0.39941403 4.846092e-09 -436768.25
-1879126600000.0 0.398763 4.846092e-09 -436768.25
-1876058600000.0 0.39811197 4.908161e-09 -389930.78
-1872990600000.0 0.3974609 4.908161e-09 -389930.78
-1869922800000.0 0.39680994 4.908161e-09 -389930.78
-1866854700000.0 0.39615884 4.908161e-09 -389930.78
-1863786800000.0 0.3955078 5.1030735e-09 -448255.4
-1860718800000.0 0.39485678 5.1030735e-09 -448255.4
-1857650800000.0 0.39420572 5.1030735e-09 -448255.4
-1854582800000.0 0.3935547 5.1030735e-09 -448255.4
-1851515000000.0 0.39290366 5.1618256e-09 -407379.06
-1848447000000.0 0.3922526 5.1618256e-09 -407379.06
-1845379000000.0 0.39160156 5.1618256e-09 -407379.06
-1842311100000.0 0.39095053 5.1618256e-09 -407379.06
-1839243000000.0 0.39029947 5.3649765e-09 -456976.44
-1836175000000.0 0.38964844 5.3649765e-09 -456976.44
-1833107200000.0 0.3889974 5.3649765e-09 -456976.44
-1830039000000.0 0.38834634 5.3649765e-09 -456976.44
-1826971300000.0 0.38769534 5.4338947e-09 -429686.88
-1823903200000.0 0.38704428 5.4338947e-09 -429686.88
-1820835300000.0 0.38639325 5.4338947e-09 -429686.88
-1817767400000.0 0.38574222 5.4338947e-09 -429686.88
-1814699300000.0 0.38509113 5.6074043e-09 -471145.66
-1811631400000.0 0.3844401 5.6074043e-09 -471145.66
-1808563400000.0 0.3837891 5.6074043e-09 -471145.66
-1805495400000.0 0.383138 5.6074043e-09 -471145.66
-1802427600000.0 0.38248697 5.6896474e-09 -453690.22
-1799359600000.0 0.38183594 5.6896474e-09 -453690.22
-1796291600000.0 0.38118488 5.6896474e-09 -453690.22
-1793223600000.0 0.38053384 5.6896474e-09 -453690.22
-1790155700000.0 0.3798828 5.8103833e-09 -493894.5
-1787087600000.0 0.37923175 5.8103833e-09 -493894.5
-1784019800000.0 0.37858075 5.8103833e-09 -493894.5
-1780951800000.0 0.3779297 5.8103833e-09 -493894.5
-1777883800000.0 0.37727866 5.900479e-09 -487872.56
-1774816000000.0 0.37662762 5.900479e-09 -487872.56
-1771747800000.0 0.37597656 5.900479e-09 -487872.56
-1768679900000.0 0.37532553 5.900479e-09 -487872.56
-1765612000000.0 0.3746745 5.989491e-09 -529690.6
-1762543900000.0 0.37402344 5.989491e-09 -529690.6
-1759476000000.0 0.3733724 5.989491e-09 -529690.6
-1756408200000.0 0.37272137 5.989491e-09 -529690.6
-1753340000000.0 0.37207028 6.063308e-09 -546486.5
-1750272200000.0 0.37141925 6.063308e-09 -546486.5
-1747204200000.0 0.37076822 6.063308e-09 -546486.5
-1744136200000.0 0.37011716 6.063308e-09 -546486.5
-1741068400000.0 0.3694662 6.0576624e-09 -602344.3
-1738000300000.0 0.3688151 6.0576624e-09 -602344.3
-1734932400000.0 0.36816406 6.0576624e-09 -602344.3
-1731864400000.0 0.36751303 6.0576624e-09 -602344.3
-1728796400000.0 0.36686197 6.1190932e-09 -631446.56
-1725728400000.0 0.36621094 6.1190932e-09 -631446.56
-1722660600000.0 0.3655599 6.1190932e-09 -631446.56
-1719592400000.0 0.36490884 6.1190932e-09 -631446.56
-1716524500000.0 0.3642578 6.0869105e-09 -682239.7
-1713456700000.0 0.36360678 6.0869105e-09 -682239.7
-1710388500000.0 0.36295572 6.0869105e-09 -682239.7
-1707320700000.0 0.3623047 6.0869105e-09 -682239.7
-1704252800000.0 0.36165366 6.164304e-09 -705750.75
-1701184700000.0 0.3610026 6.164304e-09 -705750.75
-1698116900000.0 0.3603516 6.164304e-09 -705750.75
-1695048800000.0 0.35970053 6.164304e-09 -705750.75
-1691980900000.0 0.3590495 6.116627e-09 -741393.7
-1688913000000.0 0.35839847 6.116627e-09 -741393.7
-1685844900000.0 0.35774738 6.116627e-09 -741393.7
-1682777000000.0 0.35709634 6.116627e-09 -741393.7
-1679709000000.0 0.3564453 6.2016667e-09 -764252.2
-1676641000000.0 0.35579425 6.2016667e-09 -764252.2
-1673573200000.0 0.35514322 6.2016667e-09 -764252.2
-1670505200000.0 0.3544922 6.2016667e-09 -764252.2
-1667437200000.0 0.35384113 6.1112253e-09 -783186.44
-1664369200000.0 0.3531901 6.1112253e-09 -783186.44
-1661301300000.0 0.35253906 6.1112253e-09 -783186.44
-1658233200000.0 0.351888 6.1112253e-09 -783186.44
-1655165400000.0 0.351237 6.1971317e-09 -812965.5
-1652097400000.0 0.35058594 6.1971317e-09 -812965.5
-1649029400000.0 0.3499349 6.1971317e-09 -812965.5
-1645961500000.0 0.34928387 6.1971317e-09 -812965.5
-1642893400000.0 0.3486328 6.091791e-09 -818524.6
-1639825500000.0 0.34798178 6.091791e-09 -818524.6
-1636757700000.0 0.34733075 6.091791e-09 -818524.6
-1633689500000.0 0.3466797 6.091791e-09 -818524.6
-1630621700000.0 0.34602866 6.1881527e-09 -851569.6
-1627553800000.0 0.34537762 6.1881527e-09 -851569.6
-1624485700000.0 0.34472653 6.1881527e-09 -851569.6
-1621417800000.0 0.3440755 6.1881527e-09 -851569.6
-1618349800000.0 0.34342447 6.0937966e-09 -840169.06
-1615281800000.0 0.3427734 6.0937966e-09 -840169.06
-1612214000000.0 0.3421224 6.0937966e-09 -840169.06
-1609145900000.0 0.34147134 6.0937966e-09 -840169.06
-1606078000000.0 0.3408203 6.229775e-09 -863593.25
-1603010000000.0 0.34016928 6.229775e-09 -863593.25
-1599942000000.0 0.33951822 6.229775e-09 -863593.25
-1596874000000.0 0.3388672 6.229775e-09 -863593.25
-1593806200000.0 0.33821616 6.18496e-09 -832478.4
-1590738000000.0 0.3375651 6.18496e-09 -832478.4
-1587670200000.0 0.33691406 6.18496e-09 -832478.4
-1584602300000.0 0.33626303 6.18496e-09 -832478.4
-1581534200000.0 0.33561197 6.355148e-09 -847402.1
-1578466300000.0 0.33496094 6.355148e-09 -847402.1
-1575398400000.0 0.3343099 6.355148e-09 -847402.1
-1572330400000.0 0.33365887 6.355148e-09 -847402.1
-1569262400000.0 0.3330078 6.361999e-09 -808483.1
-1566194400000.0 0.33235678 6.361999e-09 -808483.1
-1563126500000.0 0.33170575 6.361999e-09 -808483.1
-1560058700000.0 0.33105472 6.361999e-09 -808483.1
-1556990500000.0 0.33040363 6.5398695e-09 -821269.4
-1553922700000.0 0.3297526 6.5398695e-09 -821269.4
-1550854700000.0 0.32910156 6.5398695e-09 -821269.4
-1547786600000.0 0.3284505 6.5398695e-09 -821269.4
-1544718600000.0 0.32779947 6.5738917e-09 -775568.44
-1541650800000.0 0.32714844 6.5738917e-09 -775568.44
-1538582800000.0 0.32649738 6.5738917e-09 -775568.44
-1535514800000.0 0.32584634 6.5738917e-09 -775568.44
-1532446900000.0 0.3251953 6.7355024e-09 -787772.3
-1529379000000.0 0.32454428 6.7355024e-09 -787772.3
-1526310900000.0 0.32389322 6.7355024e-09 -787772.3
-1523243000000.0 0.3232422 6.7355024e-09 -787772.3
-1520175000000.0 0.32259116 6.757195e-09 -743045.25
-1517107200000.0 0.32194012 6.757195e-09 -743045.25
-1514039000000.0 0.32128906 6.757195e-09 -743045.25
-1510971100000.0 0.32063803 6.757195e-09 -743045.25
-1507903300000.0 0.319987 6.889832e-09 -758602.06
-1504835100000.0 0.31933594 6.889832e-09 -758602.06
-1501767300000.0 0.3186849 6.889832e-09 -758602.06
-1498699400000.0 0.31803387 6.889832e-09 -758602.06
-1495631400000.0 0.31738284 6.887978e-09 -711311.5
-1492563400000.0 0.31673178 6.887978e-09 -711311.5
-1489495400000.0 0.31608072 6.887978e-09 -711311.5
-1486427500000.0 0.3154297 6.887978e-09 -711311.5
-1483359400000.0 0.31477863 6.9848247e-09 -731832.06
-1480291500000.0 0.3141276 6.9848247e-09 -731832.06
-1477223600000.0 0.31347656 6.9848247e-09 -731832.06
-1474155600000.0 0.31282553 6.9848247e-09 -731832.06
-1471087600000.0 0.31217447 6.9851067e-09 -686896.06
-1468019600000.0 0.3115234 6.9851067e-09 -686896.06
-1464951800000.0 0.3108724 6.9851067e-09 -686896.06
-1461883600000.0 0.3102213 6.9851067e-09 -686896.06
-1458815800000.0 0.3095703 7.0634543e-09 -701072.7
-1455747900000.0 0.30891928 7.0634543e-09 -701072.7
-1452679900000.0 0.30826822 7.0634543e-09 -701072.7
-1449611900000.0 0.3076172 7.0634543e-09 -701072.7
-1446544000000.0 0.30696616 7.0688357e-09 -659255.75
-1443476000000.0 0.30631512 7.0688357e-09 -659255.75
-1440408000000.0 0.30566406 7.0688357e-09 -659255.75
-1437340000000.0 0.30501303 7.0688357e-09 -659255.75
-1434272100000.0 0.304362 7.1335333e-09 -672150.25
-1431204100000.0 0.30371094 7.1335333e-09 -672150.25
-1428136100000.0 0.30305988 7.1335333e-09 -672150.25
-1425068300000.0 0.30240884 7.1335333e-09 -672150.25
-1422000300000.0 0.3017578 7.1506423e-09 -630023.06
-1418932300000.0 0.30110675 7.1506423e-09 -630023.06
-1415864300000.0 0.30045572 7.1506423e-09 -630023.06
-1412796400000.0 0.2998047 7.1506423e-09 -630023.06
-1409728400000.0 0.29915366 7.213906e-09 -623647.75
