morphology_data/1d_wb_a0.025_l2r0.5_00001.ecsv
# %ECSV 1.0
# ---
# datatype:
# - {name: b, datatype: float32}
# - {name: phase, datatype: float32}
# - {name: sigma, datatype: float32}
# - {name: vr, datatype: float32}
# meta: {lambda: 2, rp: 0.5, sep: 0.025, wind: b}
# schema: astropy-2.0
b phase sigma vr
[from data line 625]
-218592260000.0 0.09277343 5.6327614e-09 -1479879.2
-217058210000.0 0.09212236 5.6327614e-09 -1479879.2
-215524340000.0 0.091471374 5.6327614e-09 -1479879.2
-213990310000.0 0.090820305 5.3955205e-09 -1883965.5
-212456340000.0 0.09016927 5.3955205e-09 -1883965.5
-210922390000.0 0.08951824 5.3955205e-09 -1883965.5
-209388360000.0 0.08886717 5.3955205e-09 -1883965.5
-207854390000.0 0.08821614 5.1734013e-09 -2087728.2
-206320440000.0 0.08756511 5.1734013e-09 -2087728.2
-204786400000.0 0.08691404 5.1734013e-09 -2087728.2
-203252530000.0 0.086263046 5.1734013e-09 -2087728.2
-201718480000.0 0.08561198 4.981806e-09 -2179980.8
-200184430000.0 0.08496091 4.981806e-09 -2179980.8
-198650580000.0 0.08430992 4.981806e-09 -2179980.8
-197116530000.0 0.08365885 4.981806e-09 -2179980.8
-195582570000.0 0.08300782 4.6557176e-09 -2263717.5
-194048620000.0 0.08235679 4.6557176e-09 -2263717.5
-192514570000.0 0.08170572 4.4689052e-09 -2284016.2
-190980620000.0 0.08105469 4.4689052e-09 -2284016.2
-189446670000.0 0.080403656 4.353901e-09 -2309497.5
-187912620000.0 0.07975259 4.353901e-09 -2309497.5
-186378750000.0 0.07910159 4.6057327e-09 -2173038.0
-184844700000.0 0.07845052 4.6057327e-09 -2173038.0
-183310660000.0 0.077799454 4.775162e-09 -1994899.4
-181776800000.0 0.07714847 4.775162e-09 -1994899.4
-180242740000.0 0.07649739 4.722751e-09 -2021604.4
-178708710000.0 0.07584633 4.722751e-09 -2021604.4
-177174840000.0 0.075195335 4.7948356e-09 -2080776.1
-175640790000.0 0.07454426 4.7948356e-09 -2080776.1
-174106840000.0 0.073893234 4.9329048e-09 -2169608.5
-172572880000.0 0.0732422 4.9329048e-09 -2169608.5
-171038830000.0 0.07259113 4.980517e-09 -2292105.8
-169504880000.0 0.0719401 4.980517e-09 -2292105.8
-167970930000.0 0.07128907 4.9314837e-09 -2243749.8
-166436880000.0 0.070638 4.9314837e-09 -2243749.8
-164903010000.0 0.06998701 4.9318616e-09 -2087902.5
-163368980000.0 0.069335945 4.9318616e-09 -2087902.5
-161834930000.0 0.068684876 5.194422e-09 -1855812.8
-160301060000.0 0.068033874 5.194422e-09 -1855812.8
-158767020000.0 0.06738281 5.6820664e-09 -1690986.5
-157232970000.0 0.06673174 5.6820664e-09 -1690986.5
-155699100000.0 0.06608075 6.0587615e-09 -1684543.1
-154165070000.0 0.06542969 6.0587615e-09 -1684543.1
-152631100000.0 0.06477865 6.157835e-09 -1750164.4
-151097150000.0 0.06412762 6.157835e-09 -1750164.4
-149563110000.0 0.063476555 5.861563e-09 -1893982.9
-148029150000.0 0.062825516 5.861563e-09 -1893982.9
-146495200000.0 0.062174488 5.6487948e-09 -1985934.6
-144961160000.0 0.061523426 5.6964344e-09 -1914542.6
-143427290000.0 0.060872428 5.4641855e-09 -1847317.5
-141893240000.0 0.06022136 5.2302496e-09 -1871933.0
-140359190000.0 0.059570286 4.6485162e-09 -1944567.2
-138825330000.0 0.058919296 4.3917225e-09 -2049676.6
-137291284000.0 0.058268227 3.997738e-09 -2050357.4
-135757240000.0 0.057617158 3.826507e-09 -2213256.5
-134223370000.0 0.056966167 3.4649181e-09 -2318299.8
-132689330000.0 0.056315098 3.3525849e-09 -2384591.0
-131155370000.0 0.055664066 3.1631406e-09 -2445352.5
-129621420000.0 0.055013034 3.1280498e-09 -2424937.0
-128087376000.0 0.05436197 3.1479557e-09 -2319232.8
-126553416000.0 0.053710938 3.2112943e-09 -2237814.0
-125019460000.0 0.053059906 3.2897804e-09 -2056338.0
-123485420000.0 0.052408837 3.3310297e-09 -1806680.9
-121951550000.0 0.051757842 3.36255e-09 -1506209.1
-120417510000.0 0.051106777 3.3127048e-09 -1434578.0
-118883460000.0 0.050455708 3.2267846e-09 -1466795.9
-117349600000.0 0.049804714 3.1318574e-09 -1535503.2
-115815555000.0 0.049153645 3.1871612e-09 -1617571.1
-114281505000.0 0.048502576 3.206103e-09 -1546827.2
-112747640000.0 0.047851585 3.549288e-09 -1364080.6
-111213590000.0 0.047200516 3.6891348e-09 -1131205.0
-109679640000.0 0.046549484 4.0880845e-09 -371400.0
-108145690000.0 0.045898452 4.3461252e-09 -183699.0
-106611640000.0 0.045247383 4.6041877e-09 416108.94
-105077690000.0 0.04459635 4.893887e-09 707288.0
-103543734000.0 0.043945324 5.2085367e-09 1151684.5
-102009680000.0 0.043294255 5.612685e-09 1585374.4
-100475820000.0 0.04264326 6.318971e-09 2210992.2
-98941770000.0 0.04199219 6.753014e-09 2478307.5
-97407730000.0 0.041341122 7.761843e-09 3534730.8
-95873870000.0 0.04069013 8.139466e-09 3984096.5
-94339820000.0 0.040039062 8.926152e-09 4826966.5
-92805775000.0 0.039387994 8.609474e-09 4702456.0
-91271905000.0 0.038736995 8.437579e-09 4986654.5
-89737860000.0 0.03808593 8.305299e-09 5020002.5
-88203910000.0 0.0374349 8.264333e-09 5060843.0
-86669950000.0 0.03678387 8.503344e-09 5045453.0
-85135910000.0 0.0361328 8.24037e-09 4552588.5
-83601960000.0 0.035481773 8.402138e-09 4553536.0
-82068000000.0 0.034830738 8.275024e-09 4034631.0
-80533955000.0 0.03417967 8.006613e-09 3586887.2
-79000084000.0 0.033528678 7.600002e-09 2986208.8
-77466040000.0 0.03287761 7.2125683e-09 2733913.2
-75932000000.0 0.03222654 7.440075e-09 3100812.2
-74398130000.0 0.031575546 8.078082e-09 3452107.8
-72864090000.0 0.030924477 8.03046e-09 3493024.0
-71330050000.0 0.030273411 7.555141e-09 3555375.2
-69796176000.0 0.029622415 7.1749247e-09 3219069.8
-68262130000.0 0.028971346 7.03721e-09 3210943.5
-66728178000.0 0.028320316 6.8376953e-09 3142375.5
-65194220000.0 0.027669284 6.398887e-09 2992632.8
-63660175000.0 0.027018217 5.8634497e-09 2977153.5
-62126220000.0 0.026367186 5.4692304e-09 2890563.5
-60592263000.0 0.025716154 5.0487894e-09 2980127.8
-59058220000.0 0.025065087 5.445377e-09 3026108.2
-57524355000.0 0.024414092 4.7701234e-09 2718487.5
-55990310000.0 0.023763025 4.1220036e-09 2366718.8
-54456267000.0 0.023111956 3.932916e-09 2148529.2
-52922400000.0 0.022460962 3.785105e-09 1759972.8
-51388355000.0 0.021809895 3.6046666e-09 992740.75
-49854310000.0 0.021158826 3.4856766e-09 364774.06
-48320442000.0 0.020507833 3.475302e-09 -28854.69
-46786400000.0 0.019856764 3.7065402e-09 -219716.75
-45252444000.0 0.019205732 4.102493e-09 -450431.94
-43718490000.0 0.018554702 4.5264326e-09 -325966.12
-42184440000.0 0.017903633 4.8615236e-09 -337833.88
-40650486000.0 0.017252602 5.1185043e-09 -172513.33
-39116534000.0 0.016601572 4.794151e-09 -403563.9
-37582488000.0 0.015950503 4.747911e-09 -299608.62
-36048620000.0 0.015299509 4.767392e-09 -88604.336
-34514575000.0 0.014648439 4.5756847e-09 3419.0198
-32980531000.0 0.013997372 4.467224e-09 165885.53
-31446665000.0 0.013346379 4.530607e-09 398229.3
-29912621000.0 0.012695311 4.7809223e-09 513753.8
-28378577000.0 0.012044242 5.3474496e-09 669982.8
-26844710000.0 0.011393248 5.9147727e-09 719194.3
-25310667000.0 0.01074218 6.5301107e-09 738091.3
-23776710000.0 0.010091149 7.2874666e-09 853299.9
-22242755000.0 0.009440118 7.888289e-09 804422.94
-20708710000.0 0.008789049 8.611027e-09 785846.75
-19174754000.0 0.008138019 9.679782e-09 838179.3
-17640800000.0 0.0074869874 1.0950881e-08 805865.5
-16106755000.0 0.006835919 1.2297942e-08 691072.2
-14572889000.0 0.006184926 1.3536371e-08 562650.5
-13038844000.0 0.0055338573 1.5263542e-08 459071.75
-11504800000.0 0.0048827888 1.786641e-08 439151.5
-9970934000.0 0.0042317957 2.1795154e-08 441084.6
-8436888600.0 0.0035807267 2.7518439e-08 449814.38
-6902844000.0 0.0029296577 3.540025e-08 363278.47
-5368978000.0 0.0022786648 4.894979e-08 247581.5
-3834933000.0 0.0016275961 7.9559996e-08 111944.414
3834933000.0 -0.0016275961 1.0057262e-07 -26101.096
5368978000.0 -0.0022786648 5.4809746e-08 -70562.664
6902844000.0 -0.0029296577 3.830865e-08 -195460.84
8436888600.0 -0.0035807267 2.9433043e-08 -284469.34
9970934000.0 -0.0042317957 2.4649145e-08 -158034.27
11504800000.0 -0.0048827888 2.0755278e-08 -127498.164
13038844000.0 -0.0055338573 1.7828551e-08 -210331.98
14572889000.0 -0.006184926 1.6154065e-08 -199746.16
16106755000.0 -0.006835919 1.3472716e-08 -964712.4
17640800000.0 -0.0074869874 1.1809947e-08 -1497396.0
19174754000.0 -0.008138019 1.0515023e-08 -1927930.5
20708710000.0 -0.008789049 9.765746e-09 -2197832.0
22242755000.0 -0.009440118 9.807222e-09 -2184875.0
23776710000.0 -0.010091149 9.684249e-09 -1958015.1
25310667000.0 -0.01074218 8.811073e-09 -1468326.9
26844710000.0 -0.011393248 7.119629e-09 -2016455.9
28378577000.0 -0.012044242 7.682255e-09 -2010298.6
29912621000.0 -0.012695311 8.466165e-09 -1804430.6
31446665000.0 -0.013346379 8.770517e-09 -1148010.1
32980531000.0 -0.013997372 7.2695734e-09 -1936520.1
34514575000.0 -0.014648439 6.42053e-09 -2709316.0
36048620000.0 -0.015299509 5.932419e-09 -3210302.2
37582488000.0 -0.015950503 8.045082e-09 -2573197.0
39116534000.0 -0.016601572 8.09131e-09 -2325346.2
40650486000.0 -0.017252602 6.7448687e-09 -1921470.9
42184440000.0 -0.017903633 6.40983e-09 -2089168.6
43718490000.0 -0.018554702 4.806484e-09 -2760514.8
45252444000.0 -0.019205732 3.8938905e-09 -2873719.0
46786400000.0 -0.019856764 2.201499e-09 -3121624.8
48320442000.0 -0.020507833 3.3312464e-10 -4085179.5
49854310000.0 -0.021158826 1.7004967e-10 -4528086.5
51388355000.0 -0.021809895 nan nan
52922400000.0 -0.022460962 nan nan
54456267000.0 -0.023111956 nan nan
55990310000.0 -0.023763025 nan nan
57524355000.0 -0.024414092 nan nan
59058220000.0 -0.025065087 nan nan
60592263000.0 -0.025716154 nan nan
62126220000.0 -0.026367186 nan nan
63660175000.0 -0.027018217 nan nan
65194220000.0 -0.027669284 nan nan
66728178000.0 -0.028320316 nan nan
68262130000.0 -0.028971346 nan nan
69796176000.0 -0.029622415 nan nan
71330050000.0 -0.030273411 nan nan
72864090000.0 -0.030924477 nan nan
74398130000.0 -0.031575546 nan nan
75932000000.0 -0.03222654 nan nan
77466040000.0 -0.03287761 nan nan
79000084000.0 -0.033528678 nan nan
80533955000.0 -0.03417967 nan nan
82068000000.0 -0.034830738 nan nan
83601960000.0 -0.035481773 nan nan
85135910000.0 -0.0361328 nan nan
86669950000.0 -0.03678387 nan nan
88203910000.0 -0.0374349 nan nan
89737860000.0 -0.03808593 nan nan
91271905000.0 -0.038736995 nan nan
92805775000.0 -0.039387994 nan nan
94339820000.0 -0.040039062 nan nan
95873870000.0 -0.04069013 nan nan
97407730000.0 -0.041341122 nan nan
98941770000.0 -0.04199219 nan nan
100475820000.0 -0.04264326 nan nan
102009680000.0 -0.043294255 nan nan
103543734000.0 -0.043945324 nan nan
105077690000.0 -0.04459635 nan nan
106611640000.0 -0.045247383 nan nan
108145690000.0 -0.045898452 nan nan
109679640000.0 -0.046549484 nan nan
111213590000.0 -0.047200516 nan nan
112747640000.0 -0.047851585 nan nan
114281505000.0 -0.048502576 nan nan
115815555000.0 -0.049153645 nan nan
117349600000.0 -0.049804714 nan nan
118883460000.0 -0.050455708 nan nan
120417510000.0 -0.051106777 nan nan
121951550000.0 -0.051757842 nan nan
123485420000.0 -0.052408837 nan nan
125019460000.0 -0.053059906 nan nan
126553416000.0 -0.053710938 nan nan
128087376000.0 -0.05436197 nan nan
129621420000.0 -0.055013034 nan nan
131155370000.0 -0.055664066 nan nan
132689330000.0 -0.056315098 nan nan
134223370000.0 -0.056966167 nan nan
135757240000.0 -0.057617158 nan nan
137291284000.0 -0.058268227 nan nan
138825330000.0 -0.058919296 nan nan
140359190000.0 -0.059570286 nan nan
141893240000.0 -0.06022136 nan nan
143427290000.0 -0.060872428 nan nan
144961160000.0 -0.061523426 nan nan
146495200000.0 -0.062174488 nan nan
148029150000.0 -0.062825516 nan nan
149563110000.0 -0.063476555 nan nan
151097150000.0 -0.06412762 nan nan
152631100000.0 -0.06477865 nan nan
154165070000.0 -0.06542969 nan nan
155699100000.0 -0.06608075 nan nan
157232970000.0 -0.06673174 nan nan
158767020000.0 -0.06738281 nan nan
160301060000.0 -0.068033874 nan nan
161834930000.0 -0.068684876 nan nan
163368980000.0 -0.069335945 nan nan
164903010000.0 -0.06998701 nan nan
166436880000.0 -0.070638 nan nan
167970930000.0 -0.07128907 nan nan
169504880000.0 -0.0719401 nan nan
171038830000.0 -0.07259113 nan nan
172572880000.0 -0.0732422 nan nan
174106840000.0 -0.073893234 nan nan
175640790000.0 -0.07454426 nan nan
177174840000.0 -0.075195335 nan nan
178708710000.0 -0.07584633 nan nan
180242740000.0 -0.07649739 nan nan
181776800000.0 -0.07714847 nan nan
183310660000.0 -0.077799454 nan nan
184844700000.0 -0.07845052 nan nan
186378750000.0 -0.07910159 nan nan
187912620000.0 -0.07975259 nan nan
189446670000.0 -0.080403656 nan nan
190980620000.0 -0.08105469 nan nan
192514570000.0 -0.08170572 nan nan
194048620000.0 -0.08235679 nan nan
195582570000.0 -0.08300782 nan nan
197116530000.0 -0.08365885 nan nan
198650580000.0 -0.08430992 nan nan
200184430000.0 -0.08496091 nan nan
201718480000.0 -0.08561198 nan nan
203252530000.0 -0.086263046 nan nan
204786400000.0 -0.08691404 nan nan
206320440000.0 -0.08756511 nan nan
207854390000.0 -0.08821614 nan nan
209388360000.0 -0.08886717 nan nan
210922390000.0 -0.08951824 nan nan
212456340000.0 -0.09016927 nan nan
213990310000.0 -0.090820305 nan nan
215524340000.0 -0.091471374 nan nan
217058210000.0 -0.09212236 nan nan
218592260000.0 -0.09277343 nan nan
220126300000.0 -0.0934245 nan nan
221660170000.0 -0.09407549 nan nan
223194220000.0 -0.09472656 nan nan
224728250000.0 -0.09537763 nan nan
226262120000.0 -0.096028626 nan nan
227796170000.0 -0.096679695 nan nan
229330120000.0 -0.09733073 nan nan
230864080000.0 -0.09798176 nan nan
232398130000.0 -0.09863283 nan nan
233932080000.0 -0.09928385 nan nan
235466030000.0 -0.09993488 nan nan
237000080000.0 -0.10058595 nan nan
238533950000.0 -0.10123695 nan nan
240067990000.0 -0.101888016 nan nan
241602040000.0 -0.102539085 nan nan
243135900000.0 -0.10319008 nan nan
244669960000.0 -0.10384115 nan nan
246203990000.0 -0.10449222 nan nan
247737860000.0 -0.10514321 nan nan
249271910000.0 -0.10579427 nan nan
250805860000.0 -0.106445305 nan nan
252339810000.0 -0.10709634 nan nan
253873860000.0 -0.107747406 nan nan
255407820000.0 -0.10839844 nan nan
256941770000.0 -0.10904947 nan nan
258475820000.0 -0.10970054 nan nan
260009670000.0 -0.11035153 nan nan
261543720000.0 -0.1110026 nan nan
263077770000.0 -0.11165367 nan nan
264611640000.0 -0.11230466 nan nan
266145680000.0 -0.11295573 nan nan
267679730000.0 -0.113606796 nan nan
269213600000.0 -0.11425779 nan nan
270747630000.0 -0.11490886 nan nan
272281600000.0 -0.11555989 nan nan
273815550000.0 -0.11621092 nan nan
275349600000.0 -0.11686199 nan nan
276883540000.0 -0.11751302 nan nan
278417500000.0 -0.118164055 nan nan
279951540000.0 -0.118815124 nan nan
281485400000.0 -0.11946611 nan nan
283019440000.0 -0.12011717 nan nan
284553500000.0 -0.12076825 nan nan
286087380000.0 -0.12141925 nan nan
287621400000.0 -0.12207031 nan nan
289155450000.0 -0.12272138 nan nan
290689320000.0 -0.123372376 nan nan
292223400000.0 -0.12402345 nan nan
293757320000.0 -0.12467448 nan nan
295291300000.0 -0.1253255 nan nan
296825320000.0 -0.12597658 nan nan
298359300000.0 -0.12662761 nan nan
299893230000.0 -0.12727864 nan nan
301427300000.0 -0.12792972 nan nan
302961130000.0 -0.12858069 nan nan
304495200000.0 -0.12923177 nan nan
306029230000.0 -0.12988284 nan nan
307563100000.0 -0.13053383 nan nan
309097140000.0 -0.13118489 nan nan
310631200000.0 -0.13183598 nan nan
312165070000.0 -0.13248697 nan nan
313699100000.0 -0.13313803 nan nan
315233040000.0 -0.13378905 nan nan
316767000000.0 -0.1344401 nan nan
318301040000.0 -0.13509116 nan nan
319835000000.0 -0.13574219 nan nan
321368980000.0 -0.13639323 nan nan
322903000000.0 -0.1370443 nan nan
324436900000.0 -0.13769528 nan nan
325970920000.0 -0.13834634 nan nan
327504950000.0 -0.1389974 nan nan
329038820000.0 -0.13964841 nan nan
330572900000.0 -0.14029948 nan nan
332106920000.0 -0.14095055 nan nan
333640800000.0 -0.14160155 nan nan
335174830000.0 -0.14225261 nan nan
336708900000.0 -0.14290369 nan nan
338242730000.0 -0.14355466 nan nan
339776800000.0 -0.14420575 nan nan
341310830000.0 -0.14485681 nan nan
342844700000.0 -0.1455078 nan nan
344378570000.0 -0.1461588 nan nan
345912800000.0 -0.14680995 nan nan
347446640000.0 -0.14746092 nan nan
348980500000.0 -0.14811192 nan nan
350514740000.0 -0.14876308 nan nan
352048600000.0 -0.14941406 nan nan
353582480000.0 -0.15006506 nan nan
355116700000.0 -0.1507162 nan nan
356650580000.0 -0.1513672 nan nan
358184420000.0 -0.15201817 nan nan
359718650000.0 -0.15266933 nan nan
361252520000.0 -0.15332033 nan nan
362786400000.0 -0.15397131 nan nan
