morphology_data/1d_wb_a0.1_l8r0.5_00001.ecsv
# %ECSV 1.0
# ---
# datatype:
# - {name: b, datatype: float32}
# - {name: phase, datatype: float32}
# - {name: sigma, datatype: float32}
# - {name: vr, datatype: float32}
# meta: {lambda: 8, rp: 0.5, sep: 0.1, wind: b}
# schema: astropy-2.0
b phase sigma vr
[from data line 441]
-2003379000000.0 0.2125651 1.1359151e-11 -19808172.0
-1997243000000.0 0.21191405 1.1359151e-11 -19808172.0
-1991107100000.0 0.21126302 1.1359151e-11 -19808172.0
-1984971300000.0 0.21061198 1.1360102e-11 -19808220.0
-1978835300000.0 0.20996094 1.1360102e-11 -19808220.0
-1972699300000.0 0.20930989 1.1360102e-11 -19808220.0
-1966563500000.0 0.20865886 1.1360102e-11 -19808220.0
-1960427500000.0 0.20800781 3.0327497e-11 -16532785.0
-1954291500000.0 0.20735677 3.0327497e-11 -16532785.0
-1948155600000.0 0.20670573 3.0327497e-11 -16532785.0
-1942019900000.0 0.2060547 3.0327497e-11 -16532785.0
-1935883900000.0 0.20540364 3.033973e-11 -16534298.0
-1929747900000.0 0.2047526 3.033973e-11 -16534298.0
-1923612000000.0 0.20410156 3.033973e-11 -16534298.0
-1917476300000.0 0.20345053 3.033973e-11 -16534298.0
-1911340000000.0 0.20279947 5.216736e-11 -14266673.0
-1905204300000.0 0.20214844 5.216736e-11 -14266673.0
-1899068400000.0 0.2014974 5.216736e-11 -14266673.0
-1892932400000.0 0.20084636 5.216736e-11 -14266673.0
-1886796400000.0 0.20019531 5.218984e-11 -14269283.0
-1880660500000.0 0.19954428 5.218984e-11 -14269283.0
-1874524800000.0 0.19889325 5.218984e-11 -14269283.0
-1868388600000.0 0.19824217 5.218984e-11 -14269283.0
-1862252800000.0 0.19759114 6.650165e-11 -12861742.0
-1856116900000.0 0.19694011 6.650165e-11 -12861742.0
-1849980900000.0 0.19628906 6.650165e-11 -12861742.0
-1843844900000.0 0.19563802 6.650165e-11 -12861742.0
-1837709100000.0 0.19498698 6.6508445e-11 -12862581.0
-1831573300000.0 0.19433595 6.6508445e-11 -12862581.0
-1825437100000.0 0.19368488 6.6508445e-11 -12862581.0
-1819301200000.0 0.19303386 6.6508445e-11 -12862581.0
-1813165500000.0 0.19238283 7.427458e-11 -11857606.0
-1807029500000.0 0.19173177 7.427458e-11 -11857606.0
-1800893500000.0 0.19108072 7.427458e-11 -11857606.0
-1794757600000.0 0.19042969 7.427458e-11 -11857606.0
-1788621800000.0 0.18977866 7.425566e-11 -11855562.0
-1782485600000.0 0.1891276 7.425566e-11 -11855562.0
-1776349900000.0 0.18847656 7.425566e-11 -11855562.0
-1770214000000.0 0.18782553 7.425566e-11 -11855562.0
-1764078000000.0 0.18717448 8.168071e-11 -10743558.0
-1757942000000.0 0.18652342 8.168071e-11 -10743558.0
-1751806100000.0 0.1858724 8.168071e-11 -10743558.0
-1745670400000.0 0.18522137 8.168071e-11 -10743558.0
-1739534100000.0 0.1845703 8.168038e-11 -10743572.0
-1733398400000.0 0.18391927 8.168038e-11 -10743572.0
-1727262500000.0 0.18326823 8.168038e-11 -10743572.0
-1721126500000.0 0.18261719 8.168038e-11 -10743572.0
-1714990700000.0 0.18196616 9.747596e-11 -9713268.0
-1708854700000.0 0.18131511 9.747596e-11 -9713268.0
-1702718900000.0 0.18066408 9.747596e-11 -9713268.0
-1696582700000.0 0.180013 9.747596e-11 -9713268.0
-1690446900000.0 0.17936198 9.7866326e-11 -9757577.0
-1684311100000.0 0.17871095 9.7866326e-11 -9757577.0
-1678174800000.0 0.17805988 9.7866326e-11 -9757577.0
-1672039400000.0 0.17740889 9.7866326e-11 -9757577.0
-1665903200000.0 0.17675781 1.1813577e-10 -9314708.0
-1659767100000.0 0.17610675 1.1813577e-10 -9314708.0
-1653631600000.0 0.17545575 1.1813577e-10 -9314708.0
-1647495500000.0 0.17480469 1.1813577e-10 -9314708.0
-1641359200000.0 0.17415361 1.2106828e-10 -9568523.0
-1635223700000.0 0.17350262 1.2106828e-10 -9568523.0
-1629087600000.0 0.17285155 1.2106828e-10 -9568523.0
-1622951700000.0 0.17220053 1.2106828e-10 -9568523.0
-1616816000000.0 0.1715495 1.307741e-10 -9607430.0
-1610679700000.0 0.17089842 1.307741e-10 -9607430.0
-1604544000000.0 0.17024739 1.307741e-10 -9607430.0
-1598408100000.0 0.16959636 1.307741e-10 -9607430.0
-1592272000000.0 0.1689453 1.3422909e-10 -9667039.0
-1586136500000.0 0.1682943 1.3422909e-10 -9667039.0
-1580000300000.0 0.16764323 1.3422909e-10 -9667039.0
-1573864100000.0 0.16699216 1.3422909e-10 -9667039.0
-1567728700000.0 0.16634117 1.2863018e-10 -9925556.0
-1561592500000.0 0.1656901 1.2863018e-10 -9925556.0
-1555456300000.0 0.16503903 1.2863018e-10 -9925556.0
-1549320800000.0 0.16438805 1.2863018e-10 -9925556.0
-1543184700000.0 0.16373697 9.408615e-11 -10996531.0
-1537048800000.0 0.16308594 9.408615e-11 -10996531.0
-1530913000000.0 0.1624349 9.408615e-11 -10996531.0
-1524776800000.0 0.16178384 9.408615e-11 -10996531.0
-1518641100000.0 0.16113281 6.5424985e-11 -12298484.0
-1512505200000.0 0.16048178 6.5424985e-11 -12298484.0
-1506369100000.0 0.1598307 6.5424985e-11 -12298484.0
-1500233600000.0 0.15917972 6.5424985e-11 -12298484.0
-1494097300000.0 0.15852864 4.2784255e-11 -14330429.0
-1487961200000.0 0.15787758 4.2784255e-11 -14330429.0
-1481825700000.0 0.15722659 4.2784255e-11 -14330429.0
-1475689600000.0 0.15657552 4.2784255e-11 -14330429.0
-1469553400000.0 0.15592445 3.2359466e-11 -15835641.0
-1463418000000.0 0.15527347 3.2359466e-11 -15835641.0
-1457281700000.0 0.15462239 3.2359466e-11 -15835641.0
-1451146000000.0 0.15397136 3.2359466e-11 -15835641.0
-1445010100000.0 0.15332033 3.2027873e-11 -16028499.0
-1438874000000.0 0.15266925 3.2027873e-11 -16028499.0
-1432738100000.0 0.15201822 3.2027873e-11 -16028499.0
-1426602300000.0 0.1513672 3.2027873e-11 -16028499.0
-1420466000000.0 0.15071613 3.6723395e-11 -15659575.0
-1414330600000.0 0.15006512 3.6723395e-11 -15659575.0
-1408194400000.0 0.14941406 3.6723395e-11 -15659575.0
-1402058300000.0 0.148763 3.6723395e-11 -15659575.0
-1395922800000.0 0.148112 4.445908e-11 -15307889.0
-1389786600000.0 0.14746092 4.445908e-11 -15307889.0
-1383650400000.0 0.14680986 4.445908e-11 -15307889.0
-1377515000000.0 0.14615887 4.445908e-11 -15307889.0
-1371378800000.0 0.1455078 5.3316844e-11 -15206908.0
-1365243000000.0 0.14485677 5.3316844e-11 -15206908.0
-1359107200000.0 0.14420575 5.3316844e-11 -15206908.0
-1352970900000.0 0.14355466 5.3316844e-11 -15206908.0
-1346835200000.0 0.14290364 6.1258096e-11 -15650155.0
-1340699300000.0 0.14225261 6.1258096e-11 -15650155.0
-1334563200000.0 0.14160155 6.1258096e-11 -15650155.0
-1328427700000.0 0.14095055 6.1258096e-11 -15650155.0
-1322291600000.0 0.14029948 6.620637e-11 -16249877.0
-1316155300000.0 0.13964841 6.620637e-11 -16249877.0
-1310019800000.0 0.1389974 6.620637e-11 -16249877.0
-1303883700000.0 0.13834634 6.620637e-11 -16249877.0
-1297747500000.0 0.13769528 6.8993276e-11 -16632128.0
-1291612000000.0 0.1370443 6.8993276e-11 -16632128.0
-1285475900000.0 0.13639323 6.8993276e-11 -16632128.0
-1279340000000.0 0.13574219 6.8993276e-11 -16632128.0
-1273204200000.0 0.13509116 7.294939e-11 -16560109.0
-1267068000000.0 0.1344401 7.294939e-11 -16560109.0
-1260932200000.0 0.13378905 7.294939e-11 -16560109.0
-1254796400000.0 0.13313803 7.294939e-11 -16560109.0
-1248660300000.0 0.13248697 8.036892e-11 -15914133.0
-1242524800000.0 0.13183598 8.036892e-11 -15914133.0
-1236388500000.0 0.13118489 8.036892e-11 -15914133.0
-1230252400000.0 0.13053383 8.036892e-11 -15914133.0
-1224116900000.0 0.12988284 9.100127e-11 -14758147.0
-1217980800000.0 0.12923177 9.100127e-11 -14758147.0
-1211844500000.0 0.12858069 9.100127e-11 -14758147.0
-1205709200000.0 0.12792972 9.100127e-11 -14758147.0
-1199572900000.0 0.12727864 1.06961676e-10 -13149721.0
-1193437200000.0 0.12662761 1.06961676e-10 -13149721.0
-1187301300000.0 0.12597658 1.06961676e-10 -13149721.0
-1181165200000.0 0.1253255 1.06961676e-10 -13149721.0
-1175029300000.0 0.12467448 1.3255637e-10 -11497372.0
-1168893500000.0 0.12402345 1.3255637e-10 -11497372.0
-1162757300000.0 0.123372376 1.3255637e-10 -11497372.0
-1156621800000.0 0.12272138 1.3255637e-10 -11497372.0
-1150485700000.0 0.12207031 1.6464188e-10 -10317816.0
-1144349500000.0 0.12141925 1.6464188e-10 -10317816.0
-1138214000000.0 0.12076825 1.6464188e-10 -10317816.0
-1132077800000.0 0.12011717 1.6464188e-10 -10317816.0
-1125941600000.0 0.11946611 1.9146228e-10 -9919091.0
-1119806200000.0 0.118815124 1.9146228e-10 -9919091.0
-1113670000000.0 0.118164055 1.9146228e-10 -9919091.0
-1107534200000.0 0.11751302 1.9146228e-10 -9919091.0
-1101398400000.0 0.11686199 2.0283628e-10 -9847711.0
-1095262200000.0 0.11621092 2.0283628e-10 -9847711.0
-1089126400000.0 0.11555989 2.0283628e-10 -9847711.0
-1082990500000.0 0.11490886 2.0283628e-10 -9847711.0
-1076854400000.0 0.11425779 1.759265e-10 -10243465.0
-1070718900000.0 0.113606796 1.759265e-10 -10243465.0
-1064582700000.0 0.11295573 1.759265e-10 -10243465.0
-1058446600000.0 0.11230466 1.759265e-10 -10243465.0
-1052311100000.0 0.11165367 1.3186614e-10 -10696266.0
-1046174900000.0 0.1110026 1.3186614e-10 -10696266.0
-1040038700000.0 0.11035153 1.3186614e-10 -10696266.0
-1033903300000.0 0.10970054 1.3186614e-10 -10696266.0
-1027767100000.0 0.10904947 1.1317637e-10 -10219063.0
-1021631270000.0 0.10839844 1.1317637e-10 -10219063.0
-1015495460000.0 0.107747406 1.1317637e-10 -10219063.0
-1009359260000.0 0.10709634 1.1317637e-10 -10219063.0
-1003223450000.0 0.106445305 1.15896064e-10 -9615645.0
-997087640000.0 0.10579427 1.15896064e-10 -9615645.0
-990951440000.0 0.10514321 1.15896064e-10 -9615645.0
-984815960000.0 0.10449222 1.15896064e-10 -9615645.0
-978679800000.0 0.10384115 1.336081e-10 -9461485.0
-972543600000.0 0.10319008 1.336081e-10 -9461485.0
-966408140000.0 0.102539085 1.336081e-10 -9461485.0
-960271940000.0 0.101888016 1.336081e-10 -9461485.0
-954135800000.0 0.10123695 1.7165477e-10 -9317986.0
-948000300000.0 0.10058595 1.7165477e-10 -9317986.0
-941864100000.0 0.09993488 1.7165477e-10 -9317986.0
-935728300000.0 0.09928385 1.7165477e-10 -9317986.0
-929592500000.0 0.09863283 2.1671848e-10 -8952967.0
-923456300000.0 0.09798176 2.1671848e-10 -8952967.0
-917320500000.0 0.09733073 2.1671848e-10 -8952967.0
-911184700000.0 0.096679695 2.1671848e-10 -8952967.0
-905048500000.0 0.096028626 2.570164e-10 -8697885.0
-898913000000.0 0.09537763 2.570164e-10 -8697885.0
-892776900000.0 0.09472656 2.570164e-10 -8697885.0
-886640700000.0 0.09407549 2.570164e-10 -8697885.0
-880505200000.0 0.0934245 2.972583e-10 -8443074.0
-874369060000.0 0.09277343 2.972583e-10 -8443074.0
-868232860000.0 0.09212236 2.972583e-10 -8443074.0
-862097400000.0 0.091471374 2.972583e-10 -8443074.0
-855961240000.0 0.090820305 3.4738143e-10 -7930251.5
-849825370000.0 0.09016927 3.4738143e-10 -7930251.5
-843689560000.0 0.08951824 3.4738143e-10 -7930251.5
-837553400000.0 0.08886717 3.4738143e-10 -7930251.5
-831417550000.0 0.08821614 4.0690049e-10 -7200677.0
-825281740000.0 0.08756511 4.0690049e-10 -7200677.0
-819145600000.0 0.08691404 4.0690049e-10 -7200677.0
-813010100000.0 0.086263046 4.0690049e-10 -7200677.0
-806873900000.0 0.08561198 4.71754e-10 -6439079.0
-800737700000.0 0.08496091 4.71754e-10 -6439079.0
-794602300000.0 0.08430992 4.71754e-10 -6439079.0
-788466100000.0 0.08365885 4.71754e-10 -6439079.0
-782330300000.0 0.08300782 5.398839e-10 -5703617.5
-776194500000.0 0.08235679 5.398839e-10 -5703617.5
-770058300000.0 0.08170572 5.466859e-10 -5684532.5
-763922500000.0 0.08105469 5.466859e-10 -5684532.5
-757786700000.0 0.080403656 5.7229127e-10 -5371736.0
-751650500000.0 0.07975259 5.7229127e-10 -5371736.0
-745515000000.0 0.07910159 5.7865024e-10 -5251126.0
-739378800000.0 0.07845052 5.7865024e-10 -5251126.0
-733242650000.0 0.077799454 6.0069805e-10 -4989327.5
-727107200000.0 0.07714847 6.0069805e-10 -4989327.5
-720971000000.0 0.07649739 6.72092e-10 -4741233.5
-714834840000.0 0.07584633 6.72092e-10 -4741233.5
-708699360000.0 0.075195335 7.621698e-10 -4235360.5
-702563160000.0 0.07454426 7.621698e-10 -4235360.5
-696427350000.0 0.073893234 9.2296637e-10 -3613429.8
-690291540000.0 0.0732422 9.2296637e-10 -3613429.8
-684155340000.0 0.07259113 1.1232073e-09 -2889477.2
-678019500000.0 0.0719401 1.1232073e-09 -2889477.2
-671883700000.0 0.07128907 1.4336022e-09 -2433888.8
-665747500000.0 0.070638 1.4336022e-09 -2433888.8
-659612040000.0 0.06998701 1.8326723e-09 -2094151.9
-653475900000.0 0.069335945 1.8326723e-09 -2094151.9
-647339700000.0 0.068684876 2.1187525e-09 -1982525.8
-641204200000.0 0.068033874 2.1187525e-09 -1982525.8
-635068100000.0 0.06738281 2.0159523e-09 -2246120.8
-628931900000.0 0.06673174 2.0159523e-09 -2246120.8
-622796400000.0 0.06608075 1.6691948e-09 -3120225.5
-616660300000.0 0.06542969 1.6691948e-09 -3120225.5
-610524400000.0 0.06477865 1.3861023e-09 -3518693.5
-604388600000.0 0.06412762 1.3861023e-09 -3518693.5
-598252450000.0 0.063476555 1.1058053e-09 -3918616.0
-592116600000.0 0.062825516 1.1058053e-09 -3918616.0
-585980800000.0 0.062174488 7.7262574e-10 -4486705.5
-579844640000.0 0.061523426 7.7262574e-10 -4486705.5
-573709160000.0 0.060872428 6.0946903e-10 -4289151.5
-567572960000.0 0.06022136 6.0946903e-10 -4289151.5
-561436750000.0 0.059570286 6.0074e-10 -3800826.2
-555301340000.0 0.058919296 6.0074e-10 -3800826.2
-549165140000.0 0.058268227 6.661116e-10 -3407856.5
-543028970000.0 0.057617158 6.661116e-10 -3407856.5
-536893500000.0 0.056966167 7.2789563e-10 -2908885.2
-530757320000.0 0.056315098 7.2789563e-10 -2908885.2
-524621480000.0 0.055664066 8.440758e-10 -2524002.0
-518485670000.0 0.055013034 8.440758e-10 -2524002.0
-512349500000.0 0.05436197 9.2677965e-10 -2118348.2
-506213660000.0 0.053710938 9.2677965e-10 -2118348.2
-500077850000.0 0.053059906 1.0060597e-09 -1955735.9
-493941700000.0 0.052408837 1.0060597e-09 -1955735.9
-487806200000.0 0.051757842 9.89621e-10 -1988734.6
-481670040000.0 0.051106777 9.89621e-10 -1988734.6
-475533840000.0 0.050455708 7.996838e-10 -2984974.2
-469398400000.0 0.049804714 7.996838e-10 -2984974.2
-463262220000.0 0.049153645 5.734157e-10 -4196762.0
-457126020000.0 0.048502576 5.734157e-10 -4196762.0
-450990570000.0 0.047851585 6.1855365e-10 -3518448.0
-444854370000.0 0.047200516 6.1855365e-10 -3518448.0
-438718560000.0 0.046549484 7.227304e-10 -2916246.8
-432582750000.0 0.045898452 7.227304e-10 -2916246.8
-426446550000.0 0.045247383 8.537865e-10 -2245563.2
-420310750000.0 0.04459635 8.537865e-10 -2245563.2
-414174940000.0 0.043945324 1.0069475e-09 -1573634.1
-408038740000.0 0.043294255 1.0069475e-09 -1573634.1
-401903300000.0 0.04264326 1.1681367e-09 -1090176.5
-395767100000.0 0.04199219 1.1681367e-09 -1090176.5
-389630920000.0 0.041341122 1.2622039e-09 -1055737.0
-383495470000.0 0.04069013 1.2604091e-09 -1219768.6
-377359270000.0 0.040039062 1.1557065e-09 -1688257.0
-371223100000.0 0.039387994 1.0311539e-09 -2155021.0
-365087620000.0 0.038736995 9.731695e-10 -2505288.8
-358951450000.0 0.03808593 1.0110088e-09 -2543914.0
-352815640000.0 0.0374349 1.0105763e-09 -2571352.5
-346679800000.0 0.03678387 9.0911956e-10 -2702695.5
-340543640000.0 0.0361328 8.336208e-10 -2874598.5
-334407830000.0 0.035481773 8.358195e-10 -2732347.8
-328272000000.0 0.034830738 8.7814844e-10 -2489276.0
-322135820000.0 0.03417967 9.331597e-10 -2286331.8
-316000340000.0 0.033528678 1.0196195e-09 -2168775.0
-309864170000.0 0.03287761 1.0908523e-09 -1904611.2
-303728000000.0 0.03222654 1.1893162e-09 -1573084.1
-297592520000.0 0.031575546 1.3293062e-09 -1177728.8
-291456350000.0 0.030924477 1.5354478e-09 -827016.9
-285320200000.0 0.030273411 1.7100836e-09 -492661.62
-279184700000.0 0.029622415 1.8507498e-09 -282270.1
-273048520000.0 0.028971346 1.9590898e-09 -134436.0
-266912710000.0 0.028320316 2.056117e-09 -68827.2
-260776890000.0 0.027669284 2.1874902e-09 52588.562
-254640700000.0 0.027018217 2.4317435e-09 284681.1
-248504880000.0 0.026367186 2.326503e-09 147959.81
-242369050000.0 0.025716154 2.1162347e-09 -243265.62
-236232880000.0 0.025065087 2.0314452e-09 -403832.47
-230097420000.0 0.024414092 2.0007525e-09 -540653.25
-223961240000.0 0.023763025 2.0160094e-09 -612260.44
-217825070000.0 0.023111956 2.0378503e-09 -659725.7
-211689600000.0 0.022460962 2.1008186e-09 -624569.3
-205553420000.0 0.021809895 2.1859092e-09 -590755.3
-199417230000.0 0.021158826 2.287815e-09 -525595.8
-193281770000.0 0.020507833 2.434311e-09 -332566.8
-187145600000.0 0.019856764 2.5641724e-09 -257762.69
-181009780000.0 0.019205732 2.6514713e-09 -293418.2
-174873950000.0 0.018554702 2.7614375e-09 -273062.0
-168737770000.0 0.017903633 2.8817384e-09 -255831.23
-162601940000.0 0.017252602 3.0283207e-09 -187930.78
-156466140000.0 0.016601572 3.1935627e-09 -136938.03
-150329950000.0 0.015950503 3.3893732e-09 -46128.227
