morphology_data/1d_wa_a0.05_l2r0.5_00001.ecsv
# %ECSV 1.0
# ---
# datatype:
# - {name: b, datatype: float32}
# - {name: phase, datatype: float32}
# - {name: sigma, datatype: float32}
# - {name: vr, datatype: float32}
# meta: {lambda: 2, rp: 0.5, sep: 0.05, wind: a}
# schema: astropy-2.0
b phase sigma vr
[from data line 1234]
1437340300000.0 -0.30501306 4.2007658e-10 -9150242.0
1440408000000.0 -0.30566406 4.2007658e-10 -9150242.0
1443476000000.0 -0.30631512 4.2007658e-10 -9150242.0
1446544100000.0 -0.3069662 4.2007658e-10 -9150242.0
1449611900000.0 -0.3076172 3.99849e-10 -9329246.0
1452679600000.0 -0.30826816 3.99849e-10 -9329246.0
1455748000000.0 -0.3089193 3.99849e-10 -9329246.0
1458815800000.0 -0.3095703 3.99849e-10 -9329246.0
1461883500000.0 -0.3102213 3.9245934e-10 -9170934.0
1464951900000.0 -0.31087244 3.9245934e-10 -9170934.0
1468019600000.0 -0.3115234 3.9245934e-10 -9170934.0
1471087400000.0 -0.31217444 3.9245934e-10 -9170934.0
1474155900000.0 -0.3128256 3.7817527e-10 -8818421.0
1477223600000.0 -0.31347656 3.7817527e-10 -8818421.0
1480291400000.0 -0.3141276 3.7817527e-10 -8818421.0
1483359800000.0 -0.31477872 3.7817527e-10 -8818421.0
1486427500000.0 -0.3154297 3.7334835e-10 -8617248.0
1489495300000.0 -0.3160807 3.7334835e-10 -8617248.0
1492563400000.0 -0.31673178 3.7334835e-10 -8617248.0
1495631400000.0 -0.31738284 3.7334835e-10 -8617248.0
1498699100000.0 -0.3180338 3.6313846e-10 -8646481.0
1501767300000.0 -0.3186849 3.6313846e-10 -8646481.0
1504835300000.0 -0.31933597 3.6313846e-10 -8646481.0
1507903000000.0 -0.31998697 3.6313846e-10 -8646481.0
1510971100000.0 -0.32063803 3.4260145e-10 -9020995.0
1514039300000.0 -0.3212891 3.4260145e-10 -9020995.0
1517107000000.0 -0.3219401 3.4260145e-10 -9020995.0
1520175000000.0 -0.32259116 3.4260145e-10 -9020995.0
1523243200000.0 -0.32324222 2.9470532e-10 -9544519.0
1526310900000.0 -0.32389322 2.9470532e-10 -9544519.0
1529379000000.0 -0.32454428 2.9470532e-10 -9544519.0
1532447000000.0 -0.32519534 2.9470532e-10 -9544519.0
1535514800000.0 -0.32584634 2.7235256e-10 -9563372.0
1538582500000.0 -0.32649735 2.7235256e-10 -9563372.0
1541651000000.0 -0.3271485 2.7235256e-10 -9563372.0
1544718600000.0 -0.32779947 2.7235256e-10 -9563372.0
1547786400000.0 -0.32845047 2.8457878e-10 -9372295.0
1550854900000.0 -0.32910162 2.8457878e-10 -9372295.0
1553922700000.0 -0.3297526 2.8457878e-10 -9372295.0
1556990400000.0 -0.3304036 2.8457878e-10 -9372295.0
1560058800000.0 -0.33105475 3.2179248e-10 -8838521.0
1563126500000.0 -0.33170575 3.2179248e-10 -8838521.0
1566194300000.0 -0.33235672 3.2179248e-10 -8838521.0
1569262400000.0 -0.3330078 3.2179248e-10 -8838521.0
1572330400000.0 -0.33365887 4.5332132e-10 -6708494.0
1575398100000.0 -0.33430985 4.5332132e-10 -6708494.0
1578466300000.0 -0.33496094 4.5332132e-10 -6708494.0
1581534400000.0 -0.335612 4.5332132e-10 -6708494.0
1584602000000.0 -0.336263 5.3473165e-10 -5601109.5
1587670200000.0 -0.33691406 5.3473165e-10 -5601109.5
1590738300000.0 -0.33756512 5.3473165e-10 -5601109.5
1593806000000.0 -0.33821613 5.3473165e-10 -5601109.5
1596874000000.0 -0.3388672 5.603743e-10 -5138469.5
1599942200000.0 -0.33951825 5.603743e-10 -5138469.5
1603009900000.0 -0.34016925 5.603743e-10 -5138469.5
1606078000000.0 -0.3408203 5.603743e-10 -5138469.5
1609146000000.0 -0.3414714 5.5388333e-10 -5406026.0
1612213800000.0 -0.34212238 5.5388333e-10 -5406026.0
1615281500000.0 -0.34277338 5.5388333e-10 -5406026.0
1618350000000.0 -0.34342453 5.5388333e-10 -5406026.0
1621417800000.0 -0.3440755 5.473774e-10 -5427920.5
1624485400000.0 -0.3447265 5.473774e-10 -5427920.5
1627553900000.0 -0.34537765 5.473774e-10 -5427920.5
1630621700000.0 -0.34602866 5.473774e-10 -5427920.5
1633689400000.0 -0.34667963 5.0023863e-10 -5872526.0
1636757800000.0 -0.34733078 5.0023863e-10 -5872526.0
1639825500000.0 -0.34798178 5.0023863e-10 -5872526.0
1642893300000.0 -0.34863275 5.0023863e-10 -5872526.0
1645961700000.0 -0.3492839 4.3930568e-10 -6439124.0
1649029400000.0 -0.3499349 4.3930568e-10 -6439124.0
1652097200000.0 -0.3505859 4.3930568e-10 -6439124.0
1655165300000.0 -0.35123697 4.3930568e-10 -6439124.0
1658233400000.0 -0.35188803 4.0528547e-10 -6686662.5
1661301200000.0 -0.35253903 4.0528547e-10 -6686662.5
1664369200000.0 -0.3531901 4.0528547e-10 -6686662.5
1667437300000.0 -0.35384116 4.0528547e-10 -6686662.5
1670505000000.0 -0.35449216 3.7924736e-10 -6896469.0
1673573200000.0 -0.35514322 3.7924736e-10 -6896469.0
1676641200000.0 -0.3557943 3.7924736e-10 -6896469.0
1679708900000.0 -0.35644528 3.7924736e-10 -6896469.0
1682777000000.0 -0.35709634 3.6734227e-10 -6739405.5
1685845000000.0 -0.35774744 3.6734227e-10 -6739405.5
1688912800000.0 -0.3583984 3.6734227e-10 -6739405.5
1691980900000.0 -0.3590495 3.6734227e-10 -6739405.5
1695049000000.0 -0.35970056 3.6672002e-10 -6816437.5
1698116800000.0 -0.36035156 3.6672002e-10 -6816437.5
1701184500000.0 -0.36100253 3.6672002e-10 -6816437.5
1704252900000.0 -0.3616537 3.6672002e-10 -6816437.5
1707320700000.0 -0.3623047 3.7732106e-10 -6806863.0
1710388400000.0 -0.36295566 3.7732106e-10 -6806863.0
1713456800000.0 -0.3636068 3.7732106e-10 -6806863.0
1716524500000.0 -0.3642578 3.7732106e-10 -6806863.0
1719592300000.0 -0.3649088 3.8309325e-10 -6963950.5
1722660800000.0 -0.36555994 3.8309325e-10 -6963950.5
1725728400000.0 -0.36621094 3.8309325e-10 -6963950.5
1728796200000.0 -0.36686194 3.8309325e-10 -6963950.5
1731864700000.0 -0.3675131 3.8722972e-10 -6982365.5
1734932400000.0 -0.36816406 3.8722972e-10 -6982365.5
1738000200000.0 -0.36881506 3.8722972e-10 -6982365.5
1741068200000.0 -0.36946613 3.8722972e-10 -6982365.5
1744136300000.0 -0.3701172 3.7584144e-10 -7171564.0
1747204000000.0 -0.3707682 3.7584144e-10 -7171564.0
1750272200000.0 -0.37141925 3.7584144e-10 -7171564.0
1753340200000.0 -0.37207034 3.7584144e-10 -7171564.0
1756407900000.0 -0.3727213 3.6509862e-10 -7245239.0
1759476000000.0 -0.3733724 3.6509862e-10 -7245239.0
1762544200000.0 -0.37402347 3.6509862e-10 -7245239.0
1765611800000.0 -0.37467447 3.6509862e-10 -7245239.0
1768679900000.0 -0.37532553 3.4751152e-10 -7418646.5
1771748000000.0 -0.3759766 3.4751152e-10 -7418646.5
1774815800000.0 -0.3766276 3.4751152e-10 -7418646.5
1777883800000.0 -0.37727866 3.4751152e-10 -7418646.5
1780952000000.0 -0.37792972 3.1654582e-10 -7523090.5
1784019700000.0 -0.37858072 3.1654582e-10 -7523090.5
1787087400000.0 -0.37923172 3.1654582e-10 -7523090.5
1790155800000.0 -0.37988284 3.1654582e-10 -7523090.5
1793223600000.0 -0.38053384 2.6683528e-10 -7687390.0
1796291300000.0 -0.38118485 2.6683528e-10 -7687390.0
1799359800000.0 -0.381836 2.6683528e-10 -7687390.0
1802427600000.0 -0.38248697 2.6683528e-10 -7687390.0
1805495200000.0 -0.38313797 2.3420751e-10 -7558934.5
1808563700000.0 -0.38378912 2.3420751e-10 -7558934.5
1811631400000.0 -0.3844401 2.3420751e-10 -7558934.5
1814699200000.0 -0.3850911 2.3420751e-10 -7558934.5
1817767600000.0 -0.38574225 2.2773962e-10 -7666546.0
1820835300000.0 -0.38639325 2.2773962e-10 -7666546.0
1823903000000.0 -0.38704422 2.2773962e-10 -7666546.0
1826971200000.0 -0.3876953 2.2773962e-10 -7666546.0
1830039200000.0 -0.38834637 2.3721397e-10 -7631415.0
1833106900000.0 -0.38899738 2.3721397e-10 -7631415.0
1836175000000.0 -0.38964844 2.3721397e-10 -7631415.0
1839243200000.0 -0.3902995 2.3721397e-10 -7631415.0
1842311000000.0 -0.3909505 2.4614352e-10 -7875481.5
1845379000000.0 -0.39160156 2.4614352e-10 -7875481.5
1848447100000.0 -0.39225262 2.4614352e-10 -7875481.5
1851514800000.0 -0.39290363 2.4614352e-10 -7875481.5
1854582800000.0 -0.3935547 2.5238306e-10 -7978570.0
1857651000000.0 -0.39420575 2.5238306e-10 -7978570.0
1860718700000.0 -0.39485675 2.5238306e-10 -7978570.0
1863786800000.0 -0.3955078 2.5238306e-10 -7978570.0
1866854800000.0 -0.3961589 2.5295052e-10 -8399549.0
1869922600000.0 -0.39680988 2.5295052e-10 -8399549.0
1872990300000.0 -0.39746088 2.5295052e-10 -8399549.0
1876058800000.0 -0.39811203 2.5295052e-10 -8399549.0
1879126600000.0 -0.398763 2.5459743e-10 -8582832.0
1882194300000.0 -0.399414 2.5459743e-10 -8582832.0
1885262700000.0 -0.40006515 2.5459743e-10 -8582832.0
1888330400000.0 -0.40071616 2.5459743e-10 -8582832.0
1891398200000.0 -0.40136713 2.5359917e-10 -8829861.0
1894466600000.0 -0.40201828 2.5359917e-10 -8829861.0
1897534300000.0 -0.40266928 2.5359917e-10 -8829861.0
1900602000000.0 -0.40332028 2.5359917e-10 -8829861.0
1903670500000.0 -0.4039714 2.5503533e-10 -8870146.0
1906738200000.0 -0.4046224 2.5503533e-10 -8870146.0
1909806000000.0 -0.4052734 2.5503533e-10 -8870146.0
1912874100000.0 -0.40592447 2.5503533e-10 -8870146.0
1915942200000.0 -0.40657553 2.5885152e-10 -8880721.0
1919010000000.0 -0.40722653 2.5885152e-10 -8880721.0
1922078000000.0 -0.4078776 2.5885152e-10 -8880721.0
1925146100000.0 -0.40852866 2.5885152e-10 -8880721.0
1928213800000.0 -0.40917966 2.6025238e-10 -8881582.0
1931282000000.0 -0.40983072 2.6025238e-10 -8881582.0
1934350000000.0 -0.4104818 2.6025238e-10 -8881582.0
1937417700000.0 -0.41113278 2.6025238e-10 -8881582.0
1940485800000.0 -0.41178387 2.68262e-10 -8717762.0
1943553800000.0 -0.41243494 2.68262e-10 -8717762.0
1946621600000.0 -0.4130859 2.68262e-10 -8717762.0
1949689700000.0 -0.413737 2.68262e-10 -8717762.0
1952757800000.0 -0.41438806 2.6923952e-10 -8708110.0
1955825600000.0 -0.41503906 2.6923952e-10 -8708110.0
1958893300000.0 -0.41569003 2.6923952e-10 -8708110.0
1961961700000.0 -0.4163412 2.6923952e-10 -8708110.0
1965029500000.0 -0.4169922 2.669871e-10 -8753416.0
1968097200000.0 -0.4176432 2.669871e-10 -8753416.0
1971165600000.0 -0.4182943 2.669871e-10 -8753416.0
1974233300000.0 -0.4189453 2.669871e-10 -8753416.0
1977301100000.0 -0.4195963 2.663193e-10 -8759965.0
1980369600000.0 -0.42024744 2.663193e-10 -8759965.0
1983437300000.0 -0.42089844 2.663193e-10 -8759965.0
1986505000000.0 -0.42154944 2.663193e-10 -8759965.0
1989573500000.0 -0.4222006 2.3580893e-10 -9311009.0
1992641200000.0 -0.42285156 2.3580893e-10 -9311009.0
1995709000000.0 -0.42350256 2.3580893e-10 -9311009.0
1998777000000.0 -0.42415363 2.3580893e-10 -9311009.0
2001845100000.0 -0.42480472 2.35182e-10 -9261875.0
2004912800000.0 -0.4254557 2.35182e-10 -9261875.0
2007981000000.0 -0.42610675 2.35182e-10 -9261875.0
2011049000000.0 -0.42675784 2.35182e-10 -9261875.0
2014116700000.0 -0.4274088 2.2921245e-10 -9124368.0
2017184800000.0 -0.4280599 2.2921245e-10 -9124368.0
2020253000000.0 -0.42871097 2.2921245e-10 -9124368.0
2023320700000.0 -0.42936197 2.2921245e-10 -9124368.0
2026388700000.0 -0.43001303 2.4045238e-10 -8796005.0
2029456900000.0 -0.4306641 2.4045238e-10 -8796005.0
2032524600000.0 -0.4313151 2.4045238e-10 -8796005.0
2035592600000.0 -0.43196616 2.4045238e-10 -8796005.0
2038660700000.0 -0.43261722 2.7482358e-10 -7632942.5
2041728500000.0 -0.43326822 2.7482358e-10 -7632942.5
2044796200000.0 -0.43391922 2.7482358e-10 -7632942.5
2047864600000.0 -0.43457034 2.7482358e-10 -7632942.5
2050932300000.0 -0.43522134 2.8572159e-10 -7332483.5
2054000100000.0 -0.43587235 2.8572159e-10 -7332483.5
2057068600000.0 -0.4365235 2.8572159e-10 -7332483.5
2060136300000.0 -0.43717447 2.8572159e-10 -7332483.5
2063204100000.0 -0.43782547 3.2434253e-10 -6508857.0
2066272500000.0 -0.43847662 3.2434253e-10 -6508857.0
2069340200000.0 -0.43912762 3.2434253e-10 -6508857.0
2072408000000.0 -0.4397786 3.2434253e-10 -6508857.0
2075476400000.0 -0.44042975 3.513469e-10 -6103059.0
2078544100000.0 -0.44108075 3.513469e-10 -6103059.0
2081611800000.0 -0.44173172 3.513469e-10 -6103059.0
2084680000000.0 -0.4423828 3.513469e-10 -6103059.0
2087748000000.0 -0.44303387 3.8138848e-10 -5578651.5
2090815700000.0 -0.44368488 3.8138848e-10 -5578651.5
2093883900000.0 -0.44433594 3.8138848e-10 -5578651.5
2096952000000.0 -0.444987 3.8138848e-10 -5578651.5
2100019700000.0 -0.445638 3.8995654e-10 -5397591.5
2103087700000.0 -0.44628906 3.8995654e-10 -5397591.5
2106155900000.0 -0.44694012 3.8995654e-10 -5397591.5
2109223600000.0 -0.44759113 3.8995654e-10 -5397591.5
2112291700000.0 -0.4482422 3.8599798e-10 -5333544.0
2115359700000.0 -0.44889325 3.8599798e-10 -5333544.0
2118427500000.0 -0.44954425 3.8599798e-10 -5333544.0
2121495600000.0 -0.4501953 3.8599798e-10 -5333544.0
2124563600000.0 -0.4508464 3.727736e-10 -5405038.0
2127631400000.0 -0.45149738 3.727736e-10 -5405038.0
2130699100000.0 -0.45214838 3.727736e-10 -5405038.0
2133767600000.0 -0.45279953 3.727736e-10 -5405038.0
2136835400000.0 -0.45345053 3.2729391e-10 -6083042.5
2139903100000.0 -0.4541015 3.2729391e-10 -6083042.5
2142971500000.0 -0.45475265 3.2729391e-10 -6083042.5
2146039200000.0 -0.45540366 3.2729391e-10 -6083042.5
2149107000000.0 -0.45605463 3.1212918e-10 -6200500.5
2152175400000.0 -0.45670578 3.1212918e-10 -6200500.5
2155243100000.0 -0.45735678 3.1212918e-10 -6200500.5
2158310900000.0 -0.45800778 3.1212918e-10 -6200500.5
2161379400000.0 -0.4586589 2.7214073e-10 -6442796.5
2164447000000.0 -0.4593099 2.7214073e-10 -6442796.5
2167514700000.0 -0.4599609 2.7214073e-10 -6442796.5
2170582900000.0 -0.46061197 2.7214073e-10 -6442796.5
2173651000000.0 -0.46126303 2.7795466e-10 -6006423.5
2176718700000.0 -0.46191403 2.7795466e-10 -6006423.5
2179786700000.0 -0.4625651 2.7795466e-10 -6006423.5
2182854900000.0 -0.46321616 2.7795466e-10 -6006423.5
2185922600000.0 -0.46386716 2.8290834e-10 -5368967.0
2188990700000.0 -0.46451822 2.8290834e-10 -5368967.0
2192058700000.0 -0.4651693 2.8290834e-10 -5368967.0
2195126500000.0 -0.46582028 2.8290834e-10 -5368967.0
2198194600000.0 -0.46647137 2.9465466e-10 -4667564.0
2201262800000.0 -0.46712244 2.9465466e-10 -4667564.0
2204330400000.0 -0.46777344 2.9465466e-10 -4667564.0
2207398500000.0 -0.4684245 2.9465466e-10 -4667564.0
2210466600000.0 -0.46907556 3.005748e-10 -4133337.0
2213534200000.0 -0.4697265 3.005748e-10 -4133337.0
2216602000000.0 -0.47037753 3.005748e-10 -4133337.0
2219670500000.0 -0.4710287 3.005748e-10 -4133337.0
2222738400000.0 -0.47167972 2.8885766e-10 -3837078.8
2225806000000.0 -0.4723307 2.8885766e-10 -3837078.8
2228874400000.0 -0.4729818 2.8885766e-10 -3837078.8
2231942300000.0 -0.47363284 2.8885766e-10 -3837078.8
2235009900000.0 -0.4742838 2.498107e-10 -3757616.0
2238078300000.0 -0.47493497 2.498107e-10 -3757616.0
2241146000000.0 -0.47558594 2.498107e-10 -3757616.0
2244213700000.0 -0.47623694 2.498107e-10 -3757616.0
2247282000000.0 -0.47688803 2.004224e-10 -3867022.8
2250350000000.0 -0.47753906 2.004224e-10 -3867022.8
2253417600000.0 -0.47819003 2.004224e-10 -3867022.8
2256485700000.0 -0.47884113 2.004224e-10 -3867022.8
2259554000000.0 -0.47949222 1.6657693e-10 -4147851.2
2262621700000.0 -0.48014325 1.6657693e-10 -4147851.2
2265689600000.0 -0.48079422 1.6657693e-10 -4147851.2
2268757800000.0 -0.48144534 1.6657693e-10 -4147851.2
2271825600000.0 -0.48209637 1.4342216e-10 -4747520.5
2274893500000.0 -0.48274735 1.4342216e-10 -4747520.5
2277961600000.0 -0.48339847 1.4342216e-10 -4747520.5
2281029500000.0 -0.48404947 1.4342216e-10 -4747520.5
2284097600000.0 -0.48470056 1.1320019e-10 -6045813.5
2287165500000.0 -0.48535156 1.1320019e-10 -6045813.5
2290233400000.0 -0.4860026 1.1320019e-10 -6045813.5
2293301500000.0 -0.48665366 1.1320019e-10 -6045813.5
2296369600000.0 -0.48730478 7.274777e-11 -7650438.5
2299437300000.0 -0.48795572 7.274777e-11 -7650438.5
2302505000000.0 -0.48860675 7.274777e-11 -7650438.5
2305573500000.0 -0.48925787 7.274777e-11 -7650438.5
2308641000000.0 -0.48990884 4.8006533e-11 -8268249.0
2311709000000.0 -0.49055988 4.8006533e-11 -8268249.0
2314777400000.0 -0.491211 4.8006533e-11 -8268249.0
2317845000000.0 -0.49186197 4.8006533e-11 -8268249.0
2320913000000.0 -0.49251297 4.004162e-11 -8240321.0
2323981300000.0 -0.49316412 4.004162e-11 -8240321.0
2327049000000.0 -0.49381506 4.004162e-11 -8240321.0
2330116800000.0 -0.4944661 4.004162e-11 -8240321.0
2333185100000.0 -0.49511725 4.1222612e-11 -7820683.0
2336253000000.0 -0.49576828 4.1222612e-11 -7820683.0
2339320600000.0 -0.49641922 4.1222612e-11 -7820683.0
2342388800000.0 -0.4970703 4.1222612e-11 -7820683.0
2345457000000.0 -0.49772137 4.1463732e-11 -7539436.0
2348524500000.0 -0.49837238 4.1463732e-11 -7539436.0
2351592600000.0 -0.49902344 4.1463732e-11 -7539436.0
2354660800000.0 -0.4996745 4.1463732e-11 -7539436.0
