morphology_data/1d_wa_a0.1_l4r1_00001.ecsv
# %ECSV 1.0
# ---
# datatype:
# - {name: b, datatype: float32}
# - {name: phase, datatype: float32}
# - {name: sigma, datatype: float32}
# - {name: vr, datatype: float32}
# meta: {lambda: 4, rp: 1.0, sep: 0.1, wind: a}
# schema: astropy-2.0
b phase sigma vr
-4709321000000.0 0.49967447 1.6809996e-09 -2867610.5
-4703185300000.0 0.49902344 1.6809996e-09 -2867610.5
-4697049500000.0 0.4983724 1.6809996e-09 -2867610.5
-4690913300000.0 0.49772134 1.6809996e-09 -2867610.5
-4684777500000.0 0.4970703 1.717416e-09 -2523336.8
-4678642000000.0 0.49641928 1.717416e-09 -2523336.8
-4672506000000.0 0.49576828 1.717416e-09 -2523336.8
-4666370000000.0 0.4951172 1.717416e-09 -2523336.8
-4660234000000.0 0.4944662 1.7181836e-09 -2477777.0
-4654098000000.0 0.49381506 1.7181836e-09 -2477777.0
-4647962000000.0 0.4931641 1.7181836e-09 -2477777.0
-4641826000000.0 0.49251297 1.7181836e-09 -2477777.0
-4635690000000.0 0.49186197 1.6864696e-09 -2602150.5
-4629554300000.0 0.49121094 1.6864696e-09 -2602150.5
-4623418000000.0 0.49055988 1.6864696e-09 -2602150.5
-4617282000000.0 0.48990884 1.6864696e-09 -2602150.5
-4611146500000.0 0.4892578 1.6432743e-09 -2861186.5
-4605010000000.0 0.48860675 1.6432743e-09 -2861186.5
-4598874500000.0 0.48795572 1.6432743e-09 -2861186.5
-4592739000000.0 0.4873047 1.6432743e-09 -2861186.5
-4586603000000.0 0.48665366 1.5882192e-09 -3185904.8
-4580467000000.0 0.4860026 1.5882192e-09 -3185904.8
-4574331000000.0 0.48535156 1.5882192e-09 -3185904.8
-4568195300000.0 0.48470056 1.5882192e-09 -3185904.8
-4562059000000.0 0.48404947 1.5546551e-09 -3556058.5
-4555923000000.0 0.48339847 1.5546551e-09 -3556058.5
-4549787000000.0 0.48274735 1.5546551e-09 -3556058.5
-4543651000000.0 0.48209637 1.5546551e-09 -3556058.5
-4537515000000.0 0.48144525 1.5311933e-09 -3897944.8
-4531379000000.0 0.48079422 1.5311933e-09 -3897944.8
-4525243500000.0 0.48014325 1.5311933e-09 -3897944.8
-4519107000000.0 0.47949213 1.5311933e-09 -3897944.8
-4512971500000.0 0.47884113 1.5414869e-09 -4200600.5
-4506836000000.0 0.4781901 1.5414869e-09 -4200600.5
-4500700000000.0 0.47753906 1.5414869e-09 -4200600.5
-4494563700000.0 0.476888 1.5414869e-09 -4200600.5
-4488428000000.0 0.47623697 1.5560849e-09 -4357987.5
-4482292000000.0 0.47558594 1.5560849e-09 -4357987.5
-4476156500000.0 0.47493497 1.5560849e-09 -4357987.5
-4470020000000.0 0.47428384 1.5560849e-09 -4357987.5
-4463884500000.0 0.47363284 1.5673235e-09 -4497327.0
-4457748000000.0 0.47298175 1.5673235e-09 -4497327.0
-4451612500000.0 0.47233072 1.5673235e-09 -4497327.0
-4445477000000.0 0.47167972 1.5673235e-09 -4497327.0
-4439340500000.0 0.47102863 1.5510894e-09 -4611952.5
-4433205000000.0 0.47037762 1.5510894e-09 -4611952.5
-4427068500000.0 0.4697265 1.5510894e-09 -4611952.5
-4420932700000.0 0.46907553 1.5510894e-09 -4611952.5
-4414797000000.0 0.4684245 1.5393247e-09 -4775380.5
-4408660700000.0 0.46777344 1.5393247e-09 -4775380.5
-4402525000000.0 0.4671224 1.5393247e-09 -4775380.5
-4396389200000.0 0.46647137 1.5393247e-09 -4775380.5
-4390253500000.0 0.46582034 1.5351385e-09 -4908277.5
-4384117200000.0 0.46516925 1.5351385e-09 -4908277.5
-4377981500000.0 0.46451822 1.5351385e-09 -4908277.5
-4371845500000.0 0.4638672 1.5351385e-09 -4908277.5
-4365709500000.0 0.46321613 1.5265392e-09 -5124977.0
-4359573500000.0 0.4625651 1.5265392e-09 -5124977.0
-4353437700000.0 0.46191406 1.5265392e-09 -5124977.0
-4347301500000.0 0.461263 1.5265392e-09 -5124977.0
-4341165700000.0 0.46061197 1.47808e-09 -5352680.0
-4335030000000.0 0.45996094 1.47808e-09 -5352680.0
-4328894000000.0 0.4593099 1.47808e-09 -5352680.0
-4322758000000.0 0.45865884 1.47808e-09 -5352680.0
-4316622200000.0 0.4580078 1.4146442e-09 -5595000.0
-4310486200000.0 0.45735678 1.4146442e-09 -5595000.0
-4304350500000.0 0.45670575 1.4146442e-09 -5595000.0
-4298214200000.0 0.4560547 1.4146442e-09 -5595000.0
-4292078500000.0 0.45540366 1.3639366e-09 -5746804.0
-4285942700000.0 0.45475262 1.3639366e-09 -5746804.0
-4279806500000.0 0.45410153 1.3639366e-09 -5746804.0
-4273670700000.0 0.45345053 1.3639366e-09 -5746804.0
-4267534700000.0 0.4527995 1.3334602e-09 -5830245.5
-4261398700000.0 0.4521484 1.3334602e-09 -5830245.5
-4255262700000.0 0.45149738 1.3334602e-09 -5830245.5
-4249127000000.0 0.45084634 1.3334602e-09 -5830245.5
-4242991200000.0 0.4501953 1.3054899e-09 -5863014.5
-4236855000000.0 0.44954425 1.3054899e-09 -5863014.5
-4230719200000.0 0.44889322 1.3054899e-09 -5863014.5
-4224583500000.0 0.4482422 1.3054899e-09 -5863014.5
-4218447500000.0 0.44759116 1.2693065e-09 -5800154.5
-4212311500000.0 0.4469401 1.2693065e-09 -5800154.5
-4206175500000.0 0.44628906 1.2693065e-09 -5800154.5
-4200039700000.0 0.44563803 1.2693065e-09 -5800154.5
-4193903400000.0 0.44498697 1.2470143e-09 -5750439.0
-4187767700000.0 0.44433594 1.2470143e-09 -5750439.0
-4181632000000.0 0.4436849 1.2470143e-09 -5750439.0
-4175495700000.0 0.44303384 1.2470143e-09 -5750439.0
-4169360000000.0 0.4423828 1.2164263e-09 -5637742.5
-4163224000000.0 0.44173178 1.2164263e-09 -5637742.5
-4157088200000.0 0.44108075 1.2164263e-09 -5637742.5
-4150952000000.0 0.44042966 1.2164263e-09 -5637742.5
-4144816200000.0 0.43977866 1.1977775e-09 -5568894.0
-4138680500000.0 0.43912762 1.1977775e-09 -5568894.0
-4132544700000.0 0.4384766 1.1977775e-09 -5568894.0
-4126408400000.0 0.4378255 1.1977775e-09 -5568894.0
-4120272700000.0 0.43717447 1.1824123e-09 -5407854.0
-4114136700000.0 0.43652344 1.1824123e-09 -5407854.0
-4108000700000.0 0.43587238 1.1824123e-09 -5407854.0
-4101864700000.0 0.43522134 1.1824123e-09 -5407854.0
-4095729000000.0 0.4345703 1.1945549e-09 -5239967.0
-4089592700000.0 0.43391925 1.1945549e-09 -5239967.0
-4083457000000.0 0.43326822 1.1945549e-09 -5239967.0
-4077321200000.0 0.4326172 1.1945549e-09 -5239967.0
-4071185200000.0 0.43196616 1.2135036e-09 -4942992.5
-4065049200000.0 0.4313151 1.2135036e-09 -4942992.5
-4058913200000.0 0.43066406 1.2135036e-09 -4942992.5
-4052777400000.0 0.43001303 1.2135036e-09 -4942992.5
-4046641700000.0 0.429362 1.2668031e-09 -4673189.5
-4040505400000.0 0.42871094 1.2668031e-09 -4673189.5
-4034369700000.0 0.4280599 1.2668031e-09 -4673189.5
-4028234000000.0 0.42740887 1.2668031e-09 -4673189.5
-4022097700000.0 0.42675778 1.2992989e-09 -4300395.0
-4015962000000.0 0.42610675 1.2992989e-09 -4300395.0
-4009826000000.0 0.42545575 1.2992989e-09 -4300395.0
-4003690000000.0 0.42480466 1.2992989e-09 -4300395.0
-3997554000000.0 0.42415363 1.3185893e-09 -4065341.2
-3991418200000.0 0.4235026 1.3185893e-09 -4065341.2
-3985282400000.0 0.42285156 1.3185893e-09 -4065341.2
-3979146400000.0 0.42220053 1.3185893e-09 -4065341.2
-3973010400000.0 0.42154947 1.3166958e-09 -3934231.0
-3966874700000.0 0.42089844 1.3166958e-09 -3934231.0
-3960738700000.0 0.4202474 1.3166958e-09 -3934231.0
-3954602700000.0 0.41959634 1.3166958e-09 -3934231.0
-3948466700000.0 0.4189453 1.3097918e-09 -3958158.5
-3942331000000.0 0.41829428 1.3097918e-09 -3958158.5
-3936194700000.0 0.41764322 1.3097918e-09 -3958158.5
-3930059000000.0 0.4169922 1.3097918e-09 -3958158.5
-3923923200000.0 0.41634116 1.2989217e-09 -4064840.5
-3917787000000.0 0.4156901 1.2989217e-09 -4064840.5
-3911651400000.0 0.4150391 1.2989217e-09 -4064840.5
-3905515200000.0 0.41438803 1.2989217e-09 -4064840.5
-3899379200000.0 0.41373694 1.2933412e-09 -4186692.8
-3893243700000.0 0.41308597 1.2933412e-09 -4186692.8
-3887107400000.0 0.41243488 1.2933412e-09 -4186692.8
-3880971700000.0 0.41178387 1.2933412e-09 -4186692.8
-3874836000000.0 0.41113284 1.2980934e-09 -4158332.2
-3868699700000.0 0.41048175 1.2980934e-09 -4158332.2
-3862564000000.0 0.40983072 1.2980934e-09 -4158332.2
-3856428000000.0 0.4091797 1.2980934e-09 -4158332.2
-3850292000000.0 0.40852863 1.2956396e-09 -3923453.0
-3844156000000.0 0.4078776 1.2956396e-09 -3923453.0
-3838020200000.0 0.40722656 1.2956396e-09 -3923453.0
-3831884000000.0 0.4065755 1.2956396e-09 -3923453.0
-3825748400000.0 0.4059245 1.225618e-09 -3733049.2
-3819612400000.0 0.40527344 1.225618e-09 -3733049.2
-3813476100000.0 0.40462238 1.225618e-09 -3733049.2
-3807340700000.0 0.40397137 1.225618e-09 -3733049.2
-3801204400000.0 0.4033203 9.919336e-10 -3952950.0
-3795068600000.0 0.40266928 9.919336e-10 -3952950.0
-3788933000000.0 0.40201825 9.919336e-10 -3952950.0
-3782796600000.0 0.4013672 9.919336e-10 -3952950.0
-3776661000000.0 0.40071616 7.5262824e-10 -4107572.0
-3770525200000.0 0.40006512 7.5262824e-10 -4107572.0
-3764389000000.0 0.39941403 7.5262824e-10 -4107572.0
-3758253100000.0 0.398763 7.5262824e-10 -4107572.0
-3752117100000.0 0.39811197 6.1902555e-10 -4438665.5
-3745981100000.0 0.3974609 6.1902555e-10 -4438665.5
-3739845700000.0 0.39680994 6.1902555e-10 -4438665.5
-3733709400000.0 0.39615884 6.1902555e-10 -4438665.5
-3727573600000.0 0.3955078 5.019727e-10 -5659897.5
-3721437600000.0 0.39485678 5.019727e-10 -5659897.5
-3715301600000.0 0.39420572 5.019727e-10 -5659897.5
-3709165600000.0 0.3935547 5.019727e-10 -5659897.5
-3703030000000.0 0.39290366 3.1740768e-10 -8036911.5
-3696894000000.0 0.3922526 3.1740768e-10 -8036911.5
-3690758000000.0 0.39160156 3.1740768e-10 -8036911.5
-3684622100000.0 0.39095053 3.1740768e-10 -8036911.5
-3678486000000.0 0.39029947 1.8304507e-10 -10779033.0
-3672350000000.0 0.38964844 1.8304507e-10 -10779033.0
-3666214400000.0 0.3889974 1.8304507e-10 -10779033.0
-3660078000000.0 0.38834634 1.8304507e-10 -10779033.0
-3653942600000.0 0.38769534 1.3147526e-10 -12520026.0
-3647806400000.0 0.38704428 1.3147526e-10 -12520026.0
-3641670600000.0 0.38639325 1.3147526e-10 -12520026.0
-3635535000000.0 0.38574222 1.3147526e-10 -12520026.0
-3629398600000.0 0.38509113 1.184471e-10 -13113476.0
-3623263000000.0 0.3844401 1.184471e-10 -13113476.0
-3617127000000.0 0.3837891 1.184471e-10 -13113476.0
-3610991000000.0 0.383138 1.184471e-10 -13113476.0
-3604855000000.0 0.38248697 1.2369017e-10 -13301746.0
-3598719000000.0 0.38183594 1.2369017e-10 -13301746.0
-3592583000000.0 0.38118488 1.2369017e-10 -13301746.0
-3586447000000.0 0.38053384 1.2369017e-10 -13301746.0
-3580311400000.0 0.3798828 1.412932e-10 -13144905.0
-3574175000000.0 0.37923175 1.412932e-10 -13144905.0
-3568039600000.0 0.37858075 1.412932e-10 -13144905.0
-3561903600000.0 0.3779297 1.412932e-10 -13144905.0
-3555767600000.0 0.37727866 1.7132513e-10 -12439958.0
-3549632000000.0 0.37662762 1.7132513e-10 -12439958.0
-3543495600000.0 0.37597656 1.7132513e-10 -12439958.0
-3537359900000.0 0.37532553 1.7132513e-10 -12439958.0
-3531224000000.0 0.3746745 2.3011705e-10 -11128041.0
-3525087900000.0 0.37402344 2.3011705e-10 -11128041.0
-3518952000000.0 0.3733724 2.3011705e-10 -11128041.0
-3512816400000.0 0.37272137 2.3011705e-10 -11128041.0
-3506680000000.0 0.37207028 2.8554134e-10 -9945113.0
-3500544400000.0 0.37141925 2.8554134e-10 -9945113.0
-3494408400000.0 0.37076822 2.8554134e-10 -9945113.0
-3488272400000.0 0.37011716 2.8554134e-10 -9945113.0
-3482137000000.0 0.3694662 3.304134e-10 -8983383.0
-3476000600000.0 0.3688151 3.304134e-10 -8983383.0
-3469864900000.0 0.36816406 3.304134e-10 -8983383.0
-3463728900000.0 0.36751303 3.304134e-10 -8983383.0
-3457592900000.0 0.36686197 3.6286424e-10 -8406570.0
-3451456800000.0 0.36621094 3.6286424e-10 -8406570.0
-3445321000000.0 0.3655599 3.6286424e-10 -8406570.0
-3439184800000.0 0.36490884 3.6286424e-10 -8406570.0
-3433049000000.0 0.3642578 3.3310127e-10 -8362206.0
-3426913400000.0 0.36360678 3.3310127e-10 -8362206.0
-3420777000000.0 0.36295572 3.3310127e-10 -8362206.0
-3414641300000.0 0.3623047 3.3310127e-10 -8362206.0
-3408505600000.0 0.36165366 2.8518635e-10 -8348796.5
-3402369300000.0 0.3610026 2.8518635e-10 -8348796.5
-3396233900000.0 0.3603516 2.8518635e-10 -8348796.5
-3390097600000.0 0.35970053 2.8518635e-10 -8348796.5
-3383961800000.0 0.3590495 2.9927824e-10 -7863730.0
-3377826000000.0 0.35839847 2.9927824e-10 -7863730.0
-3371689800000.0 0.35774738 2.9927824e-10 -7863730.0
-3365554000000.0 0.35709634 2.9927824e-10 -7863730.0
-3359418000000.0 0.3564453 3.2071565e-10 -7828236.5
-3353282000000.0 0.35579425 3.2071565e-10 -7828236.5
-3347146300000.0 0.35514322 3.2071565e-10 -7828236.5
-3341010300000.0 0.3544922 3.2071565e-10 -7828236.5
-3334874300000.0 0.35384113 3.095401e-10 -8091135.5
-3328738300000.0 0.3531901 3.095401e-10 -8091135.5
-3322602600000.0 0.35253906 3.095401e-10 -8091135.5
-3316466300000.0 0.351888 3.095401e-10 -8091135.5
-3310330800000.0 0.351237 2.8935188e-10 -8352678.0
-3304194800000.0 0.35058594 2.8935188e-10 -8352678.0
-3298058800000.0 0.3499349 2.8935188e-10 -8352678.0
-3291923000000.0 0.34928387 2.8935188e-10 -8352678.0
-3285786800000.0 0.3486328 2.7167307e-10 -8728936.0
-3279651000000.0 0.34798178 2.7167307e-10 -8728936.0
-3273515300000.0 0.34733075 2.7167307e-10 -8728936.0
-3267379000000.0 0.3466797 2.7167307e-10 -8728936.0
-3261243300000.0 0.34602866 2.3667682e-10 -9662768.0
-3255107600000.0 0.34537762 2.3667682e-10 -9662768.0
-3248971300000.0 0.34472653 2.3667682e-10 -9662768.0
-3242835600000.0 0.3440755 2.3667682e-10 -9662768.0
-3236699600000.0 0.34342447 1.8912066e-10 -11068592.0
-3230563600000.0 0.3427734 1.8912066e-10 -11068592.0
-3224428000000.0 0.3421224 1.8912066e-10 -11068592.0
-3218291800000.0 0.34147134 1.8912066e-10 -11068592.0
-3212156000000.0 0.3408203 1.5891288e-10 -11867424.0
-3206020000000.0 0.34016928 1.5891288e-10 -11867424.0
-3199884000000.0 0.33951822 1.5891288e-10 -11867424.0
-3193748000000.0 0.3388672 1.5891288e-10 -11867424.0
-3187612300000.0 0.33821616 1.5078783e-10 -12212217.0
-3181476000000.0 0.3375651 1.5078783e-10 -12212217.0
-3175340300000.0 0.33691406 1.5078783e-10 -12212217.0
-3169204600000.0 0.33626303 1.5078783e-10 -12212217.0
-3163068300000.0 0.33561197 1.4611183e-10 -12396775.0
-3156932600000.0 0.33496094 1.4611183e-10 -12396775.0
-3150796800000.0 0.3343099 1.4611183e-10 -12396775.0
-3144660800000.0 0.33365887 1.4611183e-10 -12396775.0
-3138524800000.0 0.3330078 1.4439273e-10 -12612137.0
-3132388800000.0 0.33235678 1.4439273e-10 -12612137.0
-3126253000000.0 0.33170575 1.4439273e-10 -12612137.0
-3120117300000.0 0.33105472 1.4439273e-10 -12612137.0
-3113981000000.0 0.33040363 1.3746529e-10 -12969409.0
-3107845300000.0 0.3297526 1.3746529e-10 -12969409.0
-3101709300000.0 0.32910156 1.3746529e-10 -12969409.0
-3095573300000.0 0.3284505 1.3746529e-10 -12969409.0
-3089437300000.0 0.32779947 1.3081718e-10 -13429379.0
-3083301600000.0 0.32714844 1.3081718e-10 -13429379.0
-3077165500000.0 0.32649738 1.3081718e-10 -13429379.0
-3071029500000.0 0.32584634 1.3081718e-10 -13429379.0
-3064893800000.0 0.3251953 1.2391432e-10 -13736640.0
-3058758000000.0 0.32454428 1.2391432e-10 -13736640.0
-3052621800000.0 0.32389322 1.2391432e-10 -13736640.0
-3046486000000.0 0.3232422 1.2391432e-10 -13736640.0
-3040350000000.0 0.32259116 1.1847151e-10 -13900234.0
-3034214300000.0 0.32194012 1.1847151e-10 -13900234.0
-3028078000000.0 0.32128906 1.1847151e-10 -13900234.0
-3021942300000.0 0.32063803 1.1847151e-10 -13900234.0
-3015806600000.0 0.319987 1.0700189e-10 -14067050.0
-3009670300000.0 0.31933594 1.0700189e-10 -14067050.0
-3003534500000.0 0.3186849 1.0700189e-10 -14067050.0
-2997398800000.0 0.31803387 1.0700189e-10 -14067050.0
-2991262800000.0 0.31738284 8.357269e-11 -14564895.0
-2985126800000.0 0.31673178 8.357269e-11 -14564895.0
-2978990800000.0 0.31608072 8.357269e-11 -14564895.0
-2972855000000.0 0.3154297 8.357269e-11 -14564895.0
-2966718800000.0 0.31477863 4.928135e-11 -15504875.0
-2960583000000.0 0.3141276 4.928135e-11 -15504875.0
-2954447300000.0 0.31347656 4.928135e-11 -15504875.0
-2948311300000.0 0.31282553 4.928135e-11 -15504875.0
-2942175300000.0 0.31217447 3.2815764e-11 -15971920.0
-2936039300000.0 0.3115234 3.2815764e-11 -15971920.0
-2929903500000.0 0.3108724 3.2815764e-11 -15971920.0
-2923767300000.0 0.3102213 3.2815764e-11 -15971920.0
-2917631500000.0 0.3095703 2.548875e-11 -15906882.0
-2911495800000.0 0.30891928 2.548875e-11 -15906882.0
-2905359800000.0 0.30826822 2.548875e-11 -15906882.0
-2899223800000.0 0.3076172 2.548875e-11 -15906882.0
-2893088000000.0 0.30696616 2.0907253e-11 -16515113.0
-2886952000000.0 0.30631512 2.0907253e-11 -16515113.0
-2880816000000.0 0.30566406 2.0907253e-11 -16515113.0
-2874680000000.0 0.30501303 2.0907253e-11 -16515113.0
-2868544300000.0 0.304362 1.8666289e-11 -16187268.0
-2862408300000.0 0.30371094 1.8666289e-11 -16187268.0
-2856272300000.0 0.30305988 1.8666289e-11 -16187268.0
