morphology_data/1d_wa_a0.1_l8r1_00001.ecsv
# %ECSV 1.0
# ---
# datatype:
# - {name: b, datatype: float32}
# - {name: phase, datatype: float32}
# - {name: sigma, datatype: float32}
# - {name: vr, datatype: float32}
# meta: {lambda: 8, rp: 1.0, sep: 0.1, wind: a}
# schema: astropy-2.0
b phase sigma vr
[from data line 1005]
1469553400000.0 -0.15592445 4.9626383e-08 -613633.3
1475689600000.0 -0.15657552 4.7252584e-08 -652474.9
1481825700000.0 -0.15722659 4.7252584e-08 -652474.9
1487961200000.0 -0.15787758 4.7252584e-08 -652474.9
1494097300000.0 -0.15852864 4.7252584e-08 -652474.9
1500233600000.0 -0.15917972 4.537026e-08 -694918.5
1506369100000.0 -0.1598307 4.537026e-08 -694918.5
1512505200000.0 -0.16048178 4.537026e-08 -694918.5
1518641300000.0 -0.16113284 4.537026e-08 -694918.5
1524776800000.0 -0.16178384 4.38297e-08 -737417.94
1530913000000.0 -0.1624349 4.38297e-08 -737417.94
1537049200000.0 -0.16308598 4.38297e-08 -737417.94
1543184700000.0 -0.16373697 4.38297e-08 -737417.94
1549320200000.0 -0.16438797 4.2385814e-08 -781924.25
1555457000000.0 -0.1650391 4.2385814e-08 -781924.25
1561592500000.0 -0.1656901 4.2385814e-08 -781924.25
1567728000000.0 -0.1663411 4.2385814e-08 -781924.25
1573864900000.0 -0.16699223 4.108921e-08 -826503.44
1580000300000.0 -0.16764323 4.108921e-08 -826503.44
1586135800000.0 -0.16829422 4.108921e-08 -826503.44
1592272600000.0 -0.16894537 4.108921e-08 -826503.44
1598408100000.0 -0.16959636 3.9810647e-08 -868222.94
1604543600000.0 -0.17024736 3.9810647e-08 -868222.94
1610679700000.0 -0.17089842 3.9810647e-08 -868222.94
1616816000000.0 -0.1715495 3.9810647e-08 -868222.94
1622951500000.0 -0.17220049 3.8616935e-08 -911833.4
1629087600000.0 -0.17285155 3.8616935e-08 -911833.4
1635223700000.0 -0.17350262 3.8616935e-08 -911833.4
1641359200000.0 -0.17415361 3.8616935e-08 -911833.4
1647495500000.0 -0.17480469 3.7460417e-08 -953571.7
1653631600000.0 -0.17545575 3.7460417e-08 -953571.7
1659767100000.0 -0.17610675 3.7460417e-08 -953571.7
1665903200000.0 -0.17675781 3.7460417e-08 -953571.7
1672039400000.0 -0.17740889 3.6420545e-08 -991189.8
1678174800000.0 -0.17805988 3.6420545e-08 -991189.8
1684311100000.0 -0.17871095 3.6420545e-08 -991189.8
1690447200000.0 -0.17936201 3.6420545e-08 -991189.8
1696582700000.0 -0.180013 3.5353757e-08 -1026976.75
1702718200000.0 -0.180664 3.5353757e-08 -1026976.75
1708855000000.0 -0.18131514 3.5353757e-08 -1026976.75
1714990500000.0 -0.18196614 3.5353757e-08 -1026976.75
1721126000000.0 -0.18261713 3.442525e-08 -1059456.5
1727262900000.0 -0.18326828 3.442525e-08 -1059456.5
1733398400000.0 -0.18391927 3.442525e-08 -1059456.5
1739533800000.0 -0.18457027 3.442525e-08 -1059456.5
1745670800000.0 -0.1852214 3.3676617e-08 -1084606.4
1751806100000.0 -0.1858724 3.3676617e-08 -1084606.4
1757941600000.0 -0.1865234 3.3676617e-08 -1084606.4
1764078500000.0 -0.18717454 3.3676617e-08 -1084606.4
1770214000000.0 -0.18782553 3.301741e-08 -1108454.5
1776349500000.0 -0.18847652 3.301741e-08 -1108454.5
1782485600000.0 -0.1891276 3.301741e-08 -1108454.5
1788621800000.0 -0.18977866 3.301741e-08 -1108454.5
1794757200000.0 -0.19042966 3.2415993e-08 -1129874.2
1800893500000.0 -0.19108072 3.2415993e-08 -1129874.2
1807029600000.0 -0.1917318 3.2415993e-08 -1129874.2
1813165100000.0 -0.19238278 3.2415993e-08 -1129874.2
1819301200000.0 -0.19303386 3.1903763e-08 -1148205.5
1825437500000.0 -0.19368492 3.1903763e-08 -1148205.5
1831572900000.0 -0.19433591 3.1903763e-08 -1148205.5
1837709100000.0 -0.19498698 3.1903763e-08 -1148205.5
1843845300000.0 -0.19563805 3.1494068e-08 -1168454.8
1849980700000.0 -0.19628905 3.1494068e-08 -1168454.8
1856116900000.0 -0.19694011 3.1494068e-08 -1168454.8
1862253200000.0 -0.19759119 3.1494068e-08 -1168454.8
1868388600000.0 -0.19824217 3.1099656e-08 -1191735.1
1874524000000.0 -0.19889317 3.1099656e-08 -1191735.1
1880660900000.0 -0.19954431 3.1099656e-08 -1191735.1
1886796400000.0 -0.20019531 3.1099656e-08 -1191735.1
1892931900000.0 -0.2008463 3.0766056e-08 -1212777.8
1899068800000.0 -0.20149745 3.0766056e-08 -1212777.8
1905204300000.0 -0.20214844 3.0766056e-08 -1212777.8
1911339600000.0 -0.20279942 3.0766056e-08 -1212777.8
1917476500000.0 -0.20345058 3.0480603e-08 -1231363.0
1923612000000.0 -0.20410156 3.0480603e-08 -1231363.0
1929747500000.0 -0.20475256 3.0480603e-08 -1231363.0
1935884400000.0 -0.2054037 3.0480603e-08 -1231363.0
1942019900000.0 -0.2060547 3.0206472e-08 -1252698.2
1948155400000.0 -0.20670569 3.0206472e-08 -1252698.2
1954291500000.0 -0.20735677 3.0206472e-08 -1252698.2
1960427700000.0 -0.20800783 3.0206472e-08 -1252698.2
1966563100000.0 -0.20865881 2.9927477e-08 -1276177.5
1972699300000.0 -0.20930989 2.9927477e-08 -1276177.5
1978835500000.0 -0.20996095 2.9927477e-08 -1276177.5
1984971000000.0 -0.21061195 2.9927477e-08 -1276177.5
1991107100000.0 -0.21126302 2.9663259e-08 -1300436.4
1997243300000.0 -0.21191409 2.9663259e-08 -1300436.4
2003378800000.0 -0.21256508 2.9663259e-08 -1300436.4
2009514900000.0 -0.21321616 2.9663259e-08 -1300436.4
2015651200000.0 -0.21386722 2.9457238e-08 -1328733.9
2021786600000.0 -0.2145182 2.9457238e-08 -1328733.9
2027922800000.0 -0.21516928 2.9457238e-08 -1328733.9
2034058900000.0 -0.21582034 2.9457238e-08 -1328733.9
2040194400000.0 -0.21647134 2.9314045e-08 -1362545.6
2046329900000.0 -0.21712233 2.9314045e-08 -1362545.6
2052466800000.0 -0.21777348 2.9314045e-08 -1362545.6
2058602300000.0 -0.21842447 2.9314045e-08 -1362545.6
2064737800000.0 -0.21907547 2.9206431e-08 -1400445.4
2070874600000.0 -0.2197266 2.9206431e-08 -1400445.4
2077010000000.0 -0.22037761 2.9206431e-08 -1400445.4
2083145500000.0 -0.2210286 2.9206431e-08 -1400445.4
2089282400000.0 -0.22167975 2.9104694e-08 -1448028.4
2095417900000.0 -0.22233073 2.9104694e-08 -1448028.4
2101553400000.0 -0.22298172 2.9104694e-08 -1448028.4
2107690200000.0 -0.22363287 2.9104694e-08 -1448028.4
2113825700000.0 -0.22428386 2.9177164e-08 -1496525.0
2119961100000.0 -0.22493486 2.9177164e-08 -1496525.0
2126097400000.0 -0.22558592 2.9177164e-08 -1496525.0
2132233600000.0 -0.226237 2.9177164e-08 -1496525.0
2138369000000.0 -0.22688799 2.9427111e-08 -1545265.1
2144505200000.0 -0.22753906 2.9427111e-08 -1545265.1
2150641300000.0 -0.22819012 2.9427111e-08 -1545265.1
2156776800000.0 -0.22884111 2.9427111e-08 -1545265.1
2162913000000.0 -0.22949219 2.970069e-08 -1595856.8
2169049200000.0 -0.23014325 2.970069e-08 -1595856.8
2175184700000.0 -0.23079425 2.970069e-08 -1595856.8
2181320800000.0 -0.23144531 2.970069e-08 -1595856.8
2187457100000.0 -0.23209639 3.0063813e-08 -1647077.5
2193592400000.0 -0.23274738 3.0063813e-08 -1647077.5
2199728700000.0 -0.23339845 3.0063813e-08 -1647077.5
2205865000000.0 -0.23404953 3.0063813e-08 -1647077.5
2212000200000.0 -0.23470049 3.070889e-08 -1693636.6
2218135700000.0 -0.23535149 3.070889e-08 -1693636.6
2224272700000.0 -0.23600265 3.070889e-08 -1693636.6
2230408200000.0 -0.23665364 3.070889e-08 -1693636.6
2236543700000.0 -0.23730463 3.1051727e-08 -1751945.8
2242680500000.0 -0.23795578 3.1051727e-08 -1751945.8
2248816000000.0 -0.23860677 3.1051727e-08 -1751945.8
2254951400000.0 -0.23925777 3.1051727e-08 -1751945.8
2261088200000.0 -0.2399089 3.1469884e-08 -1814898.5
2267223700000.0 -0.2405599 3.1469884e-08 -1814898.5
2273359200000.0 -0.2412109 3.1469884e-08 -1814898.5
2279496200000.0 -0.24186206 3.1469884e-08 -1814898.5
2285631700000.0 -0.24251305 3.1573386e-08 -1880833.6
2291767000000.0 -0.243164 3.1573386e-08 -1880833.6
2297903200000.0 -0.2438151 3.1573386e-08 -1880833.6
2304039500000.0 -0.24446616 3.1573386e-08 -1880833.6
2310175000000.0 -0.24511716 3.14828e-08 -1951645.5
2316311000000.0 -0.2457682 3.14828e-08 -1951645.5
2322447200000.0 -0.2464193 3.14828e-08 -1951645.5
2328582700000.0 -0.24707028 3.14828e-08 -1951645.5
2334719000000.0 -0.24772136 3.093373e-08 -2024220.8
2340855000000.0 -0.24837242 3.093373e-08 -2024220.8
2346990400000.0 -0.24902342 3.093373e-08 -2024220.8
2353126700000.0 -0.24967448 3.093373e-08 -2024220.8
2359263000000.0 -0.25032556 3.0146495e-08 -2092908.2
2365398500000.0 -0.25097656 3.0146495e-08 -2092908.2
2371534500000.0 -0.25162762 3.0146495e-08 -2092908.2
2377670700000.0 -0.2522787 3.0146495e-08 -2092908.2
2383806200000.0 -0.2529297 2.9346015e-08 -2149253.0
2389941700000.0 -0.25358066 2.9346015e-08 -2149253.0
2396078500000.0 -0.2542318 2.9346015e-08 -2149253.0
2402214000000.0 -0.2548828 2.9346015e-08 -2149253.0
2408349400000.0 -0.2555338 2.8439851e-08 -2197471.5
2414486200000.0 -0.25618494 2.8439851e-08 -2197471.5
2420621700000.0 -0.2568359 2.8439851e-08 -2197471.5
2426757200000.0 -0.25748694 2.8439851e-08 -2197471.5
2432894200000.0 -0.25813806 2.75629e-08 -2235318.5
2439029700000.0 -0.2587891 2.75629e-08 -2235318.5
2445165200000.0 -0.2594401 2.75629e-08 -2235318.5
2451302000000.0 -0.26009122 2.75629e-08 -2235318.5
2457437500000.0 -0.2607422 2.6736817e-08 -2265030.8
2463573000000.0 -0.2613932 2.6736817e-08 -2265030.8
2469709000000.0 -0.26204425 2.6736817e-08 -2265030.8
2475845200000.0 -0.26269534 2.6736817e-08 -2265030.8
2481980700000.0 -0.2633463 2.595892e-08 -2288868.0
2488117000000.0 -0.2639974 2.595892e-08 -2288868.0
2494253000000.0 -0.26464844 2.595892e-08 -2288868.0
2500388500000.0 -0.26529944 2.595892e-08 -2288868.0
2506524700000.0 -0.26595053 2.5330413e-08 -2302915.2
2512661000000.0 -0.2666016 2.5330413e-08 -2302915.2
2518796500000.0 -0.2672526 2.5330413e-08 -2302915.2
2524932500000.0 -0.26790366 2.5330413e-08 -2302915.2
2531068700000.0 -0.26855472 2.4915503e-08 -2303970.5
2537204200000.0 -0.26920572 2.4915503e-08 -2303970.5
2543340500000.0 -0.2698568 2.4915503e-08 -2303970.5
2549476500000.0 -0.27050784 2.4915503e-08 -2303970.5
2555612000000.0 -0.27115884 2.4659826e-08 -2297336.5
2561747500000.0 -0.27180985 2.4659826e-08 -2297336.5
2567884200000.0 -0.27246097 2.4659826e-08 -2297336.5
2574019700000.0 -0.27311197 2.4659826e-08 -2297336.5
2580155200000.0 -0.27376294 2.4614277e-08 -2280900.0
2586292300000.0 -0.27441412 2.4614277e-08 -2280900.0
2592427700000.0 -0.2750651 2.4614277e-08 -2280900.0
2598563200000.0 -0.27571613 2.4614277e-08 -2280900.0
2604700000000.0 -0.27636725 2.4797625e-08 -2254760.5
2610835500000.0 -0.27701825 2.4797625e-08 -2254760.5
2616971000000.0 -0.27766922 2.4797625e-08 -2254760.5
2623107800000.0 -0.27832037 2.4797625e-08 -2254760.5
2629243200000.0 -0.27897137 2.5150513e-08 -2221861.8
2635378700000.0 -0.27962235 2.5150513e-08 -2221861.8
2641515000000.0 -0.28027344 2.5150513e-08 -2221861.8
2647651300000.0 -0.28092453 2.5150513e-08 -2221861.8
2653786500000.0 -0.28157547 2.5650042e-08 -2182387.0
2659922700000.0 -0.28222656 2.5650042e-08 -2182387.0
2666059000000.0 -0.28287762 2.5650042e-08 -2182387.0
2672194500000.0 -0.28352863 2.5650042e-08 -2182387.0
2678330500000.0 -0.28417966 2.6348696e-08 -2136054.5
2684466800000.0 -0.28483075 2.6348696e-08 -2136054.5
2690602200000.0 -0.28548175 2.6348696e-08 -2136054.5
2696738500000.0 -0.28613284 2.6348696e-08 -2136054.5
2702874500000.0 -0.28678387 2.721003e-08 -2092980.2
2709010000000.0 -0.28743488 2.721003e-08 -2092980.2
2715146300000.0 -0.28808594 2.721003e-08 -2092980.2
2721282500000.0 -0.28873703 2.721003e-08 -2092980.2
2727418000000.0 -0.28938803 2.830511e-08 -2059146.1
2733553200000.0 -0.29003897 2.830511e-08 -2059146.1
2739690300000.0 -0.29069015 2.830511e-08 -2059146.1
2745825800000.0 -0.29134116 2.830511e-08 -2059146.1
2751961200000.0 -0.29199213 2.9672377e-08 -2037073.5
2758098000000.0 -0.29264328 2.9672377e-08 -2037073.5
2764233500000.0 -0.29329428 2.9672377e-08 -2037073.5
2770369000000.0 -0.29394525 2.9672377e-08 -2037073.5
2776505800000.0 -0.2945964 3.1311295e-08 -2020288.5
2782641300000.0 -0.2952474 3.1311295e-08 -2020288.5
2788776700000.0 -0.2958984 3.1311295e-08 -2020288.5
2794913800000.0 -0.29654956 3.1311295e-08 -2020288.5
2801049300000.0 -0.29720056 3.340539e-08 -2010983.0
2807184800000.0 -0.29785153 3.340539e-08 -2010983.0
2813320800000.0 -0.2985026 3.340539e-08 -2010983.0
2819457000000.0 -0.29915366 3.340539e-08 -2010983.0
2825592500000.0 -0.29980466 3.5750446e-08 -2002906.5
2831728500000.0 -0.30045572 3.5750446e-08 -2002906.5
2837864800000.0 -0.30110678 3.5750446e-08 -2002906.5
2844000300000.0 -0.30175778 3.5750446e-08 -2002906.5
2850136500000.0 -0.30240884 3.864868e-08 -1996988.9
2856272500000.0 -0.3030599 3.864868e-08 -1996988.9
2862408000000.0 -0.3037109 3.864868e-08 -1996988.9
2868544300000.0 -0.304362 3.864868e-08 -1996988.9
2874680500000.0 -0.30501306 4.166684e-08 -1987620.5
2880816000000.0 -0.30566406 4.166684e-08 -1987620.5
2886952000000.0 -0.30631512 4.166684e-08 -1987620.5
2893088300000.0 -0.3069662 4.166684e-08 -1987620.5
2899223800000.0 -0.3076172 4.5090072e-08 -1977072.4
2905359300000.0 -0.30826816 4.5090072e-08 -1977072.4
2911496000000.0 -0.3089193 4.5090072e-08 -1977072.4
2917631500000.0 -0.3095703 4.5090072e-08 -1977072.4
2923767000000.0 -0.3102213 4.8479993e-08 -1957291.8
2929903800000.0 -0.31087244 4.8479993e-08 -1957291.8
2936039300000.0 -0.3115234 4.8479993e-08 -1957291.8
2942174800000.0 -0.31217444 4.8479993e-08 -1957291.8
2948311800000.0 -0.3128256 5.095735e-08 -1957597.5
2954447300000.0 -0.31347656 5.095735e-08 -1957597.5
2960582800000.0 -0.3141276 5.095735e-08 -1957597.5
2966719600000.0 -0.31477872 5.095735e-08 -1957597.5
2972855000000.0 -0.3154297 5.2674345e-08 -1982925.5
2978990500000.0 -0.3160807 5.2674345e-08 -1982925.5
2985126800000.0 -0.31673178 5.2674345e-08 -1982925.5
2991262800000.0 -0.31738284 5.2674345e-08 -1982925.5
2997398300000.0 -0.3180338 5.3675073e-08 -2030550.4
3003534500000.0 -0.3186849 5.3675073e-08 -2030550.4
3009670500000.0 -0.31933597 5.3675073e-08 -2030550.4
3015806000000.0 -0.31998697 5.3675073e-08 -2030550.4
3021942300000.0 -0.32063803 5.427427e-08 -2094774.5
3028078600000.0 -0.3212891 5.427427e-08 -2094774.5
3034214000000.0 -0.3219401 5.427427e-08 -2094774.5
3040350000000.0 -0.32259116 5.427427e-08 -2094774.5
3046486300000.0 -0.32324222 5.4128424e-08 -2207404.5
3052621800000.0 -0.32389322 5.4128424e-08 -2207404.5
3058758000000.0 -0.32454428 5.4128424e-08 -2207404.5
3064894000000.0 -0.32519534 5.4128424e-08 -2207404.5
3071029500000.0 -0.32584634 5.3647817e-08 -2349926.5
3077165000000.0 -0.32649735 5.3647817e-08 -2349926.5
3083302000000.0 -0.3271485 5.3647817e-08 -2349926.5
3089437300000.0 -0.32779947 5.3647817e-08 -2349926.5
3095572800000.0 -0.32845047 5.365177e-08 -2501017.5
3101709800000.0 -0.32910162 5.365177e-08 -2501017.5
3107845300000.0 -0.3297526 5.365177e-08 -2501017.5
3113980800000.0 -0.3304036 5.365177e-08 -2501017.5
3120117600000.0 -0.33105475 5.457988e-08 -2638226.0
3126253000000.0 -0.33170575 5.457988e-08 -2638226.0
3132388500000.0 -0.33235672 5.457988e-08 -2638226.0
3138524800000.0 -0.3330078 5.457988e-08 -2638226.0
3144660800000.0 -0.33365887 5.6082907e-08 -2770890.0
3150796300000.0 -0.33430985 5.6082907e-08 -2770890.0
3156932600000.0 -0.33496094 5.6082907e-08 -2770890.0
3163068800000.0 -0.335612 5.6082907e-08 -2770890.0
3169204000000.0 -0.336263 5.731916e-08 -2890779.8
3175340300000.0 -0.33691406 5.731916e-08 -2890779.8
3181476600000.0 -0.33756512 5.731916e-08 -2890779.8
3187612000000.0 -0.33821613 5.731916e-08 -2890779.8
3193748000000.0 -0.3388672 5.7469464e-08 -2962726.2
3199884300000.0 -0.33951825 5.7469464e-08 -2962726.2
3206019800000.0 -0.34016925 5.7469464e-08 -2962726.2
3212156000000.0 -0.3408203 5.7469464e-08 -2962726.2
3218292000000.0 -0.3414714 5.575098e-08 -2979570.2
3224427600000.0 -0.34212238 5.575098e-08 -2979570.2
3230563000000.0 -0.34277338 5.575098e-08 -2979570.2
3236700000000.0 -0.34342453 5.575098e-08 -2979570.2
3242835600000.0 -0.3440755 5.2547204e-08 -2964274.5
3248970800000.0 -0.3447265 5.2547204e-08 -2964274.5
3255107800000.0 -0.34537765 5.2547204e-08 -2964274.5
3261243300000.0 -0.34602866 5.2547204e-08 -2964274.5
3267378800000.0 -0.34667963 4.8227758e-08 -2937576.8
3273515600000.0 -0.34733078 4.8227758e-08 -2937576.8
3279651000000.0 -0.34798178 4.8227758e-08 -2937576.8
3285786600000.0 -0.34863275 4.8227758e-08 -2937576.8
3291923300000.0 -0.3492839 4.3646967e-08 -2898312.8
3298058800000.0 -0.3499349 4.3646967e-08 -2898312.8
3304194300000.0 -0.3505859 4.3646967e-08 -2898312.8
3310330600000.0 -0.35123697 4.3646967e-08 -2898312.8
3316466800000.0 -0.35188803 3.9290164e-08 -2864279.8
3322602300000.0 -0.35253903 3.9290164e-08 -2864279.8
3328738300000.0 -0.3531901 3.9290164e-08 -2864279.8
3334874600000.0 -0.35384116 3.9290164e-08 -2864279.8
