morphology_data/1d_wa_a0.1_l4r0.5_00001.ecsv
# %ECSV 1.0
# ---
# datatype:
# - {name: b, datatype: float32}
# - {name: phase, datatype: float32}
# - {name: sigma, datatype: float32}
# - {name: vr, datatype: float32}
# meta: {lambda: 4, rp: 0.5, sep: 0.1, wind: a}
# schema: astropy-2.0
b phase sigma vr
[from data line 301]
-2862408300000.0 0.30371094 5.0154936e-10 -5656327.0
-2856272300000.0 0.30305988 5.0154936e-10 -5656327.0
-2850136500000.0 0.30240884 5.0154936e-10 -5656327.0
-2844000500000.0 0.3017578 5.034055e-10 -5995703.5
-2837864500000.0 0.30110675 5.034055e-10 -5995703.5
-2831728500000.0 0.30045572 5.034055e-10 -5995703.5
-2825592800000.0 0.2998047 5.034055e-10 -5995703.5
-2819456800000.0 0.29915366 4.880445e-10 -6306735.5
-2813320800000.0 0.2985026 4.880445e-10 -6306735.5
-2807185000000.0 0.29785156 4.880445e-10 -6306735.5
-2801049300000.0 0.29720056 4.880445e-10 -6306735.5
-2794913000000.0 0.29654947 4.6189308e-10 -6861609.0
-2788777300000.0 0.29589847 4.6189308e-10 -6861609.0
-2782641300000.0 0.2952474 4.6189308e-10 -6861609.0
-2776505300000.0 0.29459634 4.6189308e-10 -6861609.0
-2770369200000.0 0.29394528 4.345007e-10 -7269641.0
-2764233500000.0 0.29329428 4.345007e-10 -7269641.0
-2758097800000.0 0.29264325 4.345007e-10 -7269641.0
-2751961800000.0 0.2919922 4.345007e-10 -7269641.0
-2745825800000.0 0.29134116 3.5797815e-10 -8698591.0
-2739689800000.0 0.2906901 3.5797815e-10 -8698591.0
-2733553700000.0 0.29003903 3.5797815e-10 -8698591.0
-2727418000000.0 0.28938803 3.5797815e-10 -8698591.0
-2721282000000.0 0.28873697 3.4072434e-10 -9073901.0
-2715146300000.0 0.28808594 3.4072434e-10 -9073901.0
-2709010300000.0 0.2874349 3.4072434e-10 -9073901.0
-2702874200000.0 0.28678384 3.4072434e-10 -9073901.0
-2696738500000.0 0.28613284 2.842569e-10 -10367197.0
-2690602500000.0 0.28548178 2.842569e-10 -10367197.0
-2684466500000.0 0.28483072 2.842569e-10 -10367197.0
-2678330500000.0 0.28417966 2.842569e-10 -10367197.0
-2672194700000.0 0.28352866 2.808474e-10 -10432136.0
-2666058700000.0 0.2828776 2.808474e-10 -10432136.0
-2659922700000.0 0.28222656 2.808474e-10 -10432136.0
-2653787000000.0 0.28157553 2.808474e-10 -10432136.0
-2647651000000.0 0.28092447 2.4550698e-10 -11217847.0
-2641515000000.0 0.28027344 2.4550698e-10 -11217847.0
-2635379200000.0 0.2796224 2.4550698e-10 -11217847.0
-2629243200000.0 0.27897137 2.4550698e-10 -11217847.0
-2623107200000.0 0.2783203 2.3933466e-10 -11167538.0
-2616971200000.0 0.27766928 2.3933466e-10 -11167538.0
-2610835500000.0 0.27701825 2.3933466e-10 -11167538.0
-2604699500000.0 0.2763672 2.3933466e-10 -11167538.0
-2598563500000.0 0.27571613 2.0391275e-10 -11970506.0
-2592427700000.0 0.2750651 2.0391275e-10 -11970506.0
-2586291700000.0 0.27441406 2.0391275e-10 -11970506.0
-2580155700000.0 0.273763 2.0391275e-10 -11970506.0
-2574019700000.0 0.27311197 1.8863835e-10 -12086084.0
-2567884000000.0 0.27246094 1.8863835e-10 -12086084.0
-2561748000000.0 0.2718099 1.8863835e-10 -12086084.0
-2555612000000.0 0.27115884 1.8863835e-10 -12086084.0
-2549476200000.0 0.2705078 1.6389795e-10 -12770572.0
-2543340500000.0 0.2698568 1.6389795e-10 -12770572.0
-2537204500000.0 0.26920575 1.6389795e-10 -12770572.0
-2531068500000.0 0.2685547 1.6389795e-10 -12770572.0
-2524932500000.0 0.26790366 1.5417931e-10 -12993986.0
-2518796500000.0 0.2672526 1.5417931e-10 -12993986.0
-2512660500000.0 0.26660156 1.5417931e-10 -12993986.0
-2506524700000.0 0.26595053 1.5417931e-10 -12993986.0
-2500389000000.0 0.2652995 1.372715e-10 -13619140.0
-2494253000000.0 0.26464844 1.372715e-10 -13619140.0
-2488117000000.0 0.2639974 1.372715e-10 -13619140.0
-2481981000000.0 0.26334634 1.372715e-10 -13619140.0
-2475845000000.0 0.26269528 1.3155783e-10 -13773163.0
-2469709000000.0 0.26204425 1.3155783e-10 -13773163.0
-2463573200000.0 0.26139322 1.3155783e-10 -13773163.0
-2457437500000.0 0.2607422 1.3155783e-10 -13773163.0
-2451301500000.0 0.26009116 1.214767e-10 -13989195.0
-2445165500000.0 0.2594401 1.214767e-10 -13989195.0
-2439029700000.0 0.2587891 1.214767e-10 -13989195.0
-2432893700000.0 0.25813803 1.214767e-10 -13989195.0
-2426757700000.0 0.257487 1.20019e-10 -13876594.0
-2420621700000.0 0.2568359 1.20019e-10 -13876594.0
-2414486000000.0 0.2561849 1.20019e-10 -13876594.0
-2408350000000.0 0.25553384 1.20019e-10 -13876594.0
-2402214000000.0 0.2548828 1.10083616e-10 -13808185.0
-2396078200000.0 0.25423178 1.10083616e-10 -13808185.0
-2389942200000.0 0.25358072 1.10083616e-10 -13808185.0
-2383806200000.0 0.2529297 1.10083616e-10 -13808185.0
-2377670500000.0 0.25227866 1.0910682e-10 -13548388.0
-2371534500000.0 0.25162762 1.0910682e-10 -13548388.0
-2365398500000.0 0.25097656 1.0910682e-10 -13548388.0
-2359262400000.0 0.2503255 1.0910682e-10 -13548388.0
-2353126700000.0 0.24967448 1.00568165e-10 -12872667.0
-2346990700000.0 0.24902344 1.00568165e-10 -12872667.0
-2340854700000.0 0.24837239 1.00568165e-10 -12872667.0
-2334719000000.0 0.24772136 1.00568165e-10 -12872667.0
-2328583000000.0 0.2470703 9.851797e-11 -12496622.0
-2322447000000.0 0.24641925 9.851797e-11 -12496622.0
-2316311000000.0 0.2457682 9.851797e-11 -12496622.0
-2310175200000.0 0.24511719 9.851797e-11 -12496622.0
-2304039200000.0 0.24446614 1.0167109e-10 -11905902.0
-2297903200000.0 0.2438151 1.0167109e-10 -11905902.0
-2291767400000.0 0.24316406 1.0167109e-10 -11905902.0
-2285631700000.0 0.24251305 1.0167109e-10 -11905902.0
-2279495700000.0 0.241862 1.10555225e-10 -11667926.0
-2273359700000.0 0.24121095 1.10555225e-10 -11667926.0
-2267223700000.0 0.2405599 1.10555225e-10 -11667926.0
-2261087700000.0 0.23990884 1.10555225e-10 -11667926.0
-2254951700000.0 0.2392578 1.4779226e-10 -10834054.0
-2248816000000.0 0.23860677 1.4779226e-10 -10834054.0
-2242680200000.0 0.23795573 1.4779226e-10 -10834054.0
-2236544200000.0 0.23730469 1.4779226e-10 -10834054.0
-2230408200000.0 0.23665364 1.8901244e-10 -9524672.0
-2224272200000.0 0.2360026 1.8901244e-10 -9524672.0
-2218136200000.0 0.23535155 1.8901244e-10 -9524672.0
-2212000200000.0 0.23470049 1.8901244e-10 -9524672.0
-2205864400000.0 0.23404948 2.8513844e-10 -6561490.5
-2199728700000.0 0.23339845 2.8513844e-10 -6561490.5
-2193592700000.0 0.23274739 2.8513844e-10 -6561490.5
-2187456700000.0 0.23209634 2.8513844e-10 -6561490.5
-2181320800000.0 0.23144531 3.605117e-10 -4168173.2
-2175184800000.0 0.23079427 3.605117e-10 -4168173.2
-2169048800000.0 0.23014322 3.605117e-10 -4168173.2
-2162913000000.0 0.22949219 3.605117e-10 -4168173.2
-2156777200000.0 0.22884116 4.343602e-10 -2833070.2
-2150641200000.0 0.22819011 4.343602e-10 -2833070.2
-2144505200000.0 0.22753906 4.343602e-10 -2833070.2
-2138369300000.0 0.22688803 4.343602e-10 -2833070.2
-2132233400000.0 0.22623697 4.5394782e-10 -2602676.8
-2126097400000.0 0.22558592 4.5394782e-10 -2602676.8
-2119961500000.0 0.22493489 4.5394782e-10 -2602676.8
-2113825700000.0 0.22428386 4.5394782e-10 -2602676.8
-2107689700000.0 0.22363281 4.6977283e-10 -2778788.5
-2101553700000.0 0.22298177 4.6977283e-10 -2778788.5
-2095417900000.0 0.22233073 4.6977283e-10 -2778788.5
-2089281900000.0 0.22167969 4.6977283e-10 -2778788.5
-2083145900000.0 0.22102864 4.8361193e-10 -2877066.2
-2077010000000.0 0.22037761 4.8361193e-10 -2877066.2
-2070874300000.0 0.21972658 4.8361193e-10 -2877066.2
-2064738300000.0 0.21907552 4.8361193e-10 -2877066.2
-2058602300000.0 0.21842447 5.0489646e-10 -2677169.5
-2052466400000.0 0.21777344 5.0489646e-10 -2677169.5
-2046330400000.0 0.21712239 5.0489646e-10 -2677169.5
-2040194400000.0 0.21647134 5.0489646e-10 -2677169.5
-2034058700000.0 0.21582031 5.337898e-10 -2701357.0
-2027922800000.0 0.21516928 5.337898e-10 -2701357.0
-2021786800000.0 0.21451823 5.337898e-10 -2701357.0
-2015650800000.0 0.21386719 5.337898e-10 -2701357.0
-2009514900000.0 0.21321616 6.0209737e-10 -2250611.0
-2003379000000.0 0.2125651 6.0209737e-10 -2250611.0
-1997243000000.0 0.21191405 6.0209737e-10 -2250611.0
-1991107100000.0 0.21126302 6.0209737e-10 -2250611.0
-1984971300000.0 0.21061198 7.354101e-10 -2255767.8
-1978835300000.0 0.20996094 7.354101e-10 -2255767.8
-1972699300000.0 0.20930989 7.354101e-10 -2255767.8
-1966563500000.0 0.20865886 7.354101e-10 -2255767.8
-1960427500000.0 0.20800781 8.528242e-10 -2052684.4
-1954291500000.0 0.20735677 8.528242e-10 -2052684.4
-1948155600000.0 0.20670573 8.528242e-10 -2052684.4
-1942019900000.0 0.2060547 8.528242e-10 -2052684.4
-1935883900000.0 0.20540364 9.387204e-10 -2263673.8
-1929747900000.0 0.2047526 9.387204e-10 -2263673.8
-1923612000000.0 0.20410156 9.387204e-10 -2263673.8
-1917476300000.0 0.20345053 9.387204e-10 -2263673.8
-1911340000000.0 0.20279947 9.0283253e-10 -2638107.8
-1905204300000.0 0.20214844 9.0283253e-10 -2638107.8
-1899068400000.0 0.2014974 9.0283253e-10 -2638107.8
-1892932400000.0 0.20084636 9.0283253e-10 -2638107.8
-1886796400000.0 0.20019531 8.0261836e-10 -3283838.8
-1880660500000.0 0.19954428 8.0261836e-10 -3283838.8
-1874524800000.0 0.19889325 8.0261836e-10 -3283838.8
-1868388600000.0 0.19824217 8.0261836e-10 -3283838.8
-1862252800000.0 0.19759114 6.766625e-10 -4006115.0
-1856116900000.0 0.19694011 6.766625e-10 -4006115.0
-1849980900000.0 0.19628906 6.766625e-10 -4006115.0
-1843844900000.0 0.19563802 6.766625e-10 -4006115.0
-1837709100000.0 0.19498698 5.924772e-10 -4664593.0
-1831573300000.0 0.19433595 5.924772e-10 -4664593.0
-1825437100000.0 0.19368488 5.924772e-10 -4664593.0
-1819301200000.0 0.19303386 5.924772e-10 -4664593.0
-1813165500000.0 0.19238283 5.346654e-10 -5378791.5
-1807029500000.0 0.19173177 5.346654e-10 -5378791.5
-1800893500000.0 0.19108072 5.346654e-10 -5378791.5
-1794757600000.0 0.19042969 5.346654e-10 -5378791.5
-1788621800000.0 0.18977866 4.9151955e-10 -5896851.0
-1782485600000.0 0.1891276 4.9151955e-10 -5896851.0
-1776349900000.0 0.18847656 4.9151955e-10 -5896851.0
-1770214000000.0 0.18782553 4.9151955e-10 -5896851.0
-1764078000000.0 0.18717448 4.793325e-10 -6193800.0
-1757942000000.0 0.18652342 4.793325e-10 -6193800.0
-1751806100000.0 0.1858724 4.793325e-10 -6193800.0
-1745670400000.0 0.18522137 4.793325e-10 -6193800.0
-1739534100000.0 0.1845703 5.010151e-10 -6283326.0
-1733398400000.0 0.18391927 5.010151e-10 -6283326.0
-1727262500000.0 0.18326823 5.010151e-10 -6283326.0
-1721126500000.0 0.18261719 5.010151e-10 -6283326.0
-1714990700000.0 0.18196616 5.571884e-10 -6024180.0
-1708854700000.0 0.18131511 5.571884e-10 -6024180.0
-1702718900000.0 0.18066408 5.571884e-10 -6024180.0
-1696582700000.0 0.180013 5.571884e-10 -6024180.0
-1690446900000.0 0.17936198 6.130719e-10 -5540406.5
-1684311100000.0 0.17871095 6.130719e-10 -5540406.5
-1678174800000.0 0.17805988 6.130719e-10 -5540406.5
-1672039400000.0 0.17740889 6.130719e-10 -5540406.5
-1665903200000.0 0.17675781 6.73466e-10 -4969582.5
-1659767100000.0 0.17610675 6.73466e-10 -4969582.5
-1653631600000.0 0.17545575 6.73466e-10 -4969582.5
-1647495500000.0 0.17480469 6.73466e-10 -4969582.5
-1641359200000.0 0.17415361 7.181456e-10 -4427943.5
-1635223700000.0 0.17350262 7.181456e-10 -4427943.5
-1629087600000.0 0.17285155 7.181456e-10 -4427943.5
-1622951700000.0 0.17220053 7.181456e-10 -4427943.5
-1616816000000.0 0.1715495 6.9675105e-10 -4130870.0
-1610679700000.0 0.17089842 6.9675105e-10 -4130870.0
-1604544000000.0 0.17024739 6.9675105e-10 -4130870.0
-1598408100000.0 0.16959636 6.9675105e-10 -4130870.0
-1592272000000.0 0.1689453 5.713559e-10 -4741149.5
-1586136500000.0 0.1682943 5.713559e-10 -4741149.5
-1580000300000.0 0.16764323 5.713559e-10 -4741149.5
-1573864100000.0 0.16699216 5.713559e-10 -4741149.5
-1567728700000.0 0.16634117 4.265503e-10 -5497408.5
-1561592500000.0 0.1656901 4.265503e-10 -5497408.5
-1555456300000.0 0.16503903 4.265503e-10 -5497408.5
-1549320800000.0 0.16438805 4.265503e-10 -5497408.5
-1543184700000.0 0.16373697 3.8206827e-10 -5540138.0
-1537048800000.0 0.16308594 3.8206827e-10 -5540138.0
-1530913000000.0 0.1624349 3.8206827e-10 -5540138.0
-1524776800000.0 0.16178384 3.8206827e-10 -5540138.0
-1518641100000.0 0.16113281 3.7190812e-10 -5173168.5
-1512505200000.0 0.16048178 3.7190812e-10 -5173168.5
-1506369100000.0 0.1598307 3.7190812e-10 -5173168.5
-1500233600000.0 0.15917972 3.7190812e-10 -5173168.5
-1494097300000.0 0.15852864 3.7783046e-10 -5010423.0
-1487961200000.0 0.15787758 3.7783046e-10 -5010423.0
-1481825700000.0 0.15722659 3.7783046e-10 -5010423.0
-1475689600000.0 0.15657552 3.7783046e-10 -5010423.0
-1469553400000.0 0.15592445 3.8746334e-10 -5081635.0
-1463418000000.0 0.15527347 3.8746334e-10 -5081635.0
-1457281700000.0 0.15462239 3.8746334e-10 -5081635.0
-1451146000000.0 0.15397136 3.8746334e-10 -5081635.0
-1445010100000.0 0.15332033 4.0092277e-10 -5115114.5
-1438874000000.0 0.15266925 4.0092277e-10 -5115114.5
-1432738100000.0 0.15201822 4.0092277e-10 -5115114.5
-1426602300000.0 0.1513672 4.0092277e-10 -5115114.5
-1420466000000.0 0.15071613 4.1583234e-10 -5003068.0
-1414330600000.0 0.15006512 4.1583234e-10 -5003068.0
-1408194400000.0 0.14941406 4.1583234e-10 -5003068.0
-1402058300000.0 0.148763 4.1583234e-10 -5003068.0
-1395922800000.0 0.148112 4.2043408e-10 -4550808.5
-1389786600000.0 0.14746092 4.2043408e-10 -4550808.5
-1383650400000.0 0.14680986 4.2043408e-10 -4550808.5
-1377515000000.0 0.14615887 4.2043408e-10 -4550808.5
-1371378800000.0 0.1455078 4.4330736e-10 -4150325.5
-1365243000000.0 0.14485677 4.4330736e-10 -4150325.5
-1359107200000.0 0.14420575 4.4330736e-10 -4150325.5
-1352970900000.0 0.14355466 4.4330736e-10 -4150325.5
-1346835200000.0 0.14290364 4.8829085e-10 -3984115.2
-1340699300000.0 0.14225261 4.8829085e-10 -3984115.2
-1334563200000.0 0.14160155 4.8829085e-10 -3984115.2
-1328427700000.0 0.14095055 4.8829085e-10 -3984115.2
-1322291600000.0 0.14029948 5.6208893e-10 -3860748.2
-1316155300000.0 0.13964841 5.6208893e-10 -3860748.2
-1310019800000.0 0.1389974 5.6208893e-10 -3860748.2
-1303883700000.0 0.13834634 5.6208893e-10 -3860748.2
-1297747500000.0 0.13769528 6.7876627e-10 -3498654.5
-1291612000000.0 0.1370443 6.7876627e-10 -3498654.5
-1285475900000.0 0.13639323 6.7876627e-10 -3498654.5
-1279340000000.0 0.13574219 6.7876627e-10 -3498654.5
-1273204200000.0 0.13509116 7.9184426e-10 -2800892.0
-1267068000000.0 0.1344401 7.9184426e-10 -2800892.0
-1260932200000.0 0.13378905 7.9184426e-10 -2800892.0
-1254796400000.0 0.13313803 7.9184426e-10 -2800892.0
-1248660300000.0 0.13248697 8.539005e-10 -1977961.5
-1242524800000.0 0.13183598 8.539005e-10 -1977961.5
-1236388500000.0 0.13118489 8.539005e-10 -1977961.5
-1230252400000.0 0.13053383 8.539005e-10 -1977961.5
-1224116900000.0 0.12988284 8.8051777e-10 -1317301.8
-1217980800000.0 0.12923177 8.8051777e-10 -1317301.8
-1211844500000.0 0.12858069 8.8051777e-10 -1317301.8
-1205709200000.0 0.12792972 8.8051777e-10 -1317301.8
-1199572900000.0 0.12727864 9.323692e-10 -804040.3
-1193437200000.0 0.12662761 9.323692e-10 -804040.3
-1187301300000.0 0.12597658 9.323692e-10 -804040.3
-1181165200000.0 0.1253255 9.323692e-10 -804040.3
-1175029300000.0 0.12467448 1.0245143e-09 -186257.81
-1168893500000.0 0.12402345 1.0245143e-09 -186257.81
-1162757300000.0 0.123372376 1.0245143e-09 -186257.81
-1156621800000.0 0.12272138 1.0245143e-09 -186257.81
-1150485700000.0 0.12207031 1.1366261e-09 422341.5
-1144349500000.0 0.12141925 1.1366261e-09 422341.5
-1138214000000.0 0.12076825 1.1366261e-09 422341.5
-1132077800000.0 0.12011717 1.1366261e-09 422341.5
-1125941600000.0 0.11946611 1.3522192e-09 1126523.0
-1119806200000.0 0.118815124 1.3522192e-09 1126523.0
-1113670000000.0 0.118164055 1.3522192e-09 1126523.0
-1107534200000.0 0.11751302 1.3522192e-09 1126523.0
-1101398400000.0 0.11686199 1.6291736e-09 1811394.5
-1095262200000.0 0.11621092 1.6291736e-09 1811394.5
-1089126400000.0 0.11555989 1.6291736e-09 1811394.5
-1082990500000.0 0.11490886 1.6291736e-09 1811394.5
-1076854400000.0 0.11425779 1.9023898e-09 2455043.2
-1070718900000.0 0.113606796 1.9023898e-09 2455043.2
-1064582700000.0 0.11295573 1.9023898e-09 2455043.2
-1058446600000.0 0.11230466 1.9023898e-09 2455043.2
-1052311100000.0 0.11165367 2.1006927e-09 2935735.8
-1046174900000.0 0.1110026 2.1006927e-09 2935735.8
-1040038700000.0 0.11035153 2.1006927e-09 2935735.8
-1033903300000.0 0.10970054 2.1006927e-09 2935735.8
-1027767100000.0 0.10904947 2.3603093e-09 3250295.0
-1021631270000.0 0.10839844 2.3603093e-09 3250295.0
-1015495460000.0 0.107747406 2.3603093e-09 3250295.0
-1009359260000.0 0.10709634 2.3603093e-09 3250295.0
