morphology_data/1d_wa_a0.1_l4r0.5_00001.ecsv
# %ECSV 1.0
# ---
# datatype:
# - {name: b, datatype: float32}
# - {name: phase, datatype: float32}
# - {name: sigma, datatype: float32}
# - {name: vr, datatype: float32}
# meta: {lambda: 4, rp: 0.5, sep: 0.1, wind: a}
# schema: astropy-2.0
b phase sigma vr
[from data line 1222]
2801049300000.0 -0.29720056 9.1698743e-10 -5508480.0
2807184800000.0 -0.29785153 9.1698743e-10 -5508480.0
2813320800000.0 -0.2985026 9.1698743e-10 -5508480.0
2819457000000.0 -0.29915366 9.1698743e-10 -5508480.0
2825592500000.0 -0.29980466 9.644583e-10 -5369665.5
2831728500000.0 -0.30045572 9.644583e-10 -5369665.5
2837864800000.0 -0.30110678 9.644583e-10 -5369665.5
2844000300000.0 -0.30175778 9.644583e-10 -5369665.5
2850136500000.0 -0.30240884 1.0010213e-09 -5266629.0
2856272500000.0 -0.3030599 1.0010213e-09 -5266629.0
2862408000000.0 -0.3037109 1.0010213e-09 -5266629.0
2868544300000.0 -0.304362 1.0010213e-09 -5266629.0
2874680500000.0 -0.30501306 1.0387406e-09 -5224168.0
2880816000000.0 -0.30566406 1.0387406e-09 -5224168.0
2886952000000.0 -0.30631512 1.0387406e-09 -5224168.0
2893088300000.0 -0.3069662 1.0387406e-09 -5224168.0
2899223800000.0 -0.3076172 1.0980808e-09 -5247676.5
2905359300000.0 -0.30826816 1.0980808e-09 -5247676.5
2911496000000.0 -0.3089193 1.0980808e-09 -5247676.5
2917631500000.0 -0.3095703 1.0980808e-09 -5247676.5
2923767000000.0 -0.3102213 1.1539586e-09 -5202204.5
2929903800000.0 -0.31087244 1.1539586e-09 -5202204.5
2936039300000.0 -0.3115234 1.1539586e-09 -5202204.5
2942174800000.0 -0.31217444 1.1539586e-09 -5202204.5
2948311800000.0 -0.3128256 1.1842051e-09 -5173336.5
2954447300000.0 -0.31347656 1.1842051e-09 -5173336.5
2960582800000.0 -0.3141276 1.1842051e-09 -5173336.5
2966719600000.0 -0.31477872 1.1842051e-09 -5173336.5
2972855000000.0 -0.3154297 1.1736433e-09 -5246291.5
2978990500000.0 -0.3160807 1.1736433e-09 -5246291.5
2985126800000.0 -0.31673178 1.1736433e-09 -5246291.5
2991262800000.0 -0.31738284 1.1736433e-09 -5246291.5
2997398300000.0 -0.3180338 1.150738e-09 -5387482.0
3003534500000.0 -0.3186849 1.150738e-09 -5387482.0
3009670500000.0 -0.31933597 1.150738e-09 -5387482.0
3015806000000.0 -0.31998697 1.150738e-09 -5387482.0
3021942300000.0 -0.32063803 1.110419e-09 -5567344.0
3028078600000.0 -0.3212891 1.110419e-09 -5567344.0
3034214000000.0 -0.3219401 1.110419e-09 -5567344.0
3040350000000.0 -0.32259116 1.110419e-09 -5567344.0
3046486300000.0 -0.32324222 1.0397004e-09 -5766424.5
3052621800000.0 -0.32389322 1.0397004e-09 -5766424.5
3058758000000.0 -0.32454428 1.0397004e-09 -5766424.5
3064894000000.0 -0.32519534 1.0397004e-09 -5766424.5
3071029500000.0 -0.32584634 9.294083e-10 -6011085.5
3077165000000.0 -0.32649735 9.294083e-10 -6011085.5
3083302000000.0 -0.3271485 9.294083e-10 -6011085.5
3089437300000.0 -0.32779947 9.294083e-10 -6011085.5
3095572800000.0 -0.32845047 7.89291e-10 -6307663.5
3101709800000.0 -0.32910162 7.89291e-10 -6307663.5
3107845300000.0 -0.3297526 7.89291e-10 -6307663.5
3113980800000.0 -0.3304036 7.89291e-10 -6307663.5
3120117600000.0 -0.33105475 6.57478e-10 -6699435.0
3126253000000.0 -0.33170575 6.57478e-10 -6699435.0
3132388500000.0 -0.33235672 6.57478e-10 -6699435.0
3138524800000.0 -0.3330078 6.57478e-10 -6699435.0
3144660800000.0 -0.33365887 5.7226757e-10 -7364622.5
3150796300000.0 -0.33430985 5.7226757e-10 -7364622.5
3156932600000.0 -0.33496094 5.7226757e-10 -7364622.5
3163068800000.0 -0.335612 5.7226757e-10 -7364622.5
3169204000000.0 -0.336263 5.2616483e-10 -8007700.5
3175340300000.0 -0.33691406 5.2616483e-10 -8007700.5
3181476600000.0 -0.33756512 5.2616483e-10 -8007700.5
3187612000000.0 -0.33821613 5.2616483e-10 -8007700.5
3193748000000.0 -0.3388672 5.046755e-10 -8431479.0
3199884300000.0 -0.33951825 5.046755e-10 -8431479.0
3206019800000.0 -0.34016925 5.046755e-10 -8431479.0
3212156000000.0 -0.3408203 5.046755e-10 -8431479.0
3218292000000.0 -0.3414714 4.985292e-10 -8493803.0
3224427600000.0 -0.34212238 4.985292e-10 -8493803.0
3230563000000.0 -0.34277338 4.985292e-10 -8493803.0
3236700000000.0 -0.34342453 4.985292e-10 -8493803.0
3242835600000.0 -0.3440755 4.9492366e-10 -8519090.0
3248970800000.0 -0.3447265 4.9492366e-10 -8519090.0
3255107800000.0 -0.34537765 4.9492366e-10 -8519090.0
3261243300000.0 -0.34602866 4.9492366e-10 -8519090.0
3267378800000.0 -0.34667963 4.950984e-10 -8800645.0
3273515600000.0 -0.34733078 4.950984e-10 -8800645.0
3279651000000.0 -0.34798178 4.950984e-10 -8800645.0
3285786600000.0 -0.34863275 4.950984e-10 -8800645.0
3291923300000.0 -0.3492839 4.9412785e-10 -9230394.0
3298058800000.0 -0.3499349 4.9412785e-10 -9230394.0
3304194300000.0 -0.3505859 4.9412785e-10 -9230394.0
3310330600000.0 -0.35123697 4.9412785e-10 -9230394.0
3316466800000.0 -0.35188803 4.849917e-10 -9835856.0
3322602300000.0 -0.35253903 4.849917e-10 -9835856.0
3328738300000.0 -0.3531901 4.849917e-10 -9835856.0
3334874600000.0 -0.35384116 4.849917e-10 -9835856.0
3341010000000.0 -0.35449216 4.3616621e-10 -10904571.0
3347146300000.0 -0.35514322 4.3616621e-10 -10904571.0
3353282300000.0 -0.3557943 4.3616621e-10 -10904571.0
3359417800000.0 -0.35644528 4.3616621e-10 -10904571.0
3365554000000.0 -0.35709634 3.3651598e-10 -12589513.0
3371690000000.0 -0.35774744 3.3651598e-10 -12589513.0
3377825600000.0 -0.3583984 3.3651598e-10 -12589513.0
3383961800000.0 -0.3590495 3.3651598e-10 -12589513.0
3390098000000.0 -0.35970056 2.2766206e-10 -14850533.0
3396233600000.0 -0.36035156 2.2766206e-10 -14850533.0
3402369000000.0 -0.36100253 2.2766206e-10 -14850533.0
3408505900000.0 -0.3616537 2.2766206e-10 -14850533.0
3414641300000.0 -0.3623047 1.57731e-10 -16562691.0
3420776800000.0 -0.36295566 1.57731e-10 -16562691.0
3426913600000.0 -0.3636068 1.57731e-10 -16562691.0
3433049000000.0 -0.3642578 1.57731e-10 -16562691.0
3439184600000.0 -0.3649088 1.3600629e-10 -17020290.0
3445321600000.0 -0.36555994 1.3600629e-10 -17020290.0
3451456800000.0 -0.36621094 1.3600629e-10 -17020290.0
3457592300000.0 -0.36686194 1.3600629e-10 -17020290.0
3463729400000.0 -0.3675131 1.389136e-10 -16858144.0
3469864900000.0 -0.36816406 1.389136e-10 -16858144.0
3476000300000.0 -0.36881506 1.389136e-10 -16858144.0
3482136300000.0 -0.36946613 1.389136e-10 -16858144.0
3488272600000.0 -0.3701172 1.5388599e-10 -16417672.0
3494408000000.0 -0.3707682 1.5388599e-10 -16417672.0
3500544400000.0 -0.37141925 1.5388599e-10 -16417672.0
3506680400000.0 -0.37207034 1.5388599e-10 -16417672.0
3512815800000.0 -0.3727213 1.6787602e-10 -15906166.0
3518952000000.0 -0.3733724 1.6787602e-10 -15906166.0
3525088400000.0 -0.37402347 1.6787602e-10 -15906166.0
3531223600000.0 -0.37467447 1.6787602e-10 -15906166.0
3537359900000.0 -0.37532553 1.7935935e-10 -15221298.0
3543496000000.0 -0.3759766 1.7935935e-10 -15221298.0
3549631600000.0 -0.3766276 1.7935935e-10 -15221298.0
3555767600000.0 -0.37727866 1.7935935e-10 -15221298.0
3561904000000.0 -0.37792972 1.7912516e-10 -14393708.0
3568039400000.0 -0.37858072 1.7912516e-10 -14393708.0
3574174800000.0 -0.37923172 1.7912516e-10 -14393708.0
3580311600000.0 -0.37988284 1.7912516e-10 -14393708.0
3586447000000.0 -0.38053384 1.7169573e-10 -13430117.0
3592582600000.0 -0.38118485 1.7169573e-10 -13430117.0
3598719600000.0 -0.381836 1.7169573e-10 -13430117.0
3604855000000.0 -0.38248697 1.7169573e-10 -13430117.0
3610990300000.0 -0.38313797 1.6793628e-10 -12431556.0
3617127400000.0 -0.38378912 1.6793628e-10 -12431556.0
3623263000000.0 -0.3844401 1.6793628e-10 -12431556.0
3629398400000.0 -0.3850911 1.6793628e-10 -12431556.0
3635535200000.0 -0.38574225 1.7279941e-10 -11369325.0
3641670600000.0 -0.38639325 1.7279941e-10 -11369325.0
3647806000000.0 -0.38704422 1.7279941e-10 -11369325.0
3653942400000.0 -0.3876953 1.7279941e-10 -11369325.0
3660078400000.0 -0.38834637 1.7301827e-10 -10847074.0
3666213900000.0 -0.38899738 1.7301827e-10 -10847074.0
3672350000000.0 -0.38964844 1.7301827e-10 -10847074.0
3678486400000.0 -0.3902995 1.7301827e-10 -10847074.0
3684622000000.0 -0.3909505 1.6194898e-10 -10564192.0
3690758000000.0 -0.39160156 1.6194898e-10 -10564192.0
3696894100000.0 -0.39225262 1.6194898e-10 -10564192.0
3703029600000.0 -0.39290363 1.6194898e-10 -10564192.0
3709165600000.0 -0.3935547 1.4371562e-10 -10657921.0
3715302000000.0 -0.39420575 1.4371562e-10 -10657921.0
3721437400000.0 -0.39485675 1.4371562e-10 -10657921.0
3727573600000.0 -0.3955078 1.4371562e-10 -10657921.0
3733709700000.0 -0.3961589 1.3529065e-10 -10474102.0
3739845100000.0 -0.39680988 1.3529065e-10 -10474102.0
3745980600000.0 -0.39746088 1.3529065e-10 -10474102.0
3752117700000.0 -0.39811203 1.3529065e-10 -10474102.0
3758253100000.0 -0.398763 1.3421228e-10 -10454285.0
3764388600000.0 -0.399414 1.3421228e-10 -10454285.0
3770525400000.0 -0.40006515 1.3421228e-10 -10454285.0
3776661000000.0 -0.40071616 1.3421228e-10 -10454285.0
3782796400000.0 -0.40136713 1.330609e-10 -10388934.0
3788933200000.0 -0.40201828 1.330609e-10 -10388934.0
3795068600000.0 -0.40266928 1.330609e-10 -10388934.0
3801204000000.0 -0.40332028 1.330609e-10 -10388934.0
3807341000000.0 -0.4039714 1.3450477e-10 -10460551.0
3813476400000.0 -0.4046224 1.3450477e-10 -10460551.0
3819612000000.0 -0.4052734 1.3450477e-10 -10460551.0
3825748100000.0 -0.40592447 1.3450477e-10 -10460551.0
3831884400000.0 -0.40657553 1.3423809e-10 -10464741.0
3838020000000.0 -0.40722653 1.3423809e-10 -10464741.0
3844156000000.0 -0.4078776 1.3423809e-10 -10464741.0
3850292200000.0 -0.40852866 1.3423809e-10 -10464741.0
3856427600000.0 -0.40917966 1.361985e-10 -10620429.0
3862564000000.0 -0.40983072 1.361985e-10 -10620429.0
3868700000000.0 -0.4104818 1.361985e-10 -10620429.0
3874835400000.0 -0.41113278 1.361985e-10 -10620429.0
3880971700000.0 -0.41178387 1.3930584e-10 -10779222.0
3887107700000.0 -0.41243494 1.3930584e-10 -10779222.0
3893243200000.0 -0.4130859 1.3930584e-10 -10779222.0
3899379400000.0 -0.413737 1.3930584e-10 -10779222.0
3905515700000.0 -0.41438806 1.4402027e-10 -11028389.0
3911651200000.0 -0.41503906 1.4402027e-10 -11028389.0
3917786600000.0 -0.41569003 1.4402027e-10 -11028389.0
3923923400000.0 -0.4163412 1.4402027e-10 -11028389.0
3930059000000.0 -0.4169922 1.4813915e-10 -11231535.0
3936194400000.0 -0.4176432 1.4813915e-10 -11231535.0
3942331200000.0 -0.4182943 1.4813915e-10 -11231535.0
3948466700000.0 -0.4189453 1.4813915e-10 -11231535.0
3954602100000.0 -0.4195963 1.5221145e-10 -11452161.0
3960739200000.0 -0.42024744 1.5221145e-10 -11452161.0
3966874700000.0 -0.42089844 1.5221145e-10 -11452161.0
3973010000000.0 -0.42154944 1.5221145e-10 -11452161.0
3979147000000.0 -0.4222006 1.5574628e-10 -11676551.0
3985282400000.0 -0.42285156 1.5574628e-10 -11676551.0
3991418000000.0 -0.42350256 1.5574628e-10 -11676551.0
3997554000000.0 -0.42415363 1.5574628e-10 -11676551.0
4003690200000.0 -0.42480472 1.5915746e-10 -11913467.0
4009825700000.0 -0.4254557 1.5915746e-10 -11913467.0
4015962000000.0 -0.42610675 1.5915746e-10 -11913467.0
4022098000000.0 -0.42675784 1.5915746e-10 -11913467.0
4028233400000.0 -0.4274088 1.6236537e-10 -12115373.0
4034369700000.0 -0.4280599 1.6236537e-10 -12115373.0
4040506000000.0 -0.42871097 1.6236537e-10 -12115373.0
4046641400000.0 -0.42936197 1.6236537e-10 -12115373.0
4052777400000.0 -0.43001303 1.6471687e-10 -12268972.0
4058913700000.0 -0.4306641 1.6471687e-10 -12268972.0
4065049200000.0 -0.4313151 1.6471687e-10 -12268972.0
4071185200000.0 -0.43196616 1.6471687e-10 -12268972.0
4077321500000.0 -0.43261722 1.6516105e-10 -12383365.0
4083457000000.0 -0.43326822 1.6516105e-10 -12383365.0
4089592400000.0 -0.43391922 1.6516105e-10 -12383365.0
4095729200000.0 -0.43457034 1.6516105e-10 -12383365.0
4101864700000.0 -0.43522134 1.6339032e-10 -12467483.0
4108000200000.0 -0.43587235 1.6339032e-10 -12467483.0
4114137200000.0 -0.4365235 1.6339032e-10 -12467483.0
4120272700000.0 -0.43717447 1.6339032e-10 -12467483.0
4126408200000.0 -0.43782547 1.5741501e-10 -12511268.0
4132545000000.0 -0.43847662 1.5741501e-10 -12511268.0
4138680500000.0 -0.43912762 1.5741501e-10 -12511268.0
4144816000000.0 -0.4397786 1.5741501e-10 -12511268.0
4150952700000.0 -0.44042975 1.4897136e-10 -12559389.0
4157088200000.0 -0.44108075 1.4897136e-10 -12559389.0
4163223700000.0 -0.44173172 1.4897136e-10 -12559389.0
4169360000000.0 -0.4423828 1.4897136e-10 -12559389.0
4175496000000.0 -0.44303387 1.3945738e-10 -12613241.0
4181631400000.0 -0.44368488 1.3945738e-10 -12613241.0
4187767700000.0 -0.44433594 1.3945738e-10 -12613241.0
4193904000000.0 -0.444987 1.3945738e-10 -12613241.0
4200039400000.0 -0.445638 1.3346914e-10 -12699464.0
4206175500000.0 -0.44628906 1.3346914e-10 -12699464.0
4212311700000.0 -0.44694012 1.3346914e-10 -12699464.0
4218447200000.0 -0.44759113 1.3346914e-10 -12699464.0
4224583500000.0 -0.4482422 1.292048e-10 -12816215.0
4230719500000.0 -0.44889325 1.292048e-10 -12816215.0
4236855000000.0 -0.44954425 1.292048e-10 -12816215.0
4242991200000.0 -0.4501953 1.292048e-10 -12816215.0
4249127200000.0 -0.4508464 1.2670738e-10 -12949582.0
4255262700000.0 -0.45149738 1.2670738e-10 -12949582.0
4261398200000.0 -0.45214838 1.2670738e-10 -12949582.0
4267535200000.0 -0.45279953 1.2670738e-10 -12949582.0
4273670700000.0 -0.45345053 1.2503527e-10 -13121741.0
4279806200000.0 -0.4541015 1.2503527e-10 -13121741.0
4285943000000.0 -0.45475265 1.2503527e-10 -13121741.0
4292078500000.0 -0.45540366 1.2503527e-10 -13121741.0
4298214000000.0 -0.45605463 1.2408925e-10 -13295528.0
4304350700000.0 -0.45670578 1.2408925e-10 -13295528.0
4310486200000.0 -0.45735678 1.2408925e-10 -13295528.0
4316621700000.0 -0.45800778 1.2408925e-10 -13295528.0
4322758800000.0 -0.4586589 1.2382288e-10 -13504025.0
4328894000000.0 -0.4593099 1.2382288e-10 -13504025.0
4335029500000.0 -0.4599609 1.2382288e-10 -13504025.0
4341165700000.0 -0.46061197 1.2382288e-10 -13504025.0
4347302000000.0 -0.46126303 1.2452894e-10 -13649753.0
4353437500000.0 -0.46191403 1.2452894e-10 -13649753.0
4359573500000.0 -0.4625651 1.2452894e-10 -13649753.0
4365709700000.0 -0.46321616 1.2452894e-10 -13649753.0
4371845200000.0 -0.46386716 1.2683493e-10 -13718263.0
4377981500000.0 -0.46451822 1.2683493e-10 -13718263.0
4384117500000.0 -0.4651693 1.2683493e-10 -13718263.0
4390253000000.0 -0.46582028 1.2683493e-10 -13718263.0
4396389200000.0 -0.46647137 1.2928882e-10 -13760434.0
4402525500000.0 -0.46712244 1.2928882e-10 -13760434.0
4408660700000.0 -0.46777344 1.2928882e-10 -13760434.0
4414797000000.0 -0.4684245 1.2928882e-10 -13760434.0
4420933000000.0 -0.46907556 1.3029366e-10 -13708728.0
4427068500000.0 -0.4697265 1.3029366e-10 -13708728.0
4433204000000.0 -0.47037753 1.3029366e-10 -13708728.0
4439341000000.0 -0.4710287 1.3029366e-10 -13708728.0
4445477000000.0 -0.47167972 1.2987904e-10 -13664132.0
4451612000000.0 -0.4723307 1.2987904e-10 -13664132.0
4457749000000.0 -0.4729818 1.2987904e-10 -13664132.0
4463884500000.0 -0.47363284 1.2987904e-10 -13664132.0
4470019700000.0 -0.4742838 1.271784e-10 -13533821.0
4476156500000.0 -0.47493497 1.271784e-10 -13533821.0
4482292000000.0 -0.47558594 1.271784e-10 -13533821.0
4488427500000.0 -0.47623694 1.271784e-10 -13533821.0
4494564000000.0 -0.47688803 1.2496079e-10 -13513216.0
4500700000000.0 -0.47753906 1.2496079e-10 -13513216.0
4506835000000.0 -0.47819003 1.2496079e-10 -13513216.0
4512971500000.0 -0.47884113 1.2496079e-10 -13513216.0
4519108000000.0 -0.47949222 1.2229925e-10 -13538542.0
4525243500000.0 -0.48014325 1.2229925e-10 -13538542.0
4531379000000.0 -0.48079422 1.2229925e-10 -13538542.0
4537515500000.0 -0.48144534 1.2229925e-10 -13538542.0
4543651000000.0 -0.48209637 1.1985346e-10 -13700086.0
4549787000000.0 -0.48274735 1.1985346e-10 -13700086.0
4555923000000.0 -0.48339847 1.1985346e-10 -13700086.0
4562059000000.0 -0.48404947 1.1985346e-10 -13700086.0
4568195300000.0 -0.48470056 1.1624361e-10 -13897855.0
4574331000000.0 -0.48535156 1.1624361e-10 -13897855.0
4580467000000.0 -0.4860026 1.1624361e-10 -13897855.0
4586603000000.0 -0.48665366 1.1624361e-10 -13897855.0
4592739300000.0 -0.48730478 1.1177509e-10 -14120720.0
4598874500000.0 -0.48795572 1.1177509e-10 -14120720.0
4605010000000.0 -0.48860675 1.1177509e-10 -14120720.0
4611147000000.0 -0.48925787 1.1177509e-10 -14120720.0
4617282000000.0 -0.48990884 1.0888353e-10 -14273243.0
4623418000000.0 -0.49055988 1.0888353e-10 -14273243.0
4629555000000.0 -0.491211 1.0888353e-10 -14273243.0
4635690000000.0 -0.49186197 1.0888353e-10 -14273243.0
4641826000000.0 -0.49251297 1.08816865e-10 -14459991.0
