morphology_data/1d_wb_a0.05_l8r0.5_00001.ecsv
# %ECSV 1.0
# ---
# datatype:
# - {name: b, datatype: float32}
# - {name: phase, datatype: float32}
# - {name: sigma, datatype: float32}
# - {name: vr, datatype: float32}
# meta: {lambda: 8, rp: 0.5, sep: 0.05, wind: b}
# schema: astropy-2.0
b phase sigma vr
[from data line 990]
688757150000.0 -0.1461588 4.2680632e-09 -2495226.8
691825600000.0 -0.14680995 4.2680632e-09 -2495226.8
694893300000.0 -0.14746092 4.2680632e-09 -2495226.8
697961000000.0 -0.14811192 4.2680632e-09 -2495226.8
701029500000.0 -0.14876308 4.3303188e-09 -2426428.5
704097200000.0 -0.14941406 4.3303188e-09 -2426428.5
707164960000.0 -0.15006506 4.3303188e-09 -2426428.5
710233400000.0 -0.1507162 4.3303188e-09 -2426428.5
713301160000.0 -0.1513672 4.2651944e-09 -2360841.8
716368840000.0 -0.15201817 4.2651944e-09 -2360841.8
719437300000.0 -0.15266933 4.2651944e-09 -2360841.8
722505040000.0 -0.15332033 4.2651944e-09 -2360841.8
725572800000.0 -0.15397131 4.1605954e-09 -2308553.8
728640850000.0 -0.15462239 4.1605954e-09 -2308553.8
731709000000.0 -0.15527347 4.1605954e-09 -2308553.8
734776700000.0 -0.15592445 4.1605954e-09 -2308553.8
737844800000.0 -0.15657552 4.129105e-09 -2264411.5
740912860000.0 -0.15722659 4.129105e-09 -2264411.5
743980600000.0 -0.15787758 4.129105e-09 -2264411.5
747048670000.0 -0.15852864 4.129105e-09 -2264411.5
750116800000.0 -0.15917972 4.276476e-09 -2207309.5
753184540000.0 -0.1598307 4.276476e-09 -2207309.5
756252600000.0 -0.16048178 4.276476e-09 -2207309.5
759320700000.0 -0.16113284 4.276476e-09 -2207309.5
762388400000.0 -0.16178384 4.5474544e-09 -2152797.5
765456500000.0 -0.1624349 4.5474544e-09 -2152797.5
768524600000.0 -0.16308598 4.5474544e-09 -2152797.5
771592360000.0 -0.16373697 4.5474544e-09 -2152797.5
774660100000.0 -0.16438797 4.802396e-09 -2117745.0
777728500000.0 -0.1650391 4.802396e-09 -2117745.0
780796200000.0 -0.1656901 4.802396e-09 -2117745.0
783864000000.0 -0.1663411 4.802396e-09 -2117745.0
786932430000.0 -0.16699223 4.9678253e-09 -2105614.5
790000200000.0 -0.16764323 4.9678253e-09 -2105614.5
793067900000.0 -0.16829422 4.9678253e-09 -2105614.5
796136300000.0 -0.16894537 4.9678253e-09 -2105614.5
799204050000.0 -0.16959636 5.0249205e-09 -2140626.0
802271800000.0 -0.17024736 5.0249205e-09 -2140626.0
805339860000.0 -0.17089842 5.0249205e-09 -2140626.0
808408000000.0 -0.1715495 5.0249205e-09 -2140626.0
811475700000.0 -0.17220049 4.8592725e-09 -2109951.2
814543800000.0 -0.17285155 4.8592725e-09 -2109951.2
817611870000.0 -0.17350262 4.8592725e-09 -2109951.2
820679600000.0 -0.17415361 4.8592725e-09 -2109951.2
823747740000.0 -0.17480469 4.629658e-09 -1973276.1
826815800000.0 -0.17545575 4.629658e-09 -1973276.1
829883550000.0 -0.17610675 4.629658e-09 -1973276.1
832951600000.0 -0.17675781 4.629658e-09 -1973276.1
836019700000.0 -0.17740889 4.4636868e-09 -1958406.8
839087400000.0 -0.17805988 4.4636868e-09 -1958406.8
842155560000.0 -0.17871095 4.4636868e-09 -1958406.8
845223600000.0 -0.17936201 4.4636868e-09 -1958406.8
848291360000.0 -0.180013 4.408079e-09 -2005726.2
851359100000.0 -0.180664 4.408079e-09 -2005726.2
854427500000.0 -0.18131514 4.408079e-09 -2005726.2
857495240000.0 -0.18196614 4.408079e-09 -2005726.2
860563000000.0 -0.18261713 4.385904e-09 -2092849.2
863631440000.0 -0.18326828 4.385904e-09 -2092849.2
866699200000.0 -0.18391927 4.385904e-09 -2092849.2
869766900000.0 -0.18457027 4.385904e-09 -2092849.2
872835400000.0 -0.1852214 4.2847237e-09 -2209306.0
875903060000.0 -0.1858724 4.2847237e-09 -2209306.0
878970800000.0 -0.1865234 4.2847237e-09 -2209306.0
882039260000.0 -0.18717454 4.2847237e-09 -2209306.0
885107000000.0 -0.18782553 4.1506723e-09 -2286263.0
888174740000.0 -0.18847652 4.1506723e-09 -2286263.0
891242800000.0 -0.1891276 4.1506723e-09 -2286263.0
894310900000.0 -0.18977866 4.1506723e-09 -2286263.0
897378600000.0 -0.19042966 3.9412584e-09 -2312330.2
900446750000.0 -0.19108072 3.9412584e-09 -2312330.2
903514800000.0 -0.1917318 3.9412584e-09 -2312330.2
906582560000.0 -0.19238278 3.9412584e-09 -2312330.2
909650600000.0 -0.19303386 3.5754228e-09 -2445845.2
912718760000.0 -0.19368492 3.5754228e-09 -2445845.2
915786400000.0 -0.19433591 3.5754228e-09 -2445845.2
918854570000.0 -0.19498698 3.5754228e-09 -2445845.2
921922630000.0 -0.19563805 3.1161382e-09 -2689522.0
924990400000.0 -0.19628905 3.1161382e-09 -2689522.0
928058440000.0 -0.19694011 3.1161382e-09 -2689522.0
931126600000.0 -0.19759119 3.1161382e-09 -2689522.0
934194300000.0 -0.19824217 2.5427485e-09 -3008921.8
937262000000.0 -0.19889317 2.5427485e-09 -3008921.8
940330450000.0 -0.19954431 2.5427485e-09 -3008921.8
943398200000.0 -0.20019531 2.5427485e-09 -3008921.8
946465900000.0 -0.2008463 1.9126243e-09 -3419104.0
949534400000.0 -0.20149745 1.9126243e-09 -3419104.0
952602100000.0 -0.20214844 1.9126243e-09 -3419104.0
955669800000.0 -0.20279942 1.9126243e-09 -3419104.0
958738300000.0 -0.20345058 1.3903693e-09 -3606123.2
961806000000.0 -0.20410156 1.3903693e-09 -3606123.2
964873750000.0 -0.20475256 1.3903693e-09 -3606123.2
967942200000.0 -0.2054037 1.3903693e-09 -3606123.2
971009950000.0 -0.2060547 1.1840904e-09 -3196554.0
974077700000.0 -0.20670569 1.1840904e-09 -3196554.0
977145760000.0 -0.20735677 1.1840904e-09 -3196554.0
980213800000.0 -0.20800783 1.1840904e-09 -3196554.0
983281570000.0 -0.20865881 1.2323724e-09 -2525574.5
986349630000.0 -0.20930989 1.2323724e-09 -2525574.5
989417770000.0 -0.20996095 1.2323724e-09 -2525574.5
992485500000.0 -0.21061195 1.2323724e-09 -2525574.5
995553600000.0 -0.21126302 1.3234239e-09 -1875510.0
998621640000.0 -0.21191409 1.3234239e-09 -1875510.0
1001689400000.0 -0.21256508 1.3234239e-09 -1875510.0
1004757450000.0 -0.21321616 1.3234239e-09 -1875510.0
1007825600000.0 -0.21386722 1.4443798e-09 -1261280.0
1010893300000.0 -0.2145182 1.4443798e-09 -1261280.0
1013961400000.0 -0.21516928 1.4443798e-09 -1261280.0
1017029460000.0 -0.21582034 1.4443798e-09 -1261280.0
1020097200000.0 -0.21647134 1.5707778e-09 -848973.2
1023164940000.0 -0.21712233 1.5707778e-09 -848973.2
1026233400000.0 -0.21777348 1.5707778e-09 -848973.2
1029301140000.0 -0.21842447 1.5707778e-09 -848973.2
1032368900000.0 -0.21907547 1.7009814e-09 -536239.06
1035437300000.0 -0.2197266 1.7009814e-09 -536239.06
1038505000000.0 -0.22037761 1.7009814e-09 -536239.06
1041572760000.0 -0.2210286 1.7009814e-09 -536239.06
1044641200000.0 -0.22167975 1.8444396e-09 -363086.5
1047708960000.0 -0.22233073 1.8444396e-09 -363086.5
1050776700000.0 -0.22298172 1.8444396e-09 -363086.5
1053845100000.0 -0.22363287 1.8444396e-09 -363086.5
1056912830000.0 -0.22428386 1.9856754e-09 -362212.25
1059980600000.0 -0.22493486 1.9856754e-09 -362212.25
1063048700000.0 -0.22558592 1.9856754e-09 -362212.25
1066116800000.0 -0.226237 1.9856754e-09 -362212.25
1069184500000.0 -0.22688799 2.11007e-09 -394460.97
1072252600000.0 -0.22753906 2.11007e-09 -394460.97
1075320650000.0 -0.22819012 2.11007e-09 -394460.97
1078388400000.0 -0.22884111 2.11007e-09 -394460.97
1081456500000.0 -0.22949219 2.2015325e-09 -476364.25
1084524600000.0 -0.23014325 2.2015325e-09 -476364.25
1087592330000.0 -0.23079425 2.2015325e-09 -476364.25
1090660400000.0 -0.23144531 2.2015325e-09 -476364.25
1093728530000.0 -0.23209639 2.3609288e-09 -473592.94
1096796200000.0 -0.23274738 2.3609288e-09 -473592.94
1099864300000.0 -0.23339845 2.3609288e-09 -473592.94
1102932500000.0 -0.23404953 2.3609288e-09 -473592.94
1106000100000.0 -0.23470049 2.6031202e-09 -489257.94
1109067800000.0 -0.23535149 2.6031202e-09 -489257.94
1112136400000.0 -0.23600265 2.6031202e-09 -489257.94
1115204100000.0 -0.23665364 2.6031202e-09 -489257.94
1118271800000.0 -0.23730463 2.6212015e-09 -714790.7
1121340200000.0 -0.23795578 2.6212015e-09 -714790.7
1124408000000.0 -0.23860677 2.6212015e-09 -714790.7
1127475700000.0 -0.23925777 2.6212015e-09 -714790.7
1130544100000.0 -0.2399089 1.9919992e-09 -1469611.8
1133611800000.0 -0.2405599 1.9919992e-09 -1469611.8
1136679600000.0 -0.2412109 1.9919992e-09 -1469611.8
1139748100000.0 -0.24186206 1.9919992e-09 -1469611.8
1142815900000.0 -0.24251305 9.362704e-10 -3727967.0
1145883500000.0 -0.243164 9.362704e-10 -3727967.0
1148951600000.0 -0.2438151 9.362704e-10 -3727967.0
1152019700000.0 -0.24446616 9.362704e-10 -3727967.0
1155087500000.0 -0.24511716 2.7092104e-10 -8950690.0
1158155500000.0 -0.2457682 2.7092104e-10 -8950690.0
1161223600000.0 -0.2464193 2.7092104e-10 -8950690.0
1164291300000.0 -0.24707028 2.7092104e-10 -8950690.0
1167359500000.0 -0.24772136 1.9486629e-10 -10649329.0
1170427500000.0 -0.24837242 1.9486629e-10 -10649329.0
1173495200000.0 -0.24902342 1.9486629e-10 -10649329.0
1176563400000.0 -0.24967448 1.9486629e-10 -10649329.0
1179631500000.0 -0.25032556 1.9635805e-10 -10395012.0
1182699200000.0 -0.25097656 1.9635805e-10 -10395012.0
1185767200000.0 -0.25162762 1.9635805e-10 -10395012.0
1188835400000.0 -0.2522787 1.9635805e-10 -10395012.0
1191903100000.0 -0.2529297 1.7559917e-10 -10486706.0
1194970800000.0 -0.25358066 1.7559917e-10 -10486706.0
1198039200000.0 -0.2542318 1.7559917e-10 -10486706.0
1201107000000.0 -0.2548828 1.7559917e-10 -10486706.0
1204174700000.0 -0.2555338 1.6290555e-10 -10063599.0
1207243100000.0 -0.25618494 1.6290555e-10 -10063599.0
1210310900000.0 -0.2568359 1.6290555e-10 -10063599.0
1213378600000.0 -0.25748694 1.6290555e-10 -10063599.0
1216447100000.0 -0.25813806 1.6745837e-10 -9378172.0
1219514900000.0 -0.2587891 1.6745837e-10 -9378172.0
1222582600000.0 -0.2594401 1.6745837e-10 -9378172.0
1225651000000.0 -0.26009122 1.6745837e-10 -9378172.0
1228718700000.0 -0.2607422 1.6940079e-10 -9058438.0
1231786500000.0 -0.2613932 1.6940079e-10 -9058438.0
1234854500000.0 -0.26204425 1.6940079e-10 -9058438.0
1237922600000.0 -0.26269534 1.6940079e-10 -9058438.0
1240990400000.0 -0.2633463 1.647046e-10 -9111463.0
1244058500000.0 -0.2639974 1.647046e-10 -9111463.0
1247126500000.0 -0.26464844 1.647046e-10 -9111463.0
1250194200000.0 -0.26529944 1.647046e-10 -9111463.0
1253262400000.0 -0.26595053 1.5496995e-10 -9405258.0
1256330500000.0 -0.2666016 1.5496995e-10 -9405258.0
1259398200000.0 -0.2672526 1.5496995e-10 -9405258.0
1262466200000.0 -0.26790366 1.5496995e-10 -9405258.0
1265534400000.0 -0.26855472 1.4258557e-10 -9844349.0
1268602100000.0 -0.26920572 1.4258557e-10 -9844349.0
1271670200000.0 -0.2698568 1.4258557e-10 -9844349.0
1274738200000.0 -0.27050784 1.4258557e-10 -9844349.0
1277806000000.0 -0.27115884 1.3888722e-10 -9861224.0
1280873700000.0 -0.27180985 1.3888722e-10 -9861224.0
1283942100000.0 -0.27246097 1.3888722e-10 -9861224.0
1287009900000.0 -0.27311197 1.3888722e-10 -9861224.0
1290077600000.0 -0.27376294 1.4876451e-10 -9418462.0
1293146100000.0 -0.27441412 1.4876451e-10 -9418462.0
1296213900000.0 -0.2750651 1.4876451e-10 -9418462.0
1299281600000.0 -0.27571613 1.4876451e-10 -9418462.0
1302350000000.0 -0.27636725 1.6535287e-10 -8973389.0
1305417700000.0 -0.27701825 1.6535287e-10 -8973389.0
1308485500000.0 -0.27766922 1.6535287e-10 -8973389.0
1311553900000.0 -0.27832037 1.6535287e-10 -8973389.0
1314621600000.0 -0.27897137 1.826833e-10 -8588296.0
1317689400000.0 -0.27962235 1.826833e-10 -8588296.0
1320757500000.0 -0.28027344 1.826833e-10 -8588296.0
1323825600000.0 -0.28092453 1.826833e-10 -8588296.0
1326893200000.0 -0.28157547 2.1383659e-10 -8121945.0
1329961400000.0 -0.28222656 2.1383659e-10 -8121945.0
1333029500000.0 -0.28287762 2.1383659e-10 -8121945.0
1336097200000.0 -0.28352863 2.1383659e-10 -8121945.0
1339165200000.0 -0.28417966 2.4365282e-10 -7572834.5
1342233400000.0 -0.28483075 2.4365282e-10 -7572834.5
1345301100000.0 -0.28548175 2.4365282e-10 -7572834.5
1348369300000.0 -0.28613284 2.4365282e-10 -7572834.5
1351437300000.0 -0.28678387 3.1120065e-10 -6542194.5
1354505000000.0 -0.28743488 3.1120065e-10 -6542194.5
1357573100000.0 -0.28808594 3.1120065e-10 -6542194.5
1360641300000.0 -0.28873703 3.1120065e-10 -6542194.5
1363709000000.0 -0.28938803 3.6053294e-10 -5704927.5
1366776600000.0 -0.29003897 3.6053294e-10 -5704927.5
1369845100000.0 -0.29069015 3.6053294e-10 -5704927.5
1372912900000.0 -0.29134116 3.6053294e-10 -5704927.5
1375980600000.0 -0.29199213 4.8791043e-10 -4107983.0
1379049000000.0 -0.29264328 4.8791043e-10 -4107983.0
1382116800000.0 -0.29329428 4.8791043e-10 -4107983.0
1385184500000.0 -0.29394525 4.8791043e-10 -4107983.0
1388252900000.0 -0.2945964 5.399159e-10 -3310390.0
1391320600000.0 -0.2952474 5.399159e-10 -3310390.0
1394388400000.0 -0.2958984 5.399159e-10 -3310390.0
1397456900000.0 -0.29654956 5.399159e-10 -3310390.0
1400524600000.0 -0.29720056 6.874811e-10 -1600998.6
1403592400000.0 -0.29785153 6.874811e-10 -1600998.6
1406660400000.0 -0.2985026 6.874811e-10 -1600998.6
1409728500000.0 -0.29915366 6.874811e-10 -1600998.6
1412796300000.0 -0.29980466 7.2680956e-10 -770114.25
1415864300000.0 -0.30045572 7.2680956e-10 -770114.25
1418932400000.0 -0.30110678 7.2680956e-10 -770114.25
1422000100000.0 -0.30175778 7.2680956e-10 -770114.25
1425068300000.0 -0.30240884 8.156378e-10 179271.69
1428136300000.0 -0.3030599 8.156378e-10 179271.69
1431204000000.0 -0.3037109 8.156378e-10 179271.69
1434272100000.0 -0.304362 8.156378e-10 179271.69
1437340300000.0 -0.30501306 8.5958e-10 167589.83
1440408000000.0 -0.30566406 8.5958e-10 167589.83
1443476000000.0 -0.30631512 8.5958e-10 167589.83
1446544100000.0 -0.3069662 8.5958e-10 167589.83
1449611900000.0 -0.3076172 8.731214e-10 75631.29
1452679600000.0 -0.30826816 8.731214e-10 75631.29
1455748000000.0 -0.3089193 8.731214e-10 75631.29
1458815800000.0 -0.3095703 8.731214e-10 75631.29
1461883500000.0 -0.3102213 9.752842e-10 25708.494
1464951900000.0 -0.31087244 9.752842e-10 25708.494
1468019600000.0 -0.3115234 9.752842e-10 25708.494
1471087400000.0 -0.31217444 9.752842e-10 25708.494
1474155900000.0 -0.3128256 9.649629e-10 -324866.78
1477223600000.0 -0.31347656 9.649629e-10 -324866.78
1480291400000.0 -0.3141276 9.649629e-10 -324866.78
1483359800000.0 -0.31477872 9.649629e-10 -324866.78
1486427500000.0 -0.3154297 1.0573081e-09 -496704.22
1489495300000.0 -0.3160807 1.0573081e-09 -496704.22
1492563400000.0 -0.31673178 1.0573081e-09 -496704.22
1495631400000.0 -0.31738284 1.0573081e-09 -496704.22
1498699100000.0 -0.3180338 1.0912564e-09 -785978.3
1501767300000.0 -0.3186849 1.0912564e-09 -785978.3
1504835300000.0 -0.31933597 1.0912564e-09 -785978.3
1507903000000.0 -0.31998697 1.0912564e-09 -785978.3
1510971100000.0 -0.32063803 1.1370667e-09 -1041833.6
1514039300000.0 -0.3212891 1.1370667e-09 -1041833.6
1517107000000.0 -0.3219401 1.1370667e-09 -1041833.6
1520175000000.0 -0.32259116 1.1370667e-09 -1041833.6
1523243200000.0 -0.32324222 1.1656377e-09 -1360725.5
1526310900000.0 -0.32389322 1.1656377e-09 -1360725.5
1529379000000.0 -0.32454428 1.1656377e-09 -1360725.5
1532447000000.0 -0.32519534 1.1656377e-09 -1360725.5
1535514800000.0 -0.32584634 1.2027953e-09 -1617148.9
1538582500000.0 -0.32649735 1.2027953e-09 -1617148.9
1541651000000.0 -0.3271485 1.2027953e-09 -1617148.9
1544718600000.0 -0.32779947 1.2027953e-09 -1617148.9
1547786400000.0 -0.32845047 1.2989827e-09 -1699888.5
1550854900000.0 -0.32910162 1.2989827e-09 -1699888.5
1553922700000.0 -0.3297526 1.2989827e-09 -1699888.5
1556990400000.0 -0.3304036 1.2989827e-09 -1699888.5
1560058800000.0 -0.33105475 1.4725611e-09 -1556008.0
1563126500000.0 -0.33170575 1.4725611e-09 -1556008.0
1566194300000.0 -0.33235672 1.4725611e-09 -1556008.0
1569262400000.0 -0.3330078 1.4725611e-09 -1556008.0
1572330400000.0 -0.33365887 1.1267541e-09 -1916415.4
1575398100000.0 -0.33430985 1.1267541e-09 -1916415.4
1578466300000.0 -0.33496094 1.1267541e-09 -1916415.4
1581534400000.0 -0.335612 1.1267541e-09 -1916415.4
1584602000000.0 -0.336263 3.9097006e-10 -3585617.2
1587670200000.0 -0.33691406 3.9097006e-10 -3585617.2
1590738300000.0 -0.33756512 3.9097006e-10 -3585617.2
1593806000000.0 -0.33821613 3.9097006e-10 -3585617.2
1596874000000.0 -0.3388672 2.047141e-11 -7708133.5
1599942200000.0 -0.33951825 2.047141e-11 -7708133.5
1603009900000.0 -0.34016925 2.047141e-11 -7708133.5
1606078000000.0 -0.3408203 2.047141e-11 -7708133.5
1609146000000.0 -0.3414714 nan nan
1612213800000.0 -0.34212238 nan nan
1615281500000.0 -0.34277338 nan nan
1618350000000.0 -0.34342453 nan nan
1621417800000.0 -0.3440755 nan nan
1624485400000.0 -0.3447265 nan nan
1627553900000.0 -0.34537765 nan nan
1630621700000.0 -0.34602866 nan nan
1633689400000.0 -0.34667963 nan nan
1636757800000.0 -0.34733078 nan nan
