morphology_data/1d_wa_a0.1_l4r1_00001.ecsv
# %ECSV 1.0
# ---
# datatype:
# - {name: b, datatype: float32}
# - {name: phase, datatype: float32}
# - {name: sigma, datatype: float32}
# - {name: vr, datatype: float32}
# meta: {lambda: 4, rp: 1.0, sep: 0.1, wind: a}
# schema: astropy-2.0
b phase sigma vr
[from data line 1224]
2813320800000.0 -0.2985026 4.9396416e-09 -1375572.8
2819457000000.0 -0.29915366 4.9396416e-09 -1375572.8
2825592500000.0 -0.29980466 5.12871e-09 -1286546.1
2831728500000.0 -0.30045572 5.12871e-09 -1286546.1
2837864800000.0 -0.30110678 5.12871e-09 -1286546.1
2844000300000.0 -0.30175778 5.12871e-09 -1286546.1
2850136500000.0 -0.30240884 5.465033e-09 -1215657.6
2856272500000.0 -0.3030599 5.465033e-09 -1215657.6
2862408000000.0 -0.3037109 5.465033e-09 -1215657.6
2868544300000.0 -0.304362 5.465033e-09 -1215657.6
2874680500000.0 -0.30501306 5.9246292e-09 -1179594.1
2880816000000.0 -0.30566406 5.9246292e-09 -1179594.1
2886952000000.0 -0.30631512 5.9246292e-09 -1179594.1
2893088300000.0 -0.3069662 5.9246292e-09 -1179594.1
2899223800000.0 -0.3076172 6.782553e-09 -1118587.1
2905359300000.0 -0.30826816 6.782553e-09 -1118587.1
2911496000000.0 -0.3089193 6.782553e-09 -1118587.1
2917631500000.0 -0.3095703 6.782553e-09 -1118587.1
2923767000000.0 -0.3102213 7.751219e-09 -1065004.1
2929903800000.0 -0.31087244 7.751219e-09 -1065004.1
2936039300000.0 -0.3115234 7.751219e-09 -1065004.1
2942174800000.0 -0.31217444 7.751219e-09 -1065004.1
2948311800000.0 -0.3128256 7.913352e-09 -1082354.9
2954447300000.0 -0.31347656 7.913352e-09 -1082354.9
2960582800000.0 -0.3141276 7.913352e-09 -1082354.9
2966719600000.0 -0.31477872 7.913352e-09 -1082354.9
2972855000000.0 -0.3154297 7.869073e-09 -1167043.0
2978990500000.0 -0.3160807 7.869073e-09 -1167043.0
2985126800000.0 -0.31673178 7.869073e-09 -1167043.0
2991262800000.0 -0.31738284 7.869073e-09 -1167043.0
2997398300000.0 -0.3180338 7.697476e-09 -1281223.9
3003534500000.0 -0.3186849 7.697476e-09 -1281223.9
3009670500000.0 -0.31933597 7.697476e-09 -1281223.9
3015806000000.0 -0.31998697 7.697476e-09 -1281223.9
3021942300000.0 -0.32063803 7.3548962e-09 -1432467.6
3028078600000.0 -0.3212891 7.3548962e-09 -1432467.6
3034214000000.0 -0.3219401 7.3548962e-09 -1432467.6
3040350000000.0 -0.32259116 7.3548962e-09 -1432467.6
3046486300000.0 -0.32324222 6.9545862e-09 -1600352.5
3052621800000.0 -0.32389322 6.9545862e-09 -1600352.5
3058758000000.0 -0.32454428 6.9545862e-09 -1600352.5
3064894000000.0 -0.32519534 6.9545862e-09 -1600352.5
3071029500000.0 -0.32584634 6.7254495e-09 -1785855.4
3077165000000.0 -0.32649735 6.7254495e-09 -1785855.4
3083302000000.0 -0.3271485 6.7254495e-09 -1785855.4
3089437300000.0 -0.32779947 6.7254495e-09 -1785855.4
3095572800000.0 -0.32845047 6.569386e-09 -1945751.0
3101709800000.0 -0.32910162 6.569386e-09 -1945751.0
3107845300000.0 -0.3297526 6.569386e-09 -1945751.0
3113980800000.0 -0.3304036 6.569386e-09 -1945751.0
3120117600000.0 -0.33105475 6.5293726e-09 -2073103.8
3126253000000.0 -0.33170575 6.5293726e-09 -2073103.8
3132388500000.0 -0.33235672 6.5293726e-09 -2073103.8
3138524800000.0 -0.3330078 6.5293726e-09 -2073103.8
3144660800000.0 -0.33365887 6.480505e-09 -2158009.8
3150796300000.0 -0.33430985 6.480505e-09 -2158009.8
3156932600000.0 -0.33496094 6.480505e-09 -2158009.8
3163068800000.0 -0.335612 6.480505e-09 -2158009.8
3169204000000.0 -0.336263 6.308369e-09 -2209323.2
3175340300000.0 -0.33691406 6.308369e-09 -2209323.2
3181476600000.0 -0.33756512 6.308369e-09 -2209323.2
3187612000000.0 -0.33821613 6.308369e-09 -2209323.2
3193748000000.0 -0.3388672 6.0242384e-09 -2263012.0
3199884300000.0 -0.33951825 6.0242384e-09 -2263012.0
3206019800000.0 -0.34016925 6.0242384e-09 -2263012.0
3212156000000.0 -0.3408203 6.0242384e-09 -2263012.0
3218292000000.0 -0.3414714 5.6683245e-09 -2334995.8
3224427600000.0 -0.34212238 5.6683245e-09 -2334995.8
3230563000000.0 -0.34277338 5.6683245e-09 -2334995.8
3236700000000.0 -0.34342453 5.6683245e-09 -2334995.8
3242835600000.0 -0.3440755 5.286959e-09 -2429496.5
3248970800000.0 -0.3447265 5.286959e-09 -2429496.5
3255107800000.0 -0.34537765 5.286959e-09 -2429496.5
3261243300000.0 -0.34602866 5.286959e-09 -2429496.5
3267378800000.0 -0.34667963 4.902492e-09 -2531306.0
3273515600000.0 -0.34733078 4.902492e-09 -2531306.0
3279651000000.0 -0.34798178 4.902492e-09 -2531306.0
3285786600000.0 -0.34863275 4.902492e-09 -2531306.0
3291923300000.0 -0.3492839 4.581433e-09 -2630081.8
3298058800000.0 -0.3499349 4.581433e-09 -2630081.8
3304194300000.0 -0.3505859 4.581433e-09 -2630081.8
3310330600000.0 -0.35123697 4.581433e-09 -2630081.8
3316466800000.0 -0.35188803 4.3231574e-09 -2696786.8
3322602300000.0 -0.35253903 4.3231574e-09 -2696786.8
3328738300000.0 -0.3531901 4.3231574e-09 -2696786.8
3334874600000.0 -0.35384116 4.3231574e-09 -2696786.8
3341010000000.0 -0.35449216 4.1374184e-09 -2704606.5
3347146300000.0 -0.35514322 4.1374184e-09 -2704606.5
3353282300000.0 -0.3557943 4.1374184e-09 -2704606.5
3359417800000.0 -0.35644528 4.1374184e-09 -2704606.5
3365554000000.0 -0.35709634 4.0510963e-09 -2637422.0
3371690000000.0 -0.35774744 4.0510963e-09 -2637422.0
3377825600000.0 -0.3583984 4.0510963e-09 -2637422.0
3383961800000.0 -0.3590495 4.0510963e-09 -2637422.0
3390098000000.0 -0.35970056 4.029145e-09 -2518092.2
3396233600000.0 -0.36035156 4.029145e-09 -2518092.2
3402369000000.0 -0.36100253 4.029145e-09 -2518092.2
3408505900000.0 -0.3616537 4.029145e-09 -2518092.2
3414641300000.0 -0.3623047 4.0151016e-09 -2431032.2
3420776800000.0 -0.36295566 4.0151016e-09 -2431032.2
3426913600000.0 -0.3636068 4.0151016e-09 -2431032.2
3433049000000.0 -0.3642578 4.0151016e-09 -2431032.2
3439184600000.0 -0.3649088 4.051457e-09 -2389461.0
3445321600000.0 -0.36555994 4.051457e-09 -2389461.0
3451456800000.0 -0.36621094 4.051457e-09 -2389461.0
3457592300000.0 -0.36686194 4.051457e-09 -2389461.0
3463729400000.0 -0.3675131 4.1485158e-09 -2415553.0
3469864900000.0 -0.36816406 4.1485158e-09 -2415553.0
3476000300000.0 -0.36881506 4.1485158e-09 -2415553.0
3482136300000.0 -0.36946613 4.1485158e-09 -2415553.0
3488272600000.0 -0.3701172 4.2506096e-09 -2397667.0
3494408000000.0 -0.3707682 4.2506096e-09 -2397667.0
3500544400000.0 -0.37141925 4.2506096e-09 -2397667.0
3506680400000.0 -0.37207034 4.2506096e-09 -2397667.0
3512815800000.0 -0.3727213 4.3657304e-09 -2292060.0
3518952000000.0 -0.3733724 4.3657304e-09 -2292060.0
3525088400000.0 -0.37402347 4.3657304e-09 -2292060.0
3531223600000.0 -0.37467447 4.3657304e-09 -2292060.0
3537359900000.0 -0.37532553 4.4773145e-09 -2117504.2
3543496000000.0 -0.3759766 4.4773145e-09 -2117504.2
3549631600000.0 -0.3766276 4.4773145e-09 -2117504.2
3555767600000.0 -0.37727866 4.4773145e-09 -2117504.2
3561904000000.0 -0.37792972 4.540673e-09 -2010582.6
3568039400000.0 -0.37858072 4.540673e-09 -2010582.6
3574174800000.0 -0.37923172 4.540673e-09 -2010582.6
3580311600000.0 -0.37988284 4.540673e-09 -2010582.6
3586447000000.0 -0.38053384 4.5481974e-09 -1979416.5
3592582600000.0 -0.38118485 4.5481974e-09 -1979416.5
3598719600000.0 -0.381836 4.5481974e-09 -1979416.5
3604855000000.0 -0.38248697 4.5481974e-09 -1979416.5
3610990300000.0 -0.38313797 4.56557e-09 -1975091.6
3617127400000.0 -0.38378912 4.56557e-09 -1975091.6
3623263000000.0 -0.3844401 4.56557e-09 -1975091.6
3629398400000.0 -0.3850911 4.56557e-09 -1975091.6
3635535200000.0 -0.38574225 4.5965893e-09 -1942164.2
3641670600000.0 -0.38639325 4.5965893e-09 -1942164.2
3647806000000.0 -0.38704422 4.5965893e-09 -1942164.2
3653942400000.0 -0.3876953 4.5965893e-09 -1942164.2
3660078400000.0 -0.38834637 4.6435154e-09 -1861556.8
3666213900000.0 -0.38899738 4.6435154e-09 -1861556.8
3672350000000.0 -0.38964844 4.6435154e-09 -1861556.8
3678486400000.0 -0.3902995 4.6435154e-09 -1861556.8
3684622000000.0 -0.3909505 4.6879034e-09 -1710651.8
3690758000000.0 -0.39160156 4.6879034e-09 -1710651.8
3696894100000.0 -0.39225262 4.6879034e-09 -1710651.8
3703029600000.0 -0.39290363 4.6879034e-09 -1710651.8
3709165600000.0 -0.3935547 4.6791544e-09 -1571937.6
3715302000000.0 -0.39420575 4.6791544e-09 -1571937.6
3721437400000.0 -0.39485675 4.6791544e-09 -1571937.6
3727573600000.0 -0.3955078 4.6791544e-09 -1571937.6
3733709700000.0 -0.3961589 4.5048005e-09 -1542499.5
3739845100000.0 -0.39680988 4.5048005e-09 -1542499.5
3745980600000.0 -0.39746088 4.5048005e-09 -1542499.5
3752117700000.0 -0.39811203 4.5048005e-09 -1542499.5
3758253100000.0 -0.398763 4.194635e-09 -1568861.9
3764388600000.0 -0.399414 4.194635e-09 -1568861.9
3770525400000.0 -0.40006515 4.194635e-09 -1568861.9
3776661000000.0 -0.40071616 4.194635e-09 -1568861.9
3782796400000.0 -0.40136713 3.9524326e-09 -1601100.2
3788933200000.0 -0.40201828 3.9524326e-09 -1601100.2
3795068600000.0 -0.40266928 3.9524326e-09 -1601100.2
3801204000000.0 -0.40332028 3.9524326e-09 -1601100.2
3807341000000.0 -0.4039714 3.788469e-09 -1645876.9
3813476400000.0 -0.4046224 3.788469e-09 -1645876.9
3819612000000.0 -0.4052734 3.788469e-09 -1645876.9
3825748100000.0 -0.40592447 3.788469e-09 -1645876.9
3831884400000.0 -0.40657553 3.6846095e-09 -1685563.6
3838020000000.0 -0.40722653 3.6846095e-09 -1685563.6
3844156000000.0 -0.4078776 3.6846095e-09 -1685563.6
3850292200000.0 -0.40852866 3.6846095e-09 -1685563.6
3856427600000.0 -0.40917966 3.636057e-09 -1716503.9
3862564000000.0 -0.40983072 3.636057e-09 -1716503.9
3868700000000.0 -0.4104818 3.636057e-09 -1716503.9
3874835400000.0 -0.41113278 3.636057e-09 -1716503.9
3880971700000.0 -0.41178387 3.5968741e-09 -1763228.8
3887107700000.0 -0.41243494 3.5968741e-09 -1763228.8
3893243200000.0 -0.4130859 3.5968741e-09 -1763228.8
3899379400000.0 -0.413737 3.5968741e-09 -1763228.8
3905515700000.0 -0.41438806 3.5817407e-09 -1823239.6
3911651200000.0 -0.41503906 3.5817407e-09 -1823239.6
3917786600000.0 -0.41569003 3.5817407e-09 -1823239.6
3923923400000.0 -0.4163412 3.5817407e-09 -1823239.6
3930059000000.0 -0.4169922 3.6080854e-09 -1894074.0
3936194400000.0 -0.4176432 3.6080854e-09 -1894074.0
3942331200000.0 -0.4182943 3.6080854e-09 -1894074.0
3948466700000.0 -0.4189453 3.6080854e-09 -1894074.0
3954602100000.0 -0.4195963 3.7059131e-09 -1963482.1
3960739200000.0 -0.42024744 3.7059131e-09 -1963482.1
3966874700000.0 -0.42089844 3.7059131e-09 -1963482.1
3973010000000.0 -0.42154944 3.7059131e-09 -1963482.1
3979147000000.0 -0.4222006 3.8824655e-09 -2022057.6
3985282400000.0 -0.42285156 3.8824655e-09 -2022057.6
3991418000000.0 -0.42350256 3.8824655e-09 -2022057.6
3997554000000.0 -0.42415363 3.8824655e-09 -2022057.6
4003690200000.0 -0.42480472 4.1366817e-09 -2073139.0
4009825700000.0 -0.4254557 4.1366817e-09 -2073139.0
4015962000000.0 -0.42610675 4.1366817e-09 -2073139.0
4022098000000.0 -0.42675784 4.1366817e-09 -2073139.0
4028233400000.0 -0.4274088 4.3854387e-09 -2156682.2
4034369700000.0 -0.4280599 4.3854387e-09 -2156682.2
4040506000000.0 -0.42871097 4.3854387e-09 -2156682.2
4046641400000.0 -0.42936197 4.3854387e-09 -2156682.2
4052777400000.0 -0.43001303 4.4446216e-09 -2228043.8
4058913700000.0 -0.4306641 4.4446216e-09 -2228043.8
4065049200000.0 -0.4313151 4.4446216e-09 -2228043.8
4071185200000.0 -0.43196616 4.4446216e-09 -2228043.8
4077321500000.0 -0.43261722 4.2153583e-09 -2247340.5
4083457000000.0 -0.43326822 4.2153583e-09 -2247340.5
4089592400000.0 -0.43391922 4.2153583e-09 -2247340.5
4095729200000.0 -0.43457034 4.2153583e-09 -2247340.5
4101864700000.0 -0.43522134 3.893727e-09 -2255406.2
4108000200000.0 -0.43587235 3.893727e-09 -2255406.2
4114137200000.0 -0.4365235 3.893727e-09 -2255406.2
4120272700000.0 -0.43717447 3.893727e-09 -2255406.2
4126408200000.0 -0.43782547 3.6235521e-09 -2308696.2
4132545000000.0 -0.43847662 3.6235521e-09 -2308696.2
4138680500000.0 -0.43912762 3.6235521e-09 -2308696.2
4144816000000.0 -0.4397786 3.6235521e-09 -2308696.2
4150952700000.0 -0.44042975 3.3521161e-09 -2411969.0
4157088200000.0 -0.44108075 3.3521161e-09 -2411969.0
4163223700000.0 -0.44173172 3.3521161e-09 -2411969.0
4169360000000.0 -0.4423828 3.3521161e-09 -2411969.0
4175496000000.0 -0.44303387 3.0586018e-09 -2554538.5
4181631400000.0 -0.44368488 3.0586018e-09 -2554538.5
4187767700000.0 -0.44433594 3.0586018e-09 -2554538.5
4193904000000.0 -0.444987 3.0586018e-09 -2554538.5
4200039400000.0 -0.445638 2.7526572e-09 -2732268.2
4206175500000.0 -0.44628906 2.7526572e-09 -2732268.2
4212311700000.0 -0.44694012 2.7526572e-09 -2732268.2
4218447200000.0 -0.44759113 2.7526572e-09 -2732268.2
4224583500000.0 -0.4482422 2.4674605e-09 -2924890.5
4230719500000.0 -0.44889325 2.4674605e-09 -2924890.5
4236855000000.0 -0.44954425 2.4674605e-09 -2924890.5
4242991200000.0 -0.4501953 2.4674605e-09 -2924890.5
4249127200000.0 -0.4508464 2.2239834e-09 -3135117.8
4255262700000.0 -0.45149738 2.2239834e-09 -3135117.8
4261398200000.0 -0.45214838 2.2239834e-09 -3135117.8
4267535200000.0 -0.45279953 2.2239834e-09 -3135117.8
4273670700000.0 -0.45345053 2.0677062e-09 -3356652.2
4279806200000.0 -0.4541015 2.0677062e-09 -3356652.2
4285943000000.0 -0.45475265 2.0677062e-09 -3356652.2
4292078500000.0 -0.45540366 2.0677062e-09 -3356652.2
4298214000000.0 -0.45605463 2.0053055e-09 -3580042.8
4304350700000.0 -0.45670578 2.0053055e-09 -3580042.8
4310486200000.0 -0.45735678 2.0053055e-09 -3580042.8
4316621700000.0 -0.45800778 2.0053055e-09 -3580042.8
4322758800000.0 -0.4586589 2.0143371e-09 -3722619.8
4328894000000.0 -0.4593099 2.0143371e-09 -3722619.8
4335029500000.0 -0.4599609 2.0143371e-09 -3722619.8
4341165700000.0 -0.46061197 2.0143371e-09 -3722619.8
4347302000000.0 -0.46126303 2.0630249e-09 -3718071.5
4353437500000.0 -0.46191403 2.0630249e-09 -3718071.5
4359573500000.0 -0.4625651 2.0630249e-09 -3718071.5
4365709700000.0 -0.46321616 2.0630249e-09 -3718071.5
4371845200000.0 -0.46386716 2.0939825e-09 -3562931.8
4377981500000.0 -0.46451822 2.0939825e-09 -3562931.8
4384117500000.0 -0.4651693 2.0939825e-09 -3562931.8
4390253000000.0 -0.46582028 2.0939825e-09 -3562931.8
4396389200000.0 -0.46647137 2.1050044e-09 -3353919.2
4402525500000.0 -0.46712244 2.1050044e-09 -3353919.2
4408660700000.0 -0.46777344 2.1050044e-09 -3353919.2
4414797000000.0 -0.4684245 2.1050044e-09 -3353919.2
4420933000000.0 -0.46907556 2.104542e-09 -3144394.0
4427068500000.0 -0.4697265 2.104542e-09 -3144394.0
4433204000000.0 -0.47037753 2.104542e-09 -3144394.0
4439341000000.0 -0.4710287 2.104542e-09 -3144394.0
4445477000000.0 -0.47167972 2.0634003e-09 -3077565.2
4451612000000.0 -0.4723307 2.0634003e-09 -3077565.2
4457749000000.0 -0.4729818 2.0634003e-09 -3077565.2
4463884500000.0 -0.47363284 2.0634003e-09 -3077565.2
4470019700000.0 -0.4742838 1.9709534e-09 -3171821.0
4476156500000.0 -0.47493497 1.9709534e-09 -3171821.0
4482292000000.0 -0.47558594 1.9709534e-09 -3171821.0
4488427500000.0 -0.47623694 1.9709534e-09 -3171821.0
4494564000000.0 -0.47688803 1.8800446e-09 -3339939.5
4500700000000.0 -0.47753906 1.8800446e-09 -3339939.5
4506835000000.0 -0.47819003 1.8800446e-09 -3339939.5
4512971500000.0 -0.47884113 1.8800446e-09 -3339939.5
4519108000000.0 -0.47949222 1.8208715e-09 -3515630.2
4525243500000.0 -0.48014325 1.8208715e-09 -3515630.2
4531379000000.0 -0.48079422 1.8208715e-09 -3515630.2
4537515500000.0 -0.48144534 1.8208715e-09 -3515630.2
4543651000000.0 -0.48209637 1.7843367e-09 -3674884.8
4549787000000.0 -0.48274735 1.7843367e-09 -3674884.8
4555923000000.0 -0.48339847 1.7843367e-09 -3674884.8
4562059000000.0 -0.48404947 1.7843367e-09 -3674884.8
4568195300000.0 -0.48470056 1.7802759e-09 -3798536.0
4574331000000.0 -0.48535156 1.7802759e-09 -3798536.0
4580467000000.0 -0.4860026 1.7802759e-09 -3798536.0
4586603000000.0 -0.48665366 1.7802759e-09 -3798536.0
4592739300000.0 -0.48730478 1.7962933e-09 -3829342.8
4598874500000.0 -0.48795572 1.7962933e-09 -3829342.8
4605010000000.0 -0.48860675 1.7962933e-09 -3829342.8
4611147000000.0 -0.48925787 1.7962933e-09 -3829342.8
4617282000000.0 -0.48990884 1.8060615e-09 -3802599.0
4623418000000.0 -0.49055988 1.8060615e-09 -3802599.0
4629555000000.0 -0.491211 1.8060615e-09 -3802599.0
4635690000000.0 -0.49186197 1.8060615e-09 -3802599.0
4641826000000.0 -0.49251297 1.7653493e-09 -3709895.0
4647962500000.0 -0.49316412 1.7653493e-09 -3709895.0
4654098000000.0 -0.49381506 1.7653493e-09 -3709895.0
4660233500000.0 -0.4944661 1.7653493e-09 -3709895.0
4666370300000.0 -0.49511725 1.7009181e-09 -3545724.8
4672506000000.0 -0.49576828 1.7009181e-09 -3545724.8
4678641000000.0 -0.49641922 1.7009181e-09 -3545724.8
