morphology_data/1d_wc_a0.025_l4r1_00001.ecsv
# %ECSV 1.0
# ---
# datatype:
# - {name: b, datatype: float32}
# - {name: phase, datatype: float32}
# - {name: sigma, datatype: float32}
# - {name: vr, datatype: float32}
# meta: {lambda: 4, rp: 1.0, sep: 0.025, wind: c}
# schema: astropy-2.0
b phase sigma vr
[from data line 322]
-683388440000.0 0.29003903 1.5132184e-10 -4121220.0
-681854500000.0 0.28938803 1.5132184e-10 -4121220.0
-680320500000.0 0.28873697 1.5861787e-10 -4101715.8
-678786560000.0 0.28808594 1.5861787e-10 -4101715.8
-677252560000.0 0.2874349 1.5861787e-10 -4101715.8
-675718560000.0 0.28678384 1.5861787e-10 -4101715.8
-674184600000.0 0.28613284 1.7603764e-10 -3960152.2
-672650600000.0 0.28548178 1.7603764e-10 -3960152.2
-671116600000.0 0.28483072 1.7603764e-10 -3960152.2
-669582600000.0 0.28417966 1.7603764e-10 -3960152.2
-668048700000.0 0.28352866 2.1024585e-10 -3580450.8
-666514700000.0 0.2828776 2.1024585e-10 -3580450.8
-664980700000.0 0.28222656 2.1024585e-10 -3580450.8
-663446750000.0 0.28157553 2.1024585e-10 -3580450.8
-661912750000.0 0.28092447 2.5223884e-10 -2993296.2
-660378750000.0 0.28027344 2.5223884e-10 -2993296.2
-658844800000.0 0.2796224 2.5223884e-10 -2993296.2
-657310800000.0 0.27897137 2.5223884e-10 -2993296.2
-655776800000.0 0.2783203 2.8812147e-10 -2400671.0
-654242800000.0 0.27766928 2.8812147e-10 -2400671.0
-652708900000.0 0.27701825 2.8812147e-10 -2400671.0
-651174900000.0 0.2763672 2.8812147e-10 -2400671.0
-649640900000.0 0.27571613 3.125743e-10 -1933723.1
-648106930000.0 0.2750651 3.125743e-10 -1933723.1
-646572930000.0 0.27441406 3.125743e-10 -1933723.1
-645038900000.0 0.273763 3.125743e-10 -1933723.1
-643504900000.0 0.27311197 3.2998398e-10 -1613180.4
-641971000000.0 0.27246094 3.2998398e-10 -1613180.4
-640437000000.0 0.2718099 3.2998398e-10 -1613180.4
-638903000000.0 0.27115884 3.2998398e-10 -1613180.4
-637369060000.0 0.2705078 3.4093295e-10 -1414545.6
-635835100000.0 0.2698568 3.4093295e-10 -1414545.6
-634301100000.0 0.26920575 3.4093295e-10 -1414545.6
-632767100000.0 0.2685547 3.4093295e-10 -1414545.6
-631233100000.0 0.26790366 3.4396647e-10 -1275329.5
-629699100000.0 0.2672526 3.4396647e-10 -1275329.5
-628165100000.0 0.26660156 3.4396647e-10 -1275329.5
-626631200000.0 0.26595053 3.4396647e-10 -1275329.5
-625097240000.0 0.2652995 3.4350497e-10 -1201448.2
-623563240000.0 0.26464844 3.4350497e-10 -1201448.2
-622029240000.0 0.2639974 3.4350497e-10 -1201448.2
-620495240000.0 0.26334634 3.4350497e-10 -1201448.2
-618961240000.0 0.26269528 3.4880404e-10 -1146711.8
-617427240000.0 0.26204425 3.4880404e-10 -1146711.8
-615893300000.0 0.26139322 3.4880404e-10 -1146711.8
-614359400000.0 0.2607422 3.4880404e-10 -1146711.8
-612825370000.0 0.26009116 3.5773465e-10 -1018207.56
-611291370000.0 0.2594401 3.5773465e-10 -1018207.56
-609757400000.0 0.2587891 3.5773465e-10 -1018207.56
-608223400000.0 0.25813803 3.5773465e-10 -1018207.56
-606689400000.0 0.257487 3.5525954e-10 -911382.0
-605155400000.0 0.2568359 3.5525954e-10 -911382.0
-603621500000.0 0.2561849 3.5525954e-10 -911382.0
-602087500000.0 0.25553384 3.5525954e-10 -911382.0
-600553500000.0 0.2548828 3.428961e-10 -896277.8
-599019550000.0 0.25423178 3.428961e-10 -896277.8
-597485550000.0 0.25358072 3.428961e-10 -896277.8
-595951550000.0 0.2529297 3.428961e-10 -896277.8
-594417600000.0 0.25227866 3.305455e-10 -987707.0
-592883600000.0 0.25162762 3.305455e-10 -987707.0
-591349600000.0 0.25097656 3.305455e-10 -987707.0
-589815600000.0 0.2503255 3.305455e-10 -987707.0
-588281700000.0 0.24967448 3.1365113e-10 -1305455.9
-586747700000.0 0.24902344 3.1365113e-10 -1305455.9
-585213700000.0 0.24837239 3.1365113e-10 -1305455.9
-583679740000.0 0.24772136 3.1365113e-10 -1305455.9
-582145740000.0 0.2470703 2.889268e-10 -1845244.4
-580611740000.0 0.24641925 2.889268e-10 -1845244.4
-579077730000.0 0.2457682 2.889268e-10 -1845244.4
-577543800000.0 0.24511719 2.889268e-10 -1845244.4
-576009800000.0 0.24446614 2.69863e-10 -2433040.2
-574475800000.0 0.2438151 2.69863e-10 -2433040.2
-572941860000.0 0.24316406 2.69863e-10 -2433040.2
-571407900000.0 0.24251305 2.69863e-10 -2433040.2
-569873900000.0 0.241862 2.6341107e-10 -2880408.2
-568339900000.0 0.24121095 2.6341107e-10 -2880408.2
-566805900000.0 0.2405599 2.6341107e-10 -2880408.2
-565271900000.0 0.23990884 2.6341107e-10 -2880408.2
-563737900000.0 0.2392578 2.6357128e-10 -3133471.0
-562204000000.0 0.23860677 2.6357128e-10 -3133471.0
-560670050000.0 0.23795573 2.6357128e-10 -3133471.0
-559136050000.0 0.23730469 2.6357128e-10 -3133471.0
-557602050000.0 0.23665364 2.6820715e-10 -3237632.2
-556068040000.0 0.2360026 2.6820715e-10 -3237632.2
-554534040000.0 0.23535155 2.6820715e-10 -3237632.2
-553000040000.0 0.23470049 2.6820715e-10 -3237632.2
-551466100000.0 0.23404948 2.7983926e-10 -3235569.5
-549932200000.0 0.23339845 2.7983926e-10 -3235569.5
-548398170000.0 0.23274739 2.7983926e-10 -3235569.5
-546864170000.0 0.23209634 2.7983926e-10 -3235569.5
-545330200000.0 0.23144531 2.9796923e-10 -3067528.0
-543796200000.0 0.23079427 2.9796923e-10 -3067528.0
-542262200000.0 0.23014322 2.9796923e-10 -3067528.0
-540728260000.0 0.22949219 2.9796923e-10 -3067528.0
-539194300000.0 0.22884116 3.1234157e-10 -2792135.0
-537660300000.0 0.22819011 3.1234157e-10 -2792135.0
-536126300000.0 0.22753906 3.1234157e-10 -2792135.0
-534592320000.0 0.22688803 3.1234157e-10 -2792135.0
-533058360000.0 0.22623697 3.1418912e-10 -2587167.8
-531524350000.0 0.22558592 3.1418912e-10 -2587167.8
-529990400000.0 0.22493489 3.1418912e-10 -2587167.8
-528456420000.0 0.22428386 3.1418912e-10 -2587167.8
-526922400000.0 0.22363281 3.078221e-10 -2517169.5
-525388400000.0 0.22298177 3.078221e-10 -2517169.5
-523854480000.0 0.22233073 3.078221e-10 -2517169.5
-522320480000.0 0.22167969 3.078221e-10 -2517169.5
-520786480000.0 0.22102864 2.9566116e-10 -2558114.2
-519252500000.0 0.22037761 2.9566116e-10 -2558114.2
-517718570000.0 0.21972658 2.9566116e-10 -2558114.2
-516184570000.0 0.21907552 2.9566116e-10 -2558114.2
-514650570000.0 0.21842447 2.8153663e-10 -2649639.8
-513116600000.0 0.21777344 2.8153663e-10 -2649639.8
-511582600000.0 0.21712239 2.8153663e-10 -2649639.8
-510048600000.0 0.21647134 2.8153663e-10 -2649639.8
-508514660000.0 0.21582031 2.7279135e-10 -2748686.2
-506980700000.0 0.21516928 2.7279135e-10 -2748686.2
-505446700000.0 0.21451823 2.7279135e-10 -2748686.2
-503912700000.0 0.21386719 2.7279135e-10 -2748686.2
-502378730000.0 0.21321616 2.7192826e-10 -2912383.8
-500844760000.0 0.2125651 2.7192826e-10 -2912383.8
-499310760000.0 0.21191405 2.7192826e-10 -2912383.8
-497776800000.0 0.21126302 2.7192826e-10 -2912383.8
-496242820000.0 0.21061198 2.7244956e-10 -3148790.0
-494708820000.0 0.20996094 2.7244956e-10 -3148790.0
-493174820000.0 0.20930989 2.7244956e-10 -3148790.0
-491640880000.0 0.20865886 2.7244956e-10 -3148790.0
-490106880000.0 0.20800781 2.6879754e-10 -3359612.0
-488572880000.0 0.20735677 2.6879754e-10 -3359612.0
-487038900000.0 0.20670573 2.6879754e-10 -3359612.0
-485504970000.0 0.2060547 2.6879754e-10 -3359612.0
-483970970000.0 0.20540364 2.6154112e-10 -3462820.8
-482436970000.0 0.2047526 2.6154112e-10 -3462820.8
-480903000000.0 0.20410156 2.6154112e-10 -3462820.8
-479369070000.0 0.20345053 2.6154112e-10 -3462820.8
-477835000000.0 0.20279947 2.5630328e-10 -3491908.0
-476301070000.0 0.20214844 2.5630328e-10 -3491908.0
-474767100000.0 0.2014974 2.5630328e-10 -3491908.0
-473233100000.0 0.20084636 2.5630328e-10 -3491908.0
-471699100000.0 0.20019531 2.5488645e-10 -3532237.2
-470165130000.0 0.19954428 2.5488645e-10 -3532237.2
-468631200000.0 0.19889325 2.5488645e-10 -3532237.2
-467097160000.0 0.19824217 2.5488645e-10 -3532237.2
-465563200000.0 0.19759114 2.548014e-10 -3651221.2
-464029220000.0 0.19694011 2.548014e-10 -3651221.2
-462495220000.0 0.19628906 2.548014e-10 -3651221.2
-460961220000.0 0.19563802 2.548014e-10 -3651221.2
-459427280000.0 0.19498698 2.5544536e-10 -3664295.5
-457893300000.0 0.19433595 2.5544536e-10 -3664295.5
-456359280000.0 0.19368488 2.5544536e-10 -3664295.5
-454825300000.0 0.19303386 2.5544536e-10 -3664295.5
-453291380000.0 0.19238283 2.5798452e-10 -3310228.8
-451757380000.0 0.19173177 2.5798452e-10 -3310228.8
-450223370000.0 0.19108072 2.5798452e-10 -3310228.8
-448689400000.0 0.19042969 2.5798452e-10 -3310228.8
-447155440000.0 0.18977866 2.5933672e-10 -2830691.8
-445621400000.0 0.1891276 2.5933672e-10 -2830691.8
-444087470000.0 0.18847656 2.5933672e-10 -2830691.8
-442553500000.0 0.18782553 2.5933672e-10 -2830691.8
-441019500000.0 0.18717448 2.6149033e-10 -2476511.0
-439485500000.0 0.18652342 2.6149033e-10 -2476511.0
-437951530000.0 0.1858724 2.6149033e-10 -2476511.0
-436417600000.0 0.18522137 2.6149033e-10 -2476511.0
-434883530000.0 0.1845703 2.6322844e-10 -2341654.8
-433349600000.0 0.18391927 2.6322844e-10 -2341654.8
-431815620000.0 0.18326823 2.6322844e-10 -2341654.8
-430281620000.0 0.18261719 2.6322844e-10 -2341654.8
-428747700000.0 0.18196616 2.5493369e-10 -2545188.0
-427213700000.0 0.18131511 2.5493369e-10 -2545188.0
-425679700000.0 0.18066408 2.5493369e-10 -2545188.0
-424145680000.0 0.180013 2.5493369e-10 -2545188.0
-422611700000.0 0.17936198 2.4272856e-10 -2785886.5
-421077780000.0 0.17871095 2.4272856e-10 -2785886.5
-419543700000.0 0.17805988 2.4272856e-10 -2785886.5
-418009840000.0 0.17740889 2.4272856e-10 -2785886.5
-416475800000.0 0.17675781 2.3313085e-10 -2810338.8
-414941770000.0 0.17610675 2.3313085e-10 -2810338.8
-413407900000.0 0.17545575 2.3313085e-10 -2810338.8
-411873870000.0 0.17480469 2.3313085e-10 -2810338.8
-410339800000.0 0.17415361 2.2709078e-10 -2753757.0
-408805930000.0 0.17350262 2.2709078e-10 -2753757.0
-407271900000.0 0.17285155 2.2709078e-10 -2753757.0
-405737930000.0 0.17220053 2.2709078e-10 -2753757.0
-404204000000.0 0.1715495 2.241135e-10 -2751885.0
-402669930000.0 0.17089842 2.241135e-10 -2751885.0
-401136000000.0 0.17024739 2.241135e-10 -2751885.0
-399602020000.0 0.16959636 2.241135e-10 -2751885.0
-398068000000.0 0.1689453 2.2197352e-10 -2802193.0
-396534120000.0 0.1682943 2.2197352e-10 -2802193.0
-395000100000.0 0.16764323 2.2197352e-10 -2802193.0
-393466020000.0 0.16699216 2.2197352e-10 -2802193.0
-391932180000.0 0.16634117 2.1369932e-10 -2922725.0
-390398100000.0 0.1656901 2.1369932e-10 -2922725.0
-388864080000.0 0.16503903 2.1369932e-10 -2922725.0
-387330200000.0 0.16438805 2.1369932e-10 -2922725.0
-385796180000.0 0.16373697 2.0105712e-10 -3099428.2
-384262200000.0 0.16308594 2.0105712e-10 -3099428.2
-382728240000.0 0.1624349 2.0105712e-10 -3099428.2
-381194200000.0 0.16178384 2.0105712e-10 -3099428.2
-379660270000.0 0.16113281 1.9267855e-10 -3251818.0
-378126300000.0 0.16048178 1.9267855e-10 -3251818.0
-376592270000.0 0.1598307 1.9267855e-10 -3251818.0
-375058400000.0 0.15917972 1.9267855e-10 -3251818.0
-373524330000.0 0.15852864 1.9273444e-10 -3317764.5
-371990300000.0 0.15787758 1.9273444e-10 -3317764.5
-370456430000.0 0.15722659 1.9273444e-10 -3317764.5
-368922400000.0 0.15657552 1.9273444e-10 -3317764.5
-367388360000.0 0.15592445 1.9691598e-10 -3389201.5
-365854500000.0 0.15527347 1.9691598e-10 -3389201.5
-364320420000.0 0.15462239 1.9691598e-10 -3389201.5
-362786500000.0 0.15397136 1.9691598e-10 -3389201.5
-361252520000.0 0.15332033 2.008205e-10 -3523326.0
-359718500000.0 0.15266925 2.008205e-10 -3523326.0
-358184520000.0 0.15201822 2.008205e-10 -3523326.0
-356650580000.0 0.1513672 2.008205e-10 -3523326.0
-355116500000.0 0.15071613 1.9832408e-10 -3788123.8
-353582650000.0 0.15006512 1.9832408e-10 -3788123.8
-352048600000.0 0.14941406 1.9832408e-10 -3788123.8
-350514580000.0 0.148763 1.9832408e-10 -3788123.8
-348980700000.0 0.148112 1.8509122e-10 -4172242.5
-347446640000.0 0.14746092 1.8509122e-10 -4172242.5
-345912600000.0 0.14680986 1.8509122e-10 -4172242.5
-344378740000.0 0.14615887 1.8509122e-10 -4172242.5
-342844700000.0 0.1455078 1.513601e-10 -4651011.5
-341310730000.0 0.14485677 1.513601e-10 -4651011.5
-339776800000.0 0.14420575 1.513601e-10 -4651011.5
-338242730000.0 0.14355466 1.513601e-10 -4651011.5
-336708800000.0 0.14290364 1.192183e-10 -5051441.5
-335174830000.0 0.14225261 1.192183e-10 -5051441.5
-333640800000.0 0.14160155 1.192183e-10 -5051441.5
-332106920000.0 0.14095055 1.192183e-10 -5051441.5
-330572900000.0 0.14029948 1.0317186e-10 -5295769.0
-329038820000.0 0.13964841 1.0317186e-10 -5295769.0
-327504950000.0 0.1389974 1.0317186e-10 -5295769.0
-325970920000.0 0.13834634 1.0317186e-10 -5295769.0
-324436900000.0 0.13769528 9.519917e-11 -5470616.0
-322903000000.0 0.1370443 9.519917e-11 -5470616.0
-321368980000.0 0.13639323 9.519917e-11 -5470616.0
-319835000000.0 0.13574219 9.519917e-11 -5470616.0
-318301040000.0 0.13509116 8.983745e-11 -5651522.5
-316767000000.0 0.1344401 8.983745e-11 -5651522.5
-315233040000.0 0.13378905 8.983745e-11 -5651522.5
-313699100000.0 0.13313803 8.983745e-11 -5651522.5
-312165070000.0 0.13248697 8.675216e-11 -5824366.0
-310631200000.0 0.13183598 8.675216e-11 -5824366.0
-309097140000.0 0.13118489 8.675216e-11 -5824366.0
-307563100000.0 0.13053383 8.675216e-11 -5824366.0
-306029230000.0 0.12988284 8.5820545e-11 -5896938.5
-304495200000.0 0.12923177 8.5820545e-11 -5896938.5
-302961130000.0 0.12858069 8.5820545e-11 -5896938.5
-301427300000.0 0.12792972 8.5820545e-11 -5896938.5
-299893230000.0 0.12727864 9.176267e-11 -5798196.5
-298359300000.0 0.12662761 9.176267e-11 -5798196.5
-296825320000.0 0.12597658 9.176267e-11 -5798196.5
-295291300000.0 0.1253255 9.176267e-11 -5798196.5
-293757320000.0 0.12467448 1.0683953e-10 -5554874.5
-292223400000.0 0.12402345 1.0683953e-10 -5554874.5
-290689320000.0 0.123372376 1.0683953e-10 -5554874.5
-289155450000.0 0.12272138 1.0683953e-10 -5554874.5
-287621400000.0 0.12207031 1.2980193e-10 -5071622.0
-286087380000.0 0.12141925 1.2980193e-10 -5071622.0
-284553500000.0 0.12076825 1.2980193e-10 -5071622.0
-283019440000.0 0.12011717 1.2980193e-10 -5071622.0
-281485400000.0 0.11946611 1.5663996e-10 -4319964.5
-279951540000.0 0.118815124 1.5663996e-10 -4319964.5
-278417500000.0 0.118164055 1.5663996e-10 -4319964.5
-276883540000.0 0.11751302 1.5663996e-10 -4319964.5
-275349600000.0 0.11686199 1.8225706e-10 -3557719.0
-273815550000.0 0.11621092 1.8225706e-10 -3557719.0
-272281600000.0 0.11555989 1.8225706e-10 -3557719.0
-270747630000.0 0.11490886 1.8225706e-10 -3557719.0
-269213600000.0 0.11425779 2.047383e-10 -3064413.8
-267679730000.0 0.113606796 2.047383e-10 -3064413.8
-266145680000.0 0.11295573 2.047383e-10 -3064413.8
-264611640000.0 0.11230466 2.047383e-10 -3064413.8
-263077770000.0 0.11165367 2.2197987e-10 -2868553.5
-261543720000.0 0.1110026 2.2197987e-10 -2868553.5
-260009670000.0 0.11035153 2.2197987e-10 -2868553.5
-258475820000.0 0.10970054 2.2197987e-10 -2868553.5
-256941770000.0 0.10904947 2.327791e-10 -3089487.2
-255407820000.0 0.10839844 2.327791e-10 -3089487.2
-253873860000.0 0.107747406 2.327791e-10 -3089487.2
-252339810000.0 0.10709634 2.327791e-10 -3089487.2
-250805860000.0 0.106445305 2.3252228e-10 -3648524.5
-249271910000.0 0.10579427 2.3252228e-10 -3648524.5
-247737860000.0 0.10514321 2.3252228e-10 -3648524.5
-246203990000.0 0.10449222 2.3252228e-10 -3648524.5
-244669960000.0 0.10384115 2.1928587e-10 -3979331.2
-243135900000.0 0.10319008 2.1928587e-10 -3979331.2
-241602040000.0 0.102539085 2.1928587e-10 -3979331.2
-240067990000.0 0.101888016 2.1928587e-10 -3979331.2
-238533950000.0 0.10123695 2.069645e-10 -4033553.2
-237000080000.0 0.10058595 2.069645e-10 -4033553.2
-235466030000.0 0.09993488 2.069645e-10 -4033553.2
-233932080000.0 0.09928385 2.069645e-10 -4033553.2
-232398130000.0 0.09863283 1.9674891e-10 -4088004.2
-230864080000.0 0.09798176 1.9674891e-10 -4088004.2
-229330120000.0 0.09733073 1.9674891e-10 -4088004.2
-227796170000.0 0.096679695 1.9674891e-10 -4088004.2
-226262120000.0 0.096028626 1.8814908e-10 -4408473.0
-224728250000.0 0.09537763 1.8814908e-10 -4408473.0
-223194220000.0 0.09472656 1.8814908e-10 -4408473.0
-221660170000.0 0.09407549 1.8814908e-10 -4408473.0
-220126300000.0 0.0934245 1.9340299e-10 -4768057.5
-218592260000.0 0.09277343 1.9340299e-10 -4768057.5
-217058210000.0 0.09212236 1.9340299e-10 -4768057.5
-215524340000.0 0.091471374 1.9340299e-10 -4768057.5
-213990310000.0 0.090820305 1.9895685e-10 -4821889.5
-212456340000.0 0.09016927 1.9895685e-10 -4821889.5
-210922390000.0 0.08951824 1.9895685e-10 -4821889.5
