morphology_data/1d_wa_a0.025_l2r1_00001.ecsv
# %ECSV 1.0
# ---
# datatype:
# - {name: b, datatype: float32}
# - {name: phase, datatype: float32}
# - {name: sigma, datatype: float32}
# - {name: vr, datatype: float32}
# meta: {lambda: 2, rp: 1.0, sep: 0.025, wind: a}
# schema: astropy-2.0
b phase sigma vr
[from data line 635]
-203252530000.0 0.086263046 2.6157641e-08 707206.7
-201718480000.0 0.08561198 2.5112048e-08 562914.8
-200184430000.0 0.08496091 2.5112048e-08 562914.8
-198650580000.0 0.08430992 2.5112048e-08 562914.8
-197116530000.0 0.08365885 2.5112048e-08 562914.8
-195582570000.0 0.08300782 2.4146676e-08 577209.2
-194048620000.0 0.08235679 2.4146676e-08 577209.2
-192514570000.0 0.08170572 2.3766042e-08 505125.8
-190980620000.0 0.08105469 2.3766042e-08 505125.8
-189446670000.0 0.080403656 2.3320043e-08 488677.97
-187912620000.0 0.07975259 2.3320043e-08 488677.97
-186378750000.0 0.07910159 2.3028658e-08 435491.75
-184844700000.0 0.07845052 2.3028658e-08 435491.75
-183310660000.0 0.077799454 2.2718968e-08 388039.56
-181776800000.0 0.07714847 2.2718968e-08 388039.56
-180242740000.0 0.07649739 2.2907582e-08 327244.22
-178708710000.0 0.07584633 2.2907582e-08 327244.22
-177174840000.0 0.075195335 2.316e-08 284672.25
-175640790000.0 0.07454426 2.316e-08 284672.25
-174106840000.0 0.073893234 2.3594579e-08 252184.31
-172572880000.0 0.0732422 2.3594579e-08 252184.31
-171038830000.0 0.07259113 2.4024978e-08 293226.97
-169504880000.0 0.0719401 2.4024978e-08 293226.97
-167970930000.0 0.07128907 2.4481718e-08 409025.22
-166436880000.0 0.070638 2.4481718e-08 409025.22
-164903010000.0 0.06998701 2.4852845e-08 637676.5
-163368980000.0 0.069335945 2.4852845e-08 637676.5
-161834930000.0 0.068684876 2.41589e-08 561443.5
-160301060000.0 0.068033874 2.41589e-08 561443.5
-158767020000.0 0.06738281 2.391838e-08 489149.34
-157232970000.0 0.06673174 2.391838e-08 489149.34
-155699100000.0 0.06608075 2.4067738e-08 461016.34
-154165070000.0 0.06542969 2.4067738e-08 461016.34
-152631100000.0 0.06477865 2.474857e-08 423643.56
-151097150000.0 0.06412762 2.474857e-08 423643.56
-149563110000.0 0.063476555 2.6056288e-08 447168.38
-148029150000.0 0.062825516 2.6056288e-08 447168.38
-146495200000.0 0.062174488 2.6721526e-08 530834.06
-144961160000.0 0.061523426 2.696904e-08 595252.1
-143427290000.0 0.060872428 2.7336542e-08 632982.0
-141893240000.0 0.06022136 2.7814993e-08 666251.44
-140359190000.0 0.059570286 2.8466163e-08 687001.06
-138825330000.0 0.058919296 2.913706e-08 723648.0
-137291284000.0 0.058268227 2.9901724e-08 765388.5
-135757240000.0 0.057617158 3.073975e-08 831048.1
-134223370000.0 0.056966167 3.1725605e-08 910590.9
-132689330000.0 0.056315098 3.2698907e-08 1087466.6
-131155370000.0 0.055664066 3.3207677e-08 1315019.5
-129621420000.0 0.055013034 3.3172604e-08 1411926.1
-128087376000.0 0.05436197 3.2422783e-08 1280584.5
-126553416000.0 0.053710938 3.1073164e-08 1010104.06
-125019460000.0 0.053059906 3.0668105e-08 883664.56
-123485420000.0 0.052408837 3.041041e-08 811194.5
-121951550000.0 0.051757842 3.0219944e-08 735974.1
-120417510000.0 0.051106777 3.001632e-08 678969.25
-118883460000.0 0.050455708 2.9904527e-08 612529.0
-117349600000.0 0.049804714 2.9772135e-08 567701.2
-115815555000.0 0.049153645 2.9760251e-08 508242.1
-114281505000.0 0.048502576 2.9828097e-08 469086.56
-112747640000.0 0.047851585 3.0323054e-08 424407.25
-111213590000.0 0.047200516 3.1007396e-08 396489.6
-109679640000.0 0.046549484 3.2005957e-08 387411.28
-108145690000.0 0.045898452 3.24751e-08 445061.56
-106611640000.0 0.045247383 3.279745e-08 493106.3
-105077690000.0 0.04459635 3.2991913e-08 572627.8
-103543734000.0 0.043945324 3.331275e-08 631736.5
-102009680000.0 0.043294255 3.3537276e-08 694459.8
-100475820000.0 0.04264326 3.3836844e-08 710451.1
-98941770000.0 0.04199219 3.3999605e-08 725189.6
-97407730000.0 0.041341122 3.42771e-08 716355.0
-95873870000.0 0.04069013 3.4486163e-08 721450.8
-94339820000.0 0.040039062 3.480423e-08 703322.44
-92805775000.0 0.039387994 3.5182797e-08 690075.5
-91271905000.0 0.038736995 3.5751697e-08 652686.06
-89737860000.0 0.03808593 3.625952e-08 637104.25
-88203910000.0 0.0374349 3.7019163e-08 642398.4
-86669950000.0 0.03678387 3.7911875e-08 780895.06
-85135910000.0 0.0361328 3.873935e-08 1047379.56
-83601960000.0 0.035481773 3.843477e-08 1169434.9
-82068000000.0 0.034830738 3.7484067e-08 977330.0
-80533955000.0 0.03417967 3.6613972e-08 759613.06
-79000084000.0 0.033528678 3.6434283e-08 633605.2
-77466040000.0 0.03287761 3.664627e-08 573765.3
-75932000000.0 0.03222654 3.705283e-08 522968.12
-74398130000.0 0.031575546 3.751094e-08 477956.38
-72864090000.0 0.030924477 3.8030898e-08 447454.9
-71330050000.0 0.030273411 3.8543657e-08 428538.62
-69796176000.0 0.029622415 3.9142613e-08 396103.84
-68262130000.0 0.028971346 3.9723965e-08 379858.97
-66728178000.0 0.028320316 4.054221e-08 351892.1
-65194220000.0 0.027669284 4.1907278e-08 352683.9
-63660175000.0 0.027018217 4.4305242e-08 411999.8
-62126220000.0 0.026367186 4.5927656e-08 493022.6
-60592263000.0 0.025716154 4.715652e-08 522381.12
-59058220000.0 0.025065087 4.8603894e-08 514869.28
-57524355000.0 0.024414092 4.970991e-08 554832.0
-55990310000.0 0.023763025 5.104431e-08 594172.44
-54456267000.0 0.023111956 5.2365554e-08 628145.25
-52922400000.0 0.022460962 5.3913812e-08 677956.8
-51388355000.0 0.021809895 5.5806886e-08 726876.94
-49854310000.0 0.021158826 5.7597752e-08 765194.5
-48320442000.0 0.020507833 5.8797376e-08 736088.9
-46786400000.0 0.019856764 6.090123e-08 743699.75
-45252444000.0 0.019205732 6.307708e-08 772369.2
-43718490000.0 0.018554702 6.543747e-08 799912.25
-42184440000.0 0.017903633 6.782794e-08 851751.9
-40650486000.0 0.017252602 7.099264e-08 921870.44
-39116534000.0 0.016601572 7.430259e-08 1060033.9
-37582488000.0 0.015950503 7.7705074e-08 1117266.0
-36048620000.0 0.015299509 8.097636e-08 1064432.4
-34514575000.0 0.014648439 8.3994166e-08 935080.7
-32980531000.0 0.013997372 8.747082e-08 839618.94
-31446665000.0 0.013346379 9.209401e-08 765195.9
-29912621000.0 0.012695311 9.74662e-08 718196.9
-28378577000.0 0.012044242 1.03881284e-07 675994.25
-26844710000.0 0.011393248 1.11239345e-07 649728.75
-25310667000.0 0.01074218 1.1959618e-07 622939.0
-23776710000.0 0.010091149 1.2910121e-07 603421.44
-22242755000.0 0.009440118 1.4027273e-07 584940.94
-20708710000.0 0.008789049 1.5328976e-07 566477.94
-19174754000.0 0.008138019 1.68854e-07 542572.25
-17640800000.0 0.0074869874 1.8744107e-07 516454.56
-16106755000.0 0.006835919 2.1058145e-07 480265.97
-14572889000.0 0.006184926 2.3945168e-07 438919.34
-13038844000.0 0.0055338573 2.768983e-07 383663.72
-11504800000.0 0.0048827888 3.2721385e-07 325462.1
-9970934000.0 0.0042317957 4.0011855e-07 260908.61
-8436888600.0 0.0035807267 5.1307757e-07 188840.8
8436888600.0 -0.0035807267 5.4880803e-07 -251043.1
9970934000.0 -0.0042317957 4.2065062e-07 -359401.66
11504800000.0 -0.0048827888 3.406189e-07 -463838.12
13038844000.0 -0.0055338573 2.858169e-07 -555622.4
14572889000.0 -0.006184926 2.460495e-07 -646484.0
16106755000.0 -0.006835919 2.1526192e-07 -717095.0
17640800000.0 -0.0074869874 1.9125599e-07 -790178.06
19174754000.0 -0.008138019 1.7186505e-07 -848093.75
20708710000.0 -0.008789049 1.5625187e-07 -909982.2
22242755000.0 -0.009440118 1.4306181e-07 -967937.9
23776710000.0 -0.010091149 1.3198093e-07 -1039039.94
25310667000.0 -0.01074218 1.2226238e-07 -1110536.6
26844710000.0 -0.011393248 1.1394239e-07 -1196153.5
28378577000.0 -0.012044242 1.0658525e-07 -1279630.9
29912621000.0 -0.012695311 1.00397344e-07 -1366344.8
31446665000.0 -0.013346379 9.492138e-08 -1442582.2
32980531000.0 -0.013997372 9.0293014e-08 -1500475.9
34514575000.0 -0.014648439 8.6273204e-08 -1528636.9
36048620000.0 -0.015299509 8.2798906e-08 -1548159.8
37582488000.0 -0.015950503 8.004669e-08 -1539329.4
39116534000.0 -0.016601572 7.714044e-08 -1525206.9
40650486000.0 -0.017252602 7.479272e-08 -1506691.2
42184440000.0 -0.017903633 7.27979e-08 -1488275.4
43718490000.0 -0.018554702 7.058284e-08 -1461541.1
45252444000.0 -0.019205732 6.870751e-08 -1469145.4
46786400000.0 -0.019856764 6.6869674e-08 -1489827.5
48320442000.0 -0.020507833 6.498134e-08 -1519880.6
49854310000.0 -0.021158826 6.317239e-08 -1539788.2
51388355000.0 -0.021809895 6.1303645e-08 -1548608.0
52922400000.0 -0.022460962 5.954196e-08 -1570579.4
54456267000.0 -0.023111956 5.781027e-08 -1591027.5
55990310000.0 -0.023763025 5.611149e-08 -1635358.1
57524355000.0 -0.024414092 5.45835e-08 -1680926.1
59058220000.0 -0.025065087 5.313202e-08 -1737004.1
60592263000.0 -0.025716154 5.177214e-08 -1785538.9
62126220000.0 -0.026367186 5.0570726e-08 -1833989.5
63660175000.0 -0.027018217 4.943755e-08 -1874220.9
65194220000.0 -0.027669284 4.883634e-08 -1898011.1
66728178000.0 -0.028320316 4.807282e-08 -1923829.9
68262130000.0 -0.028971346 4.759122e-08 -1895065.4
69796176000.0 -0.029622415 4.69531e-08 -1899762.0
71330050000.0 -0.030273411 4.655002e-08 -1852915.9
72864090000.0 -0.030924477 4.6556977e-08 -1780386.8
74398130000.0 -0.031575546 4.6356845e-08 -1701783.9
75932000000.0 -0.03222654 4.6017483e-08 -1696450.1
77466040000.0 -0.03287761 4.5303032e-08 -1740823.0
79000084000.0 -0.033528678 4.4517805e-08 -1829311.1
80533955000.0 -0.03417967 4.3868045e-08 -1907101.8
82068000000.0 -0.034830738 4.3451404e-08 -1977365.1
83601960000.0 -0.035481773 4.340494e-08 -2001211.8
85135910000.0 -0.0361328 4.3580542e-08 -2002150.1
86669950000.0 -0.03678387 4.392752e-08 -2004999.4
88203910000.0 -0.0374349 4.420781e-08 -2008929.6
89737860000.0 -0.03808593 4.4617696e-08 -2008528.2
91271905000.0 -0.038736995 4.4903796e-08 -1985463.2
92805775000.0 -0.039387994 4.5190777e-08 -1969268.9
94339820000.0 -0.040039062 4.5298385e-08 -1950141.8
95873870000.0 -0.04069013 4.529973e-08 -1944507.8
97407730000.0 -0.041341122 4.515097e-08 -1934235.5
98941770000.0 -0.04199219 4.4780943e-08 -1928727.1
100475820000.0 -0.04264326 4.441648e-08 -1912988.9
102009680000.0 -0.043294255 4.398023e-08 -1880564.9
103543734000.0 -0.043945324 4.3701025e-08 -1827496.6
105077690000.0 -0.04459635 4.3410267e-08 -1766475.1
106611640000.0 -0.045247383 4.3115804e-08 -1702646.9
108145690000.0 -0.045898452 4.2825455e-08 -1648979.6
109679640000.0 -0.046549484 4.2504865e-08 -1604931.1
111213590000.0 -0.047200516 4.23169e-08 -1562302.6
112747640000.0 -0.047851585 4.2276646e-08 -1517745.4
114281505000.0 -0.048502576 4.2471e-08 -1468085.9
115815555000.0 -0.049153645 4.287466e-08 -1413740.8
117349600000.0 -0.049804714 4.3397158e-08 -1360997.1
118883460000.0 -0.050455708 4.3947043e-08 -1299517.2
120417510000.0 -0.051106777 4.4315023e-08 -1232249.1
121951550000.0 -0.051757842 4.4506066e-08 -1190612.4
123485420000.0 -0.052408837 4.4426578e-08 -1158670.4
125019460000.0 -0.053059906 4.4046867e-08 -1157729.9
126553416000.0 -0.053710938 4.366907e-08 -1155745.9
128087376000.0 -0.05436197 4.2957367e-08 -1182636.4
129621420000.0 -0.055013034 4.2560742e-08 -1186440.0
131155370000.0 -0.055664066 4.209121e-08 -1212084.5
132689330000.0 -0.056315098 4.2208608e-08 -1158672.9
134223370000.0 -0.056966167 4.21151e-08 -1122443.9
135757240000.0 -0.057617158 4.2654683e-08 -998673.6
137291284000.0 -0.058268227 4.306655e-08 -937390.3
138825330000.0 -0.058919296 4.4325322e-08 -804654.7
140359190000.0 -0.059570286 4.5259437e-08 -769243.56
141893240000.0 -0.06022136 4.734811e-08 -688698.56
143427290000.0 -0.060872428 4.9272003e-08 -592973.44
144961160000.0 -0.061523426 5.1539814e-08 -487004.03
146495200000.0 -0.062174488 5.28989e-08 -503530.0
148029150000.0 -0.062825516 5.6442172e-08 -509058.03
149563110000.0 -0.063476555 5.6442172e-08 -509058.03
151097150000.0 -0.06412762 6.329574e-08 -332225.47
152631100000.0 -0.06477865 6.329574e-08 -332225.47
154165070000.0 -0.06542969 7.1367985e-08 -55988.305
155699100000.0 -0.06608075 7.1367985e-08 -55988.305
157232970000.0 -0.06673174 8.0371706e-08 153109.84
158767020000.0 -0.06738281 8.0371706e-08 153109.84
160301060000.0 -0.068033874 9.00675e-08 281661.84
161834930000.0 -0.068684876 9.00675e-08 281661.84
163368980000.0 -0.069335945 9.8568364e-08 316072.94
164903010000.0 -0.06998701 9.8568364e-08 316072.94
166436880000.0 -0.070638 1.0540959e-07 314325.78
167970930000.0 -0.07128907 1.0540959e-07 314325.78
169504880000.0 -0.0719401 1.0897832e-07 302935.34
171038830000.0 -0.07259113 1.0897832e-07 302935.34
172572880000.0 -0.0732422 1.0989038e-07 325599.72
174106840000.0 -0.073893234 1.0989038e-07 325599.72
175640790000.0 -0.07454426 1.08148e-07 323928.47
177174840000.0 -0.075195335 1.08148e-07 323928.47
178708710000.0 -0.07584633 1.0283076e-07 276765.66
180242740000.0 -0.07649739 1.0283076e-07 276765.66
181776800000.0 -0.07714847 9.501423e-08 232814.9
183310660000.0 -0.077799454 9.501423e-08 232814.9
184844700000.0 -0.07845052 9.000244e-08 340947.75
186378750000.0 -0.07910159 9.000244e-08 340947.75
187912620000.0 -0.07975259 8.8387814e-08 561979.7
189446670000.0 -0.080403656 8.8387814e-08 561979.7
190980620000.0 -0.08105469 9.2514654e-08 780764.0
192514570000.0 -0.08170572 9.2514654e-08 780764.0
194048620000.0 -0.08235679 1.0266153e-07 989689.56
195582570000.0 -0.08300782 1.0266153e-07 989689.56
197116530000.0 -0.08365885 1.0299952e-07 1088948.2
198650580000.0 -0.08430992 1.0299952e-07 1088948.2
200184430000.0 -0.08496091 1.0299952e-07 1088948.2
201718480000.0 -0.08561198 1.0299952e-07 1088948.2
203252530000.0 -0.086263046 9.017821e-08 965723.94
204786400000.0 -0.08691404 9.017821e-08 965723.94
206320440000.0 -0.08756511 9.017821e-08 965723.94
207854390000.0 -0.08821614 9.017821e-08 965723.94
209388360000.0 -0.08886717 8.054376e-08 947502.75
210922390000.0 -0.08951824 8.054376e-08 947502.75
212456340000.0 -0.09016927 8.054376e-08 947502.75
213990310000.0 -0.090820305 8.054376e-08 947502.75
215524340000.0 -0.091471374 7.424545e-08 971440.75
217058210000.0 -0.09212236 7.424545e-08 971440.75
218592260000.0 -0.09277343 7.424545e-08 971440.75
220126300000.0 -0.0934245 7.424545e-08 971440.75
221660170000.0 -0.09407549 7.137183e-08 923565.2
223194220000.0 -0.09472656 7.137183e-08 923565.2
224728250000.0 -0.09537763 7.137183e-08 923565.2
226262120000.0 -0.096028626 7.137183e-08 923565.2
227796170000.0 -0.096679695 7.1516844e-08 841644.94
229330120000.0 -0.09733073 7.1516844e-08 841644.94
230864080000.0 -0.09798176 7.1516844e-08 841644.94
232398130000.0 -0.09863283 7.1516844e-08 841644.94
233932080000.0 -0.09928385 7.5637615e-08 853623.5
235466030000.0 -0.09993488 7.5637615e-08 853623.5
237000080000.0 -0.10058595 7.5637615e-08 853623.5
238533950000.0 -0.10123695 7.5637615e-08 853623.5
240067990000.0 -0.101888016 8.2128885e-08 898558.2
241602040000.0 -0.102539085 8.2128885e-08 898558.2
243135900000.0 -0.10319008 8.2128885e-08 898558.2
244669960000.0 -0.10384115 8.2128885e-08 898558.2
246203990000.0 -0.10449222 8.851495e-08 958199.4
247737860000.0 -0.10514321 8.851495e-08 958199.4
249271910000.0 -0.10579427 8.851495e-08 958199.4
250805860000.0 -0.106445305 8.851495e-08 958199.4
252339810000.0 -0.10709634 9.505412e-08 1022295.75
253873860000.0 -0.107747406 9.505412e-08 1022295.75
255407820000.0 -0.10839844 9.505412e-08 1022295.75
256941770000.0 -0.10904947 9.505412e-08 1022295.75
258475820000.0 -0.10970054 1.0263615e-07 1060429.1
260009670000.0 -0.11035153 1.0263615e-07 1060429.1
261543720000.0 -0.1110026 1.0263615e-07 1060429.1
263077770000.0 -0.11165367 1.0263615e-07 1060429.1
264611640000.0 -0.11230466 1.1031449e-07 1010102.9
266145680000.0 -0.11295573 1.1031449e-07 1010102.9
267679730000.0 -0.113606796 1.1031449e-07 1010102.9
269213600000.0 -0.11425779 1.1031449e-07 1010102.9
270747630000.0 -0.11490886 1.17249094e-07 843820.75
272281600000.0 -0.11555989 1.17249094e-07 843820.75
273815550000.0 -0.11621092 1.17249094e-07 843820.75
275349600000.0 -0.11686199 1.17249094e-07 843820.75
276883540000.0 -0.11751302 1.1994972e-07 663372.2
278417500000.0 -0.118164055 1.1994972e-07 663372.2
279951540000.0 -0.118815124 1.1994972e-07 663372.2
281485400000.0 -0.11946611 1.1994972e-07 663372.2
283019440000.0 -0.12011717 1.1927487e-07 482964.4
284553500000.0 -0.12076825 1.1927487e-07 482964.4
286087380000.0 -0.12141925 1.1927487e-07 482964.4
287621400000.0 -0.12207031 1.1927487e-07 482964.4
289155450000.0 -0.12272138 1.17871885e-07 370288.84
290689320000.0 -0.123372376 1.17871885e-07 370288.84
292223400000.0 -0.12402345 1.17871885e-07 370288.84
