morphology_data/1d_wb_a0.025_l4r1_00001.ecsv
# %ECSV 1.0
# ---
# datatype:
# - {name: b, datatype: float32}
# - {name: phase, datatype: float32}
# - {name: sigma, datatype: float32}
# - {name: vr, datatype: float32}
# meta: {lambda: 4, rp: 1.0, sep: 0.025, wind: b}
# schema: astropy-2.0
b phase sigma vr
[from data line 1250]
755485600000.0 -0.32063803 1.1872472e-10 -2340151.0
757019640000.0 -0.3212891 1.1872472e-10 -2340151.0
758553500000.0 -0.3219401 1.1872472e-10 -2340151.0
760087500000.0 -0.32259116 1.1872472e-10 -2340151.0
761621600000.0 -0.32324222 1.1288201e-10 -2641794.0
763155450000.0 -0.32389322 1.1288201e-10 -2641794.0
764689500000.0 -0.32454428 1.1288201e-10 -2641794.0
766223500000.0 -0.32519534 1.1288201e-10 -2641794.0
767757400000.0 -0.32584634 1.0967191e-10 -2866331.0
769291260000.0 -0.32649735 1.0967191e-10 -2866331.0
770825500000.0 -0.3271485 1.0967191e-10 -2866331.0
772359300000.0 -0.32779947 1.0967191e-10 -2866331.0
773893200000.0 -0.32845047 1.0938547e-10 -3038159.0
775427460000.0 -0.32910162 1.0938547e-10 -3038159.0
776961300000.0 -0.3297526 1.0938547e-10 -3038159.0
778495200000.0 -0.3304036 1.0938547e-10 -3038159.0
780029400000.0 -0.33105475 1.1276033e-10 -3217075.0
781563270000.0 -0.33170575 1.1276033e-10 -3217075.0
783097140000.0 -0.33235672 1.1276033e-10 -3217075.0
784631200000.0 -0.3330078 1.1276033e-10 -3217075.0
786165200000.0 -0.33365887 1.1846835e-10 -3407590.8
787699100000.0 -0.33430985 1.1846835e-10 -3407590.8
789233140000.0 -0.33496094 1.1846835e-10 -3407590.8
790767200000.0 -0.335612 1.1846835e-10 -3407590.8
792301000000.0 -0.336263 1.2441359e-10 -3576633.2
793835100000.0 -0.33691406 1.2441359e-10 -3576633.2
795369140000.0 -0.33756512 1.2441359e-10 -3576633.2
796903000000.0 -0.33821613 1.2441359e-10 -3576633.2
798437000000.0 -0.3388672 1.2968605e-10 -3697585.0
799971100000.0 -0.33951825 1.2968605e-10 -3697585.0
801504950000.0 -0.34016925 1.2968605e-10 -3697585.0
803039000000.0 -0.3408203 1.2968605e-10 -3697585.0
804573000000.0 -0.3414714 1.3403825e-10 -3779845.8
806106900000.0 -0.34212238 1.3403825e-10 -3779845.8
807640760000.0 -0.34277338 1.3403825e-10 -3779845.8
809175000000.0 -0.34342453 1.3403825e-10 -3779845.8
810708900000.0 -0.3440755 1.3767572e-10 -3853411.2
812242700000.0 -0.3447265 1.3767572e-10 -3853411.2
813776960000.0 -0.34537765 1.3767572e-10 -3853411.2
815310800000.0 -0.34602866 1.3767572e-10 -3853411.2
816844700000.0 -0.34667963 1.391201e-10 -3914944.8
818378900000.0 -0.34733078 1.391201e-10 -3914944.8
819912800000.0 -0.34798178 1.391201e-10 -3914944.8
821446640000.0 -0.34863275 1.391201e-10 -3914944.8
822980840000.0 -0.3492839 1.3954729e-10 -3922947.2
824514700000.0 -0.3499349 1.3954729e-10 -3922947.2
826048600000.0 -0.3505859 1.3954729e-10 -3922947.2
827582640000.0 -0.35123697 1.3954729e-10 -3922947.2
829116700000.0 -0.35188803 1.4184924e-10 -3868511.8
830650600000.0 -0.35253903 1.4184924e-10 -3868511.8
832184600000.0 -0.3531901 1.4184924e-10 -3868511.8
833718650000.0 -0.35384116 1.4184924e-10 -3868511.8
835252500000.0 -0.35449216 1.4725762e-10 -3753007.2
836786600000.0 -0.35514322 1.4725762e-10 -3753007.2
838320600000.0 -0.3557943 1.4725762e-10 -3753007.2
839854460000.0 -0.35644528 1.4725762e-10 -3753007.2
841388500000.0 -0.35709634 1.5504847e-10 -3569893.5
842922500000.0 -0.35774744 1.5504847e-10 -3569893.5
844456400000.0 -0.3583984 1.5504847e-10 -3569893.5
845990460000.0 -0.3590495 1.5504847e-10 -3569893.5
847524500000.0 -0.35970056 1.6303602e-10 -3339799.0
849058400000.0 -0.36035156 1.6303602e-10 -3339799.0
850592300000.0 -0.36100253 1.6303602e-10 -3339799.0
852126470000.0 -0.3616537 1.6303602e-10 -3339799.0
853660340000.0 -0.3623047 1.6864327e-10 -3120161.8
855194200000.0 -0.36295566 1.6864327e-10 -3120161.8
856728400000.0 -0.3636068 1.6864327e-10 -3120161.8
858262300000.0 -0.3642578 1.6864327e-10 -3120161.8
859796140000.0 -0.3649088 1.6997953e-10 -2967032.0
861330400000.0 -0.36555994 1.6997953e-10 -2967032.0
862864200000.0 -0.36621094 1.6997953e-10 -2967032.0
864398100000.0 -0.36686194 1.6997953e-10 -2967032.0
865932350000.0 -0.3675131 1.6544895e-10 -2941169.8
867466200000.0 -0.36816406 1.6544895e-10 -2941169.8
869000100000.0 -0.36881506 1.6544895e-10 -2941169.8
870534100000.0 -0.36946613 1.6544895e-10 -2941169.8
872068150000.0 -0.3701172 1.5232432e-10 -3101491.0
873602000000.0 -0.3707682 1.5232432e-10 -3101491.0
875136100000.0 -0.37141925 1.5232432e-10 -3101491.0
876670100000.0 -0.37207034 1.5232432e-10 -3101491.0
878203960000.0 -0.3727213 1.3416392e-10 -3300198.2
879738000000.0 -0.3733724 1.3416392e-10 -3300198.2
881272100000.0 -0.37402347 1.3416392e-10 -3300198.2
882805900000.0 -0.37467447 1.3416392e-10 -3300198.2
884339970000.0 -0.37532553 1.1845286e-10 -3354992.0
885874000000.0 -0.3759766 1.1845286e-10 -3354992.0
887407900000.0 -0.3766276 1.1845286e-10 -3354992.0
888941900000.0 -0.37727866 1.1845286e-10 -3354992.0
890476000000.0 -0.37792972 1.08253864e-10 -3267778.0
892009840000.0 -0.37858072 1.08253864e-10 -3267778.0
893543700000.0 -0.37923172 1.08253864e-10 -3267778.0
895077900000.0 -0.37988284 1.08253864e-10 -3267778.0
896611800000.0 -0.38053384 1.03196104e-10 -3100400.0
898145650000.0 -0.38118485 1.03196104e-10 -3100400.0
899679900000.0 -0.381836 1.03196104e-10 -3100400.0
901213800000.0 -0.38248697 1.03196104e-10 -3100400.0
902747600000.0 -0.38313797 1.0209565e-10 -2905983.5
904281850000.0 -0.38378912 1.0209565e-10 -2905983.5
905815700000.0 -0.3844401 1.0209565e-10 -2905983.5
907349600000.0 -0.3850911 1.0209565e-10 -2905983.5
908883800000.0 -0.38574225 1.0329756e-10 -2718509.0
910417660000.0 -0.38639325 1.0329756e-10 -2718509.0
911951500000.0 -0.38704422 1.0329756e-10 -2718509.0
913485600000.0 -0.3876953 1.0329756e-10 -2718509.0
915019600000.0 -0.38834637 1.05610416e-10 -2593188.5
916553470000.0 -0.38899738 1.05610416e-10 -2593188.5
918087500000.0 -0.38964844 1.05610416e-10 -2593188.5
919621600000.0 -0.3902995 1.05610416e-10 -2593188.5
921155500000.0 -0.3909505 1.0949981e-10 -2553732.2
922689500000.0 -0.39160156 1.0949981e-10 -2553732.2
924223540000.0 -0.39225262 1.0949981e-10 -2553732.2
925757400000.0 -0.39290363 1.0949981e-10 -2553732.2
927291400000.0 -0.3935547 1.12259264e-10 -2609995.2
928825500000.0 -0.39420575 1.12259264e-10 -2609995.2
930359350000.0 -0.39485675 1.12259264e-10 -2609995.2
931893400000.0 -0.3955078 1.12259264e-10 -2609995.2
933427400000.0 -0.3961589 1.1167629e-10 -2817431.2
934961300000.0 -0.39680988 1.1167629e-10 -2817431.2
936495150000.0 -0.39746088 1.1167629e-10 -2817431.2
938029400000.0 -0.39811203 1.1167629e-10 -2817431.2
939563300000.0 -0.398763 1.08761264e-10 -3183461.2
941097160000.0 -0.399414 1.08761264e-10 -3183461.2
942631350000.0 -0.40006515 1.08761264e-10 -3183461.2
944165200000.0 -0.40071616 1.08761264e-10 -3183461.2
945699100000.0 -0.40136713 1.0444575e-10 -3538605.2
947233300000.0 -0.40201828 1.0444575e-10 -3538605.2
948767160000.0 -0.40266928 1.0444575e-10 -3538605.2
950301000000.0 -0.40332028 1.0444575e-10 -3538605.2
951835200000.0 -0.4039714 1.0427779e-10 -3649252.5
953369100000.0 -0.4046224 1.0427779e-10 -3649252.5
954903000000.0 -0.4052734 1.0427779e-10 -3649252.5
956437040000.0 -0.40592447 1.0427779e-10 -3649252.5
957971100000.0 -0.40657553 1.09950035e-10 -3540972.8
959505000000.0 -0.40722653 1.09950035e-10 -3540972.8
961039000000.0 -0.4078776 1.09950035e-10 -3540972.8
962573040000.0 -0.40852866 1.09950035e-10 -3540972.8
964106900000.0 -0.40917966 1.177582e-10 -3387870.5
965641000000.0 -0.40983072 1.177582e-10 -3387870.5
967175000000.0 -0.4104818 1.177582e-10 -3387870.5
968708850000.0 -0.41113278 1.177582e-10 -3387870.5
970242900000.0 -0.41178387 1.2477062e-10 -3270290.2
971776900000.0 -0.41243494 1.2477062e-10 -3270290.2
973310800000.0 -0.4130859 1.2477062e-10 -3270290.2
974844850000.0 -0.413737 1.2477062e-10 -3270290.2
976378900000.0 -0.41438806 1.298896e-10 -3190737.8
977912800000.0 -0.41503906 1.298896e-10 -3190737.8
979446660000.0 -0.41569003 1.298896e-10 -3190737.8
980980860000.0 -0.4163412 1.298896e-10 -3190737.8
982514700000.0 -0.4169922 1.3284163e-10 -3135215.2
984048600000.0 -0.4176432 1.3284163e-10 -3135215.2
985582800000.0 -0.4182943 1.3284163e-10 -3135215.2
987116670000.0 -0.4189453 1.3284163e-10 -3135215.2
988650540000.0 -0.4195963 1.3390822e-10 -3098558.0
990184800000.0 -0.42024744 1.3390822e-10 -3098558.0
991718700000.0 -0.42089844 1.3390822e-10 -3098558.0
993252500000.0 -0.42154944 1.3390822e-10 -3098558.0
994786740000.0 -0.4222006 1.347557e-10 -3060666.5
996320600000.0 -0.42285156 1.347557e-10 -3060666.5
997854500000.0 -0.42350256 1.347557e-10 -3060666.5
999388500000.0 -0.42415363 1.347557e-10 -3060666.5
1000922550000.0 -0.42480472 1.3596312e-10 -3016434.0
1002456400000.0 -0.4254557 1.3596312e-10 -3016434.0
1003990500000.0 -0.42610675 1.3596312e-10 -3016434.0
1005524500000.0 -0.42675784 1.3596312e-10 -3016434.0
1007058350000.0 -0.4274088 1.36197e-10 -2960701.5
1008592400000.0 -0.4280599 1.36197e-10 -2960701.5
1010126500000.0 -0.42871097 1.36197e-10 -2960701.5
1011660360000.0 -0.42936197 1.36197e-10 -2960701.5
1013194360000.0 -0.43001303 1.3520066e-10 -2897654.0
1014728400000.0 -0.4306641 1.3520066e-10 -2897654.0
1016262300000.0 -0.4313151 1.3520066e-10 -2897654.0
1017796300000.0 -0.43196616 1.3520066e-10 -2897654.0
1019330360000.0 -0.43261722 1.3366683e-10 -2829269.2
1020864230000.0 -0.43326822 1.3366683e-10 -2829269.2
1022398100000.0 -0.43391922 1.3366683e-10 -2829269.2
1023932300000.0 -0.43457034 1.3366683e-10 -2829269.2
1025466200000.0 -0.43522134 1.3046719e-10 -2769438.5
1027000040000.0 -0.43587235 1.3046719e-10 -2769438.5
1028534300000.0 -0.4365235 1.3046719e-10 -2769438.5
1030068200000.0 -0.43717447 1.3046719e-10 -2769438.5
1031602040000.0 -0.43782547 1.2613e-10 -2715485.0
1033136240000.0 -0.43847662 1.2613e-10 -2715485.0
1034670100000.0 -0.43912762 1.2613e-10 -2715485.0
1036204000000.0 -0.4397786 1.2613e-10 -2715485.0
1037738200000.0 -0.44042975 1.2155846e-10 -2678270.8
1039272050000.0 -0.44108075 1.2155846e-10 -2678270.8
1040805900000.0 -0.44173172 1.2155846e-10 -2678270.8
1042340000000.0 -0.4423828 1.2155846e-10 -2678270.8
1043874000000.0 -0.44303387 1.1818257e-10 -2664469.2
1045407860000.0 -0.44368488 1.1818257e-10 -2664469.2
1046941900000.0 -0.44433594 1.1818257e-10 -2664469.2
1048476000000.0 -0.444987 1.1818257e-10 -2664469.2
1050009860000.0 -0.445638 1.1801915e-10 -2620488.0
1051543860000.0 -0.44628906 1.1801915e-10 -2620488.0
1053077900000.0 -0.44694012 1.1801915e-10 -2620488.0
1054611800000.0 -0.44759113 1.1801915e-10 -2620488.0
1056145870000.0 -0.4482422 1.2176606e-10 -2522081.5
1057679900000.0 -0.44889325 1.2176606e-10 -2522081.5
1059213740000.0 -0.44954425 1.2176606e-10 -2522081.5
1060747800000.0 -0.4501953 1.2176606e-10 -2522081.5
1062281800000.0 -0.4508464 1.291576e-10 -2380113.0
1063815700000.0 -0.45149738 1.291576e-10 -2380113.0
1065349550000.0 -0.45214838 1.291576e-10 -2380113.0
1066883800000.0 -0.45279953 1.291576e-10 -2380113.0
1068417700000.0 -0.45345053 1.3906319e-10 -2215610.5
1069951550000.0 -0.4541015 1.3906319e-10 -2215610.5
1071485750000.0 -0.45475265 1.3906319e-10 -2215610.5
1073019600000.0 -0.45540366 1.3906319e-10 -2215610.5
1074553500000.0 -0.45605463 1.5020857e-10 -2046093.4
1076087700000.0 -0.45670578 1.5020857e-10 -2046093.4
1077621560000.0 -0.45735678 1.5020857e-10 -2046093.4
1079155400000.0 -0.45800778 1.5020857e-10 -2046093.4
1080689700000.0 -0.4586589 1.611756e-10 -1873955.8
1082223500000.0 -0.4593099 1.611756e-10 -1873955.8
1083757360000.0 -0.4599609 1.611756e-10 -1873955.8
1085291400000.0 -0.46061197 1.611756e-10 -1873955.8
1086825500000.0 -0.46126303 1.7094676e-10 -1699138.9
1088359370000.0 -0.46191403 1.7094676e-10 -1699138.9
1089893400000.0 -0.4625651 1.7094676e-10 -1699138.9
1091427430000.0 -0.46321616 1.7094676e-10 -1699138.9
1092961300000.0 -0.46386716 1.7959846e-10 -1543567.2
1094495400000.0 -0.46451822 1.7959846e-10 -1543567.2
1096029400000.0 -0.4651693 1.7959846e-10 -1543567.2
1097563240000.0 -0.46582028 1.7959846e-10 -1543567.2
1099097300000.0 -0.46647137 1.8694485e-10 -1438052.4
1100631400000.0 -0.46712244 1.8694485e-10 -1438052.4
1102165200000.0 -0.46777344 1.8694485e-10 -1438052.4
1103699200000.0 -0.4684245 1.8694485e-10 -1438052.4
1105233300000.0 -0.46907556 1.9233631e-10 -1414887.6
1106767100000.0 -0.4697265 1.9233631e-10 -1414887.6
1108301000000.0 -0.47037753 1.9233631e-10 -1414887.6
1109835300000.0 -0.4710287 1.9233631e-10 -1414887.6
1111369200000.0 -0.47167972 1.9630356e-10 -1452667.2
1112903000000.0 -0.4723307 1.9630356e-10 -1452667.2
1114437200000.0 -0.4729818 1.9630356e-10 -1452667.2
1115971100000.0 -0.47363284 1.9630356e-10 -1452667.2
1117504900000.0 -0.4742838 1.9912104e-10 -1489585.1
1119039100000.0 -0.47493497 1.9912104e-10 -1489585.1
1120573000000.0 -0.47558594 1.9912104e-10 -1489585.1
1122106900000.0 -0.47623694 1.9912104e-10 -1489585.1
1123641000000.0 -0.47688803 2.0062779e-10 -1523612.5
1125175000000.0 -0.47753906 2.0062779e-10 -1523612.5
1126708800000.0 -0.47819003 2.0062779e-10 -1523612.5
1128242900000.0 -0.47884113 2.0062779e-10 -1523612.5
1129777000000.0 -0.47949222 1.9980569e-10 -1592302.1
1131310900000.0 -0.48014325 1.9980569e-10 -1592302.1
1132844800000.0 -0.48079422 1.9980569e-10 -1592302.1
1134378900000.0 -0.48144534 1.9980569e-10 -1592302.1
1135912800000.0 -0.48209637 1.9516873e-10 -1734370.2
1137446700000.0 -0.48274735 1.9516873e-10 -1734370.2
1138980800000.0 -0.48339847 1.9516873e-10 -1734370.2
1140514800000.0 -0.48404947 1.9516873e-10 -1734370.2
1142048800000.0 -0.48470056 1.8664108e-10 -1985241.5
1143582800000.0 -0.48535156 1.8664108e-10 -1985241.5
1145116700000.0 -0.4860026 1.8664108e-10 -1985241.5
1146650800000.0 -0.48665366 1.8664108e-10 -1985241.5
1148184800000.0 -0.48730478 1.7704509e-10 -2320904.5
1149718600000.0 -0.48795572 1.7704509e-10 -2320904.5
1151252600000.0 -0.48860675 1.7704509e-10 -2320904.5
1152786800000.0 -0.48925787 1.7704509e-10 -2320904.5
1154320600000.0 -0.48990884 1.7035927e-10 -2619883.2
1155854500000.0 -0.49055988 1.7035927e-10 -2619883.2
1157388700000.0 -0.491211 1.7035927e-10 -2619883.2
1158922500000.0 -0.49186197 1.7035927e-10 -2619883.2
1160456400000.0 -0.49251297 1.6866206e-10 -2824806.0
1161990600000.0 -0.49316412 1.6866206e-10 -2824806.0
1163524400000.0 -0.49381506 1.6866206e-10 -2824806.0
1165058400000.0 -0.4944661 1.6866206e-10 -2824806.0
1166592600000.0 -0.49511725 1.7197445e-10 -2973233.2
1168126500000.0 -0.49576828 1.7197445e-10 -2973233.2
1169660300000.0 -0.49641922 1.7197445e-10 -2973233.2
1171194400000.0 -0.4970703 1.7197445e-10 -2973233.2
1172728400000.0 -0.49772137 1.7887425e-10 -3074490.8
1174262300000.0 -0.49837238 1.7887425e-10 -3074490.8
1175796300000.0 -0.49902344 1.7887425e-10 -3074490.8
1177330400000.0 -0.4996745 1.7887425e-10 -3074490.8
