morphology_data/1d_wb_a0.025_l2r1_00001.ecsv
# %ECSV 1.0
# ---
# datatype:
# - {name: b, datatype: float32}
# - {name: phase, datatype: float32}
# - {name: sigma, datatype: float32}
# - {name: vr, datatype: float32}
# meta: {lambda: 2, rp: 1.0, sep: 0.025, wind: b}
# schema: astropy-2.0
b phase sigma vr
[from data line 623]
-221660170000.0 0.09407549 3.5363887e-09 -2177798.8
-220126300000.0 0.0934245 3.833362e-09 -2063301.8
-218592260000.0 0.09277343 3.833362e-09 -2063301.8
-217058210000.0 0.09212236 3.833362e-09 -2063301.8
-215524340000.0 0.091471374 3.833362e-09 -2063301.8
-213990310000.0 0.090820305 4.229159e-09 -1939075.6
-212456340000.0 0.09016927 4.229159e-09 -1939075.6
-210922390000.0 0.08951824 4.229159e-09 -1939075.6
-209388360000.0 0.08886717 4.229159e-09 -1939075.6
-207854390000.0 0.08821614 4.74768e-09 -1782351.0
-206320440000.0 0.08756511 4.74768e-09 -1782351.0
-204786400000.0 0.08691404 4.74768e-09 -1782351.0
-203252530000.0 0.086263046 4.74768e-09 -1782351.0
-201718480000.0 0.08561198 5.400837e-09 -1577688.2
-200184430000.0 0.08496091 5.400837e-09 -1577688.2
-198650580000.0 0.08430992 5.400837e-09 -1577688.2
-197116530000.0 0.08365885 5.400837e-09 -1577688.2
-195582570000.0 0.08300782 5.8573923e-09 -1424706.0
-194048620000.0 0.08235679 5.8573923e-09 -1424706.0
-192514570000.0 0.08170572 5.708526e-09 -1441516.2
-190980620000.0 0.08105469 5.708526e-09 -1441516.2
-189446670000.0 0.080403656 5.6383636e-09 -1481252.1
-187912620000.0 0.07975259 5.6383636e-09 -1481252.1
-186378750000.0 0.07910159 5.61992e-09 -1516204.2
-184844700000.0 0.07845052 5.61992e-09 -1516204.2
-183310660000.0 0.077799454 5.6234657e-09 -1535583.1
-181776800000.0 0.07714847 5.6234657e-09 -1535583.1
-180242740000.0 0.07649739 5.645657e-09 -1543401.5
-178708710000.0 0.07584633 5.645657e-09 -1543401.5
-177174840000.0 0.075195335 5.7261387e-09 -1536937.8
-175640790000.0 0.07454426 5.7261387e-09 -1536937.8
-174106840000.0 0.073893234 5.845448e-09 -1525877.1
-172572880000.0 0.0732422 5.845448e-09 -1525877.1
-171038830000.0 0.07259113 6.0058087e-09 -1470452.2
-169504880000.0 0.0719401 6.0058087e-09 -1470452.2
-167970930000.0 0.07128907 6.2533827e-09 -1389264.9
-166436880000.0 0.070638 6.2533827e-09 -1389264.9
-164903010000.0 0.06998701 6.4857155e-09 -1351389.2
-163368980000.0 0.069335945 6.4857155e-09 -1351389.2
-161834930000.0 0.068684876 6.6218315e-09 -1412639.4
-160301060000.0 0.068033874 6.6218315e-09 -1412639.4
-158767020000.0 0.06738281 6.662233e-09 -1542762.9
-157232970000.0 0.06673174 6.662233e-09 -1542762.9
-155699100000.0 0.06608075 6.5977046e-09 -1700427.5
-154165070000.0 0.06542969 6.5977046e-09 -1700427.5
-152631100000.0 0.06477865 6.217239e-09 -1837511.6
-151097150000.0 0.06412762 6.217239e-09 -1837511.6
-149563110000.0 0.063476555 6.0085683e-09 -1755431.6
-148029150000.0 0.062825516 6.0085683e-09 -1755431.6
-146495200000.0 0.062174488 6.877076e-09 -1467243.9
-144961160000.0 0.061523426 7.507554e-09 -1250707.4
-143427290000.0 0.060872428 7.725683e-09 -1080484.8
-141893240000.0 0.06022136 7.589254e-09 -1054468.6
-140359190000.0 0.059570286 6.9571002e-09 -1152419.2
-138825330000.0 0.058919296 6.2508443e-09 -1348415.1
-137291284000.0 0.058268227 5.780079e-09 -1565870.2
-135757240000.0 0.057617158 5.3534825e-09 -1798016.1
-134223370000.0 0.056966167 5.2534794e-09 -1648897.4
-132689330000.0 0.056315098 5.1672586e-09 -1589147.4
-131155370000.0 0.055664066 5.24453e-09 -1404362.2
-129621420000.0 0.055013034 5.178677e-09 -1395979.4
-128087376000.0 0.05436197 5.2249933e-09 -1304542.8
-126553416000.0 0.053710938 5.2079807e-09 -1248820.2
-125019460000.0 0.053059906 5.230957e-09 -1230398.1
-123485420000.0 0.052408837 5.2097864e-09 -1221793.5
-121951550000.0 0.051757842 5.224754e-09 -1301674.4
-120417510000.0 0.051106777 5.259651e-09 -1308328.0
-118883460000.0 0.050455708 5.3416183e-09 -1358806.1
-117349600000.0 0.049804714 5.4346425e-09 -1305283.2
-115815555000.0 0.049153645 5.457318e-09 -1233401.1
-114281505000.0 0.048502576 5.4912492e-09 -1150948.6
-112747640000.0 0.047851585 5.4285856e-09 -1155412.6
-111213590000.0 0.047200516 5.461645e-09 -1162829.6
-109679640000.0 0.046549484 5.4190616e-09 -1162215.1
-108145690000.0 0.045898452 5.669437e-09 -1109580.6
-106611640000.0 0.045247383 6.01423e-09 -1088865.5
-105077690000.0 0.04459635 6.2062124e-09 -1064691.9
-103543734000.0 0.043945324 6.111188e-09 -1088510.9
-102009680000.0 0.043294255 5.9117453e-09 -1055963.0
-100475820000.0 0.04264326 5.711609e-09 -927701.7
-98941770000.0 0.04199219 5.507996e-09 -894211.7
-97407730000.0 0.041341122 5.4583453e-09 -693182.2
-95873870000.0 0.04069013 5.59776e-09 -717782.7
-94339820000.0 0.040039062 6.1683996e-09 -394119.75
-92805775000.0 0.039387994 6.5913364e-09 -368812.97
-91271905000.0 0.038736995 7.2727175e-09 1696.1793
-89737860000.0 0.03808593 7.3904682e-09 87672.86
-88203910000.0 0.0374349 7.626292e-09 207434.47
-86669950000.0 0.03678387 6.9387345e-09 428992.5
-85135910000.0 0.0361328 6.665827e-09 251481.86
-83601960000.0 0.035481773 6.442338e-09 313319.5
-82068000000.0 0.034830738 6.195137e-09 -6513.458
-80533955000.0 0.03417967 6.009658e-09 70592.73
-79000084000.0 0.033528678 5.7990555e-09 -134481.53
-77466040000.0 0.03287761 5.6912564e-09 -47450.137
-75932000000.0 0.03222654 5.5754206e-09 -172854.19
-74398130000.0 0.031575546 5.5993468e-09 -63302.582
-72864090000.0 0.030924477 5.429614e-09 -168093.5
-71330050000.0 0.030273411 5.614776e-09 82333.42
-69796176000.0 0.029622415 6.1867054e-09 428454.2
-68262130000.0 0.028971346 6.7602652e-09 776010.0
-66728178000.0 0.028320316 7.1801125e-09 1101485.6
-65194220000.0 0.027669284 7.604701e-09 1195248.8
-63660175000.0 0.027018217 8.590999e-09 1547480.6
-62126220000.0 0.026367186 9.195256e-09 1581285.1
-60592263000.0 0.025716154 9.362603e-09 1524438.1
-59058220000.0 0.025065087 9.283943e-09 1449820.6
-57524355000.0 0.024414092 9.076489e-09 1288983.6
-55990310000.0 0.023763025 9.295256e-09 1226477.9
-54456267000.0 0.023111956 9.456311e-09 1105090.4
-52922400000.0 0.022460962 9.664381e-09 1089941.8
-51388355000.0 0.021809895 9.83683e-09 1150107.9
-49854310000.0 0.021158826 1.008612e-08 1123396.1
-48320442000.0 0.020507833 1.0207706e-08 982170.0
-46786400000.0 0.019856764 1.0306675e-08 847306.3
-45252444000.0 0.019205732 1.0441559e-08 820207.2
-43718490000.0 0.018554702 1.0368524e-08 781388.1
-42184440000.0 0.017903633 1.0385035e-08 749176.5
-40650486000.0 0.017252602 1.0378719e-08 834548.44
-39116534000.0 0.016601572 1.0786361e-08 989478.56
-37582488000.0 0.015950503 1.1384982e-08 1164327.2
-36048620000.0 0.015299509 1.203318e-08 1233975.4
-34514575000.0 0.014648439 1.2575158e-08 1221333.0
-32980531000.0 0.013997372 1.3055388e-08 1199106.1
-31446665000.0 0.013346379 1.3071986e-08 1127410.8
-29912621000.0 0.012695311 1.3246544e-08 1088008.8
-28378577000.0 0.012044242 1.3638183e-08 1071497.6
-26844710000.0 0.011393248 1.4206983e-08 1033034.56
-25310667000.0 0.01074218 1.487666e-08 969123.9
-23776710000.0 0.010091149 1.5540984e-08 896420.8
-22242755000.0 0.009440118 1.651524e-08 829647.4
-20708710000.0 0.008789049 1.763155e-08 754007.7
-19174754000.0 0.008138019 1.9122215e-08 716718.56
-17640800000.0 0.0074869874 2.1135598e-08 682766.1
-16106755000.0 0.006835919 2.34947e-08 663118.9
-14572889000.0 0.006184926 2.648346e-08 629406.3
-13038844000.0 0.0055338573 3.025708e-08 562910.25
-11504800000.0 0.0048827888 3.5299227e-08 477070.38
-9970934000.0 0.0042317957 4.265397e-08 387394.3
-8436888600.0 0.0035807267 5.4185655e-08 296877.12
8436888600.0 -0.0035807267 5.8892056e-08 -19343.254
9970934000.0 -0.0042317957 4.6605518e-08 -19386.002
11504800000.0 -0.0048827888 3.95698e-08 29075.393
13038844000.0 -0.0055338573 3.5184332e-08 118433.98
14572889000.0 -0.006184926 3.1591586e-08 127036.05
16106755000.0 -0.006835919 2.954311e-08 182545.98
17640800000.0 -0.0074869874 2.8167475e-08 263463.66
19174754000.0 -0.008138019 2.674749e-08 229121.7
20708710000.0 -0.008789049 2.5816712e-08 258564.89
22242755000.0 -0.009440118 2.6144452e-08 437110.75
23776710000.0 -0.010091149 2.660226e-08 785497.25
25310667000.0 -0.01074218 2.669143e-08 894363.7
26844710000.0 -0.011393248 2.6549836e-08 1064026.1
28378577000.0 -0.012044242 2.6540771e-08 1359796.2
29912621000.0 -0.012695311 2.5689356e-08 1757670.4
31446665000.0 -0.013346379 2.6155737e-08 2003014.8
32980531000.0 -0.013997372 2.7510684e-08 1799581.4
34514575000.0 -0.014648439 2.9345475e-08 1877490.4
36048620000.0 -0.015299509 2.299643e-08 2381931.0
37582488000.0 -0.015950503 2.5550337e-08 2672580.5
39116534000.0 -0.016601572 2.4528807e-08 3119861.2
40650486000.0 -0.017252602 2.543217e-08 3545467.5
42184440000.0 -0.017903633 2.442022e-08 3733900.8
43718490000.0 -0.018554702 2.5810253e-08 4092656.8
45252444000.0 -0.019205732 2.6827571e-08 4310460.5
46786400000.0 -0.019856764 2.8233186e-08 4569413.0
48320442000.0 -0.020507833 2.8233414e-08 4592526.0
49854310000.0 -0.021158826 2.7518476e-08 4570000.0
51388355000.0 -0.021809895 2.7251899e-08 4607352.5
52922400000.0 -0.022460962 2.6887156e-08 4576395.5
54456267000.0 -0.023111956 2.678344e-08 4564497.0
55990310000.0 -0.023763025 2.5949625e-08 4466084.0
57524355000.0 -0.024414092 2.5261345e-08 4472891.0
59058220000.0 -0.025065087 2.389614e-08 4314797.0
60592263000.0 -0.025716154 2.2732774e-08 4280554.5
62126220000.0 -0.026367186 2.1305606e-08 4089867.0
63660175000.0 -0.027018217 2.1041316e-08 4107532.5
65194220000.0 -0.027669284 2.1467729e-08 4015257.8
66728178000.0 -0.028320316 2.265409e-08 3948666.8
68262130000.0 -0.028971346 2.3271856e-08 3885732.0
69796176000.0 -0.029622415 2.3998698e-08 3889628.5
71330050000.0 -0.030273411 2.5855677e-08 3795362.5
72864090000.0 -0.030924477 2.7215142e-08 3744994.0
74398130000.0 -0.031575546 2.8040834e-08 3619481.2
75932000000.0 -0.03222654 2.9016173e-08 3519313.5
77466040000.0 -0.03287761 2.885694e-08 3423682.2
79000084000.0 -0.033528678 2.8176181e-08 3511282.5
80533955000.0 -0.03417967 2.6917448e-08 3580866.5
82068000000.0 -0.034830738 2.5975659e-08 3682095.0
83601960000.0 -0.035481773 2.5776322e-08 3648961.5
85135910000.0 -0.0361328 2.6995846e-08 3561584.0
86669950000.0 -0.03678387 2.764278e-08 3473271.8
88203910000.0 -0.0374349 2.719619e-08 3453608.5
89737860000.0 -0.03808593 2.4897792e-08 3521066.0
91271905000.0 -0.038736995 2.1085187e-08 3629620.2
92805775000.0 -0.039387994 1.8870777e-08 3745094.2
94339820000.0 -0.040039062 1.8856431e-08 3812638.5
95873870000.0 -0.04069013 1.9778003e-08 3861786.2
97407730000.0 -0.041341122 2.1380139e-08 3879725.8
98941770000.0 -0.04199219 2.3306477e-08 3823711.8
100475820000.0 -0.04264326 2.4619602e-08 3821040.0
102009680000.0 -0.043294255 2.3684319e-08 3891863.8
103543734000.0 -0.043945324 2.058687e-08 4088002.5
105077690000.0 -0.04459635 1.7814664e-08 4298007.5
106611640000.0 -0.045247383 1.635723e-08 4407594.0
108145690000.0 -0.045898452 1.5191667e-08 4433969.5
109679640000.0 -0.046549484 1.4282424e-08 4426624.5
111213590000.0 -0.047200516 1.3689572e-08 4401474.5
112747640000.0 -0.047851585 1.3195825e-08 4386251.0
114281505000.0 -0.048502576 1.293239e-08 4312868.0
115815555000.0 -0.049153645 1.27859145e-08 4275343.0
117349600000.0 -0.049804714 1.2891509e-08 4103469.2
118883460000.0 -0.050455708 1.2289992e-08 4021621.0
120417510000.0 -0.051106777 1.1238511e-08 3684886.0
121951550000.0 -0.051757842 1.0875972e-08 3340578.0
123485420000.0 -0.052408837 9.768506e-09 2751750.8
125019460000.0 -0.053059906 8.591753e-09 2691724.5
126553416000.0 -0.053710938 7.730059e-09 2533768.8
128087376000.0 -0.05436197 7.1655206e-09 2366359.0
129621420000.0 -0.055013034 6.0915264e-09 2535235.5
131155370000.0 -0.055664066 5.784082e-09 2594990.5
132689330000.0 -0.056315098 5.33488e-09 2840838.5
134223370000.0 -0.056966167 5.209506e-09 2759534.5
135757240000.0 -0.057617158 5.0018705e-09 2698274.5
137291284000.0 -0.058268227 4.833293e-09 2560657.5
138825330000.0 -0.058919296 4.6987387e-09 2480286.5
140359190000.0 -0.059570286 4.7028523e-09 2451456.2
141893240000.0 -0.06022136 4.757694e-09 2480037.2
143427290000.0 -0.060872428 4.868453e-09 2503862.5
144961160000.0 -0.061523426 5.0571773e-09 2505952.2
146495200000.0 -0.062174488 5.2397855e-09 2545279.2
148029150000.0 -0.062825516 5.497586e-09 2449104.8
149563110000.0 -0.063476555 5.497586e-09 2449104.8
151097150000.0 -0.06412762 6.258451e-09 2743728.8
152631100000.0 -0.06477865 6.258451e-09 2743728.8
154165070000.0 -0.06542969 7.900611e-09 3247581.5
155699100000.0 -0.06608075 7.900611e-09 3247581.5
157232970000.0 -0.06673174 1.0199404e-08 3950413.5
158767020000.0 -0.06738281 1.0199404e-08 3950413.5
160301060000.0 -0.068033874 1.1345996e-08 4654871.5
161834930000.0 -0.068684876 1.1345996e-08 4654871.5
163368980000.0 -0.069335945 1.1663389e-08 4833092.0
164903010000.0 -0.06998701 1.1663389e-08 4833092.0
166436880000.0 -0.070638 1.3065395e-08 5669182.0
167970930000.0 -0.07128907 1.3065395e-08 5669182.0
169504880000.0 -0.0719401 1.3843267e-08 6119313.5
171038830000.0 -0.07259113 1.3843267e-08 6119313.5
172572880000.0 -0.0732422 1.2246449e-08 5789791.5
174106840000.0 -0.073893234 1.2246449e-08 5789791.5
175640790000.0 -0.07454426 1.1740788e-08 5871912.0
177174840000.0 -0.075195335 1.1740788e-08 5871912.0
178708710000.0 -0.07584633 1.2013831e-08 5778644.0
180242740000.0 -0.07649739 1.2013831e-08 5778644.0
181776800000.0 -0.07714847 1.2946156e-08 5684340.5
183310660000.0 -0.077799454 1.2946156e-08 5684340.5
184844700000.0 -0.07845052 1.4774317e-08 5672446.0
186378750000.0 -0.07910159 1.4774317e-08 5672446.0
187912620000.0 -0.07975259 1.7829304e-08 5830658.5
189446670000.0 -0.080403656 1.7829304e-08 5830658.5
190980620000.0 -0.08105469 2.0661647e-08 6140791.0
192514570000.0 -0.08170572 2.0661647e-08 6140791.0
194048620000.0 -0.08235679 1.7579765e-08 6132407.5
195582570000.0 -0.08300782 1.7579765e-08 6132407.5
197116530000.0 -0.08365885 4.8259974e-09 4042632.2
198650580000.0 -0.08430992 4.8259974e-09 4042632.2
200184430000.0 -0.08496091 4.8259974e-09 4042632.2
201718480000.0 -0.08561198 4.8259974e-09 4042632.2
203252530000.0 -0.086263046 2.3461594e-10 -879694.7
204786400000.0 -0.08691404 2.3461594e-10 -879694.7
206320440000.0 -0.08756511 2.3461594e-10 -879694.7
207854390000.0 -0.08821614 2.3461594e-10 -879694.7
209388360000.0 -0.08886717 nan nan
210922390000.0 -0.08951824 nan nan
212456340000.0 -0.09016927 nan nan
213990310000.0 -0.090820305 nan nan
215524340000.0 -0.091471374 nan nan
217058210000.0 -0.09212236 nan nan
218592260000.0 -0.09277343 nan nan
220126300000.0 -0.0934245 nan nan
221660170000.0 -0.09407549 nan nan
223194220000.0 -0.09472656 nan nan
224728250000.0 -0.09537763 nan nan
226262120000.0 -0.096028626 nan nan
227796170000.0 -0.096679695 nan nan
229330120000.0 -0.09733073 nan nan
230864080000.0 -0.09798176 nan nan
232398130000.0 -0.09863283 nan nan
233932080000.0 -0.09928385 nan nan
235466030000.0 -0.09993488 nan nan
237000080000.0 -0.10058595 nan nan
238533950000.0 -0.10123695 nan nan
240067990000.0 -0.101888016 nan nan
241602040000.0 -0.102539085 nan nan
243135900000.0 -0.10319008 nan nan
244669960000.0 -0.10384115 nan nan
246203990000.0 -0.10449222 nan nan
247737860000.0 -0.10514321 nan nan
249271910000.0 -0.10579427 nan nan
250805860000.0 -0.106445305 nan nan
252339810000.0 -0.10709634 nan nan
253873860000.0 -0.107747406 nan nan
255407820000.0 -0.10839844 nan nan
256941770000.0 -0.10904947 nan nan
258475820000.0 -0.10970054 nan nan
260009670000.0 -0.11035153 nan nan
261543720000.0 -0.1110026 nan nan
263077770000.0 -0.11165367 nan nan
264611640000.0 -0.11230466 nan nan
266145680000.0 -0.11295573 nan nan
267679730000.0 -0.113606796 nan nan
269213600000.0 -0.11425779 nan nan
270747630000.0 -0.11490886 nan nan
272281600000.0 -0.11555989 nan nan
273815550000.0 -0.11621092 nan nan
275349600000.0 -0.11686199 nan nan
276883540000.0 -0.11751302 nan nan
278417500000.0 -0.118164055 nan nan
279951540000.0 -0.118815124 nan nan
281485400000.0 -0.11946611 nan nan
283019440000.0 -0.12011717 nan nan
284553500000.0 -0.12076825 nan nan
286087380000.0 -0.12141925 nan nan
287621400000.0 -0.12207031 nan nan
289155450000.0 -0.12272138 nan nan
290689320000.0 -0.123372376 nan nan
292223400000.0 -0.12402345 nan nan
293757320000.0 -0.12467448 nan nan
295291300000.0 -0.1253255 nan nan
296825320000.0 -0.12597658 nan nan
298359300000.0 -0.12662761 nan nan
299893230000.0 -0.12727864 nan nan
