morphology_data/1d_wa_a0.1_l2r0.5_00001.ecsv
# %ECSV 1.0
# ---
# datatype:
# - {name: b, datatype: float32}
# - {name: phase, datatype: float32}
# - {name: sigma, datatype: float32}
# - {name: vr, datatype: float32}
# meta: {lambda: 2, rp: 0.5, sep: 0.1, wind: a}
# schema: astropy-2.0
b phase sigma vr
[from data line 1395]
3862564000000.0 -0.40983072 nan nan
3868700000000.0 -0.4104818 nan nan
3874835400000.0 -0.41113278 nan nan
3880971700000.0 -0.41178387 nan nan
3887107700000.0 -0.41243494 nan nan
3893243200000.0 -0.4130859 nan nan
3899379400000.0 -0.413737 nan nan
3905515700000.0 -0.41438806 nan nan
3911651200000.0 -0.41503906 nan nan
3917786600000.0 -0.41569003 nan nan
3923923400000.0 -0.4163412 nan nan
3930059000000.0 -0.4169922 nan nan
3936194400000.0 -0.4176432 nan nan
3942331200000.0 -0.4182943 nan nan
3948466700000.0 -0.4189453 nan nan
3954602100000.0 -0.4195963 nan nan
3960739200000.0 -0.42024744 nan nan
3966874700000.0 -0.42089844 nan nan
3973010000000.0 -0.42154944 nan nan
3979147000000.0 -0.4222006 nan nan
3985282400000.0 -0.42285156 nan nan
3991418000000.0 -0.42350256 nan nan
3997554000000.0 -0.42415363 nan nan
4003690200000.0 -0.42480472 nan nan
4009825700000.0 -0.4254557 nan nan
4015962000000.0 -0.42610675 nan nan
4022098000000.0 -0.42675784 nan nan
4028233400000.0 -0.4274088 nan nan
4034369700000.0 -0.4280599 nan nan
4040506000000.0 -0.42871097 nan nan
4046641400000.0 -0.42936197 nan nan
4052777400000.0 -0.43001303 nan nan
4058913700000.0 -0.4306641 nan nan
4065049200000.0 -0.4313151 nan nan
4071185200000.0 -0.43196616 nan nan
4077321500000.0 -0.43261722 nan nan
4083457000000.0 -0.43326822 nan nan
4089592400000.0 -0.43391922 nan nan
4095729200000.0 -0.43457034 nan nan
4101864700000.0 -0.43522134 nan nan
4108000200000.0 -0.43587235 nan nan
4114137200000.0 -0.4365235 nan nan
4120272700000.0 -0.43717447 nan nan
4126408200000.0 -0.43782547 nan nan
4132545000000.0 -0.43847662 nan nan
4138680500000.0 -0.43912762 nan nan
4144816000000.0 -0.4397786 nan nan
4150952700000.0 -0.44042975 nan nan
4157088200000.0 -0.44108075 nan nan
4163223700000.0 -0.44173172 nan nan
4169360000000.0 -0.4423828 nan nan
4175496000000.0 -0.44303387 nan nan
4181631400000.0 -0.44368488 nan nan
4187767700000.0 -0.44433594 nan nan
4193904000000.0 -0.444987 nan nan
4200039400000.0 -0.445638 nan nan
4206175500000.0 -0.44628906 nan nan
4212311700000.0 -0.44694012 nan nan
4218447200000.0 -0.44759113 nan nan
4224583500000.0 -0.4482422 nan nan
4230719500000.0 -0.44889325 nan nan
4236855000000.0 -0.44954425 nan nan
4242991200000.0 -0.4501953 nan nan
4249127200000.0 -0.4508464 nan nan
4255262700000.0 -0.45149738 nan nan
4261398200000.0 -0.45214838 nan nan
4267535200000.0 -0.45279953 nan nan
4273670700000.0 -0.45345053 nan nan
4279806200000.0 -0.4541015 nan nan
4285943000000.0 -0.45475265 nan nan
4292078500000.0 -0.45540366 nan nan
4298214000000.0 -0.45605463 nan nan
4304350700000.0 -0.45670578 nan nan
4310486200000.0 -0.45735678 nan nan
4316621700000.0 -0.45800778 nan nan
4322758800000.0 -0.4586589 nan nan
4328894000000.0 -0.4593099 nan nan
4335029500000.0 -0.4599609 nan nan
4341165700000.0 -0.46061197 nan nan
4347302000000.0 -0.46126303 nan nan
4353437500000.0 -0.46191403 nan nan
4359573500000.0 -0.4625651 nan nan
4365709700000.0 -0.46321616 nan nan
4371845200000.0 -0.46386716 nan nan
4377981500000.0 -0.46451822 nan nan
4384117500000.0 -0.4651693 nan nan
4390253000000.0 -0.46582028 nan nan
4396389200000.0 -0.46647137 nan nan
4402525500000.0 -0.46712244 nan nan
4408660700000.0 -0.46777344 nan nan
4414797000000.0 -0.4684245 nan nan
4420933000000.0 -0.46907556 nan nan
4427068500000.0 -0.4697265 nan nan
4433204000000.0 -0.47037753 nan nan
4439341000000.0 -0.4710287 nan nan
4445477000000.0 -0.47167972 nan nan
4451612000000.0 -0.4723307 nan nan
4457749000000.0 -0.4729818 nan nan
4463884500000.0 -0.47363284 nan nan
4470019700000.0 -0.4742838 nan nan
4476156500000.0 -0.47493497 nan nan
4482292000000.0 -0.47558594 nan nan
4488427500000.0 -0.47623694 nan nan
4494564000000.0 -0.47688803 nan nan
4500700000000.0 -0.47753906 nan nan
4506835000000.0 -0.47819003 nan nan
4512971500000.0 -0.47884113 nan nan
4519108000000.0 -0.47949222 nan nan
4525243500000.0 -0.48014325 nan nan
4531379000000.0 -0.48079422 nan nan
4537515500000.0 -0.48144534 nan nan
4543651000000.0 -0.48209637 nan nan
4549787000000.0 -0.48274735 nan nan
4555923000000.0 -0.48339847 nan nan
4562059000000.0 -0.48404947 nan nan
4568195300000.0 -0.48470056 nan nan
4574331000000.0 -0.48535156 nan nan
4580467000000.0 -0.4860026 nan nan
4586603000000.0 -0.48665366 nan nan
4592739300000.0 -0.48730478 nan nan
4598874500000.0 -0.48795572 nan nan
4605010000000.0 -0.48860675 nan nan
4611147000000.0 -0.48925787 nan nan
4617282000000.0 -0.48990884 1.2977621e-11 -23378646.0
4623418000000.0 -0.49055988 1.2977621e-11 -23378646.0
4629555000000.0 -0.491211 1.2977621e-11 -23378646.0
4635690000000.0 -0.49186197 1.2977621e-11 -23378646.0
4641826000000.0 -0.49251297 1.308919e-11 -23368418.0
4647962500000.0 -0.49316412 1.308919e-11 -23368418.0
4654098000000.0 -0.49381506 1.308919e-11 -23368418.0
4660233500000.0 -0.4944661 1.308919e-11 -23368418.0
4666370300000.0 -0.49511725 1.8649358e-11 -21696478.0
4672506000000.0 -0.49576828 1.8649358e-11 -21696478.0
4678641000000.0 -0.49641922 1.8649358e-11 -21696478.0
4684777500000.0 -0.4970703 1.8649358e-11 -21696478.0
4690914000000.0 -0.49772137 1.9278587e-11 -21640416.0
4697049000000.0 -0.49837238 1.9278587e-11 -21640416.0
4703185300000.0 -0.49902344 1.9278587e-11 -21640416.0
4709321500000.0 -0.4996745 1.9278587e-11 -21640416.0
