morphology_data/1d_wa_a0.025_l4r2_00001.ecsv
# %ECSV 1.0
# ---
# datatype:
# - {name: b, datatype: float32}
# - {name: phase, datatype: float32}
# - {name: sigma, datatype: float32}
# - {name: vr, datatype: float32}
# meta: {lambda: 4, rp: 2.0, sep: 0.025, wind: a}
# schema: astropy-2.0
b phase sigma vr
[from data line 637]
-200184430000.0 0.08496091 1.0895942e-07 20556.744
-198650580000.0 0.08430992 1.0895942e-07 20556.744
-197116530000.0 0.08365885 1.0895942e-07 20556.744
-195582570000.0 0.08300782 1.13062065e-07 -20768.896
-194048620000.0 0.08235679 1.13062065e-07 -20768.896
-192514570000.0 0.08170572 1.1377427e-07 -39986.305
-190980620000.0 0.08105469 1.1377427e-07 -39986.305
-189446670000.0 0.080403656 1.1442391e-07 -61577.07
-187912620000.0 0.07975259 1.1442391e-07 -61577.07
-186378750000.0 0.07910159 1.1506516e-07 -82823.414
-184844700000.0 0.07845052 1.1506516e-07 -82823.414
-183310660000.0 0.077799454 1.15795835e-07 -104048.164
-181776800000.0 0.07714847 1.15795835e-07 -104048.164
-180242740000.0 0.07649739 1.1667737e-07 -125970.586
-178708710000.0 0.07584633 1.1667737e-07 -125970.586
-177174840000.0 0.075195335 1.1760767e-07 -148630.61
-175640790000.0 0.07454426 1.1760767e-07 -148630.61
-174106840000.0 0.073893234 1.1854989e-07 -172038.14
-172572880000.0 0.0732422 1.1854989e-07 -172038.14
-171038830000.0 0.07259113 1.1953847e-07 -195938.86
-169504880000.0 0.0719401 1.1953847e-07 -195938.86
-167970930000.0 0.07128907 1.2058767e-07 -219907.42
-166436880000.0 0.070638 1.2058767e-07 -219907.42
-164903010000.0 0.06998701 1.2172804e-07 -242899.19
-163368980000.0 0.069335945 1.2172804e-07 -242899.19
-161834930000.0 0.068684876 1.2291143e-07 -263265.6
-160301060000.0 0.068033874 1.2291143e-07 -263265.6
-158767020000.0 0.06738281 1.240666e-07 -282288.06
-157232970000.0 0.06673174 1.240666e-07 -282288.06
-155699100000.0 0.06608075 1.2516539e-07 -300041.34
-154165070000.0 0.06542969 1.2516539e-07 -300041.34
-152631100000.0 0.06477865 1.263143e-07 -318013.03
-151097150000.0 0.06412762 1.263143e-07 -318013.03
-149563110000.0 0.063476555 1.274664e-07 -338134.2
-148029150000.0 0.062825516 1.274664e-07 -338134.2
-146495200000.0 0.062174488 1.2923951e-07 -350169.56
-144961160000.0 0.061523426 1.3014285e-07 -366911.72
-143427290000.0 0.060872428 1.3084215e-07 -373607.16
-141893240000.0 0.06022136 1.3186806e-07 -389203.25
-140359190000.0 0.059570286 1.3261774e-07 -395346.6
-138825330000.0 0.058919296 1.3362012e-07 -410799.47
-137291284000.0 0.058268227 1.3430657e-07 -417507.88
-135757240000.0 0.057617158 1.3526446e-07 -432590.38
-134223370000.0 0.056966167 1.3602039e-07 -439787.84
-132689330000.0 0.056315098 1.3705716e-07 -454794.28
-131155370000.0 0.055664066 1.3790937e-07 -463014.62
-129621420000.0 0.055013034 1.3899728e-07 -477413.97
-128087376000.0 0.05436197 1.399365e-07 -486209.97
-126553416000.0 0.053710938 1.4099153e-07 -499850.16
-125019460000.0 0.053059906 1.4187732e-07 -509520.62
-123485420000.0 0.052408837 1.4281207e-07 -522613.16
-121951550000.0 0.051757842 1.4368597e-07 -533526.0
-120417510000.0 0.051106777 1.4461587e-07 -546466.94
-118883460000.0 0.050455708 1.4549761e-07 -558079.9
-117349600000.0 0.049804714 1.4639052e-07 -570127.8
-115815555000.0 0.049153645 1.4734754e-07 -581465.9
-114281505000.0 0.048502576 1.4843262e-07 -592374.7
-112747640000.0 0.047851585 1.4963484e-07 -602872.25
-111213590000.0 0.047200516 1.5093373e-07 -613443.06
-109679640000.0 0.046549484 1.5234787e-07 -623939.3
-108145690000.0 0.045898452 1.5388711e-07 -633995.3
-106611640000.0 0.045247383 1.5543111e-07 -643815.56
-105077690000.0 0.04459635 1.5686012e-07 -653368.8
-103543734000.0 0.043945324 1.5812802e-07 -663322.25
-102009680000.0 0.043294255 1.5928322e-07 -673604.8
-100475820000.0 0.04264326 1.6040725e-07 -684556.94
-98941770000.0 0.04199219 1.6169602e-07 -694803.0
-97407730000.0 0.041341122 1.631544e-07 -704385.4
-95873870000.0 0.04069013 1.6475485e-07 -713194.0
-94339820000.0 0.040039062 1.6652206e-07 -721888.06
-92805775000.0 0.039387994 1.685605e-07 -729185.5
-91271905000.0 0.038736995 1.7081022e-07 -735526.06
-89737860000.0 0.03808593 1.7301065e-07 -741825.1
-88203910000.0 0.0374349 1.749385e-07 -748810.8
-86669950000.0 0.03678387 1.7676064e-07 -756522.06
-85135910000.0 0.0361328 1.7866651e-07 -763778.0
-83601960000.0 0.035481773 1.8061299e-07 -770894.1
-82068000000.0 0.034830738 1.82626e-07 -778242.44
-80533955000.0 0.03417967 1.8481184e-07 -785179.6
-79000084000.0 0.033528678 1.8730174e-07 -790897.6
-77466040000.0 0.03287761 1.90055e-07 -795538.3
-75932000000.0 0.03222654 1.930467e-07 -800294.5
-74398130000.0 0.031575546 1.9635394e-07 -804687.3
-72864090000.0 0.030924477 1.9793696e-07 -795565.3
-71330050000.0 0.030273411 2.0197655e-07 -796250.25
-69796176000.0 0.029622415 2.0525144e-07 -799394.06
-68262130000.0 0.028971346 2.0870542e-07 -804389.94
-66728178000.0 0.028320316 2.1319606e-07 -803536.56
-65194220000.0 0.027669284 2.174481e-07 -804277.25
-63660175000.0 0.027018217 2.213261e-07 -809096.8
-62126220000.0 0.026367186 2.2644218e-07 -809468.1
-60592263000.0 0.025716154 2.3173581e-07 -806566.44
-59058220000.0 0.025065087 2.3646572e-07 -808627.0
-57524355000.0 0.024414092 2.4230266e-07 -806992.9
-55990310000.0 0.023763025 2.4856067e-07 -802439.25
-54456267000.0 0.023111956 2.540255e-07 -802211.8
-52922400000.0 0.022460962 2.608432e-07 -799496.0
-51388355000.0 0.021809895 2.6814462e-07 -792673.44
-49854310000.0 0.021158826 2.753556e-07 -790200.44
-48320442000.0 0.020507833 2.8474005e-07 -779579.9
-46786400000.0 0.019856764 2.9424726e-07 -768267.0
-45252444000.0 0.019205732 3.0445847e-07 -758293.7
-43718490000.0 0.018554702 3.1667486e-07 -739569.5
-42184440000.0 0.017903633 3.2833572e-07 -725262.9
-40650486000.0 0.017252602 3.4250633e-07 -704613.94
-39116534000.0 0.016601572 3.572828e-07 -682140.1
-37582488000.0 0.015950503 3.744501e-07 -661593.6
-36048620000.0 0.015299509 3.9736898e-07 -631605.7
-34514575000.0 0.014648439 4.223156e-07 -597949.2
-32980531000.0 0.013997372 4.4784213e-07 -559583.75
-31446665000.0 0.013346379 4.7770124e-07 -514652.9
-29912621000.0 0.012695311 5.0816504e-07 -472206.84
-28378577000.0 0.012044242 5.5388745e-07 -423719.06
-26844710000.0 0.011393248 6.060259e-07 -369276.5
-25310667000.0 0.01074218 6.6702455e-07 -305015.12
-23776710000.0 0.010091149 7.287093e-07 -259406.31
-22242755000.0 0.009440118 8.293593e-07 -199894.86
-20708710000.0 0.008789049 9.4938395e-07 -146844.78
-19174754000.0 0.008138019 1.0818787e-06 -99511.414
-17640800000.0 0.0074869874 1.2787436e-06 -63152.477
-16106755000.0 0.006835919 1.5543842e-06 -42553.984
-14572889000.0 0.006184926 1.934087e-06 -36247.39
14572889000.0 -0.006184926 2.0790167e-06 -12794.741
16106755000.0 -0.006835919 1.6399401e-06 -30377.598
17640800000.0 -0.0074869874 1.3525153e-06 -24871.758
19174754000.0 -0.008138019 1.1491627e-06 -4490.048
20708710000.0 -0.008789049 9.915285e-07 25622.95
22242755000.0 -0.009440118 8.654779e-07 60018.14
23776710000.0 -0.010091149 7.739436e-07 99370.07
25310667000.0 -0.01074218 7.0132336e-07 139688.52
26844710000.0 -0.011393248 6.352484e-07 180038.2
28378577000.0 -0.012044242 5.7892095e-07 214455.03
29912621000.0 -0.012695311 5.387515e-07 246231.52
31446665000.0 -0.013346379 5.038827e-07 270548.72
32980531000.0 -0.013997372 4.6981364e-07 293167.5
34514575000.0 -0.014648439 4.4084297e-07 307872.38
36048620000.0 -0.015299509 4.169168e-07 316609.97
37582488000.0 -0.015950503 4.0083896e-07 330930.53
39116534000.0 -0.016601572 3.8419898e-07 341596.34
40650486000.0 -0.017252602 3.6955575e-07 357298.3
42184440000.0 -0.017903633 3.578229e-07 378415.56
43718490000.0 -0.018554702 3.4749132e-07 408167.5
45252444000.0 -0.019205732 3.3931624e-07 442310.03
46786400000.0 -0.019856764 3.3182806e-07 470243.94
48320442000.0 -0.020507833 3.2452363e-07 490202.78
49854310000.0 -0.021158826 3.1767013e-07 500950.75
51388355000.0 -0.021809895 3.1102354e-07 506864.6
52922400000.0 -0.022460962 3.050132e-07 508741.38
54456267000.0 -0.023111956 2.992695e-07 510565.47
55990310000.0 -0.023763025 2.9454256e-07 510492.12
57524355000.0 -0.024414092 2.9021533e-07 510505.25
59058220000.0 -0.025065087 2.8637413e-07 507435.47
60592263000.0 -0.025716154 2.825385e-07 503549.7
62126220000.0 -0.026367186 2.7893043e-07 496816.44
63660175000.0 -0.027018217 2.7541586e-07 488684.06
65194220000.0 -0.027669284 2.7183341e-07 477614.4
66728178000.0 -0.028320316 2.6841929e-07 465441.22
68262130000.0 -0.028971346 2.6505126e-07 453403.84
69796176000.0 -0.029622415 2.620598e-07 442963.53
71330050000.0 -0.030273411 2.59309e-07 435601.4
72864090000.0 -0.030924477 2.5710597e-07 431040.44
74398130000.0 -0.031575546 2.5683255e-07 447824.62
75932000000.0 -0.03222654 2.5572817e-07 449026.88
77466040000.0 -0.03287761 2.5487867e-07 451733.88
79000084000.0 -0.033528678 2.5423032e-07 453598.44
80533955000.0 -0.03417967 2.5357932e-07 450316.7
82068000000.0 -0.034830738 2.5296893e-07 444061.88
83601960000.0 -0.035481773 2.5257066e-07 437359.94
85135910000.0 -0.0361328 2.523934e-07 430609.56
86669950000.0 -0.03678387 2.5236065e-07 423921.8
88203910000.0 -0.0374349 2.5248363e-07 417575.03
89737860000.0 -0.03808593 2.5272246e-07 411102.2
91271905000.0 -0.038736995 2.5299028e-07 403615.47
92805775000.0 -0.039387994 2.5310743e-07 392550.5
94339820000.0 -0.040039062 2.5311095e-07 378968.12
95873870000.0 -0.04069013 2.5308861e-07 363972.28
97407730000.0 -0.041341122 2.5297916e-07 348112.06
98941770000.0 -0.04199219 2.5280985e-07 331758.8
100475820000.0 -0.04264326 2.5259317e-07 314695.38
102009680000.0 -0.043294255 2.5229005e-07 296442.75
103543734000.0 -0.043945324 2.5177243e-07 276928.44
105077690000.0 -0.04459635 2.51087e-07 256382.22
106611640000.0 -0.045247383 2.5031028e-07 236096.77
108145690000.0 -0.045898452 2.495449e-07 216675.19
109679640000.0 -0.046549484 2.4881237e-07 198684.23
111213590000.0 -0.047200516 2.4813113e-07 181716.42
112747640000.0 -0.047851585 2.4760925e-07 165658.14
114281505000.0 -0.048502576 2.4725082e-07 151199.05
115815555000.0 -0.049153645 2.470989e-07 138440.8
117349600000.0 -0.049804714 2.4723835e-07 127801.875
118883460000.0 -0.050455708 2.4768065e-07 118814.984
120417510000.0 -0.051106777 2.4845323e-07 112021.46
121951550000.0 -0.051757842 2.494176e-07 106715.31
123485420000.0 -0.052408837 2.5057827e-07 103137.336
125019460000.0 -0.053059906 2.5181828e-07 100597.37
126553416000.0 -0.053710938 2.5310194e-07 98503.79
128087376000.0 -0.05436197 2.5432035e-07 96850.95
129621420000.0 -0.055013034 2.5546535e-07 94030.3
131155370000.0 -0.055664066 2.5659975e-07 90642.95
132689330000.0 -0.056315098 2.5768708e-07 85358.13
134223370000.0 -0.056966167 2.5884165e-07 79450.97
135757240000.0 -0.057617158 2.6000862e-07 72314.09
137291284000.0 -0.058268227 2.6119125e-07 64748.727
138825330000.0 -0.058919296 2.6234167e-07 57002.492
140359190000.0 -0.059570286 2.6329394e-07 47900.92
141893240000.0 -0.06022136 2.6401014e-07 37844.87
143427290000.0 -0.060872428 2.6443078e-07 26570.182
144961160000.0 -0.061523426 2.6450704e-07 13903.702
146495200000.0 -0.062174488 2.647976e-07 -297.0482
148029150000.0 -0.062825516 2.6166506e-07 -36323.09
149563110000.0 -0.063476555 2.6166506e-07 -36323.09
151097150000.0 -0.06412762 2.6173248e-07 -59831.477
152631100000.0 -0.06477865 2.6173248e-07 -59831.477
154165070000.0 -0.06542969 2.6293887e-07 -76310.58
155699100000.0 -0.06608075 2.6293887e-07 -76310.58
157232970000.0 -0.06673174 2.6532138e-07 -85448.12
158767020000.0 -0.06738281 2.6532138e-07 -85448.12
160301060000.0 -0.068033874 2.6779315e-07 -97631.75
161834930000.0 -0.068684876 2.6779315e-07 -97631.75
163368980000.0 -0.069335945 2.6899698e-07 -124175.84
164903010000.0 -0.06998701 2.6899698e-07 -124175.84
166436880000.0 -0.070638 2.6913204e-07 -155417.39
167970930000.0 -0.07128907 2.6913204e-07 -155417.39
169504880000.0 -0.0719401 2.6841337e-07 -192859.78
171038830000.0 -0.07259113 2.6841337e-07 -192859.78
172572880000.0 -0.0732422 2.6697032e-07 -230862.73
174106840000.0 -0.073893234 2.6697032e-07 -230862.73
175640790000.0 -0.07454426 2.6503722e-07 -265508.3
177174840000.0 -0.075195335 2.6503722e-07 -265508.3
178708710000.0 -0.07584633 2.6274552e-07 -296646.28
180242740000.0 -0.07649739 2.6274552e-07 -296646.28
181776800000.0 -0.07714847 2.6032612e-07 -323207.72
183310660000.0 -0.077799454 2.6032612e-07 -323207.72
184844700000.0 -0.07845052 2.5797968e-07 -344226.16
186378750000.0 -0.07910159 2.5797968e-07 -344226.16
187912620000.0 -0.07975259 2.5594483e-07 -357957.6
189446670000.0 -0.080403656 2.5594483e-07 -357957.6
190980620000.0 -0.08105469 2.5448742e-07 -363359.62
192514570000.0 -0.08170572 2.5448742e-07 -363359.62
194048620000.0 -0.08235679 2.5567834e-07 -351531.25
195582570000.0 -0.08300782 2.5567834e-07 -351531.25
197116530000.0 -0.08365885 2.413165e-07 -354965.97
198650580000.0 -0.08430992 2.413165e-07 -354965.97
200184430000.0 -0.08496091 2.413165e-07 -354965.97
201718480000.0 -0.08561198 2.413165e-07 -354965.97
203252530000.0 -0.086263046 2.3849628e-07 -389143.28
204786400000.0 -0.08691404 2.3849628e-07 -389143.28
206320440000.0 -0.08756511 2.3849628e-07 -389143.28
207854390000.0 -0.08821614 2.3849628e-07 -389143.28
209388360000.0 -0.08886717 2.3189473e-07 -486619.6
210922390000.0 -0.08951824 2.3189473e-07 -486619.6
212456340000.0 -0.09016927 2.3189473e-07 -486619.6
213990310000.0 -0.090820305 2.3189473e-07 -486619.6
215524340000.0 -0.091471374 2.1917734e-07 -649673.4
217058210000.0 -0.09212236 2.1917734e-07 -649673.4
218592260000.0 -0.09277343 2.1917734e-07 -649673.4
220126300000.0 -0.0934245 2.1917734e-07 -649673.4
221660170000.0 -0.09407549 2.0684055e-07 -803663.06
223194220000.0 -0.09472656 2.0684055e-07 -803663.06
224728250000.0 -0.09537763 2.0684055e-07 -803663.06
226262120000.0 -0.096028626 2.0684055e-07 -803663.06
227796170000.0 -0.096679695 1.9893865e-07 -918892.6
229330120000.0 -0.09733073 1.9893865e-07 -918892.6
230864080000.0 -0.09798176 1.9893865e-07 -918892.6
232398130000.0 -0.09863283 1.9893865e-07 -918892.6
233932080000.0 -0.09928385 1.9532936e-07 -1006479.25
235466030000.0 -0.09993488 1.9532936e-07 -1006479.25
237000080000.0 -0.10058595 1.9532936e-07 -1006479.25
238533950000.0 -0.10123695 1.9532936e-07 -1006479.25
240067990000.0 -0.101888016 1.9524965e-07 -1066211.1
241602040000.0 -0.102539085 1.9524965e-07 -1066211.1
243135900000.0 -0.10319008 1.9524965e-07 -1066211.1
244669960000.0 -0.10384115 1.9524965e-07 -1066211.1
246203990000.0 -0.10449222 1.9492e-07 -1124483.4
247737860000.0 -0.10514321 1.9492e-07 -1124483.4
249271910000.0 -0.10579427 1.9492e-07 -1124483.4
250805860000.0 -0.106445305 1.9492e-07 -1124483.4
252339810000.0 -0.10709634 1.9318878e-07 -1187634.9
253873860000.0 -0.107747406 1.9318878e-07 -1187634.9
255407820000.0 -0.10839844 1.9318878e-07 -1187634.9
256941770000.0 -0.10904947 1.9318878e-07 -1187634.9
258475820000.0 -0.10970054 1.8945055e-07 -1252936.2
260009670000.0 -0.11035153 1.8945055e-07 -1252936.2
261543720000.0 -0.1110026 1.8945055e-07 -1252936.2
263077770000.0 -0.11165367 1.8945055e-07 -1252936.2
264611640000.0 -0.11230466 1.8641228e-07 -1314643.8
266145680000.0 -0.11295573 1.8641228e-07 -1314643.8
267679730000.0 -0.113606796 1.8641228e-07 -1314643.8
269213600000.0 -0.11425779 1.8641228e-07 -1314643.8
270747630000.0 -0.11490886 1.8636221e-07 -1369048.6
272281600000.0 -0.11555989 1.8636221e-07 -1369048.6
273815550000.0 -0.11621092 1.8636221e-07 -1369048.6
275349600000.0 -0.11686199 1.8636221e-07 -1369048.6
276883540000.0 -0.11751302 1.8767722e-07 -1416195.0
278417500000.0 -0.118164055 1.8767722e-07 -1416195.0
279951540000.0 -0.118815124 1.8767722e-07 -1416195.0
281485400000.0 -0.11946611 1.8767722e-07 -1416195.0
283019440000.0 -0.12011717 1.9027254e-07 -1457155.4
284553500000.0 -0.12076825 1.9027254e-07 -1457155.4
286087380000.0 -0.12141925 1.9027254e-07 -1457155.4
287621400000.0 -0.12207031 1.9027254e-07 -1457155.4
289155450000.0 -0.12272138 1.9552493e-07 -1494844.9
290689320000.0 -0.123372376 1.9552493e-07 -1494844.9
292223400000.0 -0.12402345 1.9552493e-07 -1494844.9
293757320000.0 -0.12467448 1.9552493e-07 -1494844.9
295291300000.0 -0.1253255 2.0338717e-07 -1530109.9
296825320000.0 -0.12597658 2.0338717e-07 -1530109.9
298359300000.0 -0.12662761 2.0338717e-07 -1530109.9
299893230000.0 -0.12727864 2.0338717e-07 -1530109.9
301427300000.0 -0.12792972 2.1183195e-07 -1567122.9
