morphology_data/1d_wb_a0.025_l2r2_00001.ecsv
# %ECSV 1.0
# ---
# datatype:
# - {name: b, datatype: float32}
# - {name: phase, datatype: float32}
# - {name: sigma, datatype: float32}
# - {name: vr, datatype: float32}
# meta: {lambda: 2, rp: 2.0, sep: 0.025, wind: b}
# schema: astropy-2.0
b phase sigma vr
[from data line 310]
-701796250000.0 0.29785156 1.3104738e-10 -4942950.5
-700262300000.0 0.29720056 1.3104738e-10 -4942950.5
-698728250000.0 0.29654947 1.3938051e-10 -4562700.0
-697194300000.0 0.29589847 1.3938051e-10 -4562700.0
-695660300000.0 0.2952474 1.3938051e-10 -4562700.0
-694126300000.0 0.29459634 1.3938051e-10 -4562700.0
-692592300000.0 0.29394528 1.4791099e-10 -4272770.0
-691058400000.0 0.29329428 1.4791099e-10 -4272770.0
-689524440000.0 0.29264325 1.4791099e-10 -4272770.0
-687990440000.0 0.2919922 1.4791099e-10 -4272770.0
-686456440000.0 0.29134116 1.5259125e-10 -4178293.0
-684922440000.0 0.2906901 1.5259125e-10 -4178293.0
-683388440000.0 0.29003903 1.5259125e-10 -4178293.0
-681854500000.0 0.28938803 1.5259125e-10 -4178293.0
-680320500000.0 0.28873697 1.5564706e-10 -4252775.0
-678786560000.0 0.28808594 1.5564706e-10 -4252775.0
-677252560000.0 0.2874349 1.5564706e-10 -4252775.0
-675718560000.0 0.28678384 1.5564706e-10 -4252775.0
-674184600000.0 0.28613284 1.5639215e-10 -4510336.5
-672650600000.0 0.28548178 1.5639215e-10 -4510336.5
-671116600000.0 0.28483072 1.5639215e-10 -4510336.5
-669582600000.0 0.28417966 1.5639215e-10 -4510336.5
-668048700000.0 0.28352866 1.5523796e-10 -4802598.5
-666514700000.0 0.2828776 1.5523796e-10 -4802598.5
-664980700000.0 0.28222656 1.5523796e-10 -4802598.5
-663446750000.0 0.28157553 1.5523796e-10 -4802598.5
-661912750000.0 0.28092447 1.5692424e-10 -4979682.5
-660378750000.0 0.28027344 1.5692424e-10 -4979682.5
-658844800000.0 0.2796224 1.5692424e-10 -4979682.5
-657310800000.0 0.27897137 1.5692424e-10 -4979682.5
-655776800000.0 0.2783203 1.6136305e-10 -5052504.0
-654242800000.0 0.27766928 1.6136305e-10 -5052504.0
-652708900000.0 0.27701825 1.6136305e-10 -5052504.0
-651174900000.0 0.2763672 1.6136305e-10 -5052504.0
-649640900000.0 0.27571613 1.6480065e-10 -5071395.5
-648106930000.0 0.2750651 1.6480065e-10 -5071395.5
-646572930000.0 0.27441406 1.6480065e-10 -5071395.5
-645038900000.0 0.273763 1.6480065e-10 -5071395.5
-643504900000.0 0.27311197 1.6587642e-10 -5091164.0
-641971000000.0 0.27246094 1.6587642e-10 -5091164.0
-640437000000.0 0.2718099 1.6587642e-10 -5091164.0
-638903000000.0 0.27115884 1.6587642e-10 -5091164.0
-637369060000.0 0.2705078 1.6427526e-10 -5147493.5
-635835100000.0 0.2698568 1.6427526e-10 -5147493.5
-634301100000.0 0.26920575 1.6427526e-10 -5147493.5
-632767100000.0 0.2685547 1.6427526e-10 -5147493.5
-631233100000.0 0.26790366 1.6026944e-10 -5244194.5
-629699100000.0 0.2672526 1.6026944e-10 -5244194.5
-628165100000.0 0.26660156 1.6026944e-10 -5244194.5
-626631200000.0 0.26595053 1.6026944e-10 -5244194.5
-625097240000.0 0.2652995 1.5568032e-10 -5312705.0
-623563240000.0 0.26464844 1.5568032e-10 -5312705.0
-622029240000.0 0.2639974 1.5568032e-10 -5312705.0
-620495240000.0 0.26334634 1.5568032e-10 -5312705.0
-618961240000.0 0.26269528 1.5201924e-10 -5298400.5
-617427240000.0 0.26204425 1.5201924e-10 -5298400.5
-615893300000.0 0.26139322 1.5201924e-10 -5298400.5
-614359400000.0 0.2607422 1.5201924e-10 -5298400.5
-612825370000.0 0.26009116 1.4788151e-10 -5221310.0
-611291370000.0 0.2594401 1.4788151e-10 -5221310.0
-609757400000.0 0.2587891 1.4788151e-10 -5221310.0
-608223400000.0 0.25813803 1.4788151e-10 -5221310.0
-606689400000.0 0.257487 1.427879e-10 -5153860.0
-605155400000.0 0.2568359 1.427879e-10 -5153860.0
-603621500000.0 0.2561849 1.427879e-10 -5153860.0
-602087500000.0 0.25553384 1.427879e-10 -5153860.0
-600553500000.0 0.2548828 1.4060855e-10 -5016467.5
-599019550000.0 0.25423178 1.4060855e-10 -5016467.5
-597485550000.0 0.25358072 1.4060855e-10 -5016467.5
-595951550000.0 0.2529297 1.4060855e-10 -5016467.5
-594417600000.0 0.25227866 1.4329701e-10 -4774791.5
-592883600000.0 0.25162762 1.4329701e-10 -4774791.5
-591349600000.0 0.25097656 1.4329701e-10 -4774791.5
-589815600000.0 0.2503255 1.4329701e-10 -4774791.5
-588281700000.0 0.24967448 1.5041261e-10 -4491573.0
-586747700000.0 0.24902344 1.5041261e-10 -4491573.0
-585213700000.0 0.24837239 1.5041261e-10 -4491573.0
-583679740000.0 0.24772136 1.5041261e-10 -4491573.0
-582145740000.0 0.2470703 1.5847493e-10 -4252529.5
-580611740000.0 0.24641925 1.5847493e-10 -4252529.5
-579077730000.0 0.2457682 1.5847493e-10 -4252529.5
-577543800000.0 0.24511719 1.5847493e-10 -4252529.5
-576009800000.0 0.24446614 1.6784368e-10 -4068594.2
-574475800000.0 0.2438151 1.6784368e-10 -4068594.2
-572941860000.0 0.24316406 1.6784368e-10 -4068594.2
-571407900000.0 0.24251305 1.6784368e-10 -4068594.2
-569873900000.0 0.241862 1.7794131e-10 -3909308.8
-568339900000.0 0.24121095 1.7794131e-10 -3909308.8
-566805900000.0 0.2405599 1.7794131e-10 -3909308.8
-565271900000.0 0.23990884 1.7794131e-10 -3909308.8
-563737900000.0 0.2392578 1.86833e-10 -3772876.8
-562204000000.0 0.23860677 1.86833e-10 -3772876.8
-560670050000.0 0.23795573 1.86833e-10 -3772876.8
-559136050000.0 0.23730469 1.86833e-10 -3772876.8
-557602050000.0 0.23665364 1.9430195e-10 -3644022.2
-556068040000.0 0.2360026 1.9430195e-10 -3644022.2
-554534040000.0 0.23535155 1.9430195e-10 -3644022.2
-553000040000.0 0.23470049 1.9430195e-10 -3644022.2
-551466100000.0 0.23404948 2.011e-10 -3519911.0
-549932200000.0 0.23339845 2.011e-10 -3519911.0
-548398170000.0 0.23274739 2.011e-10 -3519911.0
-546864170000.0 0.23209634 2.011e-10 -3519911.0
-545330200000.0 0.23144531 2.0886444e-10 -3388774.2
-543796200000.0 0.23079427 2.0886444e-10 -3388774.2
-542262200000.0 0.23014322 2.0886444e-10 -3388774.2
-540728260000.0 0.22949219 2.0886444e-10 -3388774.2
-539194300000.0 0.22884116 2.1797295e-10 -3263268.8
-537660300000.0 0.22819011 2.1797295e-10 -3263268.8
-536126300000.0 0.22753906 2.1797295e-10 -3263268.8
-534592320000.0 0.22688803 2.1797295e-10 -3263268.8
-533058360000.0 0.22623697 2.3105087e-10 -3156327.2
-531524350000.0 0.22558592 2.3105087e-10 -3156327.2
-529990400000.0 0.22493489 2.3105087e-10 -3156327.2
-528456420000.0 0.22428386 2.3105087e-10 -3156327.2
-526922400000.0 0.22363281 2.5071023e-10 -3060670.8
-525388400000.0 0.22298177 2.5071023e-10 -3060670.8
-523854480000.0 0.22233073 2.5071023e-10 -3060670.8
-522320480000.0 0.22167969 2.5071023e-10 -3060670.8
-520786480000.0 0.22102864 2.7418245e-10 -2972103.2
-519252500000.0 0.22037761 2.7418245e-10 -2972103.2
-517718570000.0 0.21972658 2.7418245e-10 -2972103.2
-516184570000.0 0.21907552 2.7418245e-10 -2972103.2
-514650570000.0 0.21842447 2.9984606e-10 -2881597.2
-513116600000.0 0.21777344 2.9984606e-10 -2881597.2
-511582600000.0 0.21712239 2.9984606e-10 -2881597.2
-510048600000.0 0.21647134 2.9984606e-10 -2881597.2
-508514660000.0 0.21582031 3.2796024e-10 -2786549.8
-506980700000.0 0.21516928 3.2796024e-10 -2786549.8
-505446700000.0 0.21451823 3.2796024e-10 -2786549.8
-503912700000.0 0.21386719 3.2796024e-10 -2786549.8
-502378730000.0 0.21321616 3.592415e-10 -2691134.2
-500844760000.0 0.2125651 3.592415e-10 -2691134.2
-499310760000.0 0.21191405 3.592415e-10 -2691134.2
-497776800000.0 0.21126302 3.592415e-10 -2691134.2
-496242820000.0 0.21061198 3.962391e-10 -2585344.5
-494708820000.0 0.20996094 3.962391e-10 -2585344.5
-493174820000.0 0.20930989 3.962391e-10 -2585344.5
-491640880000.0 0.20865886 3.962391e-10 -2585344.5
-490106880000.0 0.20800781 4.4120932e-10 -2462477.5
-488572880000.0 0.20735677 4.4120932e-10 -2462477.5
-487038900000.0 0.20670573 4.4120932e-10 -2462477.5
-485504970000.0 0.2060547 4.4120932e-10 -2462477.5
-483970970000.0 0.20540364 4.95739e-10 -2318969.8
-482436970000.0 0.2047526 4.95739e-10 -2318969.8
-480903000000.0 0.20410156 4.95739e-10 -2318969.8
-479369070000.0 0.20345053 4.95739e-10 -2318969.8
-477835000000.0 0.20279947 5.6571814e-10 -2165463.0
-476301070000.0 0.20214844 5.6571814e-10 -2165463.0
-474767100000.0 0.2014974 5.6571814e-10 -2165463.0
-473233100000.0 0.20084636 5.6571814e-10 -2165463.0
-471699100000.0 0.20019531 6.586057e-10 -1999829.6
-470165130000.0 0.19954428 6.586057e-10 -1999829.6
-468631200000.0 0.19889325 6.586057e-10 -1999829.6
-467097160000.0 0.19824217 6.586057e-10 -1999829.6
-465563200000.0 0.19759114 7.799032e-10 -1822125.0
-464029220000.0 0.19694011 7.799032e-10 -1822125.0
-462495220000.0 0.19628906 7.799032e-10 -1822125.0
-460961220000.0 0.19563802 7.799032e-10 -1822125.0
-459427280000.0 0.19498698 9.400434e-10 -1636785.9
-457893300000.0 0.19433595 9.400434e-10 -1636785.9
-456359280000.0 0.19368488 9.400434e-10 -1636785.9
-454825300000.0 0.19303386 9.400434e-10 -1636785.9
-453291380000.0 0.19238283 1.1607054e-09 -1456863.9
-451757380000.0 0.19173177 1.1607054e-09 -1456863.9
-450223370000.0 0.19108072 1.1607054e-09 -1456863.9
-448689400000.0 0.19042969 1.1607054e-09 -1456863.9
-447155440000.0 0.18977866 1.4626542e-09 -1292151.0
-445621400000.0 0.1891276 1.4626542e-09 -1292151.0
-444087470000.0 0.18847656 1.4626542e-09 -1292151.0
-442553500000.0 0.18782553 1.4626542e-09 -1292151.0
-441019500000.0 0.18717448 1.8458794e-09 -1148518.9
-439485500000.0 0.18652342 1.8458794e-09 -1148518.9
-437951530000.0 0.1858724 1.8458794e-09 -1148518.9
-436417600000.0 0.18522137 1.8458794e-09 -1148518.9
-434883530000.0 0.1845703 2.2833597e-09 -1042005.44
-433349600000.0 0.18391927 2.2833597e-09 -1042005.44
-431815620000.0 0.18326823 2.2833597e-09 -1042005.44
-430281620000.0 0.18261719 2.2833597e-09 -1042005.44
-428747700000.0 0.18196616 2.7214153e-09 -982324.6
-427213700000.0 0.18131511 2.7214153e-09 -982324.6
-425679700000.0 0.18066408 2.7214153e-09 -982324.6
-424145680000.0 0.180013 2.7214153e-09 -982324.6
-422611700000.0 0.17936198 3.0745224e-09 -959342.5
-421077780000.0 0.17871095 3.0745224e-09 -959342.5
-419543700000.0 0.17805988 3.0745224e-09 -959342.5
-418009840000.0 0.17740889 3.0745224e-09 -959342.5
-416475800000.0 0.17675781 3.302846e-09 -985194.2
-414941770000.0 0.17610675 3.302846e-09 -985194.2
-413407900000.0 0.17545575 3.302846e-09 -985194.2
-411873870000.0 0.17480469 3.302846e-09 -985194.2
-410339800000.0 0.17415361 3.3907301e-09 -1082807.8
-408805930000.0 0.17350262 3.3907301e-09 -1082807.8
-407271900000.0 0.17285155 3.3907301e-09 -1082807.8
-405737930000.0 0.17220053 3.3907301e-09 -1082807.8
-404204000000.0 0.1715495 3.3843333e-09 -1165815.1
-402669930000.0 0.17089842 3.3843333e-09 -1165815.1
-401136000000.0 0.17024739 3.3843333e-09 -1165815.1
-399602020000.0 0.16959636 3.3843333e-09 -1165815.1
-398068000000.0 0.1689453 3.3548146e-09 -1217018.2
-396534120000.0 0.1682943 3.3548146e-09 -1217018.2
-395000100000.0 0.16764323 3.3548146e-09 -1217018.2
-393466020000.0 0.16699216 3.3548146e-09 -1217018.2
-391932180000.0 0.16634117 3.3280292e-09 -1267909.9
-390398100000.0 0.1656901 3.3280292e-09 -1267909.9
-388864080000.0 0.16503903 3.3280292e-09 -1267909.9
-387330200000.0 0.16438805 3.3280292e-09 -1267909.9
-385796180000.0 0.16373697 3.3053333e-09 -1317315.6
-384262200000.0 0.16308594 3.3053333e-09 -1317315.6
-382728240000.0 0.1624349 3.3053333e-09 -1317315.6
-381194200000.0 0.16178384 3.3053333e-09 -1317315.6
-379660270000.0 0.16113281 3.3010543e-09 -1313930.6
-378126300000.0 0.16048178 3.3010543e-09 -1313930.6
-376592270000.0 0.1598307 3.3010543e-09 -1313930.6
-375058400000.0 0.15917972 3.3010543e-09 -1313930.6
-373524330000.0 0.15852864 3.3982603e-09 -1267920.4
-371990300000.0 0.15787758 3.3982603e-09 -1267920.4
-370456430000.0 0.15722659 3.3982603e-09 -1267920.4
-368922400000.0 0.15657552 3.3982603e-09 -1267920.4
-367388360000.0 0.15592445 3.5552383e-09 -1206103.6
-365854500000.0 0.15527347 3.5552383e-09 -1206103.6
-364320420000.0 0.15462239 3.5552383e-09 -1206103.6
-362786500000.0 0.15397136 3.5552383e-09 -1206103.6
-361252520000.0 0.15332033 3.742724e-09 -1131630.0
-359718500000.0 0.15266925 3.742724e-09 -1131630.0
-358184520000.0 0.15201822 3.742724e-09 -1131630.0
-356650580000.0 0.1513672 3.742724e-09 -1131630.0
-355116500000.0 0.15071613 3.9225205e-09 -1060898.6
-353582650000.0 0.15006512 3.9225205e-09 -1060898.6
-352048600000.0 0.14941406 3.9225205e-09 -1060898.6
-350514580000.0 0.148763 3.9225205e-09 -1060898.6
-348980700000.0 0.148112 4.056502e-09 -1009078.44
-347446640000.0 0.14746092 4.056502e-09 -1009078.44
-345912600000.0 0.14680986 4.056502e-09 -1009078.44
-344378740000.0 0.14615887 4.056502e-09 -1009078.44
-342844700000.0 0.1455078 4.0991157e-09 -983602.25
-341310730000.0 0.14485677 4.0991157e-09 -983602.25
-339776800000.0 0.14420575 4.0991157e-09 -983602.25
-338242730000.0 0.14355466 4.0991157e-09 -983602.25
-336708800000.0 0.14290364 4.041133e-09 -986584.7
-335174830000.0 0.14225261 4.041133e-09 -986584.7
-333640800000.0 0.14160155 4.041133e-09 -986584.7
-332106920000.0 0.14095055 4.041133e-09 -986584.7
-330572900000.0 0.14029948 3.9297827e-09 -991105.1
-329038820000.0 0.13964841 3.9297827e-09 -991105.1
-327504950000.0 0.1389974 3.9297827e-09 -991105.1
-325970920000.0 0.13834634 3.9297827e-09 -991105.1
-324436900000.0 0.13769528 3.811733e-09 -987112.8
-322903000000.0 0.1370443 3.811733e-09 -987112.8
-321368980000.0 0.13639323 3.811733e-09 -987112.8
-319835000000.0 0.13574219 3.811733e-09 -987112.8
-318301040000.0 0.13509116 3.7125145e-09 -972034.5
-316767000000.0 0.1344401 3.7125145e-09 -972034.5
-315233040000.0 0.13378905 3.7125145e-09 -972034.5
-313699100000.0 0.13313803 3.7125145e-09 -972034.5
-312165070000.0 0.13248697 3.6560004e-09 -932128.75
-310631200000.0 0.13183598 3.6560004e-09 -932128.75
-309097140000.0 0.13118489 3.6560004e-09 -932128.75
-307563100000.0 0.13053383 3.6560004e-09 -932128.75
-306029230000.0 0.12988284 3.6701175e-09 -860074.75
-304495200000.0 0.12923177 3.6701175e-09 -860074.75
-302961130000.0 0.12858069 3.6701175e-09 -860074.75
-301427300000.0 0.12792972 3.6701175e-09 -860074.75
-299893230000.0 0.12727864 3.7597987e-09 -768006.6
-298359300000.0 0.12662761 3.7597987e-09 -768006.6
-296825320000.0 0.12597658 3.7597987e-09 -768006.6
-295291300000.0 0.1253255 3.7597987e-09 -768006.6
-293757320000.0 0.12467448 3.92583e-09 -670615.44
-292223400000.0 0.12402345 3.92583e-09 -670615.44
-290689320000.0 0.123372376 3.92583e-09 -670615.44
-289155450000.0 0.12272138 3.92583e-09 -670615.44
-287621400000.0 0.12207031 4.167851e-09 -584264.06
-286087380000.0 0.12141925 4.167851e-09 -584264.06
-284553500000.0 0.12076825 4.167851e-09 -584264.06
-283019440000.0 0.12011717 4.167851e-09 -584264.06
-281485400000.0 0.11946611 4.4708783e-09 -516496.75
-279951540000.0 0.118815124 4.4708783e-09 -516496.75
-278417500000.0 0.118164055 4.4708783e-09 -516496.75
-276883540000.0 0.11751302 4.4708783e-09 -516496.75
-275349600000.0 0.11686199 4.7961364e-09 -467665.0
-273815550000.0 0.11621092 4.7961364e-09 -467665.0
-272281600000.0 0.11555989 4.7961364e-09 -467665.0
-270747630000.0 0.11490886 4.7961364e-09 -467665.0
-269213600000.0 0.11425779 5.1108993e-09 -439064.7
-267679730000.0 0.113606796 5.1108993e-09 -439064.7
-266145680000.0 0.11295573 5.1108993e-09 -439064.7
-264611640000.0 0.11230466 5.1108993e-09 -439064.7
-263077770000.0 0.11165367 5.4207474e-09 -429191.7
-261543720000.0 0.1110026 5.4207474e-09 -429191.7
-260009670000.0 0.11035153 5.4207474e-09 -429191.7
-258475820000.0 0.10970054 5.4207474e-09 -429191.7
-256941770000.0 0.10904947 5.7691416e-09 -419255.9
-255407820000.0 0.10839844 5.7691416e-09 -419255.9
-253873860000.0 0.107747406 5.7691416e-09 -419255.9
-252339810000.0 0.10709634 5.7691416e-09 -419255.9
-250805860000.0 0.106445305 6.1420824e-09 -405306.0
-249271910000.0 0.10579427 6.1420824e-09 -405306.0
-247737860000.0 0.10514321 6.1420824e-09 -405306.0
-246203990000.0 0.10449222 6.1420824e-09 -405306.0
-244669960000.0 0.10384115 6.495086e-09 -402421.8
-243135900000.0 0.10319008 6.495086e-09 -402421.8
-241602040000.0 0.102539085 6.495086e-09 -402421.8
-240067990000.0 0.101888016 6.495086e-09 -402421.8
-238533950000.0 0.10123695 6.8530746e-09 -394600.53
-237000080000.0 0.10058595 6.8530746e-09 -394600.53
-235466030000.0 0.09993488 6.8530746e-09 -394600.53
-233932080000.0 0.09928385 6.8530746e-09 -394600.53
-232398130000.0 0.09863283 7.2618636e-09 -381326.3
-230864080000.0 0.09798176 7.2618636e-09 -381326.3
-229330120000.0 0.09733073 7.2618636e-09 -381326.3
-227796170000.0 0.096679695 7.2618636e-09 -381326.3
