morphology_data/1d_wa_a0.025_l4r2_00001.ecsv
# %ECSV 1.0
# ---
# datatype:
# - {name: b, datatype: float32}
# - {name: phase, datatype: float32}
# - {name: sigma, datatype: float32}
# - {name: vr, datatype: float32}
# meta: {lambda: 4, rp: 2.0, sep: 0.025, wind: a}
# schema: astropy-2.0
b phase sigma vr
[from data line 317]
-691058400000.0 0.29329428 3.3391018e-08 1086406.5
-689524440000.0 0.29264325 3.3391018e-08 1086406.5
-687990440000.0 0.2919922 3.3391018e-08 1086406.5
-686456440000.0 0.29134116 3.408615e-08 1094374.2
-684922440000.0 0.2906901 3.408615e-08 1094374.2
-683388440000.0 0.29003903 3.408615e-08 1094374.2
-681854500000.0 0.28938803 3.408615e-08 1094374.2
-680320500000.0 0.28873697 3.4700644e-08 1102341.8
-678786560000.0 0.28808594 3.4700644e-08 1102341.8
-677252560000.0 0.2874349 3.4700644e-08 1102341.8
-675718560000.0 0.28678384 3.4700644e-08 1102341.8
-674184600000.0 0.28613284 3.5321683e-08 1109562.8
-672650600000.0 0.28548178 3.5321683e-08 1109562.8
-671116600000.0 0.28483072 3.5321683e-08 1109562.8
-669582600000.0 0.28417966 3.5321683e-08 1109562.8
-668048700000.0 0.28352866 3.591391e-08 1116340.4
-666514700000.0 0.2828776 3.591391e-08 1116340.4
-664980700000.0 0.28222656 3.591391e-08 1116340.4
-663446750000.0 0.28157553 3.591391e-08 1116340.4
-661912750000.0 0.28092447 3.6407236e-08 1122535.5
-660378750000.0 0.28027344 3.6407236e-08 1122535.5
-658844800000.0 0.2796224 3.6407236e-08 1122535.5
-657310800000.0 0.27897137 3.6407236e-08 1122535.5
-655776800000.0 0.2783203 3.6879854e-08 1127618.6
-654242800000.0 0.27766928 3.6879854e-08 1127618.6
-652708900000.0 0.27701825 3.6879854e-08 1127618.6
-651174900000.0 0.2763672 3.6879854e-08 1127618.6
-649640900000.0 0.27571613 3.739975e-08 1132117.6
-648106930000.0 0.2750651 3.739975e-08 1132117.6
-646572930000.0 0.27441406 3.739975e-08 1132117.6
-645038900000.0 0.273763 3.739975e-08 1132117.6
-643504900000.0 0.27311197 3.788652e-08 1135945.1
-641971000000.0 0.27246094 3.788652e-08 1135945.1
-640437000000.0 0.2718099 3.788652e-08 1135945.1
-638903000000.0 0.27115884 3.788652e-08 1135945.1
-637369060000.0 0.2705078 3.8335163e-08 1138980.2
-635835100000.0 0.2698568 3.8335163e-08 1138980.2
-634301100000.0 0.26920575 3.8335163e-08 1138980.2
-632767100000.0 0.2685547 3.8335163e-08 1138980.2
-631233100000.0 0.26790366 3.883309e-08 1141781.0
-629699100000.0 0.2672526 3.883309e-08 1141781.0
-628165100000.0 0.26660156 3.883309e-08 1141781.0
-626631200000.0 0.26595053 3.883309e-08 1141781.0
-625097240000.0 0.2652995 3.9407755e-08 1143695.0
-623563240000.0 0.26464844 3.9407755e-08 1143695.0
-622029240000.0 0.2639974 3.9407755e-08 1143695.0
-620495240000.0 0.26334634 3.9407755e-08 1143695.0
-618961240000.0 0.26269528 3.9942055e-08 1143881.0
-617427240000.0 0.26204425 3.9942055e-08 1143881.0
-615893300000.0 0.26139322 3.9942055e-08 1143881.0
-614359400000.0 0.2607422 3.9942055e-08 1143881.0
-612825370000.0 0.26009116 4.0443474e-08 1143428.0
-611291370000.0 0.2594401 4.0443474e-08 1143428.0
-609757400000.0 0.2587891 4.0443474e-08 1143428.0
-608223400000.0 0.25813803 4.0443474e-08 1143428.0
-606689400000.0 0.257487 4.100773e-08 1141734.8
-605155400000.0 0.2568359 4.100773e-08 1141734.8
-603621500000.0 0.2561849 4.100773e-08 1141734.8
-602087500000.0 0.25553384 4.100773e-08 1141734.8
-600553500000.0 0.2548828 4.1637918e-08 1139255.6
-599019550000.0 0.25423178 4.1637918e-08 1139255.6
-597485550000.0 0.25358072 4.1637918e-08 1139255.6
-595951550000.0 0.2529297 4.1637918e-08 1139255.6
-594417600000.0 0.25227866 4.220949e-08 1135813.1
-592883600000.0 0.25162762 4.220949e-08 1135813.1
-591349600000.0 0.25097656 4.220949e-08 1135813.1
-589815600000.0 0.2503255 4.220949e-08 1135813.1
-588281700000.0 0.24967448 4.2740403e-08 1131106.5
-586747700000.0 0.24902344 4.2740403e-08 1131106.5
-585213700000.0 0.24837239 4.2740403e-08 1131106.5
-583679740000.0 0.24772136 4.2740403e-08 1131106.5
-582145740000.0 0.2470703 4.3383228e-08 1126154.5
-580611740000.0 0.24641925 4.3383228e-08 1126154.5
-579077730000.0 0.2457682 4.3383228e-08 1126154.5
-577543800000.0 0.24511719 4.3383228e-08 1126154.5
-576009800000.0 0.24446614 4.4068067e-08 1120890.1
-574475800000.0 0.2438151 4.4068067e-08 1120890.1
-572941860000.0 0.24316406 4.4068067e-08 1120890.1
-571407900000.0 0.24251305 4.4068067e-08 1120890.1
-569873900000.0 0.241862 4.466091e-08 1114730.9
-568339900000.0 0.24121095 4.466091e-08 1114730.9
-566805900000.0 0.2405599 4.466091e-08 1114730.9
-565271900000.0 0.23990884 4.466091e-08 1114730.9
-563737900000.0 0.2392578 4.5300993e-08 1108705.2
-562204000000.0 0.23860677 4.5300993e-08 1108705.2
-560670050000.0 0.23795573 4.5300993e-08 1108705.2
-559136050000.0 0.23730469 4.5300993e-08 1108705.2
-557602050000.0 0.23665364 4.6087248e-08 1103424.2
-556068040000.0 0.2360026 4.6087248e-08 1103424.2
-554534040000.0 0.23535155 4.6087248e-08 1103424.2
-553000040000.0 0.23470049 4.6087248e-08 1103424.2
-551466100000.0 0.23404948 4.682666e-08 1097145.5
-549932200000.0 0.23339845 4.682666e-08 1097145.5
-548398170000.0 0.23274739 4.682666e-08 1097145.5
-546864170000.0 0.23209634 4.682666e-08 1097145.5
-545330200000.0 0.23144531 4.746873e-08 1091159.6
-543796200000.0 0.23079427 4.746873e-08 1091159.6
-542262200000.0 0.23014322 4.746873e-08 1091159.6
-540728260000.0 0.22949219 4.746873e-08 1091159.6
-539194300000.0 0.22884116 4.822264e-08 1086320.5
-537660300000.0 0.22819011 4.822264e-08 1086320.5
-536126300000.0 0.22753906 4.822264e-08 1086320.5
-534592320000.0 0.22688803 4.822264e-08 1086320.5
-533058360000.0 0.22623697 4.902012e-08 1080290.4
-531524350000.0 0.22558592 4.902012e-08 1080290.4
-529990400000.0 0.22493489 4.902012e-08 1080290.4
-528456420000.0 0.22428386 4.902012e-08 1080290.4
-526922400000.0 0.22363281 4.9629428e-08 1073650.8
-525388400000.0 0.22298177 4.9629428e-08 1073650.8
-523854480000.0 0.22233073 4.9629428e-08 1073650.8
-522320480000.0 0.22167969 4.9629428e-08 1073650.8
-520786480000.0 0.22102864 5.0228383e-08 1067889.0
-519252500000.0 0.22037761 5.0228383e-08 1067889.0
-517718570000.0 0.21972658 5.0228383e-08 1067889.0
-516184570000.0 0.21907552 5.0228383e-08 1067889.0
-514650570000.0 0.21842447 5.0986174e-08 1061923.5
-513116600000.0 0.21777344 5.0986174e-08 1061923.5
-511582600000.0 0.21712239 5.0986174e-08 1061923.5
-510048600000.0 0.21647134 5.0986174e-08 1061923.5
-508514660000.0 0.21582031 5.1648048e-08 1053980.8
-506980700000.0 0.21516928 5.1648048e-08 1053980.8
-505446700000.0 0.21451823 5.1648048e-08 1053980.8
-503912700000.0 0.21386719 5.1648048e-08 1053980.8
-502378730000.0 0.21321616 5.223599e-08 1047357.06
-500844760000.0 0.2125651 5.223599e-08 1047357.06
-499310760000.0 0.21191405 5.223599e-08 1047357.06
-497776800000.0 0.21126302 5.223599e-08 1047357.06
-496242820000.0 0.21061198 5.2929877e-08 1039675.0
-494708820000.0 0.20996094 5.2929877e-08 1039675.0
-493174820000.0 0.20930989 5.2929877e-08 1039675.0
-491640880000.0 0.20865886 5.2929877e-08 1039675.0
-490106880000.0 0.20800781 5.37276e-08 1030437.1
-488572880000.0 0.20735677 5.37276e-08 1030437.1
-487038900000.0 0.20670573 5.37276e-08 1030437.1
-485504970000.0 0.2060547 5.37276e-08 1030437.1
-483970970000.0 0.20540364 5.448595e-08 1022065.3
-482436970000.0 0.2047526 5.448595e-08 1022065.3
-480903000000.0 0.20410156 5.448595e-08 1022065.3
-479369070000.0 0.20345053 5.448595e-08 1022065.3
-477835000000.0 0.20279947 5.5260195e-08 1013594.0
-476301070000.0 0.20214844 5.5260195e-08 1013594.0
-474767100000.0 0.2014974 5.5260195e-08 1013594.0
-473233100000.0 0.20084636 5.5260195e-08 1013594.0
-471699100000.0 0.20019531 5.603151e-08 1001316.3
-470165130000.0 0.19954428 5.603151e-08 1001316.3
-468631200000.0 0.19889325 5.603151e-08 1001316.3
-467097160000.0 0.19824217 5.603151e-08 1001316.3
-465563200000.0 0.19759114 5.6841248e-08 988789.0
-464029220000.0 0.19694011 5.6841248e-08 988789.0
-462495220000.0 0.19628906 5.6841248e-08 988789.0
-460961220000.0 0.19563802 5.6841248e-08 988789.0
-459427280000.0 0.19498698 5.7787375e-08 978643.3
-457893300000.0 0.19433595 5.7787375e-08 978643.3
-456359280000.0 0.19368488 5.7787375e-08 978643.3
-454825300000.0 0.19303386 5.7787375e-08 978643.3
-453291380000.0 0.19238283 5.8680858e-08 966315.4
-451757380000.0 0.19173177 5.8680858e-08 966315.4
-450223370000.0 0.19108072 5.8680858e-08 966315.4
-448689400000.0 0.19042969 5.8680858e-08 966315.4
-447155440000.0 0.18977866 5.9462643e-08 951508.1
-445621400000.0 0.1891276 5.9462643e-08 951508.1
-444087470000.0 0.18847656 5.9462643e-08 951508.1
-442553500000.0 0.18782553 5.9462643e-08 951508.1
-441019500000.0 0.18717448 6.0350025e-08 938174.7
-439485500000.0 0.18652342 6.0350025e-08 938174.7
-437951530000.0 0.1858724 6.0350025e-08 938174.7
-436417600000.0 0.18522137 6.0350025e-08 938174.7
-434883530000.0 0.1845703 6.143131e-08 927965.06
-433349600000.0 0.18391927 6.143131e-08 927965.06
-431815620000.0 0.18326823 6.143131e-08 927965.06
-430281620000.0 0.18261719 6.143131e-08 927965.06
-428747700000.0 0.18196616 6.2459826e-08 915558.44
-427213700000.0 0.18131511 6.2459826e-08 915558.44
-425679700000.0 0.18066408 6.2459826e-08 915558.44
-424145680000.0 0.180013 6.2459826e-08 915558.44
-422611700000.0 0.17936198 6.337849e-08 902042.94
-421077780000.0 0.17871095 6.337849e-08 902042.94
-419543700000.0 0.17805988 6.337849e-08 902042.94
-418009840000.0 0.17740889 6.337849e-08 902042.94
-416475800000.0 0.17675781 6.435815e-08 889925.75
-414941770000.0 0.17610675 6.435815e-08 889925.75
-413407900000.0 0.17545575 6.435815e-08 889925.75
-411873870000.0 0.17480469 6.435815e-08 889925.75
-410339800000.0 0.17415361 6.5497176e-08 878433.06
-408805930000.0 0.17350262 6.5497176e-08 878433.06
-407271900000.0 0.17285155 6.5497176e-08 878433.06
-405737930000.0 0.17220053 6.5497176e-08 878433.06
-404204000000.0 0.1715495 6.666276e-08 864566.94
-402669930000.0 0.17089842 6.666276e-08 864566.94
-401136000000.0 0.17024739 6.666276e-08 864566.94
-399602020000.0 0.16959636 6.666276e-08 864566.94
-398068000000.0 0.1689453 6.778131e-08 849911.7
-396534120000.0 0.1682943 6.778131e-08 849911.7
-395000100000.0 0.16764323 6.778131e-08 849911.7
-393466020000.0 0.16699216 6.778131e-08 849911.7
-391932180000.0 0.16634117 6.887097e-08 835333.4
-390398100000.0 0.1656901 6.887097e-08 835333.4
-388864080000.0 0.16503903 6.887097e-08 835333.4
-387330200000.0 0.16438805 6.887097e-08 835333.4
-385796180000.0 0.16373697 7.0062505e-08 820386.25
-384262200000.0 0.16308594 7.0062505e-08 820386.25
-382728240000.0 0.1624349 7.0062505e-08 820386.25
-381194200000.0 0.16178384 7.0062505e-08 820386.25
-379660270000.0 0.16113281 7.137359e-08 804521.9
-378126300000.0 0.16048178 7.137359e-08 804521.9
-376592270000.0 0.1598307 7.137359e-08 804521.9
-375058400000.0 0.15917972 7.137359e-08 804521.9
-373524330000.0 0.15852864 7.269381e-08 787932.6
-371990300000.0 0.15787758 7.269381e-08 787932.6
-370456430000.0 0.15722659 7.269381e-08 787932.6
-368922400000.0 0.15657552 7.269381e-08 787932.6
-367388360000.0 0.15592445 7.3938025e-08 770300.75
-365854500000.0 0.15527347 7.3938025e-08 770300.75
-364320420000.0 0.15462239 7.3938025e-08 770300.75
-362786500000.0 0.15397136 7.3938025e-08 770300.75
-361252520000.0 0.15332033 7.5100715e-08 751761.8
-359718500000.0 0.15266925 7.5100715e-08 751761.8
-358184520000.0 0.15201822 7.5100715e-08 751761.8
-356650580000.0 0.1513672 7.5100715e-08 751761.8
-355116500000.0 0.15071613 7.628444e-08 733443.9
-353582650000.0 0.15006512 7.628444e-08 733443.9
-352048600000.0 0.14941406 7.628444e-08 733443.9
-350514580000.0 0.148763 7.628444e-08 733443.9
-348980700000.0 0.148112 7.754473e-08 715517.06
-347446640000.0 0.14746092 7.754473e-08 715517.06
-345912600000.0 0.14680986 7.754473e-08 715517.06
-344378740000.0 0.14615887 7.754473e-08 715517.06
-342844700000.0 0.1455078 7.883593e-08 696592.5
-341310730000.0 0.14485677 7.883593e-08 696592.5
-339776800000.0 0.14420575 7.883593e-08 696592.5
-338242730000.0 0.14355466 7.883593e-08 696592.5
-336708800000.0 0.14290364 8.0154756e-08 676684.25
-335174830000.0 0.14225261 8.0154756e-08 676684.25
-333640800000.0 0.14160155 8.0154756e-08 676684.25
-332106920000.0 0.14095055 8.0154756e-08 676684.25
-330572900000.0 0.14029948 8.139589e-08 655177.8
-329038820000.0 0.13964841 8.139589e-08 655177.8
-327504950000.0 0.1389974 8.139589e-08 655177.8
-325970920000.0 0.13834634 8.139589e-08 655177.8
-324436900000.0 0.13769528 8.255742e-08 632068.3
-322903000000.0 0.1370443 8.255742e-08 632068.3
-321368980000.0 0.13639323 8.255742e-08 632068.3
-319835000000.0 0.13574219 8.255742e-08 632068.3
-318301040000.0 0.13509116 8.372207e-08 608108.94
-316767000000.0 0.1344401 8.372207e-08 608108.94
-315233040000.0 0.13378905 8.372207e-08 608108.94
-313699100000.0 0.13313803 8.372207e-08 608108.94
-312165070000.0 0.13248697 8.499044e-08 584580.06
-310631200000.0 0.13183598 8.499044e-08 584580.06
-309097140000.0 0.13118489 8.499044e-08 584580.06
-307563100000.0 0.13053383 8.499044e-08 584580.06
-306029230000.0 0.12988284 8.629664e-08 560777.8
-304495200000.0 0.12923177 8.629664e-08 560777.8
-302961130000.0 0.12858069 8.629664e-08 560777.8
-301427300000.0 0.12792972 8.629664e-08 560777.8
-299893230000.0 0.12727864 8.762744e-08 535641.1
-298359300000.0 0.12662761 8.762744e-08 535641.1
-296825320000.0 0.12597658 8.762744e-08 535641.1
-295291300000.0 0.1253255 8.762744e-08 535641.1
-293757320000.0 0.12467448 8.88816e-08 507667.28
-292223400000.0 0.12402345 8.88816e-08 507667.28
-290689320000.0 0.123372376 8.88816e-08 507667.28
-289155450000.0 0.12272138 8.88816e-08 507667.28
-287621400000.0 0.12207031 9.015548e-08 476990.22
-286087380000.0 0.12141925 9.015548e-08 476990.22
-284553500000.0 0.12076825 9.015548e-08 476990.22
-283019440000.0 0.12011717 9.015548e-08 476990.22
-281485400000.0 0.11946611 9.155144e-08 446176.34
-279951540000.0 0.118815124 9.155144e-08 446176.34
-278417500000.0 0.118164055 9.155144e-08 446176.34
-276883540000.0 0.11751302 9.155144e-08 446176.34
-275349600000.0 0.11686199 9.292069e-08 414930.38
-273815550000.0 0.11621092 9.292069e-08 414930.38
-272281600000.0 0.11555989 9.292069e-08 414930.38
-270747630000.0 0.11490886 9.292069e-08 414930.38
-269213600000.0 0.11425779 9.424308e-08 385551.03
-267679730000.0 0.113606796 9.424308e-08 385551.03
-266145680000.0 0.11295573 9.424308e-08 385551.03
-264611640000.0 0.11230466 9.424308e-08 385551.03
-263077770000.0 0.11165367 9.5467286e-08 357031.38
-261543720000.0 0.1110026 9.5467286e-08 357031.38
-260009670000.0 0.11035153 9.5467286e-08 357031.38
-258475820000.0 0.10970054 9.5467286e-08 357031.38
-256941770000.0 0.10904947 9.673402e-08 326687.9
-255407820000.0 0.10839844 9.673402e-08 326687.9
-253873860000.0 0.107747406 9.673402e-08 326687.9
-252339810000.0 0.10709634 9.673402e-08 326687.9
-250805860000.0 0.106445305 9.827213e-08 294808.7
-249271910000.0 0.10579427 9.827213e-08 294808.7
-247737860000.0 0.10514321 9.827213e-08 294808.7
-246203990000.0 0.10449222 9.827213e-08 294808.7
-244669960000.0 0.10384115 9.986795e-08 262084.17
-243135900000.0 0.10319008 9.986795e-08 262084.17
-241602040000.0 0.102539085 9.986795e-08 262084.17
-240067990000.0 0.101888016 9.986795e-08 262084.17
-238533950000.0 0.10123695 1.014627e-07 233042.61
-237000080000.0 0.10058595 1.014627e-07 233042.61
-235466030000.0 0.09993488 1.014627e-07 233042.61
-233932080000.0 0.09928385 1.014627e-07 233042.61
-232398130000.0 0.09863283 1.03096646e-07 205091.06
-230864080000.0 0.09798176 1.03096646e-07 205091.06
-229330120000.0 0.09733073 1.03096646e-07 205091.06
-227796170000.0 0.096679695 1.03096646e-07 205091.06
-226262120000.0 0.096028626 1.0463861e-07 177187.28
-224728250000.0 0.09537763 1.0463861e-07 177187.28
-223194220000.0 0.09472656 1.0463861e-07 177187.28
-221660170000.0 0.09407549 1.0463861e-07 177187.28
-220126300000.0 0.0934245 1.05876964e-07 141780.47
-218592260000.0 0.09277343 1.05876964e-07 141780.47
-217058210000.0 0.09212236 1.05876964e-07 141780.47
-215524340000.0 0.091471374 1.05876964e-07 141780.47
-213990310000.0 0.090820305 1.06951695e-07 102320.984
-212456340000.0 0.09016927 1.06951695e-07 102320.984
-210922390000.0 0.08951824 1.06951695e-07 102320.984
-209388360000.0 0.08886717 1.06951695e-07 102320.984
-207854390000.0 0.08821614 1.0815198e-07 62677.18
-206320440000.0 0.08756511 1.0815198e-07 62677.18
-204786400000.0 0.08691404 1.0815198e-07 62677.18
-203252530000.0 0.086263046 1.0815198e-07 62677.18
