morphology_data/1d_wb_a0.025_l2r0.5_00001.ecsv
# %ECSV 1.0
# ---
# datatype:
# - {name: b, datatype: float32}
# - {name: phase, datatype: float32}
# - {name: sigma, datatype: float32}
# - {name: vr, datatype: float32}
# meta: {lambda: 2, rp: 0.5, sep: 0.025, wind: b}
# schema: astropy-2.0
b phase sigma vr
[from data line 310]
-701796250000.0 0.29785156 4.80593e-10 -3110574.2
-700262300000.0 0.29720056 4.80593e-10 -3110574.2
-698728250000.0 0.29654947 4.6812143e-10 -3318092.8
-697194300000.0 0.29589847 4.6812143e-10 -3318092.8
-695660300000.0 0.2952474 4.6812143e-10 -3318092.8
-694126300000.0 0.29459634 4.6812143e-10 -3318092.8
-692592300000.0 0.29394528 4.5478452e-10 -3569240.8
-691058400000.0 0.29329428 4.5478452e-10 -3569240.8
-689524440000.0 0.29264325 4.5478452e-10 -3569240.8
-687990440000.0 0.2919922 4.5478452e-10 -3569240.8
-686456440000.0 0.29134116 4.4419063e-10 -3818933.5
-684922440000.0 0.2906901 4.4419063e-10 -3818933.5
-683388440000.0 0.29003903 4.4419063e-10 -3818933.5
-681854500000.0 0.28938803 4.4419063e-10 -3818933.5
-680320500000.0 0.28873697 4.3881598e-10 -4049115.5
-678786560000.0 0.28808594 4.3881598e-10 -4049115.5
-677252560000.0 0.2874349 4.3881598e-10 -4049115.5
-675718560000.0 0.28678384 4.3881598e-10 -4049115.5
-674184600000.0 0.28613284 4.3970277e-10 -4271815.5
-672650600000.0 0.28548178 4.3970277e-10 -4271815.5
-671116600000.0 0.28483072 4.3970277e-10 -4271815.5
-669582600000.0 0.28417966 4.3970277e-10 -4271815.5
-668048700000.0 0.28352866 4.4643605e-10 -4481603.5
-666514700000.0 0.2828776 4.4643605e-10 -4481603.5
-664980700000.0 0.28222656 4.4643605e-10 -4481603.5
-663446750000.0 0.28157553 4.4643605e-10 -4481603.5
-661912750000.0 0.28092447 4.602051e-10 -4625062.0
-660378750000.0 0.28027344 4.602051e-10 -4625062.0
-658844800000.0 0.2796224 4.602051e-10 -4625062.0
-657310800000.0 0.27897137 4.602051e-10 -4625062.0
-655776800000.0 0.2783203 4.817574e-10 -4662813.5
-654242800000.0 0.27766928 4.817574e-10 -4662813.5
-652708900000.0 0.27701825 4.817574e-10 -4662813.5
-651174900000.0 0.2763672 4.817574e-10 -4662813.5
-649640900000.0 0.27571613 5.1299975e-10 -4598242.5
-648106930000.0 0.2750651 5.1299975e-10 -4598242.5
-646572930000.0 0.27441406 5.1299975e-10 -4598242.5
-645038900000.0 0.273763 5.1299975e-10 -4598242.5
-643504900000.0 0.27311197 5.566383e-10 -4445250.0
-641971000000.0 0.27246094 5.566383e-10 -4445250.0
-640437000000.0 0.2718099 5.566383e-10 -4445250.0
-638903000000.0 0.27115884 5.566383e-10 -4445250.0
-637369060000.0 0.2705078 6.1668e-10 -4202516.0
-635835100000.0 0.2698568 6.1668e-10 -4202516.0
-634301100000.0 0.26920575 6.1668e-10 -4202516.0
-632767100000.0 0.2685547 6.1668e-10 -4202516.0
-631233100000.0 0.26790366 6.956731e-10 -3891602.5
-629699100000.0 0.2672526 6.956731e-10 -3891602.5
-628165100000.0 0.26660156 6.956731e-10 -3891602.5
-626631200000.0 0.26595053 6.956731e-10 -3891602.5
-625097240000.0 0.2652995 7.961007e-10 -3514991.0
-623563240000.0 0.26464844 7.961007e-10 -3514991.0
-622029240000.0 0.2639974 7.961007e-10 -3514991.0
-620495240000.0 0.26334634 7.961007e-10 -3514991.0
-618961240000.0 0.26269528 9.151062e-10 -3118787.5
-617427240000.0 0.26204425 9.151062e-10 -3118787.5
-615893300000.0 0.26139322 9.151062e-10 -3118787.5
-614359400000.0 0.2607422 9.151062e-10 -3118787.5
-612825370000.0 0.26009116 1.0503463e-09 -2754882.2
-611291370000.0 0.2594401 1.0503463e-09 -2754882.2
-609757400000.0 0.2587891 1.0503463e-09 -2754882.2
-608223400000.0 0.25813803 1.0503463e-09 -2754882.2
-606689400000.0 0.257487 1.2058369e-09 -2436005.5
-605155400000.0 0.2568359 1.2058369e-09 -2436005.5
-603621500000.0 0.2561849 1.2058369e-09 -2436005.5
-602087500000.0 0.25553384 1.2058369e-09 -2436005.5
-600553500000.0 0.2548828 1.3878454e-09 -2165281.8
-599019550000.0 0.25423178 1.3878454e-09 -2165281.8
-597485550000.0 0.25358072 1.3878454e-09 -2165281.8
-595951550000.0 0.2529297 1.3878454e-09 -2165281.8
-594417600000.0 0.25227866 1.5990672e-09 -1911654.4
-592883600000.0 0.25162762 1.5990672e-09 -1911654.4
-591349600000.0 0.25097656 1.5990672e-09 -1911654.4
-589815600000.0 0.2503255 1.5990672e-09 -1911654.4
-588281700000.0 0.24967448 1.8353744e-09 -1665751.0
-586747700000.0 0.24902344 1.8353744e-09 -1665751.0
-585213700000.0 0.24837239 1.8353744e-09 -1665751.0
-583679740000.0 0.24772136 1.8353744e-09 -1665751.0
-582145740000.0 0.2470703 2.075792e-09 -1407855.6
-580611740000.0 0.24641925 2.075792e-09 -1407855.6
-579077730000.0 0.2457682 2.075792e-09 -1407855.6
-577543800000.0 0.24511719 2.075792e-09 -1407855.6
-576009800000.0 0.24446614 2.2990285e-09 -1148878.8
-574475800000.0 0.2438151 2.2990285e-09 -1148878.8
-572941860000.0 0.24316406 2.2990285e-09 -1148878.8
-571407900000.0 0.24251305 2.2990285e-09 -1148878.8
-569873900000.0 0.241862 2.476292e-09 -888916.25
-568339900000.0 0.24121095 2.476292e-09 -888916.25
-566805900000.0 0.2405599 2.476292e-09 -888916.25
-565271900000.0 0.23990884 2.476292e-09 -888916.25
-563737900000.0 0.2392578 2.5932372e-09 -602527.75
-562204000000.0 0.23860677 2.5932372e-09 -602527.75
-560670050000.0 0.23795573 2.5932372e-09 -602527.75
-559136050000.0 0.23730469 2.5932372e-09 -602527.75
-557602050000.0 0.23665364 2.6689304e-09 -291857.56
-556068040000.0 0.2360026 2.6689304e-09 -291857.56
-554534040000.0 0.23535155 2.6689304e-09 -291857.56
-553000040000.0 0.23470049 2.6689304e-09 -291857.56
-551466100000.0 0.23404948 2.7263058e-09 4068.827
-549932200000.0 0.23339845 2.7263058e-09 4068.827
-548398170000.0 0.23274739 2.7263058e-09 4068.827
-546864170000.0 0.23209634 2.7263058e-09 4068.827
-545330200000.0 0.23144531 2.7687532e-09 266209.4
-543796200000.0 0.23079427 2.7687532e-09 266209.4
-542262200000.0 0.23014322 2.7687532e-09 266209.4
-540728260000.0 0.22949219 2.7687532e-09 266209.4
-539194300000.0 0.22884116 2.8036378e-09 497870.7
-537660300000.0 0.22819011 2.8036378e-09 497870.7
-536126300000.0 0.22753906 2.8036378e-09 497870.7
-534592320000.0 0.22688803 2.8036378e-09 497870.7
-533058360000.0 0.22623697 2.83579e-09 696159.0
-531524350000.0 0.22558592 2.83579e-09 696159.0
-529990400000.0 0.22493489 2.83579e-09 696159.0
-528456420000.0 0.22428386 2.83579e-09 696159.0
-526922400000.0 0.22363281 2.8640519e-09 850141.6
-525388400000.0 0.22298177 2.8640519e-09 850141.6
-523854480000.0 0.22233073 2.8640519e-09 850141.6
-522320480000.0 0.22167969 2.8640519e-09 850141.6
-520786480000.0 0.22102864 2.8866904e-09 961614.5
-519252500000.0 0.22037761 2.8866904e-09 961614.5
-517718570000.0 0.21972658 2.8866904e-09 961614.5
-516184570000.0 0.21907552 2.8866904e-09 961614.5
-514650570000.0 0.21842447 2.9083616e-09 1043875.75
-513116600000.0 0.21777344 2.9083616e-09 1043875.75
-511582600000.0 0.21712239 2.9083616e-09 1043875.75
-510048600000.0 0.21647134 2.9083616e-09 1043875.75
-508514660000.0 0.21582031 2.9357698e-09 1101203.6
-506980700000.0 0.21516928 2.9357698e-09 1101203.6
-505446700000.0 0.21451823 2.9357698e-09 1101203.6
-503912700000.0 0.21386719 2.9357698e-09 1101203.6
-502378730000.0 0.21321616 2.9731302e-09 1145231.1
-500844760000.0 0.2125651 2.9731302e-09 1145231.1
-499310760000.0 0.21191405 2.9731302e-09 1145231.1
-497776800000.0 0.21126302 2.9731302e-09 1145231.1
-496242820000.0 0.21061198 3.0323009e-09 1157520.8
-494708820000.0 0.20996094 3.0323009e-09 1157520.8
-493174820000.0 0.20930989 3.0323009e-09 1157520.8
-491640880000.0 0.20865886 3.0323009e-09 1157520.8
-490106880000.0 0.20800781 3.1025804e-09 1168257.5
-488572880000.0 0.20735677 3.1025804e-09 1168257.5
-487038900000.0 0.20670573 3.1025804e-09 1168257.5
-485504970000.0 0.2060547 3.1025804e-09 1168257.5
-483970970000.0 0.20540364 3.1851002e-09 1184704.0
-482436970000.0 0.2047526 3.1851002e-09 1184704.0
-480903000000.0 0.20410156 3.1851002e-09 1184704.0
-479369070000.0 0.20345053 3.1851002e-09 1184704.0
-477835000000.0 0.20279947 3.2657614e-09 1211351.5
-476301070000.0 0.20214844 3.2657614e-09 1211351.5
-474767100000.0 0.2014974 3.2657614e-09 1211351.5
-473233100000.0 0.20084636 3.2657614e-09 1211351.5
-471699100000.0 0.20019531 3.3505243e-09 1205908.2
-470165130000.0 0.19954428 3.3505243e-09 1205908.2
-468631200000.0 0.19889325 3.3505243e-09 1205908.2
-467097160000.0 0.19824217 3.3505243e-09 1205908.2
-465563200000.0 0.19759114 3.4460372e-09 1190539.5
-464029220000.0 0.19694011 3.4460372e-09 1190539.5
-462495220000.0 0.19628906 3.4460372e-09 1190539.5
-460961220000.0 0.19563802 3.4460372e-09 1190539.5
-459427280000.0 0.19498698 3.5564636e-09 1182333.8
-457893300000.0 0.19433595 3.5564636e-09 1182333.8
-456359280000.0 0.19368488 3.5564636e-09 1182333.8
-454825300000.0 0.19303386 3.5564636e-09 1182333.8
-453291380000.0 0.19238283 3.6892156e-09 1189975.4
-451757380000.0 0.19173177 3.6892156e-09 1189975.4
-450223370000.0 0.19108072 3.6892156e-09 1189975.4
-448689400000.0 0.19042969 3.6892156e-09 1189975.4
-447155440000.0 0.18977866 3.898178e-09 1247281.5
-445621400000.0 0.1891276 3.898178e-09 1247281.5
-444087470000.0 0.18847656 3.898178e-09 1247281.5
-442553500000.0 0.18782553 3.898178e-09 1247281.5
-441019500000.0 0.18717448 4.1897468e-09 1297694.6
-439485500000.0 0.18652342 4.1897468e-09 1297694.6
-437951530000.0 0.1858724 4.1897468e-09 1297694.6
-436417600000.0 0.18522137 4.1897468e-09 1297694.6
-434883530000.0 0.1845703 4.5446367e-09 1340927.1
-433349600000.0 0.18391927 4.5446367e-09 1340927.1
-431815620000.0 0.18326823 4.5446367e-09 1340927.1
-430281620000.0 0.18261719 4.5446367e-09 1340927.1
-428747700000.0 0.18196616 4.9045794e-09 1313014.2
-427213700000.0 0.18131511 4.9045794e-09 1313014.2
-425679700000.0 0.18066408 4.9045794e-09 1313014.2
-424145680000.0 0.180013 4.9045794e-09 1313014.2
-422611700000.0 0.17936198 5.1801727e-09 1214160.4
-421077780000.0 0.17871095 5.1801727e-09 1214160.4
-419543700000.0 0.17805988 5.1801727e-09 1214160.4
-418009840000.0 0.17740889 5.1801727e-09 1214160.4
-416475800000.0 0.17675781 5.300782e-09 1012811.0
-414941770000.0 0.17610675 5.300782e-09 1012811.0
-413407900000.0 0.17545575 5.300782e-09 1012811.0
-411873870000.0 0.17480469 5.300782e-09 1012811.0
-410339800000.0 0.17415361 5.2138356e-09 755838.75
-408805930000.0 0.17350262 5.2138356e-09 755838.75
-407271900000.0 0.17285155 5.2138356e-09 755838.75
-405737930000.0 0.17220053 5.2138356e-09 755838.75
-404204000000.0 0.1715495 5.084864e-09 461173.22
-402669930000.0 0.17089842 5.084864e-09 461173.22
-401136000000.0 0.17024739 5.084864e-09 461173.22
-399602020000.0 0.16959636 5.084864e-09 461173.22
-398068000000.0 0.1689453 4.919326e-09 133681.06
-396534120000.0 0.1682943 4.919326e-09 133681.06
-395000100000.0 0.16764323 4.919326e-09 133681.06
-393466020000.0 0.16699216 4.919326e-09 133681.06
-391932180000.0 0.16634117 4.744595e-09 -159896.03
-390398100000.0 0.1656901 4.744595e-09 -159896.03
-388864080000.0 0.16503903 4.744595e-09 -159896.03
-387330200000.0 0.16438805 4.744595e-09 -159896.03
-385796180000.0 0.16373697 4.592345e-09 -388682.8
-384262200000.0 0.16308594 4.592345e-09 -388682.8
-382728240000.0 0.1624349 4.592345e-09 -388682.8
-381194200000.0 0.16178384 4.592345e-09 -388682.8
-379660270000.0 0.16113281 4.4725685e-09 -546101.4
-378126300000.0 0.16048178 4.4725685e-09 -546101.4
-376592270000.0 0.1598307 4.4725685e-09 -546101.4
-375058400000.0 0.15917972 4.4725685e-09 -546101.4
-373524330000.0 0.15852864 4.339262e-09 -648487.5
-371990300000.0 0.15787758 4.339262e-09 -648487.5
-370456430000.0 0.15722659 4.339262e-09 -648487.5
-368922400000.0 0.15657552 4.339262e-09 -648487.5
-367388360000.0 0.15592445 4.158348e-09 -716805.0
-365854500000.0 0.15527347 4.158348e-09 -716805.0
-364320420000.0 0.15462239 4.158348e-09 -716805.0
-362786500000.0 0.15397136 4.158348e-09 -716805.0
-361252520000.0 0.15332033 3.949947e-09 -790678.56
-359718500000.0 0.15266925 3.949947e-09 -790678.56
-358184520000.0 0.15201822 3.949947e-09 -790678.56
-356650580000.0 0.1513672 3.949947e-09 -790678.56
-355116500000.0 0.15071613 3.6786065e-09 -974618.7
-353582650000.0 0.15006512 3.6786065e-09 -974618.7
-352048600000.0 0.14941406 3.6786065e-09 -974618.7
-350514580000.0 0.148763 3.6786065e-09 -974618.7
-348980700000.0 0.148112 3.4606977e-09 -992538.44
-347446640000.0 0.14746092 3.4606977e-09 -992538.44
-345912600000.0 0.14680986 3.4606977e-09 -992538.44
-344378740000.0 0.14615887 3.4606977e-09 -992538.44
-342844700000.0 0.1455078 3.4818821e-09 -798671.94
-341310730000.0 0.14485677 3.4818821e-09 -798671.94
-339776800000.0 0.14420575 3.4818821e-09 -798671.94
-338242730000.0 0.14355466 3.4818821e-09 -798671.94
-336708800000.0 0.14290364 3.6843333e-09 -714979.06
-335174830000.0 0.14225261 3.6843333e-09 -714979.06
-333640800000.0 0.14160155 3.6843333e-09 -714979.06
-332106920000.0 0.14095055 3.6843333e-09 -714979.06
-330572900000.0 0.14029948 3.903798e-09 -781364.8
-329038820000.0 0.13964841 3.903798e-09 -781364.8
-327504950000.0 0.1389974 3.903798e-09 -781364.8
-325970920000.0 0.13834634 3.903798e-09 -781364.8
-324436900000.0 0.13769528 4.0690322e-09 -939553.3
-322903000000.0 0.1370443 4.0690322e-09 -939553.3
-321368980000.0 0.13639323 4.0690322e-09 -939553.3
-319835000000.0 0.13574219 4.0690322e-09 -939553.3
-318301040000.0 0.13509116 4.228901e-09 -1081776.0
-316767000000.0 0.1344401 4.228901e-09 -1081776.0
-315233040000.0 0.13378905 4.228901e-09 -1081776.0
-313699100000.0 0.13313803 4.228901e-09 -1081776.0
-312165070000.0 0.13248697 4.435333e-09 -1136507.9
-310631200000.0 0.13183598 4.435333e-09 -1136507.9
-309097140000.0 0.13118489 4.435333e-09 -1136507.9
-307563100000.0 0.13053383 4.435333e-09 -1136507.9
-306029230000.0 0.12988284 4.710387e-09 -1113912.0
-304495200000.0 0.12923177 4.710387e-09 -1113912.0
-302961130000.0 0.12858069 4.710387e-09 -1113912.0
-301427300000.0 0.12792972 4.710387e-09 -1113912.0
-299893230000.0 0.12727864 4.983372e-09 -1078941.8
-298359300000.0 0.12662761 4.983372e-09 -1078941.8
-296825320000.0 0.12597658 4.983372e-09 -1078941.8
-295291300000.0 0.1253255 4.983372e-09 -1078941.8
-293757320000.0 0.12467448 5.0937623e-09 -1075414.0
-292223400000.0 0.12402345 5.0937623e-09 -1075414.0
-290689320000.0 0.123372376 5.0937623e-09 -1075414.0
-289155450000.0 0.12272138 5.0937623e-09 -1075414.0
-287621400000.0 0.12207031 5.291959e-09 -960135.75
-286087380000.0 0.12141925 5.291959e-09 -960135.75
-284553500000.0 0.12076825 5.291959e-09 -960135.75
-283019440000.0 0.12011717 5.291959e-09 -960135.75
-281485400000.0 0.11946611 5.6526193e-09 -768739.2
-279951540000.0 0.118815124 5.6526193e-09 -768739.2
-278417500000.0 0.118164055 5.6526193e-09 -768739.2
-276883540000.0 0.11751302 5.6526193e-09 -768739.2
-275349600000.0 0.11686199 5.919614e-09 -615229.7
-273815550000.0 0.11621092 5.919614e-09 -615229.7
-272281600000.0 0.11555989 5.919614e-09 -615229.7
-270747630000.0 0.11490886 5.919614e-09 -615229.7
-269213600000.0 0.11425779 6.0605534e-09 -553111.6
-267679730000.0 0.113606796 6.0605534e-09 -553111.6
-266145680000.0 0.11295573 6.0605534e-09 -553111.6
-264611640000.0 0.11230466 6.0605534e-09 -553111.6
-263077770000.0 0.11165367 6.0016223e-09 -419732.0
-261543720000.0 0.1110026 6.0016223e-09 -419732.0
-260009670000.0 0.11035153 6.0016223e-09 -419732.0
-258475820000.0 0.10970054 6.0016223e-09 -419732.0
-256941770000.0 0.10904947 5.7526988e-09 -236350.66
-255407820000.0 0.10839844 5.7526988e-09 -236350.66
-253873860000.0 0.107747406 5.7526988e-09 -236350.66
-252339810000.0 0.10709634 5.7526988e-09 -236350.66
-250805860000.0 0.106445305 5.438192e-09 -199510.92
-249271910000.0 0.10579427 5.438192e-09 -199510.92
-247737860000.0 0.10514321 5.438192e-09 -199510.92
-246203990000.0 0.10449222 5.438192e-09 -199510.92
-244669960000.0 0.10384115 5.206034e-09 -517608.22
-243135900000.0 0.10319008 5.206034e-09 -517608.22
-241602040000.0 0.102539085 5.206034e-09 -517608.22
-240067990000.0 0.101888016 5.206034e-09 -517608.22
-238533950000.0 0.10123695 5.1225286e-09 -827016.0
-237000080000.0 0.10058595 5.1225286e-09 -827016.0
-235466030000.0 0.09993488 5.1225286e-09 -827016.0
-233932080000.0 0.09928385 5.1225286e-09 -827016.0
-232398130000.0 0.09863283 5.286528e-09 -940249.7
-230864080000.0 0.09798176 5.286528e-09 -940249.7
-229330120000.0 0.09733073 5.286528e-09 -940249.7
-227796170000.0 0.096679695 5.286528e-09 -940249.7
-226262120000.0 0.096028626 5.52354e-09 -1152489.9
-224728250000.0 0.09537763 5.52354e-09 -1152489.9
-223194220000.0 0.09472656 5.52354e-09 -1152489.9
-221660170000.0 0.09407549 5.52354e-09 -1152489.9
