morphology_data/1d_wc_a0.025_l8r1_00001.ecsv
# %ECSV 1.0
# ---
# datatype:
# - {name: b, datatype: float32}
# - {name: phase, datatype: float32}
# - {name: sigma, datatype: float32}
# - {name: vr, datatype: float32}
# meta: {lambda: 8, rp: 1.0, sep: 0.025, wind: c}
# schema: astropy-2.0
b phase sigma vr
[from data line 621]
-224728250000.0 0.09537763 1.09983994e-10 -2157026.2
-223194220000.0 0.09472656 1.09983994e-10 -2157026.2
-221660170000.0 0.09407549 1.09983994e-10 -2157026.2
-220126300000.0 0.0934245 1.07109176e-10 -3918035.8
-218592260000.0 0.09277343 1.07109176e-10 -3918035.8
-217058210000.0 0.09212236 1.07109176e-10 -3918035.8
-215524340000.0 0.091471374 1.07109176e-10 -3918035.8
-213990310000.0 0.090820305 9.846355e-11 -5851193.5
-212456340000.0 0.09016927 9.846355e-11 -5851193.5
-210922390000.0 0.08951824 9.846355e-11 -5851193.5
-209388360000.0 0.08886717 9.846355e-11 -5851193.5
-207854390000.0 0.08821614 1.2012356e-10 -6455974.0
-206320440000.0 0.08756511 1.2012356e-10 -6455974.0
-204786400000.0 0.08691404 1.2012356e-10 -6455974.0
-203252530000.0 0.086263046 1.2012356e-10 -6455974.0
-201718480000.0 0.08561198 1.4957241e-10 -6778466.0
-200184430000.0 0.08496091 1.4957241e-10 -6778466.0
-198650580000.0 0.08430992 1.4957241e-10 -6778466.0
-197116530000.0 0.08365885 1.4957241e-10 -6778466.0
-195582570000.0 0.08300782 1.4175273e-10 -6924557.5
-194048620000.0 0.08235679 1.4175273e-10 -6924557.5
-192514570000.0 0.08170572 9.308829e-11 -6682456.0
-190980620000.0 0.08105469 9.308829e-11 -6682456.0
-189446670000.0 0.080403656 7.286489e-11 -6067400.5
-187912620000.0 0.07975259 7.286489e-11 -6067400.5
-186378750000.0 0.07910159 7.146243e-11 -5265362.5
-184844700000.0 0.07845052 7.146243e-11 -5265362.5
-183310660000.0 0.077799454 7.402211e-11 -4490355.0
-181776800000.0 0.07714847 7.402211e-11 -4490355.0
-180242740000.0 0.07649739 7.8372066e-11 -3892849.0
-178708710000.0 0.07584633 7.8372066e-11 -3892849.0
-177174840000.0 0.075195335 8.214581e-11 -3529546.0
-175640790000.0 0.07454426 8.214581e-11 -3529546.0
-174106840000.0 0.073893234 8.459673e-11 -3356975.0
-172572880000.0 0.0732422 8.459673e-11 -3356975.0
-171038830000.0 0.07259113 8.4621796e-11 -3265476.0
-169504880000.0 0.0719401 8.4621796e-11 -3265476.0
-167970930000.0 0.07128907 8.1007194e-11 -3127992.2
-166436880000.0 0.070638 8.1007194e-11 -3127992.2
-164903010000.0 0.06998701 8.655965e-11 -2899602.5
-163368980000.0 0.069335945 8.655965e-11 -2899602.5
-161834930000.0 0.068684876 1.0501881e-10 -2762373.8
-160301060000.0 0.068033874 1.0501881e-10 -2762373.8
-158767020000.0 0.06738281 1.2825535e-10 -2836265.8
-157232970000.0 0.06673174 1.2825535e-10 -2836265.8
-155699100000.0 0.06608075 1.5350994e-10 -3118796.5
-154165070000.0 0.06542969 1.5350994e-10 -3118796.5
-152631100000.0 0.06477865 1.8438631e-10 -3430814.8
-151097150000.0 0.06412762 1.8438631e-10 -3430814.8
-149563110000.0 0.063476555 2.2307152e-10 -3286948.8
-148029150000.0 0.062825516 2.2307152e-10 -3286948.8
-146495200000.0 0.062174488 2.7328095e-10 -2598419.8
-144961160000.0 0.061523426 2.751137e-10 -2551184.5
-143427290000.0 0.060872428 2.7367242e-10 -2514526.8
-141893240000.0 0.06022136 2.6687838e-10 -2494996.2
-140359190000.0 0.059570286 2.6208818e-10 -2438743.5
-138825330000.0 0.058919296 2.614394e-10 -2384402.5
-137291284000.0 0.058268227 2.6529717e-10 -2367218.5
-135757240000.0 0.057617158 2.6938432e-10 -2411950.2
-134223370000.0 0.056966167 2.7316346e-10 -2455163.0
-132689330000.0 0.056315098 2.7385813e-10 -2424651.5
-131155370000.0 0.055664066 2.7247177e-10 -2370025.8
-129621420000.0 0.055013034 2.6881988e-10 -2304746.8
-128087376000.0 0.05436197 2.6887786e-10 -2315775.2
-126553416000.0 0.053710938 2.7227498e-10 -2388039.2
-125019460000.0 0.053059906 2.7622182e-10 -2465270.0
-123485420000.0 0.052408837 2.8541594e-10 -2516757.2
-121951550000.0 0.051757842 3.0124492e-10 -2529952.8
-120417510000.0 0.051106777 3.1947028e-10 -2486973.2
-118883460000.0 0.050455708 3.3618391e-10 -2410089.2
-117349600000.0 0.049804714 3.4970538e-10 -2331704.5
-115815555000.0 0.049153645 3.6034375e-10 -2266511.5
-114281505000.0 0.048502576 3.7285144e-10 -2198618.0
-112747640000.0 0.047851585 3.891284e-10 -2120768.2
-111213590000.0 0.047200516 4.1413775e-10 -2080619.1
-109679640000.0 0.046549484 4.433919e-10 -2112061.5
-108145690000.0 0.045898452 4.695276e-10 -2142457.0
-106611640000.0 0.045247383 4.9901977e-10 -2091782.1
-105077690000.0 0.04459635 5.337563e-10 -1998135.2
-103543734000.0 0.043945324 5.807028e-10 -1879206.9
-102009680000.0 0.043294255 6.309289e-10 -1752552.2
-100475820000.0 0.04264326 6.811531e-10 -1666773.1
-98941770000.0 0.04199219 7.2204354e-10 -1632287.9
-97407730000.0 0.041341122 7.562548e-10 -1621029.0
-95873870000.0 0.04069013 7.9641255e-10 -1606398.8
-94339820000.0 0.040039062 8.4571644e-10 -1548051.1
-92805775000.0 0.039387994 9.050076e-10 -1425477.8
-91271905000.0 0.038736995 9.667915e-10 -1287306.6
-89737860000.0 0.03808593 1.0238923e-09 -1196744.0
-88203910000.0 0.0374349 1.0669468e-09 -1196479.8
-86669950000.0 0.03678387 1.1174177e-09 -1224887.5
-85135910000.0 0.0361328 1.1690631e-09 -1234325.8
-83601960000.0 0.035481773 1.2187766e-09 -1244270.8
-82068000000.0 0.034830738 1.24665e-09 -1252308.9
-80533955000.0 0.03417967 1.2565455e-09 -1248902.4
-79000084000.0 0.033528678 1.2462278e-09 -1233128.2
-77466040000.0 0.03287761 1.196231e-09 -1251526.9
-75932000000.0 0.03222654 1.1291087e-09 -1327279.6
-74398130000.0 0.031575546 1.0880539e-09 -1440814.4
-72864090000.0 0.030924477 1.1529557e-09 -1457579.2
-71330050000.0 0.030273411 1.5682117e-09 -1563915.8
-69796176000.0 0.029622415 1.8616841e-09 -1511881.2
-68262130000.0 0.028971346 1.9033242e-09 -1443483.2
-66728178000.0 0.028320316 1.7886076e-09 -1359540.8
-65194220000.0 0.027669284 1.69307e-09 -1309229.0
-63660175000.0 0.027018217 1.7045229e-09 -1232059.1
-62126220000.0 0.026367186 1.756168e-09 -1169111.0
-60592263000.0 0.025716154 1.910048e-09 -949804.9
-59058220000.0 0.025065087 2.3812365e-09 -622595.4
-57524355000.0 0.024414092 3.0273513e-09 -387202.1
-55990310000.0 0.023763025 3.3008563e-09 -529030.7
-54456267000.0 0.023111956 3.3577208e-09 -1093775.5
-52922400000.0 0.022460962 3.3457672e-09 -1549658.2
-51388355000.0 0.021809895 3.399066e-09 -1494426.0
-49854310000.0 0.021158826 3.120193e-09 -1517724.6
-48320442000.0 0.020507833 2.8403389e-09 -1560843.5
-46786400000.0 0.019856764 2.8769243e-09 -1534512.9
-45252444000.0 0.019205732 3.081232e-09 -1459339.2
-43718490000.0 0.018554702 3.1531247e-09 -1338031.4
-42184440000.0 0.017903633 3.2523908e-09 -1134682.5
-40650486000.0 0.017252602 3.7377283e-09 -997759.06
-39116534000.0 0.016601572 4.243722e-09 -975481.56
-37582488000.0 0.015950503 4.54002e-09 -1075226.9
-36048620000.0 0.015299509 5.108199e-09 -1026130.06
-34514575000.0 0.014648439 5.5556484e-09 -872438.1
-32980531000.0 0.013997372 5.480155e-09 -777728.4
-31446665000.0 0.013346379 5.951699e-09 -673681.06
-29912621000.0 0.012695311 6.5169603e-09 -650795.5
-28378577000.0 0.012044242 6.533787e-09 -665317.94
-26844710000.0 0.011393248 7.1539668e-09 -593400.9
-25310667000.0 0.01074218 7.9519475e-09 -510804.34
-23776710000.0 0.010091149 8.411433e-09 -463912.28
-22242755000.0 0.009440118 8.966984e-09 -390405.16
-20708710000.0 0.008789049 9.956579e-09 -277415.44
-19174754000.0 0.008138019 1.101893e-08 -216902.94
-17640800000.0 0.0074869874 1.2947426e-08 -199923.16
-16106755000.0 0.006835919 1.398246e-08 -213986.62
-14572889000.0 0.006184926 1.5471503e-08 -190710.19
-13038844000.0 0.0055338573 2.8353412e-08 86551.805
-11504800000.0 0.0048827888 4.725336e-08 213424.81
-9970934000.0 0.0042317957 7.913607e-08 225713.61
-8436888600.0 0.0035807267 1.5341698e-07 179246.9
8436888600.0 -0.0035807267 1.6512398e-07 -168825.92
9970934000.0 -0.0042317957 6.34348e-08 -286701.03
11504800000.0 -0.0048827888 1.919476e-08 -449451.75
13038844000.0 -0.0055338573 nan nan
14572889000.0 -0.006184926 nan nan
16106755000.0 -0.006835919 nan nan
17640800000.0 -0.0074869874 nan nan
19174754000.0 -0.008138019 nan nan
20708710000.0 -0.008789049 nan nan
22242755000.0 -0.009440118 nan nan
23776710000.0 -0.010091149 nan nan
25310667000.0 -0.01074218 nan nan
26844710000.0 -0.011393248 nan nan
28378577000.0 -0.012044242 nan nan
29912621000.0 -0.012695311 nan nan
31446665000.0 -0.013346379 nan nan
32980531000.0 -0.013997372 nan nan
34514575000.0 -0.014648439 nan nan
36048620000.0 -0.015299509 nan nan
37582488000.0 -0.015950503 nan nan
39116534000.0 -0.016601572 nan nan
40650486000.0 -0.017252602 nan nan
42184440000.0 -0.017903633 nan nan
43718490000.0 -0.018554702 nan nan
45252444000.0 -0.019205732 nan nan
46786400000.0 -0.019856764 nan nan
48320442000.0 -0.020507833 nan nan
49854310000.0 -0.021158826 nan nan
51388355000.0 -0.021809895 nan nan
52922400000.0 -0.022460962 nan nan
54456267000.0 -0.023111956 nan nan
55990310000.0 -0.023763025 nan nan
57524355000.0 -0.024414092 nan nan
59058220000.0 -0.025065087 nan nan
60592263000.0 -0.025716154 nan nan
62126220000.0 -0.026367186 nan nan
63660175000.0 -0.027018217 nan nan
65194220000.0 -0.027669284 nan nan
66728178000.0 -0.028320316 nan nan
68262130000.0 -0.028971346 nan nan
69796176000.0 -0.029622415 nan nan
71330050000.0 -0.030273411 nan nan
72864090000.0 -0.030924477 nan nan
74398130000.0 -0.031575546 nan nan
75932000000.0 -0.03222654 nan nan
77466040000.0 -0.03287761 nan nan
79000084000.0 -0.033528678 nan nan
80533955000.0 -0.03417967 nan nan
82068000000.0 -0.034830738 nan nan
83601960000.0 -0.035481773 nan nan
85135910000.0 -0.0361328 nan nan
86669950000.0 -0.03678387 nan nan
88203910000.0 -0.0374349 nan nan
89737860000.0 -0.03808593 nan nan
91271905000.0 -0.038736995 nan nan
92805775000.0 -0.039387994 nan nan
94339820000.0 -0.040039062 nan nan
95873870000.0 -0.04069013 nan nan
97407730000.0 -0.041341122 nan nan
98941770000.0 -0.04199219 nan nan
100475820000.0 -0.04264326 nan nan
102009680000.0 -0.043294255 nan nan
103543734000.0 -0.043945324 nan nan
105077690000.0 -0.04459635 nan nan
106611640000.0 -0.045247383 nan nan
108145690000.0 -0.045898452 nan nan
109679640000.0 -0.046549484 nan nan
111213590000.0 -0.047200516 nan nan
112747640000.0 -0.047851585 nan nan
114281505000.0 -0.048502576 nan nan
115815555000.0 -0.049153645 nan nan
117349600000.0 -0.049804714 nan nan
118883460000.0 -0.050455708 nan nan
120417510000.0 -0.051106777 nan nan
121951550000.0 -0.051757842 nan nan
123485420000.0 -0.052408837 nan nan
125019460000.0 -0.053059906 nan nan
126553416000.0 -0.053710938 nan nan
128087376000.0 -0.05436197 nan nan
129621420000.0 -0.055013034 nan nan
131155370000.0 -0.055664066 nan nan
132689330000.0 -0.056315098 nan nan
134223370000.0 -0.056966167 nan nan
135757240000.0 -0.057617158 nan nan
137291284000.0 -0.058268227 nan nan
138825330000.0 -0.058919296 nan nan
140359190000.0 -0.059570286 nan nan
141893240000.0 -0.06022136 nan nan
143427290000.0 -0.060872428 nan nan
144961160000.0 -0.061523426 nan nan
146495200000.0 -0.062174488 nan nan
148029150000.0 -0.062825516 nan nan
149563110000.0 -0.063476555 nan nan
151097150000.0 -0.06412762 nan nan
152631100000.0 -0.06477865 nan nan
154165070000.0 -0.06542969 nan nan
155699100000.0 -0.06608075 nan nan
157232970000.0 -0.06673174 nan nan
158767020000.0 -0.06738281 nan nan
160301060000.0 -0.068033874 nan nan
161834930000.0 -0.068684876 nan nan
163368980000.0 -0.069335945 nan nan
164903010000.0 -0.06998701 nan nan
166436880000.0 -0.070638 nan nan
167970930000.0 -0.07128907 nan nan
169504880000.0 -0.0719401 nan nan
171038830000.0 -0.07259113 nan nan
172572880000.0 -0.0732422 nan nan
174106840000.0 -0.073893234 nan nan
175640790000.0 -0.07454426 nan nan
177174840000.0 -0.075195335 nan nan
178708710000.0 -0.07584633 nan nan
180242740000.0 -0.07649739 nan nan
181776800000.0 -0.07714847 nan nan
183310660000.0 -0.077799454 nan nan
184844700000.0 -0.07845052 nan nan
186378750000.0 -0.07910159 nan nan
187912620000.0 -0.07975259 nan nan
189446670000.0 -0.080403656 nan nan
190980620000.0 -0.08105469 nan nan
192514570000.0 -0.08170572 nan nan
194048620000.0 -0.08235679 nan nan
195582570000.0 -0.08300782 nan nan
197116530000.0 -0.08365885 nan nan
198650580000.0 -0.08430992 nan nan
200184430000.0 -0.08496091 nan nan
201718480000.0 -0.08561198 nan nan
203252530000.0 -0.086263046 nan nan
204786400000.0 -0.08691404 nan nan
206320440000.0 -0.08756511 nan nan
207854390000.0 -0.08821614 nan nan
209388360000.0 -0.08886717 nan nan
210922390000.0 -0.08951824 nan nan
212456340000.0 -0.09016927 nan nan
213990310000.0 -0.090820305 nan nan
215524340000.0 -0.091471374 nan nan
217058210000.0 -0.09212236 nan nan
218592260000.0 -0.09277343 nan nan
220126300000.0 -0.0934245 nan nan
221660170000.0 -0.09407549 nan nan
223194220000.0 -0.09472656 nan nan
224728250000.0 -0.09537763 nan nan
226262120000.0 -0.096028626 nan nan
227796170000.0 -0.096679695 nan nan
229330120000.0 -0.09733073 nan nan
230864080000.0 -0.09798176 nan nan
232398130000.0 -0.09863283 nan nan
233932080000.0 -0.09928385 nan nan
235466030000.0 -0.09993488 nan nan
237000080000.0 -0.10058595 nan nan
238533950000.0 -0.10123695 nan nan
240067990000.0 -0.101888016 nan nan
241602040000.0 -0.102539085 nan nan
243135900000.0 -0.10319008 nan nan
244669960000.0 -0.10384115 nan nan
246203990000.0 -0.10449222 nan nan
247737860000.0 -0.10514321 nan nan
249271910000.0 -0.10579427 nan nan
250805860000.0 -0.106445305 nan nan
252339810000.0 -0.10709634 nan nan
253873860000.0 -0.107747406 nan nan
255407820000.0 -0.10839844 nan nan
256941770000.0 -0.10904947 nan nan
258475820000.0 -0.10970054 nan nan
260009670000.0 -0.11035153 nan nan
261543720000.0 -0.1110026 nan nan
263077770000.0 -0.11165367 nan nan
264611640000.0 -0.11230466 nan nan
266145680000.0 -0.11295573 nan nan
267679730000.0 -0.113606796 nan nan
269213600000.0 -0.11425779 nan nan
270747630000.0 -0.11490886 nan nan
272281600000.0 -0.11555989 nan nan
273815550000.0 -0.11621092 nan nan
275349600000.0 -0.11686199 nan nan
276883540000.0 -0.11751302 nan nan
278417500000.0 -0.118164055 nan nan
279951540000.0 -0.118815124 nan nan
281485400000.0 -0.11946611 nan nan
283019440000.0 -0.12011717 nan nan
284553500000.0 -0.12076825 nan nan
286087380000.0 -0.12141925 nan nan
287621400000.0 -0.12207031 nan nan
289155450000.0 -0.12272138 nan nan
290689320000.0 -0.123372376 nan nan
292223400000.0 -0.12402345 nan nan
293757320000.0 -0.12467448 nan nan
295291300000.0 -0.1253255 nan nan
296825320000.0 -0.12597658 nan nan
298359300000.0 -0.12662761 nan nan
299893230000.0 -0.12727864 nan nan
301427300000.0 -0.12792972 nan nan
302961130000.0 -0.12858069 nan nan
304495200000.0 -0.12923177 nan nan
306029230000.0 -0.12988284 nan nan
307563100000.0 -0.13053383 nan nan
309097140000.0 -0.13118489 nan nan
310631200000.0 -0.13183598 nan nan
312165070000.0 -0.13248697 nan nan
313699100000.0 -0.13313803 nan nan
315233040000.0 -0.13378905 nan nan
316767000000.0 -0.1344401 nan nan
318301040000.0 -0.13509116 nan nan
319835000000.0 -0.13574219 nan nan
321368980000.0 -0.13639323 nan nan
322903000000.0 -0.1370443 nan nan
324436900000.0 -0.13769528 nan nan
325970920000.0 -0.13834634 nan nan
327504950000.0 -0.1389974 nan nan
329038820000.0 -0.13964841 nan nan
330572900000.0 -0.14029948 nan nan
332106920000.0 -0.14095055 nan nan
333640800000.0 -0.14160155 nan nan
335174830000.0 -0.14225261 nan nan
336708900000.0 -0.14290369 nan nan
338242730000.0 -0.14355466 nan nan
339776800000.0 -0.14420575 nan nan
341310830000.0 -0.14485681 nan nan
342844700000.0 -0.1455078 nan nan
344378570000.0 -0.1461588 nan nan
345912800000.0 -0.14680995 nan nan
347446640000.0 -0.14746092 nan nan
348980500000.0 -0.14811192 nan nan
350514740000.0 -0.14876308 nan nan
352048600000.0 -0.14941406 nan nan
353582480000.0 -0.15006506 nan nan
355116700000.0 -0.1507162 nan nan
356650580000.0 -0.1513672 nan nan
358184420000.0 -0.15201817 nan nan
359718650000.0 -0.15266933 nan nan
361252520000.0 -0.15332033 nan nan
362786400000.0 -0.15397131 nan nan
364320420000.0 -0.15462239 nan nan
365854500000.0 -0.15527347 nan nan
367388360000.0 -0.15592445 nan nan
368922400000.0 -0.15657552 nan nan
370456430000.0 -0.15722659 nan nan
371990300000.0 -0.15787758 nan nan
373524330000.0 -0.15852864 nan nan
375058400000.0 -0.15917972 nan nan
376592270000.0 -0.1598307 nan nan
378126300000.0 -0.16048178 nan nan
379660340000.0 -0.16113284 nan nan
381194200000.0 -0.16178384 nan nan
