morphology_data/1d_wa_a0.05_l8r1_00001.ecsv
# %ECSV 1.0
# ---
# datatype:
# - {name: b, datatype: float32}
# - {name: phase, datatype: float32}
# - {name: sigma, datatype: float32}
# - {name: vr, datatype: float32}
# meta: {lambda: 8, rp: 1.0, sep: 0.05, wind: a}
# schema: astropy-2.0
b phase sigma vr
-2354660500000.0 0.49967447 nan nan
-2351592600000.0 0.49902344 nan nan
-2348524800000.0 0.4983724 nan nan
-2345456600000.0 0.49772134 nan nan
-2342388800000.0 0.4970703 nan nan
-2339321000000.0 0.49641928 nan nan
-2336253000000.0 0.49576828 nan nan
-2333185000000.0 0.4951172 nan nan
-2330117000000.0 0.4944662 nan nan
-2327049000000.0 0.49381506 nan nan
-2323981000000.0 0.4931641 nan nan
-2320913000000.0 0.49251297 nan nan
-2317845000000.0 0.49186197 nan nan
-2314777100000.0 0.49121094 nan nan
-2311709000000.0 0.49055988 nan nan
-2308641000000.0 0.48990884 nan nan
-2305573300000.0 0.4892578 nan nan
-2302505000000.0 0.48860675 nan nan
-2299437300000.0 0.48795572 nan nan
-2296369400000.0 0.4873047 nan nan
-2293301500000.0 0.48665366 nan nan
-2290233400000.0 0.4860026 nan nan
-2287165500000.0 0.48535156 nan nan
-2284097600000.0 0.48470056 nan nan
-2281029500000.0 0.48404947 nan nan
-2277961600000.0 0.48339847 nan nan
-2274893500000.0 0.48274735 nan nan
-2271825600000.0 0.48209637 nan nan
-2268757500000.0 0.48144525 nan nan
-2265689600000.0 0.48079422 nan nan
-2262621700000.0 0.48014325 nan nan
-2259553600000.0 0.47949213 nan nan
-2256485700000.0 0.47884113 nan nan
-2253418000000.0 0.4781901 nan nan
-2250350000000.0 0.47753906 nan nan
-2247281900000.0 0.476888 nan nan
-2244214000000.0 0.47623697 nan nan
-2241146000000.0 0.47558594 nan nan
-2238078300000.0 0.47493497 nan nan
-2235010000000.0 0.47428384 nan nan
-2231942300000.0 0.47363284 nan nan
-2228874000000.0 0.47298175 nan nan
-2225806200000.0 0.47233072 nan nan
-2222738400000.0 0.47167972 nan nan
-2219670200000.0 0.47102863 nan nan
-2216602400000.0 0.47037762 nan nan
-2213534200000.0 0.4697265 nan nan
-2210466400000.0 0.46907553 nan nan
-2207398500000.0 0.4684245 nan nan
-2204330400000.0 0.46777344 nan nan
-2201262500000.0 0.4671224 nan nan
-2198194600000.0 0.46647137 nan nan
-2195126700000.0 0.46582034 nan nan
-2192058600000.0 0.46516925 nan nan
-2188990700000.0 0.46451822 nan nan
-2185922700000.0 0.4638672 nan nan
-2182854700000.0 0.46321613 nan nan
-2179786700000.0 0.4625651 nan nan
-2176718900000.0 0.46191406 nan nan
-2173650700000.0 0.461263 nan nan
-2170582900000.0 0.46061197 nan nan
-2167515000000.0 0.45996094 nan nan
-2164447000000.0 0.4593099 nan nan
-2161379000000.0 0.45865884 nan nan
-2158311100000.0 0.4580078 nan nan
-2155243100000.0 0.45735678 nan nan
-2152175200000.0 0.45670575 nan nan
-2149107100000.0 0.4560547 nan nan
-2146039200000.0 0.45540366 nan nan
-2142971400000.0 0.45475262 nan nan
-2139903200000.0 0.45410153 nan nan
-2136835400000.0 0.45345053 nan nan
-2133767400000.0 0.4527995 nan nan
-2130699400000.0 0.4521484 nan nan
-2127631400000.0 0.45149738 nan nan
-2124563500000.0 0.45084634 nan nan
-2121495600000.0 0.4501953 nan nan
-2118427500000.0 0.44954425 nan nan
-2115359600000.0 0.44889322 nan nan
-2112291700000.0 0.4482422 nan nan
-2109223700000.0 0.44759116 nan nan
-2106155700000.0 0.4469401 nan nan
-2103087700000.0 0.44628906 nan nan
-2100019900000.0 0.44563803 nan nan
-2096951700000.0 0.44498697 nan nan
-2093883900000.0 0.44433594 nan nan
-2090816000000.0 0.4436849 nan nan
-2087747800000.0 0.44303384 nan nan
-2084680000000.0 0.4423828 nan nan
-2081612000000.0 0.44173178 nan nan
-2078544100000.0 0.44108075 nan nan
-2075476000000.0 0.44042966 nan nan
-2072408100000.0 0.43977866 nan nan
-2069340200000.0 0.43912762 nan nan
-2066272400000.0 0.4384766 nan nan
-2063204200000.0 0.4378255 nan nan
-2060136300000.0 0.43717447 nan nan
-2057068300000.0 0.43652344 nan nan
-2054000300000.0 0.43587238 nan nan
-2050932300000.0 0.43522134 nan nan
-2047864500000.0 0.4345703 nan nan
-2044796300000.0 0.43391925 nan nan
-2041728500000.0 0.43326822 nan nan
-2038660600000.0 0.4326172 nan nan
-2035592600000.0 0.43196616 nan nan
-2032524600000.0 0.4313151 nan nan
-2029456600000.0 0.43066406 nan nan
-2026388700000.0 0.43001303 nan nan
-2023320800000.0 0.429362 nan nan
-2020252700000.0 0.42871094 nan nan
-2017184800000.0 0.4280599 nan nan
-2014117000000.0 0.42740887 nan nan
-2011048800000.0 0.42675778 nan nan
-2007981000000.0 0.42610675 nan nan
-2004913000000.0 0.42545575 nan nan
-2001845000000.0 0.42480466 nan nan
-1998777000000.0 0.42415363 nan nan
-1995709100000.0 0.4235026 nan nan
-1992641200000.0 0.42285156 nan nan
-1989573200000.0 0.42220053 nan nan
-1986505200000.0 0.42154947 2.6998752e-11 -191731.52
-1983437300000.0 0.42089844 2.6998752e-11 -191731.52
-1980369300000.0 0.4202474 2.6998752e-11 -191731.52
-1977301300000.0 0.41959634 2.6998752e-11 -191731.52
-1974233300000.0 0.4189453 2.6999689e-11 -191683.88
-1971165500000.0 0.41829428 2.6999689e-11 -191683.88
-1968097300000.0 0.41764322 2.6999689e-11 -191683.88
-1965029500000.0 0.4169922 2.6999689e-11 -191683.88
-1961961600000.0 0.41634116 7.375526e-11 -157409.14
-1958893500000.0 0.4156901 7.375526e-11 -157409.14
-1955825700000.0 0.4150391 7.375526e-11 -157409.14
-1952757600000.0 0.41438803 7.375526e-11 -157409.14
-1949689600000.0 0.41373694 7.377836e-11 -157031.77
-1946621800000.0 0.41308597 7.377836e-11 -157031.77
-1943553700000.0 0.41243488 7.377836e-11 -157031.77
-1940485800000.0 0.41178387 7.377836e-11 -157031.77
-1937418000000.0 0.41113284 1.5456669e-10 -127455.1
-1934349800000.0 0.41048175 1.5456669e-10 -127455.1
-1931282000000.0 0.40983072 1.5456669e-10 -127455.1
-1928214000000.0 0.4091797 1.5456669e-10 -127455.1
-1925146000000.0 0.40852863 1.5473417e-10 -126287.375
-1922078000000.0 0.4078776 1.5473417e-10 -126287.375
-1919010100000.0 0.40722656 1.5473417e-10 -126287.375
-1915942000000.0 0.4065755 1.5473417e-10 -126287.375
-1912874200000.0 0.4059245 2.715283e-10 -103473.695
-1909806200000.0 0.40527344 2.715283e-10 -103473.695
-1906738100000.0 0.40462238 2.715283e-10 -103473.695
-1903670300000.0 0.40397137 2.715283e-10 -103473.695
-1900602200000.0 0.4033203 2.7246608e-10 -100040.16
-1897534300000.0 0.40266928 2.7246608e-10 -100040.16
-1894466500000.0 0.40201825 2.7246608e-10 -100040.16
-1891398300000.0 0.4013672 2.7246608e-10 -100040.16
-1888330400000.0 0.40071616 4.2245554e-10 -88010.65
-1885262600000.0 0.40006512 4.2245554e-10 -88010.65
-1882194400000.0 0.39941403 4.2245554e-10 -88010.65
-1879126600000.0 0.398763 4.2245554e-10 -88010.65
-1876058600000.0 0.39811197 4.2768306e-10 -75915.28
-1872990600000.0 0.3974609 4.2768306e-10 -75915.28
-1869922800000.0 0.39680994 4.2768306e-10 -75915.28
-1866854700000.0 0.39615884 4.2768306e-10 -75915.28
-1863786800000.0 0.3955078 6.0779004e-10 -73015.3
-1860718800000.0 0.39485678 6.0779004e-10 -73015.3
-1857650800000.0 0.39420572 6.0779004e-10 -73015.3
-1854582800000.0 0.3935547 6.0779004e-10 -73015.3
-1851515000000.0 0.39290366 6.259136e-10 -43132.227
-1848447000000.0 0.3922526 6.259136e-10 -43132.227
-1845379000000.0 0.39160156 6.259136e-10 -43132.227
-1842311100000.0 0.39095053 6.259136e-10 -43132.227
-1839243000000.0 0.39029947 8.3454715e-10 -46888.54
-1836175000000.0 0.38964844 8.3454715e-10 -46888.54
-1833107200000.0 0.3889974 8.3454715e-10 -46888.54
-1830039000000.0 0.38834634 8.3454715e-10 -46888.54
-1826971300000.0 0.38769534 8.716921e-10 -2462.7122
-1823903200000.0 0.38704428 8.716921e-10 -2462.7122
-1820835300000.0 0.38639325 8.716921e-10 -2462.7122
-1817767400000.0 0.38574222 8.716921e-10 -2462.7122
-1814699300000.0 0.38509113 1.1054567e-09 -13212.18
-1811631400000.0 0.3844401 1.1054567e-09 -13212.18
-1808563400000.0 0.3837891 1.1054567e-09 -13212.18
-1805495400000.0 0.383138 1.1054567e-09 -13212.18
-1802427600000.0 0.38248697 1.1644238e-09 38293.227
-1799359600000.0 0.38183594 1.1644238e-09 38293.227
-1796291600000.0 0.38118488 1.1644238e-09 38293.227
-1793223600000.0 0.38053384 1.1644238e-09 38293.227
-1790155700000.0 0.3798828 1.4220942e-09 21975.31
-1787087600000.0 0.37923175 1.4220942e-09 21975.31
-1784019800000.0 0.37858075 1.4220942e-09 21975.31
-1780951800000.0 0.3779297 1.4220942e-09 21975.31
-1777883800000.0 0.37727866 1.5037338e-09 74989.05
-1774816000000.0 0.37662762 1.5037338e-09 74989.05
-1771747800000.0 0.37597656 1.5037338e-09 74989.05
-1768679900000.0 0.37532553 1.5037338e-09 74989.05
-1765612000000.0 0.3746745 1.7840951e-09 55516.99
-1762543900000.0 0.37402344 1.7840951e-09 55516.99
-1759476000000.0 0.3733724 1.7840951e-09 55516.99
-1756408200000.0 0.37272137 1.7840951e-09 55516.99
-1753340000000.0 0.37207028 1.8867823e-09 105974.73
-1750272200000.0 0.37141925 1.8867823e-09 105974.73
-1747204200000.0 0.37076822 1.8867823e-09 105974.73
-1744136200000.0 0.37011716 1.8867823e-09 105974.73
-1741068400000.0 0.3694662 2.1848339e-09 87088.875
-1738000300000.0 0.3688151 2.1848339e-09 87088.875
-1734932400000.0 0.36816406 2.1848339e-09 87088.875
-1731864400000.0 0.36751303 2.1848339e-09 87088.875
-1728796400000.0 0.36686197 2.3052598e-09 132451.89
-1725728400000.0 0.36621094 2.3052598e-09 132451.89
-1722660600000.0 0.3655599 2.3052598e-09 132451.89
-1719592400000.0 0.36490884 2.3052598e-09 132451.89
-1716524500000.0 0.3642578 2.6199616e-09 114955.56
-1713456700000.0 0.36360678 2.6199616e-09 114955.56
-1710388500000.0 0.36295572 2.6199616e-09 114955.56
-1707320700000.0 0.3623047 2.6199616e-09 114955.56
-1704252800000.0 0.36165366 2.755834e-09 154565.64
-1701184700000.0 0.3610026 2.755834e-09 154565.64
-1698116900000.0 0.3603516 2.755834e-09 154565.64
-1695048800000.0 0.35970053 2.755834e-09 154565.64
-1691980900000.0 0.3590495 3.0855452e-09 139911.72
-1688913000000.0 0.35839847 3.0855452e-09 139911.72
-1685844900000.0 0.35774738 3.0855452e-09 139911.72
-1682777000000.0 0.35709634 3.0855452e-09 139911.72
-1679709000000.0 0.3564453 3.237218e-09 174533.23
-1676641000000.0 0.35579425 3.237218e-09 174533.23
-1673573200000.0 0.35514322 3.237218e-09 174533.23
-1670505200000.0 0.3544922 3.237218e-09 174533.23
-1667437200000.0 0.35384113 3.5659635e-09 167037.4
-1664369200000.0 0.3531901 3.5659635e-09 167037.4
-1661301300000.0 0.35253906 3.5659635e-09 167037.4
-1658233200000.0 0.351888 3.5659635e-09 167037.4
-1655165400000.0 0.351237 3.735784e-09 197715.69
-1652097400000.0 0.35058594 3.735784e-09 197715.69
-1649029400000.0 0.3499349 3.735784e-09 197715.69
-1645961500000.0 0.34928387 3.735784e-09 197715.69
-1642893400000.0 0.3486328 4.0706536e-09 197134.2
-1639825500000.0 0.34798178 4.0706536e-09 197134.2
-1636757700000.0 0.34733075 4.0706536e-09 197134.2
-1633689500000.0 0.3466797 4.0706536e-09 197134.2
-1630621700000.0 0.34602866 4.263572e-09 224259.47
-1627553800000.0 0.34537762 4.263572e-09 224259.47
-1624485700000.0 0.34472653 4.263572e-09 224259.47
-1621417800000.0 0.3440755 4.263572e-09 224259.47
-1618349800000.0 0.34342447 4.613986e-09 227582.12
-1615281800000.0 0.3427734 4.613986e-09 227582.12
-1612214000000.0 0.3421224 4.613986e-09 227582.12
-1609145900000.0 0.34147134 4.613986e-09 227582.12
-1606078000000.0 0.3408203 4.834392e-09 251211.6
-1603010000000.0 0.34016928 4.834392e-09 251211.6
-1599942000000.0 0.33951822 4.834392e-09 251211.6
-1596874000000.0 0.3388672 4.834392e-09 251211.6
-1593806200000.0 0.33821616 5.1765077e-09 260613.72
-1590738000000.0 0.3375651 5.1765077e-09 260613.72
-1587670200000.0 0.33691406 5.1765077e-09 260613.72
-1584602300000.0 0.33626303 5.1765077e-09 260613.72
-1581534200000.0 0.33561197 5.4310916e-09 280665.38
-1578466300000.0 0.33496094 5.4310916e-09 280665.38
-1575398400000.0 0.3343099 5.4310916e-09 280665.38
-1572330400000.0 0.33365887 5.4310916e-09 280665.38
-1569262400000.0 0.3330078 5.7901466e-09 294643.75
-1566194400000.0 0.33235678 5.7901466e-09 294643.75
-1563126500000.0 0.33170575 5.7901466e-09 294643.75
-1560058700000.0 0.33105472 5.7901466e-09 294643.75
-1556990500000.0 0.33040363 6.0891145e-09 311142.2
-1553922700000.0 0.3297526 6.0891145e-09 311142.2
-1550854700000.0 0.32910156 6.0891145e-09 311142.2
-1547786600000.0 0.3284505 6.0891145e-09 311142.2
-1544718600000.0 0.32779947 6.4841505e-09 324203.66
-1541650800000.0 0.32714844 6.4841505e-09 324203.66
-1538582800000.0 0.32649738 6.4841505e-09 324203.66
-1535514800000.0 0.32584634 6.4841505e-09 324203.66
-1532446900000.0 0.3251953 6.841452e-09 336715.22
-1529379000000.0 0.32454428 6.841452e-09 336715.22
-1526310900000.0 0.32389322 6.841452e-09 336715.22
-1523243000000.0 0.3232422 6.841452e-09 336715.22
-1520175000000.0 0.32259116 7.2234436e-09 354923.34
-1517107200000.0 0.32194012 7.2234436e-09 354923.34
-1514039000000.0 0.32128906 7.2234436e-09 354923.34
-1510971100000.0 0.32063803 7.2234436e-09 354923.34
-1507903300000.0 0.319987 7.630832e-09 364392.1
-1504835100000.0 0.31933594 7.630832e-09 364392.1
-1501767300000.0 0.3186849 7.630832e-09 364392.1
-1498699400000.0 0.31803387 7.630832e-09 364392.1
-1495631400000.0 0.31738284 8.033672e-09 380843.12
-1492563400000.0 0.31673178 8.033672e-09 380843.12
-1489495400000.0 0.31608072 8.033672e-09 380843.12
-1486427500000.0 0.3154297 8.033672e-09 380843.12
-1483359400000.0 0.31477863 8.490577e-09 388922.12
-1480291500000.0 0.3141276 8.490577e-09 388922.12
-1477223600000.0 0.31347656 8.490577e-09 388922.12
-1474155600000.0 0.31282553 8.490577e-09 388922.12
-1471087600000.0 0.31217447 8.899727e-09 407382.3
-1468019600000.0 0.3115234 8.899727e-09 407382.3
-1464951800000.0 0.3108724 8.899727e-09 407382.3
-1461883600000.0 0.3102213 8.899727e-09 407382.3
-1458815800000.0 0.3095703 9.359494e-09 416758.75
-1455747900000.0 0.30891928 9.359494e-09 416758.75
-1452679900000.0 0.30826822 9.359494e-09 416758.75
-1449611900000.0 0.3076172 9.359494e-09 416758.75
-1446544000000.0 0.30696616 9.692515e-09 439132.9
-1443476000000.0 0.30631512 9.692515e-09 439132.9
-1440408000000.0 0.30566406 9.692515e-09 439132.9
-1437340000000.0 0.30501303 9.692515e-09 439132.9
-1434272100000.0 0.304362 1.0143978e-08 452277.56
-1431204100000.0 0.30371094 1.0143978e-08 452277.56
-1428136100000.0 0.30305988 1.0143978e-08 452277.56
-1425068300000.0 0.30240884 1.0143978e-08 452277.56
-1422000300000.0 0.3017578 1.0449208e-08 474146.06
-1418932300000.0 0.30110675 1.0449208e-08 474146.06
-1415864300000.0 0.30045572 1.0449208e-08 474146.06
-1412796400000.0 0.2998047 1.0449208e-08 474146.06
-1409728400000.0 0.29915366 1.0847198e-08 490918.25
-1406660400000.0 0.2985026 1.0847198e-08 490918.25
-1403592500000.0 0.29785156 1.0847198e-08 490918.25
-1400524600000.0 0.29720056 1.0847198e-08 490918.25
-1397456500000.0 0.29654947 1.1111294e-08 512863.94
-1394388600000.0 0.29589847 1.1111294e-08 512863.94
-1391320600000.0 0.2952474 1.1111294e-08 512863.94
-1388252600000.0 0.29459634 1.1111294e-08 512863.94
-1385184600000.0 0.29394528 1.14939605e-08 530921.8
-1382116800000.0 0.29329428 1.14939605e-08 530921.8
-1379048900000.0 0.29264325 1.14939605e-08 530921.8
-1375980900000.0 0.2919922 1.14939605e-08 530921.8
-1372912900000.0 0.29134116 1.1721074e-08 549487.56
-1369844900000.0 0.2906901 1.1721074e-08 549487.56
-1366776900000.0 0.29003903 1.1721074e-08 549487.56
-1363709000000.0 0.28938803 1.1721074e-08 549487.56
-1360641000000.0 0.28873697 1.2037178e-08 569753.56
-1357573100000.0 0.28808594 1.2037178e-08 569753.56
-1354505100000.0 0.2874349 1.2037178e-08 569753.56
-1351437100000.0 0.28678384 1.2037178e-08 569753.56
-1348369300000.0 0.28613284 1.2269715e-08 585676.8
-1345301300000.0 0.28548178 1.2269715e-08 585676.8
-1342233200000.0 0.28483072 1.2269715e-08 585676.8
-1339165200000.0 0.28417966 1.2269715e-08 585676.8
-1336097400000.0 0.28352866 1.2569694e-08 603599.6
-1333029400000.0 0.2828776 1.2569694e-08 603599.6
-1329961400000.0 0.28222656 1.2569694e-08 603599.6
-1326893500000.0 0.28157553 1.2569694e-08 603599.6
-1323825500000.0 0.28092447 1.2784016e-08 616884.94
-1320757500000.0 0.28027344 1.2784016e-08 616884.94
-1317689600000.0 0.2796224 1.2784016e-08 616884.94
-1314621600000.0 0.27897137 1.2784016e-08 616884.94
-1311553600000.0 0.2783203 1.3082699e-08 633471.94
-1308485600000.0 0.27766928 1.3082699e-08 633471.94
-1305417700000.0 0.27701825 1.3082699e-08 633471.94
-1302349700000.0 0.2763672 1.3082699e-08 633471.94
-1299281700000.0 0.27571613 1.3327653e-08 640353.75
-1296213900000.0 0.2750651 1.3327653e-08 640353.75
-1293145900000.0 0.27441406 1.3327653e-08 640353.75
-1290077900000.0 0.273763 1.3327653e-08 640353.75
