morphology_data/1d_wa_a0.025_l4r0.5_00001.ecsv
# %ECSV 1.0
# ---
# datatype:
# - {name: b, datatype: float32}
# - {name: phase, datatype: float32}
# - {name: sigma, datatype: float32}
# - {name: vr, datatype: float32}
# meta: {lambda: 4, rp: 0.5, sep: 0.025, wind: a}
# schema: astropy-2.0
b phase sigma vr
[from data line 1262]
764689500000.0 -0.32454428 2.915333e-08 -1428794.8
766223500000.0 -0.32519534 2.915333e-08 -1428794.8
767757400000.0 -0.32584634 2.9726584e-08 -1538192.2
769291260000.0 -0.32649735 2.9726584e-08 -1538192.2
770825500000.0 -0.3271485 2.9726584e-08 -1538192.2
772359300000.0 -0.32779947 2.9726584e-08 -1538192.2
773893200000.0 -0.32845047 3.065433e-08 -1608332.0
775427460000.0 -0.32910162 3.065433e-08 -1608332.0
776961300000.0 -0.3297526 3.065433e-08 -1608332.0
778495200000.0 -0.3304036 3.065433e-08 -1608332.0
780029400000.0 -0.33105475 3.154715e-08 -1655769.9
781563270000.0 -0.33170575 3.154715e-08 -1655769.9
783097140000.0 -0.33235672 3.154715e-08 -1655769.9
784631200000.0 -0.3330078 3.154715e-08 -1655769.9
786165200000.0 -0.33365887 3.1627344e-08 -1676520.8
787699100000.0 -0.33430985 3.1627344e-08 -1676520.8
789233140000.0 -0.33496094 3.1627344e-08 -1676520.8
790767200000.0 -0.335612 3.1627344e-08 -1676520.8
792301000000.0 -0.336263 3.0916922e-08 -1631717.5
793835100000.0 -0.33691406 3.0916922e-08 -1631717.5
795369140000.0 -0.33756512 3.0916922e-08 -1631717.5
796903000000.0 -0.33821613 3.0916922e-08 -1631717.5
798437000000.0 -0.3388672 2.9533041e-08 -1534812.6
799971100000.0 -0.33951825 2.9533041e-08 -1534812.6
801504950000.0 -0.34016925 2.9533041e-08 -1534812.6
803039000000.0 -0.3408203 2.9533041e-08 -1534812.6
804573000000.0 -0.3414714 2.7961095e-08 -1442792.0
806106900000.0 -0.34212238 2.7961095e-08 -1442792.0
807640760000.0 -0.34277338 2.7961095e-08 -1442792.0
809175000000.0 -0.34342453 2.7961095e-08 -1442792.0
810708900000.0 -0.3440755 2.6638165e-08 -1372846.9
812242700000.0 -0.3447265 2.6638165e-08 -1372846.9
813776960000.0 -0.34537765 2.6638165e-08 -1372846.9
815310800000.0 -0.34602866 2.6638165e-08 -1372846.9
816844700000.0 -0.34667963 2.5342588e-08 -1326962.5
818378900000.0 -0.34733078 2.5342588e-08 -1326962.5
819912800000.0 -0.34798178 2.5342588e-08 -1326962.5
821446640000.0 -0.34863275 2.5342588e-08 -1326962.5
822980840000.0 -0.3492839 2.4336147e-08 -1281002.6
824514700000.0 -0.3499349 2.4336147e-08 -1281002.6
826048600000.0 -0.3505859 2.4336147e-08 -1281002.6
827582640000.0 -0.35123697 2.4336147e-08 -1281002.6
829116700000.0 -0.35188803 2.3398936e-08 -1248775.4
830650600000.0 -0.35253903 2.3398936e-08 -1248775.4
832184600000.0 -0.3531901 2.3398936e-08 -1248775.4
833718650000.0 -0.35384116 2.3398936e-08 -1248775.4
835252500000.0 -0.35449216 2.2712369e-08 -1202627.6
836786600000.0 -0.35514322 2.2712369e-08 -1202627.6
838320600000.0 -0.3557943 2.2712369e-08 -1202627.6
839854460000.0 -0.35644528 2.2712369e-08 -1202627.6
841388500000.0 -0.35709634 2.2216456e-08 -1166120.5
842922500000.0 -0.35774744 2.2216456e-08 -1166120.5
844456400000.0 -0.3583984 2.2216456e-08 -1166120.5
845990460000.0 -0.3590495 2.2216456e-08 -1166120.5
847524500000.0 -0.35970056 2.199855e-08 -1139700.9
849058400000.0 -0.36035156 2.199855e-08 -1139700.9
850592300000.0 -0.36100253 2.199855e-08 -1139700.9
852126470000.0 -0.3616537 2.199855e-08 -1139700.9
853660340000.0 -0.3623047 2.2112205e-08 -1115757.9
855194200000.0 -0.36295566 2.2112205e-08 -1115757.9
856728400000.0 -0.3636068 2.2112205e-08 -1115757.9
858262300000.0 -0.3642578 2.2112205e-08 -1115757.9
859796140000.0 -0.3649088 2.2510893e-08 -1088378.5
861330400000.0 -0.36555994 2.2510893e-08 -1088378.5
862864200000.0 -0.36621094 2.2510893e-08 -1088378.5
864398100000.0 -0.36686194 2.2510893e-08 -1088378.5
865932350000.0 -0.3675131 2.3307535e-08 -1046348.2
867466200000.0 -0.36816406 2.3307535e-08 -1046348.2
869000100000.0 -0.36881506 2.3307535e-08 -1046348.2
870534100000.0 -0.36946613 2.3307535e-08 -1046348.2
872068150000.0 -0.3701172 2.4391817e-08 -1006277.4
873602000000.0 -0.3707682 2.4391817e-08 -1006277.4
875136100000.0 -0.37141925 2.4391817e-08 -1006277.4
876670100000.0 -0.37207034 2.4391817e-08 -1006277.4
878203960000.0 -0.3727213 2.5185157e-08 -965796.3
879738000000.0 -0.3733724 2.5185157e-08 -965796.3
881272100000.0 -0.37402347 2.5185157e-08 -965796.3
882805900000.0 -0.37467447 2.5185157e-08 -965796.3
884339970000.0 -0.37532553 2.5652529e-08 -933858.25
885874000000.0 -0.3759766 2.5652529e-08 -933858.25
887407900000.0 -0.3766276 2.5652529e-08 -933858.25
888941900000.0 -0.37727866 2.5652529e-08 -933858.25
890476000000.0 -0.37792972 2.6265965e-08 -877395.5
892009840000.0 -0.37858072 2.6265965e-08 -877395.5
893543700000.0 -0.37923172 2.6265965e-08 -877395.5
895077900000.0 -0.37988284 2.6265965e-08 -877395.5
896611800000.0 -0.38053384 2.8257446e-08 -710985.7
898145650000.0 -0.38118485 2.8257446e-08 -710985.7
899679900000.0 -0.381836 2.8257446e-08 -710985.7
901213800000.0 -0.38248697 2.8257446e-08 -710985.7
902747600000.0 -0.38313797 3.110799e-08 -266763.94
904281850000.0 -0.38378912 3.110799e-08 -266763.94
905815700000.0 -0.3844401 3.110799e-08 -266763.94
907349600000.0 -0.3850911 3.110799e-08 -266763.94
908883800000.0 -0.38574225 3.0719168e-08 297205.78
910417660000.0 -0.38639325 3.0719168e-08 297205.78
911951500000.0 -0.38704422 3.0719168e-08 297205.78
913485600000.0 -0.3876953 3.0719168e-08 297205.78
915019600000.0 -0.38834637 2.642704e-08 465131.3
916553470000.0 -0.38899738 2.642704e-08 465131.3
918087500000.0 -0.38964844 2.642704e-08 465131.3
919621600000.0 -0.3902995 2.642704e-08 465131.3
921155500000.0 -0.3909505 2.1902542e-08 438687.9
922689500000.0 -0.39160156 2.1902542e-08 438687.9
924223540000.0 -0.39225262 2.1902542e-08 438687.9
925757400000.0 -0.39290363 2.1902542e-08 438687.9
927291400000.0 -0.3935547 1.9674655e-08 324434.28
928825500000.0 -0.39420575 1.9674655e-08 324434.28
930359350000.0 -0.39485675 1.9674655e-08 324434.28
931893400000.0 -0.3955078 1.9674655e-08 324434.28
933427400000.0 -0.3961589 1.9212782e-08 179382.8
934961300000.0 -0.39680988 1.9212782e-08 179382.8
936495150000.0 -0.39746088 1.9212782e-08 179382.8
938029400000.0 -0.39811203 1.9212782e-08 179382.8
939563300000.0 -0.398763 1.9514536e-08 151832.06
941097160000.0 -0.399414 1.9514536e-08 151832.06
942631350000.0 -0.40006515 1.9514536e-08 151832.06
944165200000.0 -0.40071616 1.9514536e-08 151832.06
945699100000.0 -0.40136713 2.0043721e-08 239396.88
947233300000.0 -0.40201828 2.0043721e-08 239396.88
948767160000.0 -0.40266928 2.0043721e-08 239396.88
950301000000.0 -0.40332028 2.0043721e-08 239396.88
951835200000.0 -0.4039714 2.045518e-08 355308.75
953369100000.0 -0.4046224 2.045518e-08 355308.75
954903000000.0 -0.4052734 2.045518e-08 355308.75
956437040000.0 -0.40592447 2.045518e-08 355308.75
957971100000.0 -0.40657553 2.0894014e-08 472430.88
959505000000.0 -0.40722653 2.0894014e-08 472430.88
961039000000.0 -0.4078776 2.0894014e-08 472430.88
962573040000.0 -0.40852866 2.0894014e-08 472430.88
964106900000.0 -0.40917966 2.1028477e-08 535613.4
965641000000.0 -0.40983072 2.1028477e-08 535613.4
967175000000.0 -0.4104818 2.1028477e-08 535613.4
968708850000.0 -0.41113278 2.1028477e-08 535613.4
970242900000.0 -0.41178387 2.1033589e-08 575029.6
971776900000.0 -0.41243494 2.1033589e-08 575029.6
973310800000.0 -0.4130859 2.1033589e-08 575029.6
974844850000.0 -0.413737 2.1033589e-08 575029.6
976378900000.0 -0.41438806 2.1075923e-08 589275.9
977912800000.0 -0.41503906 2.1075923e-08 589275.9
979446660000.0 -0.41569003 2.1075923e-08 589275.9
980980860000.0 -0.4163412 2.1075923e-08 589275.9
982514700000.0 -0.4169922 2.1048924e-08 520487.0
984048600000.0 -0.4176432 2.1048924e-08 520487.0
985582800000.0 -0.4182943 2.1048924e-08 520487.0
987116670000.0 -0.4189453 2.1048924e-08 520487.0
988650540000.0 -0.4195963 1.984976e-08 240028.16
990184800000.0 -0.42024744 1.984976e-08 240028.16
991718700000.0 -0.42089844 1.984976e-08 240028.16
993252500000.0 -0.42154944 1.984976e-08 240028.16
994786740000.0 -0.4222006 1.6834843e-08 -45135.066
996320600000.0 -0.42285156 1.6834843e-08 -45135.066
997854500000.0 -0.42350256 1.6834843e-08 -45135.066
999388500000.0 -0.42415363 1.6834843e-08 -45135.066
1000922550000.0 -0.42480472 1.3963543e-08 51895.387
1002456400000.0 -0.4254557 1.3963543e-08 51895.387
1003990500000.0 -0.42610675 1.3963543e-08 51895.387
1005524500000.0 -0.42675784 1.3963543e-08 51895.387
1007058350000.0 -0.4274088 1.2361291e-08 164340.83
1008592400000.0 -0.4280599 1.2361291e-08 164340.83
1010126500000.0 -0.42871097 1.2361291e-08 164340.83
1011660360000.0 -0.42936197 1.2361291e-08 164340.83
1013194360000.0 -0.43001303 1.1415276e-08 247854.56
1014728400000.0 -0.4306641 1.1415276e-08 247854.56
1016262300000.0 -0.4313151 1.1415276e-08 247854.56
1017796300000.0 -0.43196616 1.1415276e-08 247854.56
1019330360000.0 -0.43261722 1.11370975e-08 426752.66
1020864230000.0 -0.43326822 1.11370975e-08 426752.66
1022398100000.0 -0.43391922 1.11370975e-08 426752.66
1023932300000.0 -0.43457034 1.11370975e-08 426752.66
1025466200000.0 -0.43522134 1.1231279e-08 649109.44
1027000040000.0 -0.43587235 1.1231279e-08 649109.44
1028534300000.0 -0.4365235 1.1231279e-08 649109.44
1030068200000.0 -0.43717447 1.1231279e-08 649109.44
1031602040000.0 -0.43782547 1.1614494e-08 841799.56
1033136240000.0 -0.43847662 1.1614494e-08 841799.56
1034670100000.0 -0.43912762 1.1614494e-08 841799.56
1036204000000.0 -0.4397786 1.1614494e-08 841799.56
1037738200000.0 -0.44042975 1.2102382e-08 970975.56
1039272050000.0 -0.44108075 1.2102382e-08 970975.56
1040805900000.0 -0.44173172 1.2102382e-08 970975.56
1042340000000.0 -0.4423828 1.2102382e-08 970975.56
1043874000000.0 -0.44303387 1.2706164e-08 1114818.2
1045407860000.0 -0.44368488 1.2706164e-08 1114818.2
1046941900000.0 -0.44433594 1.2706164e-08 1114818.2
1048476000000.0 -0.444987 1.2706164e-08 1114818.2
1050009860000.0 -0.445638 1.3500482e-08 1301442.8
1051543860000.0 -0.44628906 1.3500482e-08 1301442.8
1053077900000.0 -0.44694012 1.3500482e-08 1301442.8
1054611800000.0 -0.44759113 1.3500482e-08 1301442.8
1056145870000.0 -0.4482422 1.43572025e-08 1521133.4
1057679900000.0 -0.44889325 1.43572025e-08 1521133.4
1059213740000.0 -0.44954425 1.43572025e-08 1521133.4
1060747800000.0 -0.4501953 1.43572025e-08 1521133.4
1062281800000.0 -0.4508464 1.5412429e-08 1744387.9
1063815700000.0 -0.45149738 1.5412429e-08 1744387.9
1065349550000.0 -0.45214838 1.5412429e-08 1744387.9
1066883800000.0 -0.45279953 1.5412429e-08 1744387.9
1068417700000.0 -0.45345053 1.6417875e-08 1931145.5
1069951550000.0 -0.4541015 1.6417875e-08 1931145.5
1071485750000.0 -0.45475265 1.6417875e-08 1931145.5
1073019600000.0 -0.45540366 1.6417875e-08 1931145.5
1074553500000.0 -0.45605463 1.6974127e-08 2015709.1
1076087700000.0 -0.45670578 1.6974127e-08 2015709.1
1077621560000.0 -0.45735678 1.6974127e-08 2015709.1
1079155400000.0 -0.45800778 1.6974127e-08 2015709.1
1080689700000.0 -0.4586589 1.6978412e-08 2004342.8
1082223500000.0 -0.4593099 1.6978412e-08 2004342.8
1083757360000.0 -0.4599609 1.6978412e-08 2004342.8
1085291400000.0 -0.46061197 1.6978412e-08 2004342.8
1086825500000.0 -0.46126303 1.6737697e-08 1940120.8
1088359370000.0 -0.46191403 1.6737697e-08 1940120.8
1089893400000.0 -0.4625651 1.6737697e-08 1940120.8
1091427430000.0 -0.46321616 1.6737697e-08 1940120.8
1092961300000.0 -0.46386716 1.6408288e-08 1846937.4
1094495400000.0 -0.46451822 1.6408288e-08 1846937.4
1096029400000.0 -0.4651693 1.6408288e-08 1846937.4
1097563240000.0 -0.46582028 1.6408288e-08 1846937.4
1099097300000.0 -0.46647137 1.5994933e-08 1749736.2
1100631400000.0 -0.46712244 1.5994933e-08 1749736.2
1102165200000.0 -0.46777344 1.5994933e-08 1749736.2
1103699200000.0 -0.4684245 1.5994933e-08 1749736.2
1105233300000.0 -0.46907556 1.5378987e-08 1624541.5
1106767100000.0 -0.4697265 1.5378987e-08 1624541.5
1108301000000.0 -0.47037753 1.5378987e-08 1624541.5
1109835300000.0 -0.4710287 1.5378987e-08 1624541.5
1111369200000.0 -0.47167972 1.4557085e-08 1440648.9
1112903000000.0 -0.4723307 1.4557085e-08 1440648.9
1114437200000.0 -0.4729818 1.4557085e-08 1440648.9
1115971100000.0 -0.47363284 1.4557085e-08 1440648.9
1117504900000.0 -0.4742838 1.355277e-08 1197397.4
1119039100000.0 -0.47493497 1.355277e-08 1197397.4
1120573000000.0 -0.47558594 1.355277e-08 1197397.4
1122106900000.0 -0.47623694 1.355277e-08 1197397.4
1123641000000.0 -0.47688803 1.2528825e-08 890273.44
1125175000000.0 -0.47753906 1.2528825e-08 890273.44
1126708800000.0 -0.47819003 1.2528825e-08 890273.44
1128242900000.0 -0.47884113 1.2528825e-08 890273.44
1129777000000.0 -0.47949222 1.1540556e-08 576731.4
1131310900000.0 -0.48014325 1.1540556e-08 576731.4
1132844800000.0 -0.48079422 1.1540556e-08 576731.4
1134378900000.0 -0.48144534 1.1540556e-08 576731.4
1135912800000.0 -0.48209637 1.07523626e-08 351473.12
1137446700000.0 -0.48274735 1.07523626e-08 351473.12
1138980800000.0 -0.48339847 1.07523626e-08 351473.12
1140514800000.0 -0.48404947 1.07523626e-08 351473.12
1142048800000.0 -0.48470056 1.0102469e-08 210495.72
1143582800000.0 -0.48535156 1.0102469e-08 210495.72
1145116700000.0 -0.4860026 1.0102469e-08 210495.72
1146650800000.0 -0.48665366 1.0102469e-08 210495.72
1148184800000.0 -0.48730478 9.571927e-09 100334.57
1149718600000.0 -0.48795572 9.571927e-09 100334.57
1151252600000.0 -0.48860675 9.571927e-09 100334.57
1152786800000.0 -0.48925787 9.571927e-09 100334.57
1154320600000.0 -0.48990884 9.138342e-09 -67155.42
1155854500000.0 -0.49055988 9.138342e-09 -67155.42
1157388700000.0 -0.491211 9.138342e-09 -67155.42
1158922500000.0 -0.49186197 9.138342e-09 -67155.42
1160456400000.0 -0.49251297 8.801981e-09 -356891.25
1161990600000.0 -0.49316412 8.801981e-09 -356891.25
1163524400000.0 -0.49381506 8.801981e-09 -356891.25
1165058400000.0 -0.4944661 8.801981e-09 -356891.25
1166592600000.0 -0.49511725 8.73791e-09 -677005.25
1168126500000.0 -0.49576828 8.73791e-09 -677005.25
1169660300000.0 -0.49641922 8.73791e-09 -677005.25
1171194400000.0 -0.4970703 8.73791e-09 -677005.25
1172728400000.0 -0.49772137 8.994727e-09 -825107.3
1174262300000.0 -0.49837238 8.994727e-09 -825107.3
1175796300000.0 -0.49902344 8.994727e-09 -825107.3
1177330400000.0 -0.4996745 8.994727e-09 -825107.3
