morphology_data/1d_wa_a0.025_l8r0.5_00001.ecsv
# %ECSV 1.0
# ---
# datatype:
# - {name: b, datatype: float32}
# - {name: phase, datatype: float32}
# - {name: sigma, datatype: float32}
# - {name: vr, datatype: float32}
# meta: {lambda: 8, rp: 0.5, sep: 0.025, wind: a}
# schema: astropy-2.0
b phase sigma vr
[from data line 357]
-629699100000.0 0.2672526 1.4903167e-08 1434162.0
-628165100000.0 0.26660156 1.4903167e-08 1434162.0
-626631200000.0 0.26595053 1.4903167e-08 1434162.0
-625097240000.0 0.2652995 1.5322996e-08 1440328.1
-623563240000.0 0.26464844 1.5322996e-08 1440328.1
-622029240000.0 0.2639974 1.5322996e-08 1440328.1
-620495240000.0 0.26334634 1.5322996e-08 1440328.1
-618961240000.0 0.26269528 1.5749304e-08 1446255.1
-617427240000.0 0.26204425 1.5749304e-08 1446255.1
-615893300000.0 0.26139322 1.5749304e-08 1446255.1
-614359400000.0 0.2607422 1.5749304e-08 1446255.1
-612825370000.0 0.26009116 1.6184769e-08 1453258.2
-611291370000.0 0.2594401 1.6184769e-08 1453258.2
-609757400000.0 0.2587891 1.6184769e-08 1453258.2
-608223400000.0 0.25813803 1.6184769e-08 1453258.2
-606689400000.0 0.257487 1.6658557e-08 1460383.4
-605155400000.0 0.2568359 1.6658557e-08 1460383.4
-603621500000.0 0.2561849 1.6658557e-08 1460383.4
-602087500000.0 0.25553384 1.6658557e-08 1460383.4
-600553500000.0 0.2548828 1.7149251e-08 1466120.4
-599019550000.0 0.25423178 1.7149251e-08 1466120.4
-597485550000.0 0.25358072 1.7149251e-08 1466120.4
-595951550000.0 0.2529297 1.7149251e-08 1466120.4
-594417600000.0 0.25227866 1.7622709e-08 1472097.2
-592883600000.0 0.25162762 1.7622709e-08 1472097.2
-591349600000.0 0.25097656 1.7622709e-08 1472097.2
-589815600000.0 0.2503255 1.7622709e-08 1472097.2
-588281700000.0 0.24967448 1.8132328e-08 1478587.6
-586747700000.0 0.24902344 1.8132328e-08 1478587.6
-585213700000.0 0.24837239 1.8132328e-08 1478587.6
-583679740000.0 0.24772136 1.8132328e-08 1478587.6
-582145740000.0 0.2470703 1.8663645e-08 1483625.1
-580611740000.0 0.24641925 1.8663645e-08 1483625.1
-579077730000.0 0.2457682 1.8663645e-08 1483625.1
-577543800000.0 0.24511719 1.8663645e-08 1483625.1
-576009800000.0 0.24446614 1.9191852e-08 1488349.8
-574475800000.0 0.2438151 1.9191852e-08 1488349.8
-572941860000.0 0.24316406 1.9191852e-08 1488349.8
-571407900000.0 0.24251305 1.9191852e-08 1488349.8
-569873900000.0 0.241862 1.972459e-08 1493181.2
-568339900000.0 0.24121095 1.972459e-08 1493181.2
-566805900000.0 0.2405599 1.972459e-08 1493181.2
-565271900000.0 0.23990884 1.972459e-08 1493181.2
-563737900000.0 0.2392578 2.0315284e-08 1497530.4
-562204000000.0 0.23860677 2.0315284e-08 1497530.4
-560670050000.0 0.23795573 2.0315284e-08 1497530.4
-559136050000.0 0.23730469 2.0315284e-08 1497530.4
-557602050000.0 0.23665364 2.0914225e-08 1501001.4
-556068040000.0 0.2360026 2.0914225e-08 1501001.4
-554534040000.0 0.23535155 2.0914225e-08 1501001.4
-553000040000.0 0.23470049 2.0914225e-08 1501001.4
-551466100000.0 0.23404948 2.1510338e-08 1504523.9
-549932200000.0 0.23339845 2.1510338e-08 1504523.9
-548398170000.0 0.23274739 2.1510338e-08 1504523.9
-546864170000.0 0.23209634 2.1510338e-08 1504523.9
-545330200000.0 0.23144531 2.2152658e-08 1507131.0
-543796200000.0 0.23079427 2.2152658e-08 1507131.0
-542262200000.0 0.23014322 2.2152658e-08 1507131.0
-540728260000.0 0.22949219 2.2152658e-08 1507131.0
-539194300000.0 0.22884116 2.283242e-08 1508116.0
-537660300000.0 0.22819011 2.283242e-08 1508116.0
-536126300000.0 0.22753906 2.283242e-08 1508116.0
-534592320000.0 0.22688803 2.283242e-08 1508116.0
-533058360000.0 0.22623697 2.3542608e-08 1507824.1
-531524350000.0 0.22558592 2.3542608e-08 1507824.1
-529990400000.0 0.22493489 2.3542608e-08 1507824.1
-528456420000.0 0.22428386 2.3542608e-08 1507824.1
-526922400000.0 0.22363281 2.4215902e-08 1507423.6
-525388400000.0 0.22298177 2.4215902e-08 1507423.6
-523854480000.0 0.22233073 2.4215902e-08 1507423.6
-522320480000.0 0.22167969 2.4215902e-08 1507423.6
-520786480000.0 0.22102864 2.495554e-08 1504941.0
-519252500000.0 0.22037761 2.495554e-08 1504941.0
-517718570000.0 0.21972658 2.495554e-08 1504941.0
-516184570000.0 0.21907552 2.495554e-08 1504941.0
-514650570000.0 0.21842447 2.5755625e-08 1499841.8
-513116600000.0 0.21777344 2.5755625e-08 1499841.8
-511582600000.0 0.21712239 2.5755625e-08 1499841.8
-510048600000.0 0.21647134 2.5755625e-08 1499841.8
-508514660000.0 0.21582031 2.6556181e-08 1494917.9
-506980700000.0 0.21516928 2.6556181e-08 1494917.9
-505446700000.0 0.21451823 2.6556181e-08 1494917.9
-503912700000.0 0.21386719 2.6556181e-08 1494917.9
-502378730000.0 0.21321616 2.734134e-08 1488985.0
-500844760000.0 0.2125651 2.734134e-08 1488985.0
-499310760000.0 0.21191405 2.734134e-08 1488985.0
-497776800000.0 0.21126302 2.734134e-08 1488985.0
-496242820000.0 0.21061198 2.8220652e-08 1479571.1
-494708820000.0 0.20996094 2.8220652e-08 1479571.1
-493174820000.0 0.20930989 2.8220652e-08 1479571.1
-491640880000.0 0.20865886 2.8220652e-08 1479571.1
-490106880000.0 0.20800781 2.91686e-08 1468636.1
-488572880000.0 0.20735677 2.91686e-08 1468636.1
-487038900000.0 0.20670573 2.91686e-08 1468636.1
-485504970000.0 0.2060547 2.91686e-08 1468636.1
-483970970000.0 0.20540364 3.00823e-08 1460343.9
-482436970000.0 0.2047526 3.00823e-08 1460343.9
-480903000000.0 0.20410156 3.00823e-08 1460343.9
-479369070000.0 0.20345053 3.00823e-08 1460343.9
-477835000000.0 0.20279947 3.1109746e-08 1450574.2
-476301070000.0 0.20214844 3.1109746e-08 1450574.2
-474767100000.0 0.2014974 3.1109746e-08 1450574.2
-473233100000.0 0.20084636 3.1109746e-08 1450574.2
-471699100000.0 0.20019531 3.2237406e-08 1437653.0
-470165130000.0 0.19954428 3.2237406e-08 1437653.0
-468631200000.0 0.19889325 3.2237406e-08 1437653.0
-467097160000.0 0.19824217 3.2237406e-08 1437653.0
-465563200000.0 0.19759114 3.3288153e-08 1425590.2
-464029220000.0 0.19694011 3.3288153e-08 1425590.2
-462495220000.0 0.19628906 3.3288153e-08 1425590.2
-460961220000.0 0.19563802 3.3288153e-08 1425590.2
-459427280000.0 0.19498698 3.4434237e-08 1413336.5
-457893300000.0 0.19433595 3.4434237e-08 1413336.5
-456359280000.0 0.19368488 3.4434237e-08 1413336.5
-454825300000.0 0.19303386 3.4434237e-08 1413336.5
-453291380000.0 0.19238283 3.572207e-08 1400029.9
-451757380000.0 0.19173177 3.572207e-08 1400029.9
-450223370000.0 0.19108072 3.572207e-08 1400029.9
-448689400000.0 0.19042969 3.572207e-08 1400029.9
-447155440000.0 0.18977866 3.6976356e-08 1386851.8
-445621400000.0 0.1891276 3.6976356e-08 1386851.8
-444087470000.0 0.18847656 3.6976356e-08 1386851.8
-442553500000.0 0.18782553 3.6976356e-08 1386851.8
-441019500000.0 0.18717448 3.8293155e-08 1373230.9
-439485500000.0 0.18652342 3.8293155e-08 1373230.9
-437951530000.0 0.1858724 3.8293155e-08 1373230.9
-436417600000.0 0.18522137 3.8293155e-08 1373230.9
-434883530000.0 0.1845703 3.9731056e-08 1358211.8
-433349600000.0 0.18391927 3.9731056e-08 1358211.8
-431815620000.0 0.18326823 3.9731056e-08 1358211.8
-430281620000.0 0.18261719 3.9731056e-08 1358211.8
-428747700000.0 0.18196616 4.109964e-08 1340153.4
-427213700000.0 0.18131511 4.109964e-08 1340153.4
-425679700000.0 0.18066408 4.109964e-08 1340153.4
-424145680000.0 0.180013 4.109964e-08 1340153.4
-422611700000.0 0.17936198 4.2507523e-08 1322741.9
-421077780000.0 0.17871095 4.2507523e-08 1322741.9
-419543700000.0 0.17805988 4.2507523e-08 1322741.9
-418009840000.0 0.17740889 4.2507523e-08 1322741.9
-416475800000.0 0.17675781 4.4077666e-08 1306664.9
-414941770000.0 0.17610675 4.4077666e-08 1306664.9
-413407900000.0 0.17545575 4.4077666e-08 1306664.9
-411873870000.0 0.17480469 4.4077666e-08 1306664.9
-410339800000.0 0.17415361 4.545712e-08 1288828.8
-408805930000.0 0.17350262 4.545712e-08 1288828.8
-407271900000.0 0.17285155 4.545712e-08 1288828.8
-405737930000.0 0.17220053 4.545712e-08 1288828.8
-404204000000.0 0.1715495 4.681657e-08 1268490.8
-402669930000.0 0.17089842 4.681657e-08 1268490.8
-401136000000.0 0.17024739 4.681657e-08 1268490.8
-399602020000.0 0.16959636 4.681657e-08 1268490.8
-398068000000.0 0.1689453 4.8277094e-08 1248450.1
-396534120000.0 0.1682943 4.8277094e-08 1248450.1
-395000100000.0 0.16764323 4.8277094e-08 1248450.1
-393466020000.0 0.16699216 4.8277094e-08 1248450.1
-391932180000.0 0.16634117 4.951952e-08 1229190.1
-390398100000.0 0.1656901 4.951952e-08 1229190.1
-388864080000.0 0.16503903 4.951952e-08 1229190.1
-387330200000.0 0.16438805 4.951952e-08 1229190.1
-385796180000.0 0.16373697 5.0791694e-08 1208320.4
-384262200000.0 0.16308594 5.0791694e-08 1208320.4
-382728240000.0 0.1624349 5.0791694e-08 1208320.4
-381194200000.0 0.16178384 5.0791694e-08 1208320.4
-379660270000.0 0.16113281 5.2257537e-08 1189673.4
-378126300000.0 0.16048178 5.2257537e-08 1189673.4
-376592270000.0 0.1598307 5.2257537e-08 1189673.4
-375058400000.0 0.15917972 5.2257537e-08 1189673.4
-373524330000.0 0.15852864 5.349296e-08 1172048.6
-371990300000.0 0.15787758 5.349296e-08 1172048.6
-370456430000.0 0.15722659 5.349296e-08 1172048.6
-368922400000.0 0.15657552 5.349296e-08 1172048.6
-367388360000.0 0.15592445 5.4781307e-08 1157359.8
-365854500000.0 0.15527347 5.4781307e-08 1157359.8
-364320420000.0 0.15462239 5.4781307e-08 1157359.8
-362786500000.0 0.15397136 5.4781307e-08 1157359.8
-361252520000.0 0.15332033 5.627712e-08 1143581.6
-359718500000.0 0.15266925 5.627712e-08 1143581.6
-358184520000.0 0.15201822 5.627712e-08 1143581.6
-356650580000.0 0.1513672 5.627712e-08 1143581.6
-355116500000.0 0.15071613 5.7456013e-08 1125384.8
-353582650000.0 0.15006512 5.7456013e-08 1125384.8
-352048600000.0 0.14941406 5.7456013e-08 1125384.8
-350514580000.0 0.148763 5.7456013e-08 1125384.8
-348980700000.0 0.148112 5.8648503e-08 1111205.2
-347446640000.0 0.14746092 5.8648503e-08 1111205.2
-345912600000.0 0.14680986 5.8648503e-08 1111205.2
-344378740000.0 0.14615887 5.8648503e-08 1111205.2
-342844700000.0 0.1455078 5.990382e-08 1101530.2
-341310730000.0 0.14485677 5.990382e-08 1101530.2
-339776800000.0 0.14420575 5.990382e-08 1101530.2
-338242730000.0 0.14355466 5.990382e-08 1101530.2
-336708800000.0 0.14290364 6.1050116e-08 1091426.1
-335174830000.0 0.14225261 6.1050116e-08 1091426.1
-333640800000.0 0.14160155 6.1050116e-08 1091426.1
-332106920000.0 0.14095055 6.1050116e-08 1091426.1
-330572900000.0 0.14029948 6.222471e-08 1079545.2
-329038820000.0 0.13964841 6.222471e-08 1079545.2
-327504950000.0 0.1389974 6.222471e-08 1079545.2
-325970920000.0 0.13834634 6.222471e-08 1079545.2
-324436900000.0 0.13769528 6.320256e-08 1068121.0
-322903000000.0 0.1370443 6.320256e-08 1068121.0
-321368980000.0 0.13639323 6.320256e-08 1068121.0
-319835000000.0 0.13574219 6.320256e-08 1068121.0
-318301040000.0 0.13509116 6.386069e-08 1055198.2
-316767000000.0 0.1344401 6.386069e-08 1055198.2
-315233040000.0 0.13378905 6.386069e-08 1055198.2
-313699100000.0 0.13313803 6.386069e-08 1055198.2
-312165070000.0 0.13248697 6.454157e-08 1037810.9
-310631200000.0 0.13183598 6.454157e-08 1037810.9
-309097140000.0 0.13118489 6.454157e-08 1037810.9
-307563100000.0 0.13053383 6.454157e-08 1037810.9
-306029230000.0 0.12988284 6.503775e-08 1015230.3
-304495200000.0 0.12923177 6.503775e-08 1015230.3
-302961130000.0 0.12858069 6.503775e-08 1015230.3
-301427300000.0 0.12792972 6.503775e-08 1015230.3
-299893230000.0 0.12727864 6.505387e-08 989513.2
-298359300000.0 0.12662761 6.505387e-08 989513.2
-296825320000.0 0.12597658 6.505387e-08 989513.2
-295291300000.0 0.1253255 6.505387e-08 989513.2
-293757320000.0 0.12467448 6.5288766e-08 963453.4
-292223400000.0 0.12402345 6.5288766e-08 963453.4
-290689320000.0 0.123372376 6.5288766e-08 963453.4
-289155450000.0 0.12272138 6.5288766e-08 963453.4
-287621400000.0 0.12207031 6.5658035e-08 936538.6
-286087380000.0 0.12141925 6.5658035e-08 936538.6
-284553500000.0 0.12076825 6.5658035e-08 936538.6
-283019440000.0 0.12011717 6.5658035e-08 936538.6
-281485400000.0 0.11946611 6.5379396e-08 906112.7
-279951540000.0 0.118815124 6.5379396e-08 906112.7
-278417500000.0 0.118164055 6.5379396e-08 906112.7
-276883540000.0 0.11751302 6.5379396e-08 906112.7
-275349600000.0 0.11686199 6.4933e-08 879620.94
-273815550000.0 0.11621092 6.4933e-08 879620.94
-272281600000.0 0.11555989 6.4933e-08 879620.94
-270747630000.0 0.11490886 6.4933e-08 879620.94
-269213600000.0 0.11425779 6.497061e-08 855031.06
-267679730000.0 0.113606796 6.497061e-08 855031.06
-266145680000.0 0.11295573 6.497061e-08 855031.06
-264611640000.0 0.11230466 6.497061e-08 855031.06
-263077770000.0 0.11165367 6.496393e-08 831429.75
-261543720000.0 0.1110026 6.496393e-08 831429.75
-260009670000.0 0.11035153 6.496393e-08 831429.75
-258475820000.0 0.10970054 6.496393e-08 831429.75
-256941770000.0 0.10904947 6.407266e-08 802427.0
-255407820000.0 0.10839844 6.407266e-08 802427.0
-253873860000.0 0.107747406 6.407266e-08 802427.0
-252339810000.0 0.10709634 6.407266e-08 802427.0
-250805860000.0 0.106445305 6.376574e-08 768736.6
-249271910000.0 0.10579427 6.376574e-08 768736.6
-247737860000.0 0.10514321 6.376574e-08 768736.6
-246203990000.0 0.10449222 6.376574e-08 768736.6
-244669960000.0 0.10384115 6.417e-08 740663.94
-243135900000.0 0.10319008 6.417e-08 740663.94
-241602040000.0 0.102539085 6.417e-08 740663.94
-240067990000.0 0.101888016 6.417e-08 740663.94
-238533950000.0 0.10123695 6.354049e-08 708377.4
-237000080000.0 0.10058595 6.354049e-08 708377.4
-235466030000.0 0.09993488 6.354049e-08 708377.4
-233932080000.0 0.09928385 6.354049e-08 708377.4
-232398130000.0 0.09863283 6.3182085e-08 682768.8
-230864080000.0 0.09798176 6.3182085e-08 682768.8
-229330120000.0 0.09733073 6.3182085e-08 682768.8
-227796170000.0 0.096679695 6.3182085e-08 682768.8
-226262120000.0 0.096028626 6.374458e-08 661370.8
-224728250000.0 0.09537763 6.374458e-08 661370.8
-223194220000.0 0.09472656 6.374458e-08 661370.8
-221660170000.0 0.09407549 6.374458e-08 661370.8
-220126300000.0 0.0934245 6.368439e-08 633297.75
-218592260000.0 0.09277343 6.368439e-08 633297.75
-217058210000.0 0.09212236 6.368439e-08 633297.75
-215524340000.0 0.091471374 6.368439e-08 633297.75
-213990310000.0 0.090820305 6.352309e-08 622896.2
-212456340000.0 0.09016927 6.352309e-08 622896.2
-210922390000.0 0.08951824 6.352309e-08 622896.2
-209388360000.0 0.08886717 6.352309e-08 622896.2
-207854390000.0 0.08821614 6.374674e-08 602105.94
-206320440000.0 0.08756511 6.374674e-08 602105.94
-204786400000.0 0.08691404 6.374674e-08 602105.94
-203252530000.0 0.086263046 6.374674e-08 602105.94
-201718480000.0 0.08561198 6.4757e-08 595576.9
-200184430000.0 0.08496091 6.4757e-08 595576.9
-198650580000.0 0.08430992 6.4757e-08 595576.9
-197116530000.0 0.08365885 6.4757e-08 595576.9
-195582570000.0 0.08300782 6.944251e-08 693662.9
-194048620000.0 0.08235679 6.944251e-08 693662.9
-192514570000.0 0.08170572 6.922762e-08 680804.25
-190980620000.0 0.08105469 6.922762e-08 680804.25
-189446670000.0 0.080403656 6.905951e-08 660499.5
-187912620000.0 0.07975259 6.905951e-08 660499.5
-186378750000.0 0.07910159 6.899729e-08 640606.0
-184844700000.0 0.07845052 6.899729e-08 640606.0
-183310660000.0 0.077799454 6.9113554e-08 624767.6
-181776800000.0 0.07714847 6.9113554e-08 624767.6
-180242740000.0 0.07649739 6.9595046e-08 613816.6
-178708710000.0 0.07584633 6.9595046e-08 613816.6
-177174840000.0 0.075195335 6.976282e-08 606755.5
-175640790000.0 0.07454426 6.976282e-08 606755.5
-174106840000.0 0.073893234 6.999464e-08 589430.1
-172572880000.0 0.0732422 6.999464e-08 589430.1
-171038830000.0 0.07259113 7.0612884e-08 575428.25
-169504880000.0 0.0719401 7.0612884e-08 575428.25
-167970930000.0 0.07128907 7.1243576e-08 568301.6
-166436880000.0 0.070638 7.1243576e-08 568301.6
-164903010000.0 0.06998701 7.206073e-08 561087.6
-163368980000.0 0.069335945 7.206073e-08 561087.6
-161834930000.0 0.068684876 7.305916e-08 556078.8
-160301060000.0 0.068033874 7.305916e-08 556078.8
-158767020000.0 0.06738281 7.3952705e-08 554217.7
-157232970000.0 0.06673174 7.3952705e-08 554217.7
-155699100000.0 0.06608075 7.467945e-08 536757.8
-154165070000.0 0.06542969 7.467945e-08 536757.8
-152631100000.0 0.06477865 7.576831e-08 526954.8
-151097150000.0 0.06412762 7.576831e-08 526954.8
-149563110000.0 0.063476555 7.668928e-08 517475.0
-148029150000.0 0.062825516 7.668928e-08 517475.0
-146495200000.0 0.062174488 7.876913e-08 525073.25
-144961160000.0 0.061523426 8.013143e-08 539151.9
-143427290000.0 0.060872428 8.1204064e-08 553888.44
