morphology_data/1d_wa_a0.025_l2r0.5_00001.ecsv
# %ECSV 1.0
# ---
# datatype:
# - {name: b, datatype: float32}
# - {name: phase, datatype: float32}
# - {name: sigma, datatype: float32}
# - {name: vr, datatype: float32}
# meta: {lambda: 2, rp: 0.5, sep: 0.025, wind: a}
# schema: astropy-2.0
b phase sigma vr
[from data line 317]
-691058400000.0 0.29329428 9.543079e-09 -211432.33
-689524440000.0 0.29264325 9.543079e-09 -211432.33
-687990440000.0 0.2919922 9.543079e-09 -211432.33
-686456440000.0 0.29134116 9.337738e-09 -228321.56
-684922440000.0 0.2906901 9.337738e-09 -228321.56
-683388440000.0 0.29003903 9.337738e-09 -228321.56
-681854500000.0 0.28938803 9.337738e-09 -228321.56
-680320500000.0 0.28873697 9.279695e-09 -142407.27
-678786560000.0 0.28808594 9.279695e-09 -142407.27
-677252560000.0 0.2874349 9.279695e-09 -142407.27
-675718560000.0 0.28678384 9.279695e-09 -142407.27
-674184600000.0 0.28613284 9.397178e-09 20263.117
-672650600000.0 0.28548178 9.397178e-09 20263.117
-671116600000.0 0.28483072 9.397178e-09 20263.117
-669582600000.0 0.28417966 9.397178e-09 20263.117
-668048700000.0 0.28352866 9.63499e-09 251569.88
-666514700000.0 0.2828776 9.63499e-09 251569.88
-664980700000.0 0.28222656 9.63499e-09 251569.88
-663446750000.0 0.28157553 9.63499e-09 251569.88
-661912750000.0 0.28092447 9.872622e-09 526089.4
-660378750000.0 0.28027344 9.872622e-09 526089.4
-658844800000.0 0.2796224 9.872622e-09 526089.4
-657310800000.0 0.27897137 9.872622e-09 526089.4
-655776800000.0 0.2783203 1.0122804e-08 770646.3
-654242800000.0 0.27766928 1.0122804e-08 770646.3
-652708900000.0 0.27701825 1.0122804e-08 770646.3
-651174900000.0 0.2763672 1.0122804e-08 770646.3
-649640900000.0 0.27571613 1.040717e-08 968761.44
-648106930000.0 0.2750651 1.040717e-08 968761.44
-646572930000.0 0.27441406 1.040717e-08 968761.44
-645038900000.0 0.273763 1.040717e-08 968761.44
-643504900000.0 0.27311197 1.0806502e-08 1173816.4
-641971000000.0 0.27246094 1.0806502e-08 1173816.4
-640437000000.0 0.2718099 1.0806502e-08 1173816.4
-638903000000.0 0.27115884 1.0806502e-08 1173816.4
-637369060000.0 0.2705078 1.1255562e-08 1358958.0
-635835100000.0 0.2698568 1.1255562e-08 1358958.0
-634301100000.0 0.26920575 1.1255562e-08 1358958.0
-632767100000.0 0.2685547 1.1255562e-08 1358958.0
-631233100000.0 0.26790366 1.167146e-08 1461108.2
-629699100000.0 0.2672526 1.167146e-08 1461108.2
-628165100000.0 0.26660156 1.167146e-08 1461108.2
-626631200000.0 0.26595053 1.167146e-08 1461108.2
-625097240000.0 0.2652995 1.1974204e-08 1450878.1
-623563240000.0 0.26464844 1.1974204e-08 1450878.1
-622029240000.0 0.2639974 1.1974204e-08 1450878.1
-620495240000.0 0.26334634 1.1974204e-08 1450878.1
-618961240000.0 0.26269528 1.2319783e-08 1423620.2
-617427240000.0 0.26204425 1.2319783e-08 1423620.2
-615893300000.0 0.26139322 1.2319783e-08 1423620.2
-614359400000.0 0.2607422 1.2319783e-08 1423620.2
-612825370000.0 0.26009116 1.2581942e-08 1447145.5
-611291370000.0 0.2594401 1.2581942e-08 1447145.5
-609757400000.0 0.2587891 1.2581942e-08 1447145.5
-608223400000.0 0.25813803 1.2581942e-08 1447145.5
-606689400000.0 0.257487 1.2610329e-08 1559816.4
-605155400000.0 0.2568359 1.2610329e-08 1559816.4
-603621500000.0 0.2561849 1.2610329e-08 1559816.4
-602087500000.0 0.25553384 1.2610329e-08 1559816.4
-600553500000.0 0.2548828 1.2504287e-08 1734132.9
-599019550000.0 0.25423178 1.2504287e-08 1734132.9
-597485550000.0 0.25358072 1.2504287e-08 1734132.9
-595951550000.0 0.2529297 1.2504287e-08 1734132.9
-594417600000.0 0.25227866 1.2456622e-08 1833772.4
-592883600000.0 0.25162762 1.2456622e-08 1833772.4
-591349600000.0 0.25097656 1.2456622e-08 1833772.4
-589815600000.0 0.2503255 1.2456622e-08 1833772.4
-588281700000.0 0.24967448 1.247613e-08 1880029.6
-586747700000.0 0.24902344 1.247613e-08 1880029.6
-585213700000.0 0.24837239 1.247613e-08 1880029.6
-583679740000.0 0.24772136 1.247613e-08 1880029.6
-582145740000.0 0.2470703 1.242826e-08 1912229.0
-580611740000.0 0.24641925 1.242826e-08 1912229.0
-579077730000.0 0.2457682 1.242826e-08 1912229.0
-577543800000.0 0.24511719 1.242826e-08 1912229.0
-576009800000.0 0.24446614 1.2415757e-08 1962284.0
-574475800000.0 0.2438151 1.2415757e-08 1962284.0
-572941860000.0 0.24316406 1.2415757e-08 1962284.0
-571407900000.0 0.24251305 1.2415757e-08 1962284.0
-569873900000.0 0.241862 1.2319314e-08 1887166.6
-568339900000.0 0.24121095 1.2319314e-08 1887166.6
-566805900000.0 0.2405599 1.2319314e-08 1887166.6
-565271900000.0 0.23990884 1.2319314e-08 1887166.6
-563737900000.0 0.2392578 1.171973e-08 1644039.2
-562204000000.0 0.23860677 1.171973e-08 1644039.2
-560670050000.0 0.23795573 1.171973e-08 1644039.2
-559136050000.0 0.23730469 1.171973e-08 1644039.2
-557602050000.0 0.23665364 1.0886638e-08 1527977.2
-556068040000.0 0.2360026 1.0886638e-08 1527977.2
-554534040000.0 0.23535155 1.0886638e-08 1527977.2
-553000040000.0 0.23470049 1.0886638e-08 1527977.2
-551466100000.0 0.23404948 1.042519e-08 1621056.6
-549932200000.0 0.23339845 1.042519e-08 1621056.6
-548398170000.0 0.23274739 1.042519e-08 1621056.6
-546864170000.0 0.23209634 1.042519e-08 1621056.6
-545330200000.0 0.23144531 1.0312569e-08 1728946.0
-543796200000.0 0.23079427 1.0312569e-08 1728946.0
-542262200000.0 0.23014322 1.0312569e-08 1728946.0
-540728260000.0 0.22949219 1.0312569e-08 1728946.0
-539194300000.0 0.22884116 1.029937e-08 1753198.1
-537660300000.0 0.22819011 1.029937e-08 1753198.1
-536126300000.0 0.22753906 1.029937e-08 1753198.1
-534592320000.0 0.22688803 1.029937e-08 1753198.1
-533058360000.0 0.22623697 1.0225041e-08 1658183.6
-531524350000.0 0.22558592 1.0225041e-08 1658183.6
-529990400000.0 0.22493489 1.0225041e-08 1658183.6
-528456420000.0 0.22428386 1.0225041e-08 1658183.6
-526922400000.0 0.22363281 1.0093802e-08 1509435.8
-525388400000.0 0.22298177 1.0093802e-08 1509435.8
-523854480000.0 0.22233073 1.0093802e-08 1509435.8
-522320480000.0 0.22167969 1.0093802e-08 1509435.8
-520786480000.0 0.22102864 9.545911e-09 1327421.0
-519252500000.0 0.22037761 9.545911e-09 1327421.0
-517718570000.0 0.21972658 9.545911e-09 1327421.0
-516184570000.0 0.21907552 9.545911e-09 1327421.0
-514650570000.0 0.21842447 8.901111e-09 1280248.2
-513116600000.0 0.21777344 8.901111e-09 1280248.2
-511582600000.0 0.21712239 8.901111e-09 1280248.2
-510048600000.0 0.21647134 8.901111e-09 1280248.2
-508514660000.0 0.21582031 8.488951e-09 1347244.6
-506980700000.0 0.21516928 8.488951e-09 1347244.6
-505446700000.0 0.21451823 8.488951e-09 1347244.6
-503912700000.0 0.21386719 8.488951e-09 1347244.6
-502378730000.0 0.21321616 8.324978e-09 1430547.9
-500844760000.0 0.2125651 8.324978e-09 1430547.9
-499310760000.0 0.21191405 8.324978e-09 1430547.9
-497776800000.0 0.21126302 8.324978e-09 1430547.9
-496242820000.0 0.21061198 8.320426e-09 1475923.9
-494708820000.0 0.20996094 8.320426e-09 1475923.9
-493174820000.0 0.20930989 8.320426e-09 1475923.9
-491640880000.0 0.20865886 8.320426e-09 1475923.9
-490106880000.0 0.20800781 8.243045e-09 1452270.2
-488572880000.0 0.20735677 8.243045e-09 1452270.2
-487038900000.0 0.20670573 8.243045e-09 1452270.2
-485504970000.0 0.2060547 8.243045e-09 1452270.2
-483970970000.0 0.20540364 8.061511e-09 1390779.8
-482436970000.0 0.2047526 8.061511e-09 1390779.8
-480903000000.0 0.20410156 8.061511e-09 1390779.8
-479369070000.0 0.20345053 8.061511e-09 1390779.8
-477835000000.0 0.20279947 7.832287e-09 1291605.2
-476301070000.0 0.20214844 7.832287e-09 1291605.2
-474767100000.0 0.2014974 7.832287e-09 1291605.2
-473233100000.0 0.20084636 7.832287e-09 1291605.2
-471699100000.0 0.20019531 7.628661e-09 1179790.4
-470165130000.0 0.19954428 7.628661e-09 1179790.4
-468631200000.0 0.19889325 7.628661e-09 1179790.4
-467097160000.0 0.19824217 7.628661e-09 1179790.4
-465563200000.0 0.19759114 7.612067e-09 1102941.0
-464029220000.0 0.19694011 7.612067e-09 1102941.0
-462495220000.0 0.19628906 7.612067e-09 1102941.0
-460961220000.0 0.19563802 7.612067e-09 1102941.0
-459427280000.0 0.19498698 7.6862925e-09 1124383.5
-457893300000.0 0.19433595 7.6862925e-09 1124383.5
-456359280000.0 0.19368488 7.6862925e-09 1124383.5
-454825300000.0 0.19303386 7.6862925e-09 1124383.5
-453291380000.0 0.19238283 7.914413e-09 1172596.0
-451757380000.0 0.19173177 7.914413e-09 1172596.0
-450223370000.0 0.19108072 7.914413e-09 1172596.0
-448689400000.0 0.19042969 7.914413e-09 1172596.0
-447155440000.0 0.18977866 8.294901e-09 1239613.6
-445621400000.0 0.1891276 8.294901e-09 1239613.6
-444087470000.0 0.18847656 8.294901e-09 1239613.6
-442553500000.0 0.18782553 8.294901e-09 1239613.6
-441019500000.0 0.18717448 8.696624e-09 1480973.5
-439485500000.0 0.18652342 8.696624e-09 1480973.5
-437951530000.0 0.1858724 8.696624e-09 1480973.5
-436417600000.0 0.18522137 8.696624e-09 1480973.5
-434883530000.0 0.1845703 8.281766e-09 1698316.2
-433349600000.0 0.18391927 8.281766e-09 1698316.2
-431815620000.0 0.18326823 8.281766e-09 1698316.2
-430281620000.0 0.18261719 8.281766e-09 1698316.2
-428747700000.0 0.18196616 7.2923436e-09 1630854.4
-427213700000.0 0.18131511 7.2923436e-09 1630854.4
-425679700000.0 0.18066408 7.2923436e-09 1630854.4
-424145680000.0 0.180013 7.2923436e-09 1630854.4
-422611700000.0 0.17936198 6.950372e-09 1731637.5
-421077780000.0 0.17871095 6.950372e-09 1731637.5
-419543700000.0 0.17805988 6.950372e-09 1731637.5
-418009840000.0 0.17740889 6.950372e-09 1731637.5
-416475800000.0 0.17675781 6.744723e-09 1845951.6
-414941770000.0 0.17610675 6.744723e-09 1845951.6
-413407900000.0 0.17545575 6.744723e-09 1845951.6
-411873870000.0 0.17480469 6.744723e-09 1845951.6
-410339800000.0 0.17415361 6.633715e-09 1895013.5
-408805930000.0 0.17350262 6.633715e-09 1895013.5
-407271900000.0 0.17285155 6.633715e-09 1895013.5
-405737930000.0 0.17220053 6.633715e-09 1895013.5
-404204000000.0 0.1715495 6.575775e-09 1814328.6
-402669930000.0 0.17089842 6.575775e-09 1814328.6
-401136000000.0 0.17024739 6.575775e-09 1814328.6
-399602020000.0 0.16959636 6.575775e-09 1814328.6
-398068000000.0 0.1689453 6.610187e-09 1627442.9
-396534120000.0 0.1682943 6.610187e-09 1627442.9
-395000100000.0 0.16764323 6.610187e-09 1627442.9
-393466020000.0 0.16699216 6.610187e-09 1627442.9
-391932180000.0 0.16634117 6.702409e-09 1391603.4
-390398100000.0 0.1656901 6.702409e-09 1391603.4
-388864080000.0 0.16503903 6.702409e-09 1391603.4
-387330200000.0 0.16438805 6.702409e-09 1391603.4
-385796180000.0 0.16373697 6.9221424e-09 1094450.8
-384262200000.0 0.16308594 6.9221424e-09 1094450.8
-382728240000.0 0.1624349 6.9221424e-09 1094450.8
-381194200000.0 0.16178384 6.9221424e-09 1094450.8
-379660270000.0 0.16113281 7.2160415e-09 825916.0
-378126300000.0 0.16048178 7.2160415e-09 825916.0
-376592270000.0 0.1598307 7.2160415e-09 825916.0
-375058400000.0 0.15917972 7.2160415e-09 825916.0
-373524330000.0 0.15852864 7.5757045e-09 714201.2
-371990300000.0 0.15787758 7.5757045e-09 714201.2
-370456430000.0 0.15722659 7.5757045e-09 714201.2
-368922400000.0 0.15657552 7.5757045e-09 714201.2
-367388360000.0 0.15592445 8.066495e-09 912885.94
-365854500000.0 0.15527347 8.066495e-09 912885.94
-364320420000.0 0.15462239 8.066495e-09 912885.94
-362786500000.0 0.15397136 8.066495e-09 912885.94
-361252520000.0 0.15332033 8.5776195e-09 1318391.9
-359718500000.0 0.15266925 8.5776195e-09 1318391.9
-358184520000.0 0.15201822 8.5776195e-09 1318391.9
-356650580000.0 0.1513672 8.5776195e-09 1318391.9
-355116500000.0 0.15071613 8.747036e-09 1597384.6
-353582650000.0 0.15006512 8.747036e-09 1597384.6
-352048600000.0 0.14941406 8.747036e-09 1597384.6
-350514580000.0 0.148763 8.747036e-09 1597384.6
-348980700000.0 0.148112 8.440533e-09 1415370.8
-347446640000.0 0.14746092 8.440533e-09 1415370.8
-345912600000.0 0.14680986 8.440533e-09 1415370.8
-344378740000.0 0.14615887 8.440533e-09 1415370.8
-342844700000.0 0.1455078 8.177073e-09 978831.6
-341310730000.0 0.14485677 8.177073e-09 978831.6
-339776800000.0 0.14420575 8.177073e-09 978831.6
-338242730000.0 0.14355466 8.177073e-09 978831.6
-336708800000.0 0.14290364 8.342556e-09 692785.4
-335174830000.0 0.14225261 8.342556e-09 692785.4
-333640800000.0 0.14160155 8.342556e-09 692785.4
-332106920000.0 0.14095055 8.342556e-09 692785.4
-330572900000.0 0.14029948 8.5112335e-09 558342.2
-329038820000.0 0.13964841 8.5112335e-09 558342.2
-327504950000.0 0.1389974 8.5112335e-09 558342.2
-325970920000.0 0.13834634 8.5112335e-09 558342.2
-324436900000.0 0.13769528 8.509911e-09 422707.56
-322903000000.0 0.1370443 8.509911e-09 422707.56
-321368980000.0 0.13639323 8.509911e-09 422707.56
-319835000000.0 0.13574219 8.509911e-09 422707.56
-318301040000.0 0.13509116 8.7066905e-09 241946.45
-316767000000.0 0.1344401 8.7066905e-09 241946.45
-315233040000.0 0.13378905 8.7066905e-09 241946.45
-313699100000.0 0.13313803 8.7066905e-09 241946.45
-312165070000.0 0.13248697 8.723416e-09 99576.734
-310631200000.0 0.13183598 8.723416e-09 99576.734
-309097140000.0 0.13118489 8.723416e-09 99576.734
-307563100000.0 0.13053383 8.723416e-09 99576.734
-306029230000.0 0.12988284 8.1662455e-09 123329.7
-304495200000.0 0.12923177 8.1662455e-09 123329.7
-302961130000.0 0.12858069 8.1662455e-09 123329.7
-301427300000.0 0.12792972 8.1662455e-09 123329.7
-299893230000.0 0.12727864 7.832458e-09 508292.94
-298359300000.0 0.12662761 7.832458e-09 508292.94
-296825320000.0 0.12597658 7.832458e-09 508292.94
-295291300000.0 0.1253255 7.832458e-09 508292.94
-293757320000.0 0.12467448 8.039762e-09 770758.44
-292223400000.0 0.12402345 8.039762e-09 770758.44
-290689320000.0 0.123372376 8.039762e-09 770758.44
-289155450000.0 0.12272138 8.039762e-09 770758.44
-287621400000.0 0.12207031 8.437137e-09 747334.44
-286087380000.0 0.12141925 8.437137e-09 747334.44
-284553500000.0 0.12076825 8.437137e-09 747334.44
-283019440000.0 0.12011717 8.437137e-09 747334.44
-281485400000.0 0.11946611 8.919852e-09 459254.97
-279951540000.0 0.118815124 8.919852e-09 459254.97
-278417500000.0 0.118164055 8.919852e-09 459254.97
-276883540000.0 0.11751302 8.919852e-09 459254.97
-275349600000.0 0.11686199 8.920284e-09 50039.766
-273815550000.0 0.11621092 8.920284e-09 50039.766
-272281600000.0 0.11555989 8.920284e-09 50039.766
-270747630000.0 0.11490886 8.920284e-09 50039.766
-269213600000.0 0.11425779 8.4639495e-09 -404022.84
-267679730000.0 0.113606796 8.4639495e-09 -404022.84
-266145680000.0 0.11295573 8.4639495e-09 -404022.84
-264611640000.0 0.11230466 8.4639495e-09 -404022.84
-263077770000.0 0.11165367 7.886135e-09 -822005.4
-261543720000.0 0.1110026 7.886135e-09 -822005.4
-260009670000.0 0.11035153 7.886135e-09 -822005.4
-258475820000.0 0.10970054 7.886135e-09 -822005.4
-256941770000.0 0.10904947 7.475169e-09 -1065035.8
-255407820000.0 0.10839844 7.475169e-09 -1065035.8
-253873860000.0 0.107747406 7.475169e-09 -1065035.8
-252339810000.0 0.10709634 7.475169e-09 -1065035.8
-250805860000.0 0.106445305 7.3586954e-09 -1274364.5
-249271910000.0 0.10579427 7.3586954e-09 -1274364.5
-247737860000.0 0.10514321 7.3586954e-09 -1274364.5
-246203990000.0 0.10449222 7.3586954e-09 -1274364.5
-244669960000.0 0.10384115 7.2244735e-09 -1485525.1
-243135900000.0 0.10319008 7.2244735e-09 -1485525.1
-241602040000.0 0.102539085 7.2244735e-09 -1485525.1
-240067990000.0 0.101888016 7.2244735e-09 -1485525.1
-238533950000.0 0.10123695 7.0798647e-09 -1496093.6
-237000080000.0 0.10058595 7.0798647e-09 -1496093.6
-235466030000.0 0.09993488 7.0798647e-09 -1496093.6
-233932080000.0 0.09928385 7.0798647e-09 -1496093.6
-232398130000.0 0.09863283 6.9537016e-09 -1326655.4
-230864080000.0 0.09798176 6.9537016e-09 -1326655.4
-229330120000.0 0.09733073 6.9537016e-09 -1326655.4
-227796170000.0 0.096679695 6.9537016e-09 -1326655.4
-226262120000.0 0.096028626 6.922794e-09 -1068524.0
-224728250000.0 0.09537763 6.922794e-09 -1068524.0
-223194220000.0 0.09472656 6.922794e-09 -1068524.0
-221660170000.0 0.09407549 6.922794e-09 -1068524.0
-220126300000.0 0.0934245 7.310681e-09 -623622.3
-218592260000.0 0.09277343 7.310681e-09 -623622.3
-217058210000.0 0.09212236 7.310681e-09 -623622.3
-215524340000.0 0.091471374 7.310681e-09 -623622.3
-213990310000.0 0.090820305 7.3943296e-09 -800014.2
-212456340000.0 0.09016927 7.3943296e-09 -800014.2
-210922390000.0 0.08951824 7.3943296e-09 -800014.2
-209388360000.0 0.08886717 7.3943296e-09 -800014.2
-207854390000.0 0.08821614 7.53549e-09 -1048660.0
-206320440000.0 0.08756511 7.53549e-09 -1048660.0
-204786400000.0 0.08691404 7.53549e-09 -1048660.0
