morphology_data/1d_wa_a0.1_l8r0.5_00001.ecsv
# %ECSV 1.0
# ---
# datatype:
# - {name: b, datatype: float32}
# - {name: phase, datatype: float32}
# - {name: sigma, datatype: float32}
# - {name: vr, datatype: float32}
# meta: {lambda: 8, rp: 0.5, sep: 0.1, wind: a}
# schema: astropy-2.0
b phase sigma vr
[from data line 1227]
2831728500000.0 -0.30045572 4.1964703e-09 -1609925.0
2837864800000.0 -0.30110678 4.1964703e-09 -1609925.0
2844000300000.0 -0.30175778 4.1964703e-09 -1609925.0
2850136500000.0 -0.30240884 4.2613153e-09 -1572182.5
2856272500000.0 -0.3030599 4.2613153e-09 -1572182.5
2862408000000.0 -0.3037109 4.2613153e-09 -1572182.5
2868544300000.0 -0.304362 4.2613153e-09 -1572182.5
2874680500000.0 -0.30501306 4.2712127e-09 -1542390.0
2880816000000.0 -0.30566406 4.2712127e-09 -1542390.0
2886952000000.0 -0.30631512 4.2712127e-09 -1542390.0
2893088300000.0 -0.3069662 4.2712127e-09 -1542390.0
2899223800000.0 -0.3076172 4.2129455e-09 -1511047.2
2905359300000.0 -0.30826816 4.2129455e-09 -1511047.2
2911496000000.0 -0.3089193 4.2129455e-09 -1511047.2
2917631500000.0 -0.3095703 4.2129455e-09 -1511047.2
2923767000000.0 -0.3102213 4.1765635e-09 -1482827.1
2929903800000.0 -0.31087244 4.1765635e-09 -1482827.1
2936039300000.0 -0.3115234 4.1765635e-09 -1482827.1
2942174800000.0 -0.31217444 4.1765635e-09 -1482827.1
2948311800000.0 -0.3128256 4.1644816e-09 -1454096.2
2954447300000.0 -0.31347656 4.1644816e-09 -1454096.2
2960582800000.0 -0.3141276 4.1644816e-09 -1454096.2
2966719600000.0 -0.31477872 4.1644816e-09 -1454096.2
2972855000000.0 -0.3154297 4.2845336e-09 -1406163.5
2978990500000.0 -0.3160807 4.2845336e-09 -1406163.5
2985126800000.0 -0.31673178 4.2845336e-09 -1406163.5
2991262800000.0 -0.31738284 4.2845336e-09 -1406163.5
2997398300000.0 -0.3180338 4.4978545e-09 -1374260.8
3003534500000.0 -0.3186849 4.4978545e-09 -1374260.8
3009670500000.0 -0.31933597 4.4978545e-09 -1374260.8
3015806000000.0 -0.31998697 4.4978545e-09 -1374260.8
3021942300000.0 -0.32063803 4.8343782e-09 -1337886.0
3028078600000.0 -0.3212891 4.8343782e-09 -1337886.0
3034214000000.0 -0.3219401 4.8343782e-09 -1337886.0
3040350000000.0 -0.32259116 4.8343782e-09 -1337886.0
3046486300000.0 -0.32324222 5.1511426e-09 -1307264.1
3052621800000.0 -0.32389322 5.1511426e-09 -1307264.1
3058758000000.0 -0.32454428 5.1511426e-09 -1307264.1
3064894000000.0 -0.32519534 5.1511426e-09 -1307264.1
3071029500000.0 -0.32584634 5.394604e-09 -1249755.1
3077165000000.0 -0.32649735 5.394604e-09 -1249755.1
3083302000000.0 -0.3271485 5.394604e-09 -1249755.1
3089437300000.0 -0.32779947 5.394604e-09 -1249755.1
3095572800000.0 -0.32845047 5.617534e-09 -1163239.9
3101709800000.0 -0.32910162 5.617534e-09 -1163239.9
3107845300000.0 -0.3297526 5.617534e-09 -1163239.9
3113980800000.0 -0.3304036 5.617534e-09 -1163239.9
3120117600000.0 -0.33105475 5.85268e-09 -1060319.0
3126253000000.0 -0.33170575 5.85268e-09 -1060319.0
3132388500000.0 -0.33235672 5.85268e-09 -1060319.0
3138524800000.0 -0.3330078 5.85268e-09 -1060319.0
3144660800000.0 -0.33365887 6.128942e-09 -947040.8
3150796300000.0 -0.33430985 6.128942e-09 -947040.8
3156932600000.0 -0.33496094 6.128942e-09 -947040.8
3163068800000.0 -0.335612 6.128942e-09 -947040.8
3169204000000.0 -0.336263 6.359877e-09 -840212.56
3175340300000.0 -0.33691406 6.359877e-09 -840212.56
3181476600000.0 -0.33756512 6.359877e-09 -840212.56
3187612000000.0 -0.33821613 6.359877e-09 -840212.56
3193748000000.0 -0.3388672 6.517432e-09 -737109.6
3199884300000.0 -0.33951825 6.517432e-09 -737109.6
3206019800000.0 -0.34016925 6.517432e-09 -737109.6
3212156000000.0 -0.3408203 6.517432e-09 -737109.6
3218292000000.0 -0.3414714 6.4593166e-09 -666477.06
3224427600000.0 -0.34212238 6.4593166e-09 -666477.06
3230563000000.0 -0.34277338 6.4593166e-09 -666477.06
3236700000000.0 -0.34342453 6.4593166e-09 -666477.06
3242835600000.0 -0.3440755 6.2681234e-09 -607944.94
3248970800000.0 -0.3447265 6.2681234e-09 -607944.94
3255107800000.0 -0.34537765 6.2681234e-09 -607944.94
3261243300000.0 -0.34602866 6.2681234e-09 -607944.94
3267378800000.0 -0.34667963 6.0272125e-09 -569297.6
3273515600000.0 -0.34733078 6.0272125e-09 -569297.6
3279651000000.0 -0.34798178 6.0272125e-09 -569297.6
3285786600000.0 -0.34863275 6.0272125e-09 -569297.6
3291923300000.0 -0.3492839 5.7714935e-09 -532186.4
3298058800000.0 -0.3499349 5.7714935e-09 -532186.4
3304194300000.0 -0.3505859 5.7714935e-09 -532186.4
3310330600000.0 -0.35123697 5.7714935e-09 -532186.4
3316466800000.0 -0.35188803 5.5262612e-09 -518385.44
3322602300000.0 -0.35253903 5.5262612e-09 -518385.44
3328738300000.0 -0.3531901 5.5262612e-09 -518385.44
3334874600000.0 -0.35384116 5.5262612e-09 -518385.44
3341010000000.0 -0.35449216 5.2835323e-09 -544915.06
3347146300000.0 -0.35514322 5.2835323e-09 -544915.06
3353282300000.0 -0.3557943 5.2835323e-09 -544915.06
3359417800000.0 -0.35644528 5.2835323e-09 -544915.06
3365554000000.0 -0.35709634 5.105247e-09 -594507.06
3371690000000.0 -0.35774744 5.105247e-09 -594507.06
3377825600000.0 -0.3583984 5.105247e-09 -594507.06
3383961800000.0 -0.3590495 5.105247e-09 -594507.06
3390098000000.0 -0.35970056 4.9936273e-09 -657923.25
3396233600000.0 -0.36035156 4.9936273e-09 -657923.25
3402369000000.0 -0.36100253 4.9936273e-09 -657923.25
3408505900000.0 -0.3616537 4.9936273e-09 -657923.25
3414641300000.0 -0.3623047 4.996145e-09 -736542.75
3420776800000.0 -0.36295566 4.996145e-09 -736542.75
3426913600000.0 -0.3636068 4.996145e-09 -736542.75
3433049000000.0 -0.3642578 4.996145e-09 -736542.75
3439184600000.0 -0.3649088 5.06161e-09 -806590.1
3445321600000.0 -0.36555994 5.06161e-09 -806590.1
3451456800000.0 -0.36621094 5.06161e-09 -806590.1
3457592300000.0 -0.36686194 5.06161e-09 -806590.1
3463729400000.0 -0.3675131 5.1987055e-09 -869646.25
3469864900000.0 -0.36816406 5.1987055e-09 -869646.25
3476000300000.0 -0.36881506 5.1987055e-09 -869646.25
3482136300000.0 -0.36946613 5.1987055e-09 -869646.25
3488272600000.0 -0.3701172 5.370763e-09 -924672.75
3494408000000.0 -0.3707682 5.370763e-09 -924672.75
3500544400000.0 -0.37141925 5.370763e-09 -924672.75
3506680400000.0 -0.37207034 5.370763e-09 -924672.75
3512815800000.0 -0.3727213 5.616457e-09 -979250.75
3518952000000.0 -0.3733724 5.616457e-09 -979250.75
3525088400000.0 -0.37402347 5.616457e-09 -979250.75
3531223600000.0 -0.37467447 5.616457e-09 -979250.75
3537359900000.0 -0.37532553 5.9222187e-09 -997310.9
3543496000000.0 -0.3759766 5.9222187e-09 -997310.9
3549631600000.0 -0.3766276 5.9222187e-09 -997310.9
3555767600000.0 -0.37727866 5.9222187e-09 -997310.9
3561904000000.0 -0.37792972 5.973299e-09 -1051646.1
3568039400000.0 -0.37858072 5.973299e-09 -1051646.1
3574174800000.0 -0.37923172 5.973299e-09 -1051646.1
3580311600000.0 -0.37988284 5.973299e-09 -1051646.1
3586447000000.0 -0.38053384 5.8006013e-09 -1104753.4
3592582600000.0 -0.38118485 5.8006013e-09 -1104753.4
3598719600000.0 -0.381836 5.8006013e-09 -1104753.4
3604855000000.0 -0.38248697 5.8006013e-09 -1104753.4
3610990300000.0 -0.38313797 5.422432e-09 -1150888.0
3617127400000.0 -0.38378912 5.422432e-09 -1150888.0
3623263000000.0 -0.3844401 5.422432e-09 -1150888.0
3629398400000.0 -0.3850911 5.422432e-09 -1150888.0
3635535200000.0 -0.38574225 4.948256e-09 -1233378.1
3641670600000.0 -0.38639325 4.948256e-09 -1233378.1
3647806000000.0 -0.38704422 4.948256e-09 -1233378.1
3653942400000.0 -0.3876953 4.948256e-09 -1233378.1
3660078400000.0 -0.38834637 4.5614255e-09 -1357982.6
3666213900000.0 -0.38899738 4.5614255e-09 -1357982.6
3672350000000.0 -0.38964844 4.5614255e-09 -1357982.6
3678486400000.0 -0.3902995 4.5614255e-09 -1357982.6
3684622000000.0 -0.3909505 4.3424517e-09 -1475907.9
3690758000000.0 -0.39160156 4.3424517e-09 -1475907.9
3696894100000.0 -0.39225262 4.3424517e-09 -1475907.9
3703029600000.0 -0.39290363 4.3424517e-09 -1475907.9
3709165600000.0 -0.3935547 4.254063e-09 -1579360.8
3715302000000.0 -0.39420575 4.254063e-09 -1579360.8
3721437400000.0 -0.39485675 4.254063e-09 -1579360.8
3727573600000.0 -0.3955078 4.254063e-09 -1579360.8
3733709700000.0 -0.3961589 4.236872e-09 -1667281.6
3739845100000.0 -0.39680988 4.236872e-09 -1667281.6
3745980600000.0 -0.39746088 4.236872e-09 -1667281.6
3752117700000.0 -0.39811203 4.236872e-09 -1667281.6
3758253100000.0 -0.398763 4.226686e-09 -1724847.8
3764388600000.0 -0.399414 4.226686e-09 -1724847.8
3770525400000.0 -0.40006515 4.226686e-09 -1724847.8
3776661000000.0 -0.40071616 4.226686e-09 -1724847.8
3782796400000.0 -0.40136713 4.2213495e-09 -1753571.5
3788933200000.0 -0.40201828 4.2213495e-09 -1753571.5
3795068600000.0 -0.40266928 4.2213495e-09 -1753571.5
3801204000000.0 -0.40332028 4.2213495e-09 -1753571.5
3807341000000.0 -0.4039714 4.2075614e-09 -1739326.4
3813476400000.0 -0.4046224 4.2075614e-09 -1739326.4
3819612000000.0 -0.4052734 4.2075614e-09 -1739326.4
3825748100000.0 -0.40592447 4.2075614e-09 -1739326.4
3831884400000.0 -0.40657553 4.1798423e-09 -1678182.6
3838020000000.0 -0.40722653 4.1798423e-09 -1678182.6
3844156000000.0 -0.4078776 4.1798423e-09 -1678182.6
3850292200000.0 -0.40852866 4.1798423e-09 -1678182.6
3856427600000.0 -0.40917966 4.151824e-09 -1583120.1
3862564000000.0 -0.40983072 4.151824e-09 -1583120.1
3868700000000.0 -0.4104818 4.151824e-09 -1583120.1
3874835400000.0 -0.41113278 4.151824e-09 -1583120.1
3880971700000.0 -0.41178387 4.15125e-09 -1470301.1
3887107700000.0 -0.41243494 4.15125e-09 -1470301.1
3893243200000.0 -0.4130859 4.15125e-09 -1470301.1
3899379400000.0 -0.413737 4.15125e-09 -1470301.1
3905515700000.0 -0.41438806 4.182182e-09 -1381265.9
3911651200000.0 -0.41503906 4.182182e-09 -1381265.9
3917786600000.0 -0.41569003 4.182182e-09 -1381265.9
3923923400000.0 -0.4163412 4.182182e-09 -1381265.9
3930059000000.0 -0.4169922 4.2402384e-09 -1334170.6
3936194400000.0 -0.4176432 4.2402384e-09 -1334170.6
3942331200000.0 -0.4182943 4.2402384e-09 -1334170.6
3948466700000.0 -0.4189453 4.2402384e-09 -1334170.6
3954602100000.0 -0.4195963 4.3171395e-09 -1318075.9
3960739200000.0 -0.42024744 4.3171395e-09 -1318075.9
3966874700000.0 -0.42089844 4.3171395e-09 -1318075.9
3973010000000.0 -0.42154944 4.3171395e-09 -1318075.9
3979147000000.0 -0.4222006 4.405409e-09 -1324555.1
3985282400000.0 -0.42285156 4.405409e-09 -1324555.1
3991418000000.0 -0.42350256 4.405409e-09 -1324555.1
3997554000000.0 -0.42415363 4.405409e-09 -1324555.1
4003690200000.0 -0.42480472 4.4972204e-09 -1354203.9
4009825700000.0 -0.4254557 4.4972204e-09 -1354203.9
4015962000000.0 -0.42610675 4.4972204e-09 -1354203.9
4022098000000.0 -0.42675784 4.4972204e-09 -1354203.9
4028233400000.0 -0.4274088 4.580127e-09 -1407733.4
4034369700000.0 -0.4280599 4.580127e-09 -1407733.4
4040506000000.0 -0.42871097 4.580127e-09 -1407733.4
4046641400000.0 -0.42936197 4.580127e-09 -1407733.4
4052777400000.0 -0.43001303 4.6590536e-09 -1483348.6
4058913700000.0 -0.4306641 4.6590536e-09 -1483348.6
4065049200000.0 -0.4313151 4.6590536e-09 -1483348.6
4071185200000.0 -0.43196616 4.6590536e-09 -1483348.6
4077321500000.0 -0.43261722 4.7294524e-09 -1565675.0
4083457000000.0 -0.43326822 4.7294524e-09 -1565675.0
4089592400000.0 -0.43391922 4.7294524e-09 -1565675.0
4095729200000.0 -0.43457034 4.7294524e-09 -1565675.0
4101864700000.0 -0.43522134 4.796895e-09 -1652145.1
4108000200000.0 -0.43587235 4.796895e-09 -1652145.1
4114137200000.0 -0.4365235 4.796895e-09 -1652145.1
4120272700000.0 -0.43717447 4.796895e-09 -1652145.1
4126408200000.0 -0.43782547 4.8553104e-09 -1736613.5
4132545000000.0 -0.43847662 4.8553104e-09 -1736613.5
4138680500000.0 -0.43912762 4.8553104e-09 -1736613.5
4144816000000.0 -0.4397786 4.8553104e-09 -1736613.5
4150952700000.0 -0.44042975 4.9031432e-09 -1814661.4
4157088200000.0 -0.44108075 4.9031432e-09 -1814661.4
4163223700000.0 -0.44173172 4.9031432e-09 -1814661.4
4169360000000.0 -0.4423828 4.9031432e-09 -1814661.4
4175496000000.0 -0.44303387 4.941721e-09 -1881016.2
4181631400000.0 -0.44368488 4.941721e-09 -1881016.2
4187767700000.0 -0.44433594 4.941721e-09 -1881016.2
4193904000000.0 -0.444987 4.941721e-09 -1881016.2
4200039400000.0 -0.445638 4.9692286e-09 -1931703.0
4206175500000.0 -0.44628906 4.9692286e-09 -1931703.0
4212311700000.0 -0.44694012 4.9692286e-09 -1931703.0
4218447200000.0 -0.44759113 4.9692286e-09 -1931703.0
4224583500000.0 -0.4482422 4.9921094e-09 -1964943.5
4230719500000.0 -0.44889325 4.9921094e-09 -1964943.5
4236855000000.0 -0.44954425 4.9921094e-09 -1964943.5
4242991200000.0 -0.4501953 4.9921094e-09 -1964943.5
4249127200000.0 -0.4508464 5.0108517e-09 -1965572.8
4255262700000.0 -0.45149738 5.0108517e-09 -1965572.8
4261398200000.0 -0.45214838 5.0108517e-09 -1965572.8
4267535200000.0 -0.45279953 5.0108517e-09 -1965572.8
4273670700000.0 -0.45345053 5.0298574e-09 -1943684.6
4279806200000.0 -0.4541015 5.0298574e-09 -1943684.6
4285943000000.0 -0.45475265 5.0298574e-09 -1943684.6
4292078500000.0 -0.45540366 5.0298574e-09 -1943684.6
4298214000000.0 -0.45605463 5.0393387e-09 -1910823.1
4304350700000.0 -0.45670578 5.0393387e-09 -1910823.1
4310486200000.0 -0.45735678 5.0393387e-09 -1910823.1
4316621700000.0 -0.45800778 5.0393387e-09 -1910823.1
4322758800000.0 -0.4586589 5.047909e-09 -1902382.0
4328894000000.0 -0.4593099 5.047909e-09 -1902382.0
4335029500000.0 -0.4599609 5.047909e-09 -1902382.0
4341165700000.0 -0.46061197 5.047909e-09 -1902382.0
4347302000000.0 -0.46126303 5.041431e-09 -1902395.9
4353437500000.0 -0.46191403 5.041431e-09 -1902395.9
4359573500000.0 -0.4625651 5.041431e-09 -1902395.9
4365709700000.0 -0.46321616 5.041431e-09 -1902395.9
4371845200000.0 -0.46386716 5.0349045e-09 -1914894.5
4377981500000.0 -0.46451822 5.0349045e-09 -1914894.5
4384117500000.0 -0.4651693 5.0349045e-09 -1914894.5
4390253000000.0 -0.46582028 5.0349045e-09 -1914894.5
4396389200000.0 -0.46647137 5.0439497e-09 -1915855.8
4402525500000.0 -0.46712244 5.0439497e-09 -1915855.8
4408660700000.0 -0.46777344 5.0439497e-09 -1915855.8
4414797000000.0 -0.4684245 5.0439497e-09 -1915855.8
4420933000000.0 -0.46907556 5.072542e-09 -1916079.4
4427068500000.0 -0.4697265 5.072542e-09 -1916079.4
4433204000000.0 -0.47037753 5.072542e-09 -1916079.4
4439341000000.0 -0.4710287 5.072542e-09 -1916079.4
4445477000000.0 -0.47167972 5.091278e-09 -1884409.4
4451612000000.0 -0.4723307 5.091278e-09 -1884409.4
4457749000000.0 -0.4729818 5.091278e-09 -1884409.4
4463884500000.0 -0.47363284 5.091278e-09 -1884409.4
4470019700000.0 -0.4742838 5.116215e-09 -1859036.8
4476156500000.0 -0.47493497 5.116215e-09 -1859036.8
4482292000000.0 -0.47558594 5.116215e-09 -1859036.8
4488427500000.0 -0.47623694 5.116215e-09 -1859036.8
4494564000000.0 -0.47688803 5.136588e-09 -1822354.9
4500700000000.0 -0.47753906 5.136588e-09 -1822354.9
4506835000000.0 -0.47819003 5.136588e-09 -1822354.9
4512971500000.0 -0.47884113 5.136588e-09 -1822354.9
4519108000000.0 -0.47949222 5.0862075e-09 -1836397.8
4525243500000.0 -0.48014325 5.0862075e-09 -1836397.8
4531379000000.0 -0.48079422 5.0862075e-09 -1836397.8
4537515500000.0 -0.48144534 5.0862075e-09 -1836397.8
4543651000000.0 -0.48209637 4.953988e-09 -1845439.1
4549787000000.0 -0.48274735 4.953988e-09 -1845439.1
4555923000000.0 -0.48339847 4.953988e-09 -1845439.1
4562059000000.0 -0.48404947 4.953988e-09 -1845439.1
4568195300000.0 -0.48470056 4.783035e-09 -1907006.5
4574331000000.0 -0.48535156 4.783035e-09 -1907006.5
4580467000000.0 -0.4860026 4.783035e-09 -1907006.5
4586603000000.0 -0.48665366 4.783035e-09 -1907006.5
4592739300000.0 -0.48730478 4.574592e-09 -2024882.5
4598874500000.0 -0.48795572 4.574592e-09 -2024882.5
4605010000000.0 -0.48860675 4.574592e-09 -2024882.5
4611147000000.0 -0.48925787 4.574592e-09 -2024882.5
4617282000000.0 -0.48990884 4.4002295e-09 -2201640.5
4623418000000.0 -0.49055988 4.4002295e-09 -2201640.5
4629555000000.0 -0.491211 4.4002295e-09 -2201640.5
4635690000000.0 -0.49186197 4.4002295e-09 -2201640.5
4641826000000.0 -0.49251297 4.311128e-09 -2392386.0
4647962500000.0 -0.49316412 4.311128e-09 -2392386.0
4654098000000.0 -0.49381506 4.311128e-09 -2392386.0
4660233500000.0 -0.4944661 4.311128e-09 -2392386.0
4666370300000.0 -0.49511725 4.216086e-09 -2594288.0
4672506000000.0 -0.49576828 4.216086e-09 -2594288.0
4678641000000.0 -0.49641922 4.216086e-09 -2594288.0
4684777500000.0 -0.4970703 4.216086e-09 -2594288.0
4690914000000.0 -0.49772137 4.0989736e-09 -2715447.2
4697049000000.0 -0.49837238 4.0989736e-09 -2715447.2
4703185300000.0 -0.49902344 4.0989736e-09 -2715447.2
4709321500000.0 -0.4996745 4.0989736e-09 -2715447.2
