morphology_data/1d_wb_a0.1_l8r2_00001.ecsv
# %ECSV 1.0
# ---
# datatype:
# - {name: b, datatype: float32}
# - {name: phase, datatype: float32}
# - {name: sigma, datatype: float32}
# - {name: vr, datatype: float32}
# meta: {lambda: 8, rp: 2.0, sep: 0.1, wind: b}
# schema: astropy-2.0
b phase sigma vr
[from data line 394]
-2291767400000.0 0.24316406 1.4490432e-09 -1865680.9
-2285631700000.0 0.24251305 1.4490432e-09 -1865680.9
-2279495700000.0 0.241862 1.4490433e-09 -1865683.4
-2273359700000.0 0.24121095 1.4490433e-09 -1865683.4
-2267223700000.0 0.2405599 1.4490433e-09 -1865683.4
-2261087700000.0 0.23990884 1.4490433e-09 -1865683.4
-2254951700000.0 0.2392578 1.5796906e-09 -1817320.6
-2248816000000.0 0.23860677 1.5796906e-09 -1817320.6
-2242680200000.0 0.23795573 1.5796906e-09 -1817320.6
-2236544200000.0 0.23730469 1.5796906e-09 -1817320.6
-2230408200000.0 0.23665364 1.5796959e-09 -1817361.2
-2224272200000.0 0.2360026 1.5796959e-09 -1817361.2
-2218136200000.0 0.23535155 1.5796959e-09 -1817361.2
-2212000200000.0 0.23470049 1.5796959e-09 -1817361.2
-2205864400000.0 0.23404948 1.7093701e-09 -1769185.4
-2199728700000.0 0.23339845 1.7093701e-09 -1769185.4
-2193592700000.0 0.23274739 1.7093701e-09 -1769185.4
-2187456700000.0 0.23209634 1.7093701e-09 -1769185.4
-2181320800000.0 0.23144531 1.7094334e-09 -1769530.2
-2175184800000.0 0.23079427 1.7094334e-09 -1769530.2
-2169048800000.0 0.23014322 1.7094334e-09 -1769530.2
-2162913000000.0 0.22949219 1.7094334e-09 -1769530.2
-2156777200000.0 0.22884116 1.8250443e-09 -1735044.4
-2150641200000.0 0.22819011 1.8250443e-09 -1735044.4
-2144505200000.0 0.22753906 1.8250443e-09 -1735044.4
-2138369300000.0 0.22688803 1.8250443e-09 -1735044.4
-2132233400000.0 0.22623697 1.8254964e-09 -1736974.4
-2126097400000.0 0.22558592 1.8254964e-09 -1736974.4
-2119961500000.0 0.22493489 1.8254964e-09 -1736974.4
-2113825700000.0 0.22428386 1.8254964e-09 -1736974.4
-2107689700000.0 0.22363281 1.9461472e-09 -1700996.0
-2101553700000.0 0.22298177 1.9461472e-09 -1700996.0
-2095417900000.0 0.22233073 1.9461472e-09 -1700996.0
-2089281900000.0 0.22167969 1.9461472e-09 -1700996.0
-2083145900000.0 0.22102864 1.9485624e-09 -1707669.6
-2077010000000.0 0.22037761 1.9485624e-09 -1707669.6
-2070874300000.0 0.21972658 1.9485624e-09 -1707669.6
-2064738300000.0 0.21907552 1.9485624e-09 -1707669.6
-2058602300000.0 0.21842447 2.0537116e-09 -1677491.9
-2052466400000.0 0.21777344 2.0537116e-09 -1677491.9
-2046330400000.0 0.21712239 2.0537116e-09 -1677491.9
-2040194400000.0 0.21647134 2.0537116e-09 -1677491.9
-2034058700000.0 0.21582031 2.0664515e-09 -1692059.1
-2027922800000.0 0.21516928 2.0664515e-09 -1692059.1
-2021786800000.0 0.21451823 2.0664515e-09 -1692059.1
-2015650800000.0 0.21386719 2.0664515e-09 -1692059.1
-2009514900000.0 0.21321616 2.1666255e-09 -1661328.5
-2003379000000.0 0.2125651 2.1666255e-09 -1661328.5
-1997243000000.0 0.21191405 2.1666255e-09 -1661328.5
-1991107100000.0 0.21126302 2.1666255e-09 -1661328.5
-1984971300000.0 0.21061198 2.2076303e-09 -1673155.8
-1978835300000.0 0.20996094 2.2076303e-09 -1673155.8
-1972699300000.0 0.20930989 2.2076303e-09 -1673155.8
-1966563500000.0 0.20865886 2.2076303e-09 -1673155.8
-1960427500000.0 0.20800781 2.3024196e-09 -1651539.6
-1954291500000.0 0.20735677 2.3024196e-09 -1651539.6
-1948155600000.0 0.20670573 2.3024196e-09 -1651539.6
-1942019900000.0 0.2060547 2.3024196e-09 -1651539.6
-1935883900000.0 0.20540364 2.3748936e-09 -1655969.2
-1929747900000.0 0.2047526 2.3748936e-09 -1655969.2
-1923612000000.0 0.20410156 2.3748936e-09 -1655969.2
-1917476300000.0 0.20345053 2.3748936e-09 -1655969.2
-1911340000000.0 0.20279947 2.4371807e-09 -1647909.9
-1905204300000.0 0.20214844 2.4371807e-09 -1647909.9
-1899068400000.0 0.2014974 2.4371807e-09 -1647909.9
-1892932400000.0 0.20084636 2.4371807e-09 -1647909.9
-1886796400000.0 0.20019531 2.5257338e-09 -1648308.4
-1880660500000.0 0.19954428 2.5257338e-09 -1648308.4
-1874524800000.0 0.19889325 2.5257338e-09 -1648308.4
-1868388600000.0 0.19824217 2.5257338e-09 -1648308.4
-1862252800000.0 0.19759114 2.5629527e-09 -1653555.0
-1856116900000.0 0.19694011 2.5629527e-09 -1653555.0
-1849980900000.0 0.19628906 2.5629527e-09 -1653555.0
-1843844900000.0 0.19563802 2.5629527e-09 -1653555.0
-1837709100000.0 0.19498698 2.6547602e-09 -1652074.9
-1831573300000.0 0.19433595 2.6547602e-09 -1652074.9
-1825437100000.0 0.19368488 2.6547602e-09 -1652074.9
-1819301200000.0 0.19303386 2.6547602e-09 -1652074.9
-1813165500000.0 0.19238283 2.6576243e-09 -1665534.2
-1807029500000.0 0.19173177 2.6576243e-09 -1665534.2
-1800893500000.0 0.19108072 2.6576243e-09 -1665534.2
-1794757600000.0 0.19042969 2.6576243e-09 -1665534.2
-1788621800000.0 0.18977866 2.736109e-09 -1665459.8
-1782485600000.0 0.1891276 2.736109e-09 -1665459.8
-1776349900000.0 0.18847656 2.736109e-09 -1665459.8
-1770214000000.0 0.18782553 2.736109e-09 -1665459.8
-1764078000000.0 0.18717448 2.7380942e-09 -1672937.9
-1757942000000.0 0.18652342 2.7380942e-09 -1672937.9
-1751806100000.0 0.1858724 2.7380942e-09 -1672937.9
-1745670400000.0 0.18522137 2.7380942e-09 -1672937.9
-1739534100000.0 0.1845703 2.818863e-09 -1667974.1
-1733398400000.0 0.18391927 2.818863e-09 -1667974.1
-1727262500000.0 0.18326823 2.818863e-09 -1667974.1
-1721126500000.0 0.18261719 2.818863e-09 -1667974.1
-1714990700000.0 0.18196616 2.850327e-09 -1658624.2
-1708854700000.0 0.18131511 2.850327e-09 -1658624.2
-1702718900000.0 0.18066408 2.850327e-09 -1658624.2
-1696582700000.0 0.180013 2.850327e-09 -1658624.2
-1690446900000.0 0.17936198 2.9573306e-09 -1642059.5
-1684311100000.0 0.17871095 2.9573306e-09 -1642059.5
-1678174800000.0 0.17805988 2.9573306e-09 -1642059.5
-1672039400000.0 0.17740889 2.9573306e-09 -1642059.5
-1665903200000.0 0.17675781 3.0073917e-09 -1621190.8
-1659767100000.0 0.17610675 3.0073917e-09 -1621190.8
-1653631600000.0 0.17545575 3.0073917e-09 -1621190.8
-1647495500000.0 0.17480469 3.0073917e-09 -1621190.8
-1641359200000.0 0.17415361 3.1272198e-09 -1596636.2
-1635223700000.0 0.17350262 3.1272198e-09 -1596636.2
-1629087600000.0 0.17285155 3.1272198e-09 -1596636.2
-1622951700000.0 0.17220053 3.1272198e-09 -1596636.2
-1616816000000.0 0.1715495 3.1652108e-09 -1570179.5
-1610679700000.0 0.17089842 3.1652108e-09 -1570179.5
-1604544000000.0 0.17024739 3.1652108e-09 -1570179.5
-1598408100000.0 0.16959636 3.1652108e-09 -1570179.5
-1592272000000.0 0.1689453 3.2884966e-09 -1541615.8
-1586136500000.0 0.1682943 3.2884966e-09 -1541615.8
-1580000300000.0 0.16764323 3.2884966e-09 -1541615.8
-1573864100000.0 0.16699216 3.2884966e-09 -1541615.8
-1567728700000.0 0.16634117 3.86082e-09 -1466453.9
-1561592500000.0 0.1656901 3.86082e-09 -1466453.9
-1555456300000.0 0.16503903 3.86082e-09 -1466453.9
-1549320800000.0 0.16438805 3.86082e-09 -1466453.9
-1543184700000.0 0.16373697 3.8642782e-09 -1450662.1
-1537048800000.0 0.16308594 3.8642782e-09 -1450662.1
-1530913000000.0 0.1624349 3.8642782e-09 -1450662.1
-1524776800000.0 0.16178384 3.8642782e-09 -1450662.1
-1518641100000.0 0.16113281 3.923575e-09 -1429118.4
-1512505200000.0 0.16048178 3.923575e-09 -1429118.4
-1506369100000.0 0.1598307 3.923575e-09 -1429118.4
-1500233600000.0 0.15917972 3.923575e-09 -1429118.4
-1494097300000.0 0.15852864 3.968685e-09 -1404754.1
-1487961200000.0 0.15787758 3.968685e-09 -1404754.1
-1481825700000.0 0.15722659 3.968685e-09 -1404754.1
-1475689600000.0 0.15657552 3.968685e-09 -1404754.1
-1469553400000.0 0.15592445 4.0342307e-09 -1378025.4
-1463418000000.0 0.15527347 4.0342307e-09 -1378025.4
-1457281700000.0 0.15462239 4.0342307e-09 -1378025.4
-1451146000000.0 0.15397136 4.0342307e-09 -1378025.4
-1445010100000.0 0.15332033 4.091185e-09 -1352380.4
-1438874000000.0 0.15266925 4.091185e-09 -1352380.4
-1432738100000.0 0.15201822 4.091185e-09 -1352380.4
-1426602300000.0 0.1513672 4.091185e-09 -1352380.4
-1420466000000.0 0.15071613 4.1839563e-09 -1323445.2
-1414330600000.0 0.15006512 4.1839563e-09 -1323445.2
-1408194400000.0 0.14941406 4.1839563e-09 -1323445.2
-1402058300000.0 0.148763 4.1839563e-09 -1323445.2
-1395922800000.0 0.148112 4.2813144e-09 -1296516.2
-1389786600000.0 0.14746092 4.2813144e-09 -1296516.2
-1383650400000.0 0.14680986 4.2813144e-09 -1296516.2
-1377515000000.0 0.14615887 4.2813144e-09 -1296516.2
-1371378800000.0 0.1455078 4.4148334e-09 -1268751.4
-1365243000000.0 0.14485677 4.4148334e-09 -1268751.4
-1359107200000.0 0.14420575 4.4148334e-09 -1268751.4
-1352970900000.0 0.14355466 4.4148334e-09 -1268751.4
-1346835200000.0 0.14290364 4.5848667e-09 -1240215.6
-1340699300000.0 0.14225261 4.5848667e-09 -1240215.6
-1334563200000.0 0.14160155 4.5848667e-09 -1240215.6
-1328427700000.0 0.14095055 4.5848667e-09 -1240215.6
-1322291600000.0 0.14029948 4.725264e-09 -1216683.4
-1316155300000.0 0.13964841 4.725264e-09 -1216683.4
-1310019800000.0 0.1389974 4.725264e-09 -1216683.4
-1303883700000.0 0.13834634 4.725264e-09 -1216683.4
-1297747500000.0 0.13769528 4.9059325e-09 -1198190.1
-1291612000000.0 0.1370443 4.9059325e-09 -1198190.1
-1285475900000.0 0.13639323 4.9059325e-09 -1198190.1
-1279340000000.0 0.13574219 4.9059325e-09 -1198190.1
-1273204200000.0 0.13509116 5.0475393e-09 -1187420.6
-1267068000000.0 0.1344401 5.0475393e-09 -1187420.6
-1260932200000.0 0.13378905 5.0475393e-09 -1187420.6
-1254796400000.0 0.13313803 5.0475393e-09 -1187420.6
-1248660300000.0 0.13248697 5.19843e-09 -1181194.0
-1242524800000.0 0.13183598 5.19843e-09 -1181194.0
-1236388500000.0 0.13118489 5.19843e-09 -1181194.0
-1230252400000.0 0.13053383 5.19843e-09 -1181194.0
-1224116900000.0 0.12988284 5.3262728e-09 -1179087.1
-1217980800000.0 0.12923177 5.3262728e-09 -1179087.1
-1211844500000.0 0.12858069 5.3262728e-09 -1179087.1
-1205709200000.0 0.12792972 5.3262728e-09 -1179087.1
-1199572900000.0 0.12727864 5.464334e-09 -1179200.1
-1193437200000.0 0.12662761 5.464334e-09 -1179200.1
-1187301300000.0 0.12597658 5.464334e-09 -1179200.1
-1181165200000.0 0.1253255 5.464334e-09 -1179200.1
-1175029300000.0 0.12467448 5.65121e-09 -1174154.4
-1168893500000.0 0.12402345 5.65121e-09 -1174154.4
-1162757300000.0 0.123372376 5.65121e-09 -1174154.4
-1156621800000.0 0.12272138 5.65121e-09 -1174154.4
-1150485700000.0 0.12207031 5.815191e-09 -1170365.9
-1144349500000.0 0.12141925 5.815191e-09 -1170365.9
-1138214000000.0 0.12076825 5.815191e-09 -1170365.9
-1132077800000.0 0.12011717 5.815191e-09 -1170365.9
-1125941600000.0 0.11946611 6.0457737e-09 -1154977.0
-1119806200000.0 0.118815124 6.0457737e-09 -1154977.0
-1113670000000.0 0.118164055 6.0457737e-09 -1154977.0
-1107534200000.0 0.11751302 6.0457737e-09 -1154977.0
-1101398400000.0 0.11686199 6.259882e-09 -1131504.1
-1095262200000.0 0.11621092 6.259882e-09 -1131504.1
-1089126400000.0 0.11555989 6.259882e-09 -1131504.1
-1082990500000.0 0.11490886 6.259882e-09 -1131504.1
-1076854400000.0 0.11425779 6.468236e-09 -1102473.6
-1070718900000.0 0.113606796 6.468236e-09 -1102473.6
-1064582700000.0 0.11295573 6.468236e-09 -1102473.6
-1058446600000.0 0.11230466 6.468236e-09 -1102473.6
-1052311100000.0 0.11165367 6.6820998e-09 -1063737.6
-1046174900000.0 0.1110026 6.6820998e-09 -1063737.6
-1040038700000.0 0.11035153 6.6820998e-09 -1063737.6
-1033903300000.0 0.10970054 6.6820998e-09 -1063737.6
-1027767100000.0 0.10904947 6.763657e-09 -1028634.6
-1021631270000.0 0.10839844 6.763657e-09 -1028634.6
-1015495460000.0 0.107747406 6.763657e-09 -1028634.6
-1009359260000.0 0.10709634 6.763657e-09 -1028634.6
-1003223450000.0 0.106445305 6.820401e-09 -988621.0
-997087640000.0 0.10579427 6.820401e-09 -988621.0
-990951440000.0 0.10514321 6.820401e-09 -988621.0
-984815960000.0 0.10449222 6.820401e-09 -988621.0
-978679800000.0 0.10384115 6.80564e-09 -952591.2
-972543600000.0 0.10319008 6.80564e-09 -952591.2
-966408140000.0 0.102539085 6.80564e-09 -952591.2
-960271940000.0 0.101888016 6.80564e-09 -952591.2
-954135800000.0 0.10123695 6.7313146e-09 -915417.8
-948000300000.0 0.10058595 6.7313146e-09 -915417.8
-941864100000.0 0.09993488 6.7313146e-09 -915417.8
-935728300000.0 0.09928385 6.7313146e-09 -915417.8
-929592500000.0 0.09863283 6.6403385e-09 -884153.6
-923456300000.0 0.09798176 6.6403385e-09 -884153.6
-917320500000.0 0.09733073 6.6403385e-09 -884153.6
-911184700000.0 0.096679695 6.6403385e-09 -884153.6
-905048500000.0 0.096028626 6.551422e-09 -849214.25
-898913000000.0 0.09537763 6.551422e-09 -849214.25
-892776900000.0 0.09472656 6.551422e-09 -849214.25
-886640700000.0 0.09407549 6.551422e-09 -849214.25
-880505200000.0 0.0934245 6.5045827e-09 -808959.75
-874369060000.0 0.09277343 6.5045827e-09 -808959.75
-868232860000.0 0.09212236 6.5045827e-09 -808959.75
-862097400000.0 0.091471374 6.5045827e-09 -808959.75
-855961240000.0 0.090820305 6.5341386e-09 -757574.0
-849825370000.0 0.09016927 6.5341386e-09 -757574.0
-843689560000.0 0.08951824 6.5341386e-09 -757574.0
-837553400000.0 0.08886717 6.5341386e-09 -757574.0
-831417550000.0 0.08821614 6.556562e-09 -698056.0
-825281740000.0 0.08756511 6.556562e-09 -698056.0
-819145600000.0 0.08691404 6.556562e-09 -698056.0
-813010100000.0 0.086263046 6.556562e-09 -698056.0
-806873900000.0 0.08561198 6.5600805e-09 -623867.3
-800737700000.0 0.08496091 6.5600805e-09 -623867.3
-794602300000.0 0.08430992 6.5600805e-09 -623867.3
-788466100000.0 0.08365885 6.5600805e-09 -623867.3
-782330300000.0 0.08300782 7.68712e-09 -534739.2
-776194500000.0 0.08235679 7.68712e-09 -534739.2
-770058300000.0 0.08170572 7.616269e-09 -511319.72
-763922500000.0 0.08105469 7.616269e-09 -511319.72
-757786700000.0 0.080403656 7.627087e-09 -486839.44
-751650500000.0 0.07975259 7.627087e-09 -486839.44
-745515000000.0 0.07910159 7.722063e-09 -475245.88
-739378800000.0 0.07845052 7.722063e-09 -475245.88
-733242650000.0 0.077799454 7.776274e-09 -461855.62
-727107200000.0 0.07714847 7.776274e-09 -461855.62
-720971000000.0 0.07649739 7.866767e-09 -456464.3
-714834840000.0 0.07584633 7.866767e-09 -456464.3
-708699360000.0 0.075195335 7.908454e-09 -448876.97
-702563160000.0 0.07454426 7.908454e-09 -448876.97
-696427350000.0 0.073893234 7.940384e-09 -447589.34
-690291540000.0 0.0732422 7.940384e-09 -447589.34
-684155340000.0 0.07259113 7.883691e-09 -445171.84
-678019500000.0 0.0719401 7.883691e-09 -445171.84
-671883700000.0 0.07128907 7.887437e-09 -444176.4
-665747500000.0 0.070638 7.887437e-09 -444176.4
-659612040000.0 0.06998701 8.0573574e-09 -435510.22
-653475900000.0 0.069335945 8.0573574e-09 -435510.22
-647339700000.0 0.068684876 8.559408e-09 -423277.25
-641204200000.0 0.068033874 8.559408e-09 -423277.25
-635068100000.0 0.06738281 9.210459e-09 -432962.06
-628931900000.0 0.06673174 9.210459e-09 -432962.06
-622796400000.0 0.06608075 9.26409e-09 -490127.06
-616660300000.0 0.06542969 9.26409e-09 -490127.06
-610524400000.0 0.06477865 8.68529e-09 -534356.5
-604388600000.0 0.06412762 8.68529e-09 -534356.5
-598252450000.0 0.063476555 8.486768e-09 -557620.56
-592116600000.0 0.062825516 8.486768e-09 -557620.56
-585980800000.0 0.062174488 9.227432e-09 -548823.25
-579844640000.0 0.061523426 9.227432e-09 -548823.25
-573709160000.0 0.060872428 1.0493489e-08 -465138.2
-567572960000.0 0.06022136 1.0493489e-08 -465138.2
-561436750000.0 0.059570286 1.0752181e-08 -348221.88
-555301340000.0 0.058919296 1.0752181e-08 -348221.88
-549165140000.0 0.058268227 9.173549e-09 -335309.53
-543028970000.0 0.057617158 9.173549e-09 -335309.53
-536893500000.0 0.056966167 6.584924e-09 -493884.3
-530757320000.0 0.056315098 6.584924e-09 -493884.3
-524621480000.0 0.055664066 5.1699387e-09 -580087.6
-518485670000.0 0.055013034 5.1699387e-09 -580087.6
-512349500000.0 0.05436197 4.92311e-09 -573922.1
-506213660000.0 0.053710938 4.92311e-09 -573922.1
-500077850000.0 0.053059906 4.9830478e-09 -623567.1
-493941700000.0 0.052408837 4.9830478e-09 -623567.1
-487806200000.0 0.051757842 5.0489146e-09 -751873.06
-481670040000.0 0.051106777 5.0489146e-09 -751873.06
-475533840000.0 0.050455708 5.0488302e-09 -915265.0
-469398400000.0 0.049804714 5.0488302e-09 -915265.0
-463262220000.0 0.049153645 5.31004e-09 -1005415.7
-457126020000.0 0.048502576 5.31004e-09 -1005415.7
-450990570000.0 0.047851585 5.550713e-09 -1098674.9
-444854370000.0 0.047200516 5.550713e-09 -1098674.9
-438718560000.0 0.046549484 6.041372e-09 -1152032.2
-432582750000.0 0.045898452 6.041372e-09 -1152032.2
-426446550000.0 0.045247383 6.1821583e-09 -1266316.5
-420310750000.0 0.04459635 6.1821583e-09 -1266316.5
