morphology_data/1d_wa_a0.025_l4r0.5_00001.ecsv
# %ECSV 1.0
# ---
# datatype:
# - {name: b, datatype: float32}
# - {name: phase, datatype: float32}
# - {name: sigma, datatype: float32}
# - {name: vr, datatype: float32}
# meta: {lambda: 4, rp: 0.5, sep: 0.025, wind: a}
# schema: astropy-2.0
b phase sigma vr
[from data line 635]
-203252530000.0 0.086263046 2.6271957e-08 297062.47
-201718480000.0 0.08561198 2.7456082e-08 381253.47
-200184430000.0 0.08496091 2.7456082e-08 381253.47
-198650580000.0 0.08430992 2.7456082e-08 381253.47
-197116530000.0 0.08365885 2.7456082e-08 381253.47
-195582570000.0 0.08300782 3.006613e-08 742418.3
-194048620000.0 0.08235679 3.006613e-08 742418.3
-192514570000.0 0.08170572 3.0638574e-08 655323.94
-190980620000.0 0.08105469 3.0638574e-08 655323.94
-189446670000.0 0.080403656 3.165612e-08 666508.94
-187912620000.0 0.07975259 3.165612e-08 666508.94
-186378750000.0 0.07910159 3.2420104e-08 649758.6
-184844700000.0 0.07845052 3.2420104e-08 649758.6
-183310660000.0 0.077799454 3.3124746e-08 628648.94
-181776800000.0 0.07714847 3.3124746e-08 628648.94
-180242740000.0 0.07649739 3.347455e-08 692586.4
-178708710000.0 0.07584633 3.347455e-08 692586.4
-177174840000.0 0.075195335 3.2906087e-08 703820.0
-175640790000.0 0.07454426 3.2906087e-08 703820.0
-174106840000.0 0.073893234 3.2444355e-08 617955.56
-172572880000.0 0.0732422 3.2444355e-08 617955.56
-171038830000.0 0.07259113 3.234726e-08 579070.2
-169504880000.0 0.0719401 3.234726e-08 579070.2
-167970930000.0 0.07128907 3.2411116e-08 522812.88
-166436880000.0 0.070638 3.2411116e-08 522812.88
-164903010000.0 0.06998701 3.2989433e-08 495288.06
-163368980000.0 0.069335945 3.2989433e-08 495288.06
-161834930000.0 0.068684876 3.4005733e-08 505448.38
-160301060000.0 0.068033874 3.4005733e-08 505448.38
-158767020000.0 0.06738281 3.463526e-08 569237.4
-157232970000.0 0.06673174 3.463526e-08 569237.4
-155699100000.0 0.06608075 3.5117207e-08 626077.5
-154165070000.0 0.06542969 3.5117207e-08 626077.5
-152631100000.0 0.06477865 3.5661255e-08 717252.9
-151097150000.0 0.06412762 3.5661255e-08 717252.9
-149563110000.0 0.063476555 3.571818e-08 772474.1
-148029150000.0 0.062825516 3.571818e-08 772474.1
-146495200000.0 0.062174488 3.6061927e-08 741027.44
-144961160000.0 0.061523426 3.5481694e-08 677847.6
-143427290000.0 0.060872428 3.5115853e-08 567291.25
-141893240000.0 0.06022136 3.4575066e-08 517188.56
-140359190000.0 0.059570286 3.440136e-08 444755.53
-138825330000.0 0.058919296 3.41643e-08 403275.47
-137291284000.0 0.058268227 3.4317015e-08 351232.94
-135757240000.0 0.057617158 3.4431046e-08 322965.6
-134223370000.0 0.056966167 3.4874578e-08 299048.03
-132689330000.0 0.056315098 3.5449915e-08 298562.1
-131155370000.0 0.055664066 3.608519e-08 321170.25
-129621420000.0 0.055013034 3.6565005e-08 356405.44
-128087376000.0 0.05436197 3.706621e-08 411002.44
-126553416000.0 0.053710938 3.7492455e-08 443163.16
-125019460000.0 0.053059906 3.7985394e-08 478214.44
-123485420000.0 0.052408837 3.8836557e-08 484052.5
-121951550000.0 0.051757842 4.002029e-08 487648.06
-120417510000.0 0.051106777 4.1417202e-08 509797.5
-118883460000.0 0.050455708 4.3012164e-08 569956.75
-117349600000.0 0.049804714 4.4377565e-08 714716.6
-115815555000.0 0.049153645 4.5523272e-08 956440.9
-114281505000.0 0.048502576 4.5907562e-08 1258215.0
-112747640000.0 0.047851585 4.5417195e-08 1308220.2
-111213590000.0 0.047200516 4.344639e-08 1098434.0
-109679640000.0 0.046549484 4.18924e-08 873845.8
-108145690000.0 0.045898452 4.126115e-08 799203.56
-106611640000.0 0.045247383 4.0882806e-08 732271.75
-105077690000.0 0.04459635 4.0574257e-08 692223.9
-103543734000.0 0.043945324 4.047314e-08 645360.4
-102009680000.0 0.043294255 4.031535e-08 621016.4
-100475820000.0 0.04264326 4.039459e-08 587195.6
-98941770000.0 0.04199219 4.0468414e-08 588541.44
-97407730000.0 0.041341122 4.0745654e-08 560662.1
-95873870000.0 0.04069013 4.080256e-08 549416.6
-94339820000.0 0.040039062 4.152239e-08 502418.53
-92805775000.0 0.039387994 4.2639755e-08 489791.47
-91271905000.0 0.038736995 4.458882e-08 456053.44
-89737860000.0 0.03808593 4.5927486e-08 507306.72
-88203910000.0 0.0374349 4.7022297e-08 571142.94
-86669950000.0 0.03678387 4.808711e-08 699891.56
-85135910000.0 0.0361328 4.921528e-08 839403.5
-83601960000.0 0.035481773 5.0105733e-08 982185.06
-82068000000.0 0.034830738 5.104095e-08 1072289.1
-80533955000.0 0.03417967 5.175292e-08 1108773.6
-79000084000.0 0.033528678 5.2698194e-08 1072371.5
-77466040000.0 0.03287761 5.3683394e-08 1024797.44
-75932000000.0 0.03222654 5.517083e-08 987187.5
-74398130000.0 0.031575546 5.661613e-08 983291.44
-72864090000.0 0.030924477 5.8521245e-08 998615.9
-71330050000.0 0.030273411 6.053056e-08 1040191.75
-69796176000.0 0.029622415 6.267254e-08 1048197.25
-68262130000.0 0.028971346 6.500623e-08 1117120.9
-66728178000.0 0.028320316 6.7362386e-08 1144977.1
-65194220000.0 0.027669284 6.9984274e-08 1235135.2
-63660175000.0 0.027018217 7.233022e-08 1283968.4
-62126220000.0 0.026367186 7.4704694e-08 1385475.4
-60592263000.0 0.025716154 7.594058e-08 1409494.9
-59058220000.0 0.025065087 7.723947e-08 1471413.0
-57524355000.0 0.024414092 7.8295834e-08 1495642.8
-55990310000.0 0.023763025 7.894067e-08 1511304.4
-54456267000.0 0.023111956 7.975297e-08 1499311.6
-52922400000.0 0.022460962 8.064456e-08 1475208.1
-51388355000.0 0.021809895 8.2488455e-08 1457888.9
-49854310000.0 0.021158826 8.43267e-08 1449447.2
-48320442000.0 0.020507833 8.7220556e-08 1477265.2
-46786400000.0 0.019856764 8.9502734e-08 1565038.5
-45252444000.0 0.019205732 9.090776e-08 1646868.1
-43718490000.0 0.018554702 9.170813e-08 1649296.5
-42184440000.0 0.017903633 9.145769e-08 1452139.2
-40650486000.0 0.017252602 9.197706e-08 1192744.2
-39116534000.0 0.016601572 9.3550355e-08 1008885.9
-37582488000.0 0.015950503 9.6687415e-08 905207.4
-36048620000.0 0.015299509 1.0028969e-07 809870.0
-34514575000.0 0.014648439 1.0476772e-07 746504.25
-32980531000.0 0.013997372 1.09313724e-07 707637.75
-31446665000.0 0.013346379 1.15072865e-07 660351.94
-29912621000.0 0.012695311 1.2150292e-07 643896.7
-28378577000.0 0.012044242 1.2903925e-07 608902.8
-26844710000.0 0.011393248 1.3783162e-07 603048.6
-25310667000.0 0.01074218 1.4811613e-07 578376.94
-23776710000.0 0.010091149 1.6022582e-07 576056.2
-22242755000.0 0.009440118 1.7508458e-07 568069.4
-20708710000.0 0.008789049 1.9289706e-07 577787.3
-19174754000.0 0.008138019 2.1277822e-07 568453.2
-17640800000.0 0.0074869874 2.3589946e-07 555865.4
-16106755000.0 0.006835919 2.6434935e-07 533475.75
-14572889000.0 0.006184926 2.9990184e-07 506209.66
-13038844000.0 0.0055338573 3.4697413e-07 469545.78
-11504800000.0 0.0048827888 4.1016034e-07 429962.66
-9970934000.0 0.0042317957 5.0187555e-07 380284.28
-8436888600.0 0.0035807267 6.416271e-07 329088.75
-6902844000.0 0.0029296577 8.789004e-07 264318.78
-5368978000.0 0.0022786648 1.3489205e-06 192336.61
-3834933000.0 0.0016275961 2.6127473e-06 90590.4
3834933000.0 -0.0016275961 3.3183999e-06 -86088.16
5368978000.0 -0.0022786648 1.5453794e-06 -173941.44
6902844000.0 -0.0029296577 9.648652e-07 -262246.9
8436888600.0 -0.0035807267 6.88429e-07 -352770.2
9970934000.0 -0.0042317957 5.299751e-07 -435268.38
11504800000.0 -0.0048827888 4.2887248e-07 -520500.9
13038844000.0 -0.0055338573 3.5949157e-07 -591566.4
14572889000.0 -0.006184926 3.0915635e-07 -667255.44
16106755000.0 -0.006835919 2.714327e-07 -724526.6
17640800000.0 -0.0074869874 2.4206264e-07 -787481.6
19174754000.0 -0.008138019 2.1875543e-07 -832147.25
20708710000.0 -0.008789049 1.9976254e-07 -882059.5
22242755000.0 -0.009440118 1.8409975e-07 -914678.9
23776710000.0 -0.010091149 1.708894e-07 -948942.5
25310667000.0 -0.01074218 1.5968281e-07 -967825.6
26844710000.0 -0.011393248 1.4991758e-07 -990962.2
28378577000.0 -0.012044242 1.4147489e-07 -1006253.4
29912621000.0 -0.012695311 1.3383979e-07 -1029970.8
31446665000.0 -0.013346379 1.2693637e-07 -1053130.8
32980531000.0 -0.013997372 1.2059044e-07 -1083936.0
34514575000.0 -0.014648439 1.14238105e-07 -1108555.1
36048620000.0 -0.015299509 1.09208884e-07 -1159607.2
37582488000.0 -0.015950503 1.04383176e-07 -1200347.2
39116534000.0 -0.016601572 1.002167e-07 -1248105.2
40650486000.0 -0.017252602 9.57524e-08 -1309623.8
42184440000.0 -0.017903633 9.23252e-08 -1366185.5
43718490000.0 -0.018554702 8.7822905e-08 -1440334.8
45252444000.0 -0.019205732 8.4629875e-08 -1487020.9
46786400000.0 -0.019856764 8.0751626e-08 -1558152.0
48320442000.0 -0.020507833 7.796391e-08 -1611111.4
49854310000.0 -0.021158826 7.507006e-08 -1661575.1
51388355000.0 -0.021809895 7.281628e-08 -1702951.0
52922400000.0 -0.022460962 7.077497e-08 -1723875.4
54456267000.0 -0.023111956 6.922804e-08 -1739439.2
55990310000.0 -0.023763025 6.779885e-08 -1742475.6
57524355000.0 -0.024414092 6.657722e-08 -1764328.1
59058220000.0 -0.025065087 6.531598e-08 -1777894.0
60592263000.0 -0.025716154 6.4379805e-08 -1809411.2
62126220000.0 -0.026367186 6.3295595e-08 -1831585.2
63660175000.0 -0.027018217 6.230934e-08 -1877971.5
65194220000.0 -0.027669284 6.101606e-08 -1915961.8
66728178000.0 -0.028320316 5.974771e-08 -1972027.9
68262130000.0 -0.028971346 5.8236708e-08 -2011137.0
69796176000.0 -0.029622415 5.6724744e-08 -2057283.9
71330050000.0 -0.030273411 5.4711776e-08 -2065395.6
72864090000.0 -0.030924477 5.2979974e-08 -2067766.4
74398130000.0 -0.031575546 5.1048985e-08 -2088673.8
75932000000.0 -0.03222654 4.9649746e-08 -2147966.2
77466040000.0 -0.03287761 4.872198e-08 -2212994.8
79000084000.0 -0.033528678 4.8089976e-08 -2327725.2
80533955000.0 -0.03417967 4.760188e-08 -2425440.0
82068000000.0 -0.034830738 4.7295554e-08 -2464289.5
83601960000.0 -0.035481773 4.6855142e-08 -2463843.5
85135910000.0 -0.0361328 4.642024e-08 -2463562.2
86669950000.0 -0.03678387 4.611408e-08 -2453136.0
88203910000.0 -0.0374349 4.606371e-08 -2443544.5
89737860000.0 -0.03808593 4.6127344e-08 -2434051.5
91271905000.0 -0.038736995 4.6255238e-08 -2424649.0
92805775000.0 -0.039387994 4.6378602e-08 -2415620.0
94339820000.0 -0.040039062 4.639899e-08 -2396288.2
95873870000.0 -0.04069013 4.6368804e-08 -2373218.2
97407730000.0 -0.041341122 4.631898e-08 -2332422.5
98941770000.0 -0.04199219 4.6430756e-08 -2272944.2
100475820000.0 -0.04264326 4.645765e-08 -2202086.5
102009680000.0 -0.043294255 4.6411643e-08 -2127905.8
103543734000.0 -0.043945324 4.6263633e-08 -2056663.5
105077690000.0 -0.04459635 4.5915122e-08 -2047882.1
106611640000.0 -0.045247383 4.532592e-08 -2084737.6
108145690000.0 -0.045898452 4.476305e-08 -2155003.5
109679640000.0 -0.046549484 4.4251642e-08 -2227182.0
111213590000.0 -0.047200516 4.403081e-08 -2262359.5
112747640000.0 -0.047851585 4.3788447e-08 -2315081.2
114281505000.0 -0.048502576 4.374403e-08 -2334014.0
115815555000.0 -0.049153645 4.369065e-08 -2409183.2
117349600000.0 -0.049804714 4.3617607e-08 -2434264.0
118883460000.0 -0.050455708 4.36558e-08 -2337052.5
120417510000.0 -0.051106777 4.392956e-08 -2171693.2
121951550000.0 -0.051757842 4.3911143e-08 -2089180.5
123485420000.0 -0.052408837 4.418147e-08 -1998897.0
125019460000.0 -0.053059906 4.417673e-08 -1918812.1
126553416000.0 -0.053710938 4.4171617e-08 -1861602.5
128087376000.0 -0.05436197 4.3910035e-08 -1866069.0
129621420000.0 -0.055013034 4.42011e-08 -1814359.6
131155370000.0 -0.055664066 4.4013944e-08 -1833398.5
132689330000.0 -0.056315098 4.471554e-08 -1803725.5
134223370000.0 -0.056966167 4.5142365e-08 -1836554.2
135757240000.0 -0.057617158 4.6016236e-08 -1703047.4
137291284000.0 -0.058268227 4.6324793e-08 -1633328.5
138825330000.0 -0.058919296 4.7497856e-08 -1493867.6
140359190000.0 -0.059570286 4.759734e-08 -1492272.5
141893240000.0 -0.06022136 4.887081e-08 -1375902.6
143427290000.0 -0.060872428 4.9222297e-08 -1365620.4
144961160000.0 -0.061523426 5.0887614e-08 -1246570.0
146495200000.0 -0.062174488 5.157988e-08 -1252581.4
148029150000.0 -0.062825516 5.3988117e-08 -1144334.0
149563110000.0 -0.063476555 5.3988117e-08 -1144334.0
151097150000.0 -0.06412762 5.6291686e-08 -972810.7
152631100000.0 -0.06477865 5.6291686e-08 -972810.7
154165070000.0 -0.06542969 5.7840815e-08 -915761.1
155699100000.0 -0.06608075 5.7840815e-08 -915761.1
157232970000.0 -0.06673174 5.9029354e-08 -914003.6
158767020000.0 -0.06738281 5.9029354e-08 -914003.6
160301060000.0 -0.068033874 6.077728e-08 -939124.06
161834930000.0 -0.068684876 6.077728e-08 -939124.06
163368980000.0 -0.069335945 6.2604784e-08 -984051.2
164903010000.0 -0.06998701 6.2604784e-08 -984051.2
166436880000.0 -0.070638 6.4311195e-08 -995220.56
167970930000.0 -0.07128907 6.4311195e-08 -995220.56
169504880000.0 -0.0719401 6.5931104e-08 -950475.06
171038830000.0 -0.07259113 6.5931104e-08 -950475.06
172572880000.0 -0.0732422 6.6995895e-08 -878166.94
174106840000.0 -0.073893234 6.6995895e-08 -878166.94
175640790000.0 -0.07454426 6.776054e-08 -831952.2
177174840000.0 -0.075195335 6.776054e-08 -831952.2
178708710000.0 -0.07584633 6.865277e-08 -851633.25
180242740000.0 -0.07649739 6.865277e-08 -851633.25
181776800000.0 -0.07714847 6.982628e-08 -914107.44
183310660000.0 -0.077799454 6.982628e-08 -914107.44
184844700000.0 -0.07845052 7.205546e-08 -939841.1
186378750000.0 -0.07910159 7.205546e-08 -939841.1
187912620000.0 -0.07975259 7.671825e-08 -818886.1
189446670000.0 -0.080403656 7.671825e-08 -818886.1
190980620000.0 -0.08105469 8.332263e-08 -541189.2
192514570000.0 -0.08170572 8.332263e-08 -541189.2
194048620000.0 -0.08235679 9.037686e-08 -250643.3
195582570000.0 -0.08300782 9.037686e-08 -250643.3
197116530000.0 -0.08365885 9.803759e-08 157526.84
198650580000.0 -0.08430992 9.803759e-08 157526.84
200184430000.0 -0.08496091 9.803759e-08 157526.84
201718480000.0 -0.08561198 9.803759e-08 157526.84
203252530000.0 -0.086263046 1.2179214e-07 460296.0
204786400000.0 -0.08691404 1.2179214e-07 460296.0
206320440000.0 -0.08756511 1.2179214e-07 460296.0
207854390000.0 -0.08821614 1.2179214e-07 460296.0
209388360000.0 -0.08886717 1.465035e-07 584595.44
210922390000.0 -0.08951824 1.465035e-07 584595.44
212456340000.0 -0.09016927 1.465035e-07 584595.44
213990310000.0 -0.090820305 1.465035e-07 584595.44
215524340000.0 -0.091471374 1.6946191e-07 526691.1
217058210000.0 -0.09212236 1.6946191e-07 526691.1
218592260000.0 -0.09277343 1.6946191e-07 526691.1
220126300000.0 -0.0934245 1.6946191e-07 526691.1
221660170000.0 -0.09407549 1.8453245e-07 372224.44
223194220000.0 -0.09472656 1.8453245e-07 372224.44
224728250000.0 -0.09537763 1.8453245e-07 372224.44
226262120000.0 -0.096028626 1.8453245e-07 372224.44
227796170000.0 -0.096679695 2.0190986e-07 273543.25
229330120000.0 -0.09733073 2.0190986e-07 273543.25
230864080000.0 -0.09798176 2.0190986e-07 273543.25
232398130000.0 -0.09863283 2.0190986e-07 273543.25
233932080000.0 -0.09928385 2.2156816e-07 261480.53
235466030000.0 -0.09993488 2.2156816e-07 261480.53
237000080000.0 -0.10058595 2.2156816e-07 261480.53
238533950000.0 -0.10123695 2.2156816e-07 261480.53
240067990000.0 -0.101888016 2.2560609e-07 296677.03
241602040000.0 -0.102539085 2.2560609e-07 296677.03
243135900000.0 -0.10319008 2.2560609e-07 296677.03
244669960000.0 -0.10384115 2.2560609e-07 296677.03
246203990000.0 -0.10449222 2.1903072e-07 374640.97
247737860000.0 -0.10514321 2.1903072e-07 374640.97
249271910000.0 -0.10579427 2.1903072e-07 374640.97
250805860000.0 -0.106445305 2.1903072e-07 374640.97
252339810000.0 -0.10709634 2.0598539e-07 446337.22
253873860000.0 -0.107747406 2.0598539e-07 446337.22
255407820000.0 -0.10839844 2.0598539e-07 446337.22
256941770000.0 -0.10904947 2.0598539e-07 446337.22
258475820000.0 -0.10970054 1.8746582e-07 458428.6
260009670000.0 -0.11035153 1.8746582e-07 458428.6
261543720000.0 -0.1110026 1.8746582e-07 458428.6
263077770000.0 -0.11165367 1.8746582e-07 458428.6
264611640000.0 -0.11230466 1.7029647e-07 386734.4
266145680000.0 -0.11295573 1.7029647e-07 386734.4
267679730000.0 -0.113606796 1.7029647e-07 386734.4
269213600000.0 -0.11425779 1.7029647e-07 386734.4
270747630000.0 -0.11490886 1.5897676e-07 252443.27
272281600000.0 -0.11555989 1.5897676e-07 252443.27
273815550000.0 -0.11621092 1.5897676e-07 252443.27
275349600000.0 -0.11686199 1.5897676e-07 252443.27
276883540000.0 -0.11751302 1.5434381e-07 74259.84
278417500000.0 -0.118164055 1.5434381e-07 74259.84
279951540000.0 -0.118815124 1.5434381e-07 74259.84
281485400000.0 -0.11946611 1.5434381e-07 74259.84
