morphology_data/1d_wb_a0.05_l2r1_00001.ecsv
# %ECSV 1.0
# ---
# datatype:
# - {name: b, datatype: float32}
# - {name: phase, datatype: float32}
# - {name: sigma, datatype: float32}
# - {name: vr, datatype: float32}
# meta: {lambda: 2, rp: 1.0, sep: 0.05, wind: b}
# schema: astropy-2.0
b phase sigma vr
-2354660500000.0 0.49967447 nan nan
-2351592600000.0 0.49902344 nan nan
-2348524800000.0 0.4983724 nan nan
-2345456600000.0 0.49772134 nan nan
-2342388800000.0 0.4970703 nan nan
-2339321000000.0 0.49641928 nan nan
-2336253000000.0 0.49576828 nan nan
-2333185000000.0 0.4951172 nan nan
-2330117000000.0 0.4944662 nan nan
-2327049000000.0 0.49381506 nan nan
-2323981000000.0 0.4931641 nan nan
-2320913000000.0 0.49251297 nan nan
-2317845000000.0 0.49186197 nan nan
-2314777100000.0 0.49121094 nan nan
-2311709000000.0 0.49055988 nan nan
-2308641000000.0 0.48990884 nan nan
-2305573300000.0 0.4892578 nan nan
-2302505000000.0 0.48860675 nan nan
-2299437300000.0 0.48795572 nan nan
-2296369400000.0 0.4873047 nan nan
-2293301500000.0 0.48665366 1.011061e-11 -13337642.0
-2290233400000.0 0.4860026 1.011061e-11 -13337642.0
-2287165500000.0 0.48535156 1.011061e-11 -13337642.0
-2284097600000.0 0.48470056 1.011061e-11 -13337642.0
-2281029500000.0 0.48404947 1.04362465e-11 -13310794.0
-2277961600000.0 0.48339847 1.04362465e-11 -13310794.0
-2274893500000.0 0.48274735 1.04362465e-11 -13310794.0
-2271825600000.0 0.48209637 1.04362465e-11 -13310794.0
-2268757500000.0 0.48144525 1.0584144e-11 -13345642.0
-2265689600000.0 0.48079422 1.0584144e-11 -13345642.0
-2262621700000.0 0.48014325 1.0584144e-11 -13345642.0
-2259553600000.0 0.47949213 1.0584144e-11 -13345642.0
-2256485700000.0 0.47884113 1.0804538e-11 -13449695.0
-2253418000000.0 0.4781901 1.0804538e-11 -13449695.0
-2250350000000.0 0.47753906 1.0804538e-11 -13449695.0
-2247281900000.0 0.476888 1.0804538e-11 -13449695.0
-2244214000000.0 0.47623697 1.0866069e-11 -13530672.0
-2241146000000.0 0.47558594 1.0866069e-11 -13530672.0
-2238078300000.0 0.47493497 1.0866069e-11 -13530672.0
-2235010000000.0 0.47428384 1.0866069e-11 -13530672.0
-2231942300000.0 0.47363284 1.1154907e-11 -13766292.0
-2228874000000.0 0.47298175 1.1154907e-11 -13766292.0
-2225806200000.0 0.47233072 1.1154907e-11 -13766292.0
-2222738400000.0 0.47167972 1.1154907e-11 -13766292.0
-2219670200000.0 0.47102863 1.1178808e-11 -13879627.0
-2216602400000.0 0.47037762 1.1178808e-11 -13879627.0
-2213534200000.0 0.4697265 1.1178808e-11 -13879627.0
-2210466400000.0 0.46907553 1.1178808e-11 -13879627.0
-2207398500000.0 0.4684245 1.1515167e-11 -14266308.0
-2204330400000.0 0.46777344 1.1515167e-11 -14266308.0
-2201262500000.0 0.4671224 1.1515167e-11 -14266308.0
-2198194600000.0 0.46647137 1.1515167e-11 -14266308.0
-2195126700000.0 0.46582034 1.1440884e-11 -14438209.0
-2192058600000.0 0.46516925 1.1440884e-11 -14438209.0
-2188990700000.0 0.46451822 1.1440884e-11 -14438209.0
-2185922700000.0 0.4638672 1.1440884e-11 -14438209.0
-2182854700000.0 0.46321613 1.18073745e-11 -14911707.0
-2179786700000.0 0.4625651 1.18073745e-11 -14911707.0
-2176718900000.0 0.46191406 1.18073745e-11 -14911707.0
-2173650700000.0 0.461263 1.18073745e-11 -14911707.0
-2170582900000.0 0.46061197 1.1779456e-11 -15085405.0
-2167515000000.0 0.45996094 1.1779456e-11 -15085405.0
-2164447000000.0 0.4593099 1.1779456e-11 -15085405.0
-2161379000000.0 0.45865884 1.1779456e-11 -15085405.0
-2158311100000.0 0.4580078 1.2084354e-11 -15460722.0
-2155243100000.0 0.45735678 1.2084354e-11 -15460722.0
-2152175200000.0 0.45670575 1.2084354e-11 -15460722.0
-2149107100000.0 0.4560547 1.2084354e-11 -15460722.0
-2146039200000.0 0.45540366 1.18563345e-11 -15601465.0
-2142971400000.0 0.45475262 1.18563345e-11 -15601465.0
-2139903200000.0 0.45410153 1.18563345e-11 -15601465.0
-2136835400000.0 0.45345053 1.18563345e-11 -15601465.0
-2133767400000.0 0.4527995 1.1716699e-11 -15859613.0
-2130699400000.0 0.4521484 1.1716699e-11 -15859613.0
-2127631400000.0 0.45149738 1.1716699e-11 -15859613.0
-2124563500000.0 0.45084634 1.1716699e-11 -15859613.0
-2121495600000.0 0.4501953 1.135844e-11 -15974794.0
-2118427500000.0 0.44954425 1.135844e-11 -15974794.0
-2115359600000.0 0.44889322 1.135844e-11 -15974794.0
-2112291700000.0 0.4482422 1.135844e-11 -15974794.0
-2109223700000.0 0.44759116 1.1085594e-11 -16130149.0
-2106155700000.0 0.4469401 1.1085594e-11 -16130149.0
-2103087700000.0 0.44628906 1.1085594e-11 -16130149.0
-2100019900000.0 0.44563803 1.1085594e-11 -16130149.0
-2096951700000.0 0.44498697 1.0827308e-11 -16199009.0
-2093883900000.0 0.44433594 1.0827308e-11 -16199009.0
-2090816000000.0 0.4436849 1.0827308e-11 -16199009.0
-2087747800000.0 0.44303384 1.0827308e-11 -16199009.0
-2084680000000.0 0.4423828 1.0560086e-11 -16290074.0
-2081612000000.0 0.44173178 1.0560086e-11 -16290074.0
-2078544100000.0 0.44108075 1.0560086e-11 -16290074.0
-2075476000000.0 0.44042966 1.0560086e-11 -16290074.0
-2072408100000.0 0.43977866 1.0380689e-11 -16325416.0
-2069340200000.0 0.43912762 1.0380689e-11 -16325416.0
-2066272400000.0 0.4384766 1.0380689e-11 -16325416.0
-2063204200000.0 0.4378255 1.0380689e-11 -16325416.0
-2060136300000.0 0.43717447 1.017144e-11 -16367521.0
-2057068300000.0 0.43652344 1.017144e-11 -16367521.0
-2054000300000.0 0.43587238 1.017144e-11 -16367521.0
-2050932300000.0 0.43522134 1.017144e-11 -16367521.0
-2047864500000.0 0.4345703 1.0101117e-11 -16381484.0
-2044796300000.0 0.43391925 1.0101117e-11 -16381484.0
-2041728500000.0 0.43326822 1.0101117e-11 -16381484.0
-2038660600000.0 0.4326172 1.0101117e-11 -16381484.0
-2035592600000.0 0.43196616 1.0434903e-11 -16446227.0
-2032524600000.0 0.4313151 1.0434903e-11 -16446227.0
-2029456600000.0 0.43066406 1.0434903e-11 -16446227.0
-2026388700000.0 0.43001303 1.0434903e-11 -16446227.0
-2023320800000.0 0.429362 1.04949e-11 -16411590.0
-2020252700000.0 0.42871094 1.04949e-11 -16411590.0
-2017184800000.0 0.4280599 1.04949e-11 -16411590.0
-2014117000000.0 0.42740887 1.04949e-11 -16411590.0
-2011048800000.0 0.42675778 1.1599269e-11 -16475356.0
-2007981000000.0 0.42610675 1.1599269e-11 -16475356.0
-2004913000000.0 0.42545575 1.1599269e-11 -16475356.0
-2001845000000.0 0.42480466 1.1599269e-11 -16475356.0
-1998777000000.0 0.42415363 1.1840092e-11 -16398574.0
-1995709100000.0 0.4235026 1.1840092e-11 -16398574.0
-1992641200000.0 0.42285156 1.1840092e-11 -16398574.0
-1989573200000.0 0.42220053 1.1840092e-11 -16398574.0
-1986505200000.0 0.42154947 1.3043024e-11 -16275029.0
-1983437300000.0 0.42089844 1.3043024e-11 -16275029.0
-1980369300000.0 0.4202474 1.3043024e-11 -16275029.0
-1977301300000.0 0.41959634 1.3043024e-11 -16275029.0
-1974233300000.0 0.4189453 1.3567182e-11 -16195123.0
-1971165500000.0 0.41829428 1.3567182e-11 -16195123.0
-1968097300000.0 0.41764322 1.3567182e-11 -16195123.0
-1965029500000.0 0.4169922 1.3567182e-11 -16195123.0
-1961961600000.0 0.41634116 1.459412e-11 -15919943.0
-1958893500000.0 0.4156901 1.459412e-11 -15919943.0
-1955825700000.0 0.4150391 1.459412e-11 -15919943.0
-1952757600000.0 0.41438803 1.459412e-11 -15919943.0
-1949689600000.0 0.41373694 1.5371864e-11 -15866951.0
-1946621800000.0 0.41308597 1.5371864e-11 -15866951.0
-1943553700000.0 0.41243488 1.5371864e-11 -15866951.0
-1940485800000.0 0.41178387 1.5371864e-11 -15866951.0
-1937418000000.0 0.41113284 1.6030424e-11 -15542890.0
-1934349800000.0 0.41048175 1.6030424e-11 -15542890.0
-1931282000000.0 0.40983072 1.6030424e-11 -15542890.0
-1928214000000.0 0.4091797 1.6030424e-11 -15542890.0
-1925146000000.0 0.40852863 1.7269608e-11 -15521013.0
-1922078000000.0 0.4078776 1.7269608e-11 -15521013.0
-1919010100000.0 0.40722656 1.7269608e-11 -15521013.0
-1915942000000.0 0.4065755 1.7269608e-11 -15521013.0
-1912874200000.0 0.4059245 1.847979e-11 -15285166.0
-1909806200000.0 0.40527344 1.847979e-11 -15285166.0
-1906738100000.0 0.40462238 1.847979e-11 -15285166.0
-1903670300000.0 0.40397137 1.847979e-11 -15285166.0
-1900602200000.0 0.4033203 1.9951287e-11 -15193218.0
-1897534300000.0 0.40266928 1.9951287e-11 -15193218.0
-1894466500000.0 0.40201825 1.9951287e-11 -15193218.0
-1891398300000.0 0.4013672 1.9951287e-11 -15193218.0
-1888330400000.0 0.40071616 2.2218763e-11 -15010372.0
-1885262600000.0 0.40006512 2.2218763e-11 -15010372.0
-1882194400000.0 0.39941403 2.2218763e-11 -15010372.0
-1879126600000.0 0.398763 2.2218763e-11 -15010372.0
-1876058600000.0 0.39811197 2.5900126e-11 -14690344.0
-1872990600000.0 0.3974609 2.5900126e-11 -14690344.0
-1869922800000.0 0.39680994 2.5900126e-11 -14690344.0
-1866854700000.0 0.39615884 2.5900126e-11 -14690344.0
-1863786800000.0 0.3955078 3.357961e-11 -14221569.0
-1860718800000.0 0.39485678 3.357961e-11 -14221569.0
-1857650800000.0 0.39420572 3.357961e-11 -14221569.0
-1854582800000.0 0.3935547 3.357961e-11 -14221569.0
-1851515000000.0 0.39290366 4.0539776e-11 -13291866.0
-1848447000000.0 0.3922526 4.0539776e-11 -13291866.0
-1845379000000.0 0.39160156 4.0539776e-11 -13291866.0
-1842311100000.0 0.39095053 4.0539776e-11 -13291866.0
-1839243000000.0 0.39029947 5.193592e-11 -12726170.0
-1836175000000.0 0.38964844 5.193592e-11 -12726170.0
-1833107200000.0 0.3889974 5.193592e-11 -12726170.0
-1830039000000.0 0.38834634 5.193592e-11 -12726170.0
-1826971300000.0 0.38769534 5.8009132e-11 -12175014.0
-1823903200000.0 0.38704428 5.8009132e-11 -12175014.0
-1820835300000.0 0.38639325 5.8009132e-11 -12175014.0
-1817767400000.0 0.38574222 5.8009132e-11 -12175014.0
-1814699300000.0 0.38509113 7.0832465e-11 -11776051.0
-1811631400000.0 0.3844401 7.0832465e-11 -11776051.0
-1808563400000.0 0.3837891 7.0832465e-11 -11776051.0
-1805495400000.0 0.383138 7.0832465e-11 -11776051.0
-1802427600000.0 0.38248697 7.696106e-11 -11539800.0
-1799359600000.0 0.38183594 7.696106e-11 -11539800.0
-1796291600000.0 0.38118488 7.696106e-11 -11539800.0
-1793223600000.0 0.38053384 7.696106e-11 -11539800.0
-1790155700000.0 0.3798828 8.845198e-11 -11168034.0
-1787087600000.0 0.37923175 8.845198e-11 -11168034.0
-1784019800000.0 0.37858075 8.845198e-11 -11168034.0
-1780951800000.0 0.3779297 8.845198e-11 -11168034.0
-1777883800000.0 0.37727866 9.65337e-11 -10897067.0
-1774816000000.0 0.37662762 9.65337e-11 -10897067.0
-1771747800000.0 0.37597656 9.65337e-11 -10897067.0
-1768679900000.0 0.37532553 9.65337e-11 -10897067.0
-1765612000000.0 0.3746745 1.07512735e-10 -10478283.0
-1762543900000.0 0.37402344 1.07512735e-10 -10478283.0
-1759476000000.0 0.3733724 1.07512735e-10 -10478283.0
-1756408200000.0 0.37272137 1.07512735e-10 -10478283.0
-1753340000000.0 0.37207028 1.17228e-10 -10076433.0
-1750272200000.0 0.37141925 1.17228e-10 -10076433.0
-1747204200000.0 0.37076822 1.17228e-10 -10076433.0
-1744136200000.0 0.37011716 1.17228e-10 -10076433.0
-1741068400000.0 0.3694662 1.2606463e-10 -9722088.0
-1738000300000.0 0.3688151 1.2606463e-10 -9722088.0
-1734932400000.0 0.36816406 1.2606463e-10 -9722088.0
-1731864400000.0 0.36751303 1.2606463e-10 -9722088.0
-1728796400000.0 0.36686197 1.3418669e-10 -9368597.0
-1725728400000.0 0.36621094 1.3418669e-10 -9368597.0
-1722660600000.0 0.3655599 1.3418669e-10 -9368597.0
-1719592400000.0 0.36490884 1.3418669e-10 -9368597.0
-1716524500000.0 0.3642578 1.3721335e-10 -9181364.0
-1713456700000.0 0.36360678 1.3721335e-10 -9181364.0
-1710388500000.0 0.36295572 1.3721335e-10 -9181364.0
-1707320700000.0 0.3623047 1.3721335e-10 -9181364.0
-1704252800000.0 0.36165366 1.3957865e-10 -9039558.0
-1701184700000.0 0.3610026 1.3957865e-10 -9039558.0
-1698116900000.0 0.3603516 1.3957865e-10 -9039558.0
-1695048800000.0 0.35970053 1.3957865e-10 -9039558.0
-1691980900000.0 0.3590495 1.4556578e-10 -8928786.0
-1688913000000.0 0.35839847 1.4556578e-10 -8928786.0
-1685844900000.0 0.35774738 1.4556578e-10 -8928786.0
-1682777000000.0 0.35709634 1.4556578e-10 -8928786.0
-1679709000000.0 0.3564453 1.484411e-10 -8988878.0
-1676641000000.0 0.35579425 1.484411e-10 -8988878.0
-1673573200000.0 0.35514322 1.484411e-10 -8988878.0
-1670505200000.0 0.3544922 1.484411e-10 -8988878.0
-1667437200000.0 0.35384113 1.711932e-10 -8576435.0
-1664369200000.0 0.3531901 1.711932e-10 -8576435.0
-1661301300000.0 0.35253906 1.711932e-10 -8576435.0
-1658233200000.0 0.351888 1.711932e-10 -8576435.0
-1655165400000.0 0.351237 1.7978755e-10 -8608499.0
-1652097400000.0 0.35058594 1.7978755e-10 -8608499.0
-1649029400000.0 0.3499349 1.7978755e-10 -8608499.0
-1645961500000.0 0.34928387 1.7978755e-10 -8608499.0
-1642893400000.0 0.3486328 2.268447e-10 -7522609.5
-1639825500000.0 0.34798178 2.268447e-10 -7522609.5
-1636757700000.0 0.34733075 2.268447e-10 -7522609.5
-1633689500000.0 0.3466797 2.268447e-10 -7522609.5
-1630621700000.0 0.34602866 2.5152447e-10 -7340691.5
-1627553800000.0 0.34537762 2.5152447e-10 -7340691.5
-1624485700000.0 0.34472653 2.5152447e-10 -7340691.5
-1621417800000.0 0.3440755 2.5152447e-10 -7340691.5
-1618349800000.0 0.34342447 3.1273165e-10 -6118924.5
-1615281800000.0 0.3427734 3.1273165e-10 -6118924.5
-1612214000000.0 0.3421224 3.1273165e-10 -6118924.5
-1609145900000.0 0.34147134 3.1273165e-10 -6118924.5
-1606078000000.0 0.3408203 3.5336262e-10 -5539994.0
-1603010000000.0 0.34016928 3.5336262e-10 -5539994.0
-1599942000000.0 0.33951822 3.5336262e-10 -5539994.0
-1596874000000.0 0.3388672 3.5336262e-10 -5539994.0
-1593806200000.0 0.33821616 4.14224e-10 -4385521.0
-1590738000000.0 0.3375651 4.14224e-10 -4385521.0
-1587670200000.0 0.33691406 4.14224e-10 -4385521.0
-1584602300000.0 0.33626303 4.14224e-10 -4385521.0
-1581534200000.0 0.33561197 4.661541e-10 -3433834.2
-1578466300000.0 0.33496094 4.661541e-10 -3433834.2
-1575398400000.0 0.3343099 4.661541e-10 -3433834.2
-1572330400000.0 0.33365887 4.661541e-10 -3433834.2
-1569262400000.0 0.3330078 4.9936755e-10 -2532767.2
-1566194400000.0 0.33235678 4.9936755e-10 -2532767.2
-1563126500000.0 0.33170575 4.9936755e-10 -2532767.2
-1560058700000.0 0.33105472 4.9936755e-10 -2532767.2
-1556990500000.0 0.33040363 5.309931e-10 -1972174.9
-1553922700000.0 0.3297526 5.309931e-10 -1972174.9
-1550854700000.0 0.32910156 5.309931e-10 -1972174.9
-1547786600000.0 0.3284505 5.309931e-10 -1972174.9
-1544718600000.0 0.32779947 5.067882e-10 -1863955.2
-1541650800000.0 0.32714844 5.067882e-10 -1863955.2
-1538582800000.0 0.32649738 5.067882e-10 -1863955.2
-1535514800000.0 0.32584634 5.067882e-10 -1863955.2
-1532446900000.0 0.3251953 4.8974763e-10 -2019252.4
-1529379000000.0 0.32454428 4.8974763e-10 -2019252.4
-1526310900000.0 0.32389322 4.8974763e-10 -2019252.4
-1523243000000.0 0.3232422 4.8974763e-10 -2019252.4
-1520175000000.0 0.32259116 4.1543757e-10 -3127279.8
-1517107200000.0 0.32194012 4.1543757e-10 -3127279.8
-1514039000000.0 0.32128906 4.1543757e-10 -3127279.8
-1510971100000.0 0.32063803 4.1543757e-10 -3127279.8
-1507903300000.0 0.319987 3.6975778e-10 -4408488.5
-1504835100000.0 0.31933594 3.6975778e-10 -4408488.5
-1501767300000.0 0.3186849 3.6975778e-10 -4408488.5
-1498699400000.0 0.31803387 3.6975778e-10 -4408488.5
-1495631400000.0 0.31738284 3.271174e-10 -5420360.0
-1492563400000.0 0.31673178 3.271174e-10 -5420360.0
-1489495400000.0 0.31608072 3.271174e-10 -5420360.0
-1486427500000.0 0.3154297 3.271174e-10 -5420360.0
-1483359400000.0 0.31477863 3.028523e-10 -5794726.5
-1480291500000.0 0.3141276 3.028523e-10 -5794726.5
-1477223600000.0 0.31347656 3.028523e-10 -5794726.5
-1474155600000.0 0.31282553 3.028523e-10 -5794726.5
-1471087600000.0 0.31217447 2.777978e-10 -6042356.5
-1468019600000.0 0.3115234 2.777978e-10 -6042356.5
-1464951800000.0 0.3108724 2.777978e-10 -6042356.5
-1461883600000.0 0.3102213 2.777978e-10 -6042356.5
-1458815800000.0 0.3095703 2.5759164e-10 -6309847.5
-1455747900000.0 0.30891928 2.5759164e-10 -6309847.5
-1452679900000.0 0.30826822 2.5759164e-10 -6309847.5
-1449611900000.0 0.3076172 2.5759164e-10 -6309847.5
-1446544000000.0 0.30696616 2.5910016e-10 -6413116.5
-1443476000000.0 0.30631512 2.5910016e-10 -6413116.5
-1440408000000.0 0.30566406 2.5910016e-10 -6413116.5
-1437340000000.0 0.30501303 2.5910016e-10 -6413116.5
-1434272100000.0 0.304362 2.6990377e-10 -6441515.5
-1431204100000.0 0.30371094 2.6990377e-10 -6441515.5
-1428136100000.0 0.30305988 2.6990377e-10 -6441515.5
-1425068300000.0 0.30240884 2.6990377e-10 -6441515.5
-1422000300000.0 0.3017578 2.8770947e-10 -6352899.0
-1418932300000.0 0.30110675 2.8770947e-10 -6352899.0
-1415864300000.0 0.30045572 2.8770947e-10 -6352899.0
-1412796400000.0 0.2998047 2.8770947e-10 -6352899.0
