morphology_data/1d_wc_a0.1_l2r1_00001.ecsv
# %ECSV 1.0
# ---
# datatype:
# - {name: b, datatype: float32}
# - {name: phase, datatype: float32}
# - {name: sigma, datatype: float32}
# - {name: vr, datatype: float32}
# meta: {lambda: 2, rp: 1.0, sep: 0.1, wind: c}
# schema: astropy-2.0
b phase sigma vr
[from data line 1271]
3101709800000.0 -0.32910162 nan nan
3107845300000.0 -0.3297526 nan nan
3113980800000.0 -0.3304036 nan nan
3120117600000.0 -0.33105475 nan nan
3126253000000.0 -0.33170575 nan nan
3132388500000.0 -0.33235672 nan nan
3138524800000.0 -0.3330078 nan nan
3144660800000.0 -0.33365887 nan nan
3150796300000.0 -0.33430985 nan nan
3156932600000.0 -0.33496094 nan nan
3163068800000.0 -0.335612 nan nan
3169204000000.0 -0.336263 nan nan
3175340300000.0 -0.33691406 nan nan
3181476600000.0 -0.33756512 nan nan
3187612000000.0 -0.33821613 nan nan
3193748000000.0 -0.3388672 nan nan
3199884300000.0 -0.33951825 nan nan
3206019800000.0 -0.34016925 nan nan
3212156000000.0 -0.3408203 nan nan
3218292000000.0 -0.3414714 nan nan
3224427600000.0 -0.34212238 nan nan
3230563000000.0 -0.34277338 nan nan
3236700000000.0 -0.34342453 nan nan
3242835600000.0 -0.3440755 nan nan
3248970800000.0 -0.3447265 nan nan
3255107800000.0 -0.34537765 nan nan
3261243300000.0 -0.34602866 nan nan
3267378800000.0 -0.34667963 nan nan
3273515600000.0 -0.34733078 nan nan
3279651000000.0 -0.34798178 nan nan
3285786600000.0 -0.34863275 nan nan
3291923300000.0 -0.3492839 nan nan
3298058800000.0 -0.3499349 nan nan
3304194300000.0 -0.3505859 nan nan
3310330600000.0 -0.35123697 nan nan
3316466800000.0 -0.35188803 nan nan
3322602300000.0 -0.35253903 nan nan
3328738300000.0 -0.3531901 nan nan
3334874600000.0 -0.35384116 nan nan
3341010000000.0 -0.35449216 nan nan
3347146300000.0 -0.35514322 nan nan
3353282300000.0 -0.3557943 nan nan
3359417800000.0 -0.35644528 nan nan
3365554000000.0 -0.35709634 nan nan
3371690000000.0 -0.35774744 nan nan
3377825600000.0 -0.3583984 nan nan
3383961800000.0 -0.3590495 nan nan
3390098000000.0 -0.35970056 nan nan
3396233600000.0 -0.36035156 nan nan
3402369000000.0 -0.36100253 nan nan
3408505900000.0 -0.3616537 nan nan
3414641300000.0 -0.3623047 nan nan
3420776800000.0 -0.36295566 nan nan
3426913600000.0 -0.3636068 nan nan
3433049000000.0 -0.3642578 nan nan
3439184600000.0 -0.3649088 nan nan
3445321600000.0 -0.36555994 nan nan
3451456800000.0 -0.36621094 nan nan
3457592300000.0 -0.36686194 nan nan
3463729400000.0 -0.3675131 nan nan
3469864900000.0 -0.36816406 nan nan
3476000300000.0 -0.36881506 nan nan
3482136300000.0 -0.36946613 nan nan
3488272600000.0 -0.3701172 nan nan
3494408000000.0 -0.3707682 nan nan
3500544400000.0 -0.37141925 nan nan
3506680400000.0 -0.37207034 nan nan
3512815800000.0 -0.3727213 nan nan
3518952000000.0 -0.3733724 nan nan
3525088400000.0 -0.37402347 nan nan
3531223600000.0 -0.37467447 nan nan
3537359900000.0 -0.37532553 nan nan
3543496000000.0 -0.3759766 nan nan
3549631600000.0 -0.3766276 nan nan
3555767600000.0 -0.37727866 nan nan
3561904000000.0 -0.37792972 nan nan
3568039400000.0 -0.37858072 nan nan
3574174800000.0 -0.37923172 nan nan
3580311600000.0 -0.37988284 nan nan
3586447000000.0 -0.38053384 nan nan
3592582600000.0 -0.38118485 nan nan
3598719600000.0 -0.381836 nan nan
3604855000000.0 -0.38248697 nan nan
3610990300000.0 -0.38313797 nan nan
3617127400000.0 -0.38378912 nan nan
3623263000000.0 -0.3844401 nan nan
3629398400000.0 -0.3850911 nan nan
3635535200000.0 -0.38574225 nan nan
3641670600000.0 -0.38639325 nan nan
3647806000000.0 -0.38704422 nan nan
3653942400000.0 -0.3876953 nan nan
3660078400000.0 -0.38834637 nan nan
3666213900000.0 -0.38899738 nan nan
3672350000000.0 -0.38964844 nan nan
3678486400000.0 -0.3902995 nan nan
3684622000000.0 -0.3909505 nan nan
3690758000000.0 -0.39160156 nan nan
3696894100000.0 -0.39225262 nan nan
3703029600000.0 -0.39290363 nan nan
3709165600000.0 -0.3935547 nan nan
3715302000000.0 -0.39420575 nan nan
3721437400000.0 -0.39485675 nan nan
3727573600000.0 -0.3955078 nan nan
3733709700000.0 -0.3961589 nan nan
3739845100000.0 -0.39680988 nan nan
3745980600000.0 -0.39746088 nan nan
3752117700000.0 -0.39811203 nan nan
3758253100000.0 -0.398763 nan nan
3764388600000.0 -0.399414 nan nan
3770525400000.0 -0.40006515 nan nan
3776661000000.0 -0.40071616 nan nan
3782796400000.0 -0.40136713 nan nan
3788933200000.0 -0.40201828 nan nan
3795068600000.0 -0.40266928 nan nan
3801204000000.0 -0.40332028 nan nan
3807341000000.0 -0.4039714 nan nan
3813476400000.0 -0.4046224 nan nan
3819612000000.0 -0.4052734 nan nan
3825748100000.0 -0.40592447 nan nan
3831884400000.0 -0.40657553 nan nan
3838020000000.0 -0.40722653 nan nan
3844156000000.0 -0.4078776 nan nan
3850292200000.0 -0.40852866 nan nan
3856427600000.0 -0.40917966 nan nan
3862564000000.0 -0.40983072 nan nan
3868700000000.0 -0.4104818 nan nan
3874835400000.0 -0.41113278 nan nan
3880971700000.0 -0.41178387 nan nan
3887107700000.0 -0.41243494 nan nan
3893243200000.0 -0.4130859 nan nan
3899379400000.0 -0.413737 nan nan
3905515700000.0 -0.41438806 nan nan
3911651200000.0 -0.41503906 nan nan
3917786600000.0 -0.41569003 nan nan
3923923400000.0 -0.4163412 nan nan
3930059000000.0 -0.4169922 nan nan
3936194400000.0 -0.4176432 nan nan
3942331200000.0 -0.4182943 nan nan
3948466700000.0 -0.4189453 nan nan
3954602100000.0 -0.4195963 nan nan
3960739200000.0 -0.42024744 nan nan
3966874700000.0 -0.42089844 nan nan
3973010000000.0 -0.42154944 nan nan
3979147000000.0 -0.4222006 nan nan
3985282400000.0 -0.42285156 nan nan
3991418000000.0 -0.42350256 nan nan
3997554000000.0 -0.42415363 nan nan
4003690200000.0 -0.42480472 nan nan
4009825700000.0 -0.4254557 nan nan
4015962000000.0 -0.42610675 nan nan
4022098000000.0 -0.42675784 nan nan
4028233400000.0 -0.4274088 nan nan
4034369700000.0 -0.4280599 nan nan
4040506000000.0 -0.42871097 nan nan
4046641400000.0 -0.42936197 nan nan
4052777400000.0 -0.43001303 nan nan
4058913700000.0 -0.4306641 nan nan
4065049200000.0 -0.4313151 nan nan
4071185200000.0 -0.43196616 nan nan
4077321500000.0 -0.43261722 nan nan
4083457000000.0 -0.43326822 nan nan
4089592400000.0 -0.43391922 nan nan
4095729200000.0 -0.43457034 nan nan
4101864700000.0 -0.43522134 nan nan
4108000200000.0 -0.43587235 nan nan
4114137200000.0 -0.4365235 nan nan
4120272700000.0 -0.43717447 nan nan
4126408200000.0 -0.43782547 nan nan
4132545000000.0 -0.43847662 nan nan
4138680500000.0 -0.43912762 nan nan
4144816000000.0 -0.4397786 nan nan
4150952700000.0 -0.44042975 nan nan
4157088200000.0 -0.44108075 nan nan
4163223700000.0 -0.44173172 nan nan
4169360000000.0 -0.4423828 nan nan
4175496000000.0 -0.44303387 nan nan
4181631400000.0 -0.44368488 nan nan
4187767700000.0 -0.44433594 nan nan
4193904000000.0 -0.444987 nan nan
4200039400000.0 -0.445638 nan nan
4206175500000.0 -0.44628906 nan nan
4212311700000.0 -0.44694012 nan nan
4218447200000.0 -0.44759113 nan nan
4224583500000.0 -0.4482422 nan nan
4230719500000.0 -0.44889325 nan nan
4236855000000.0 -0.44954425 nan nan
4242991200000.0 -0.4501953 nan nan
4249127200000.0 -0.4508464 nan nan
4255262700000.0 -0.45149738 nan nan
4261398200000.0 -0.45214838 nan nan
4267535200000.0 -0.45279953 nan nan
4273670700000.0 -0.45345053 nan nan
4279806200000.0 -0.4541015 nan nan
4285943000000.0 -0.45475265 nan nan
4292078500000.0 -0.45540366 nan nan
4298214000000.0 -0.45605463 nan nan
4304350700000.0 -0.45670578 nan nan
4310486200000.0 -0.45735678 nan nan
4316621700000.0 -0.45800778 nan nan
4322758800000.0 -0.4586589 nan nan
4328894000000.0 -0.4593099 nan nan
4335029500000.0 -0.4599609 nan nan
4341165700000.0 -0.46061197 nan nan
4347302000000.0 -0.46126303 nan nan
4353437500000.0 -0.46191403 nan nan
4359573500000.0 -0.4625651 nan nan
4365709700000.0 -0.46321616 nan nan
4371845200000.0 -0.46386716 nan nan
4377981500000.0 -0.46451822 nan nan
4384117500000.0 -0.4651693 nan nan
4390253000000.0 -0.46582028 nan nan
4396389200000.0 -0.46647137 nan nan
4402525500000.0 -0.46712244 nan nan
4408660700000.0 -0.46777344 nan nan
4414797000000.0 -0.4684245 nan nan
4420933000000.0 -0.46907556 nan nan
4427068500000.0 -0.4697265 nan nan
4433204000000.0 -0.47037753 nan nan
4439341000000.0 -0.4710287 nan nan
4445477000000.0 -0.47167972 nan nan
4451612000000.0 -0.4723307 nan nan
4457749000000.0 -0.4729818 nan nan
4463884500000.0 -0.47363284 nan nan
4470019700000.0 -0.4742838 nan nan
4476156500000.0 -0.47493497 nan nan
4482292000000.0 -0.47558594 nan nan
4488427500000.0 -0.47623694 nan nan
4494564000000.0 -0.47688803 nan nan
4500700000000.0 -0.47753906 nan nan
4506835000000.0 -0.47819003 nan nan
4512971500000.0 -0.47884113 nan nan
4519108000000.0 -0.47949222 nan nan
4525243500000.0 -0.48014325 nan nan
4531379000000.0 -0.48079422 nan nan
4537515500000.0 -0.48144534 nan nan
4543651000000.0 -0.48209637 nan nan
4549787000000.0 -0.48274735 nan nan
4555923000000.0 -0.48339847 nan nan
4562059000000.0 -0.48404947 nan nan
4568195300000.0 -0.48470056 nan nan
4574331000000.0 -0.48535156 nan nan
4580467000000.0 -0.4860026 nan nan
4586603000000.0 -0.48665366 nan nan
4592739300000.0 -0.48730478 nan nan
4598874500000.0 -0.48795572 nan nan
4605010000000.0 -0.48860675 nan nan
4611147000000.0 -0.48925787 nan nan
4617282000000.0 -0.48990884 nan nan
4623418000000.0 -0.49055988 nan nan
4629555000000.0 -0.491211 nan nan
4635690000000.0 -0.49186197 nan nan
4641826000000.0 -0.49251297 nan nan
4647962500000.0 -0.49316412 nan nan
4654098000000.0 -0.49381506 nan nan
4660233500000.0 -0.4944661 nan nan
4666370300000.0 -0.49511725 nan nan
4672506000000.0 -0.49576828 nan nan
4678641000000.0 -0.49641922 nan nan
4684777500000.0 -0.4970703 nan nan
4690914000000.0 -0.49772137 nan nan
4697049000000.0 -0.49837238 nan nan
4703185300000.0 -0.49902344 nan nan
4709321500000.0 -0.4996745 nan nan
