morphology_data/1d_wa_a0.025_l4r1_00001.ecsv
# %ECSV 1.0
# ---
# datatype:
# - {name: b, datatype: float32}
# - {name: phase, datatype: float32}
# - {name: sigma, datatype: float32}
# - {name: vr, datatype: float32}
# meta: {lambda: 4, rp: 1.0, sep: 0.025, wind: a}
# schema: astropy-2.0
b phase sigma vr
[from data line 317]
-691058400000.0 0.29329428 2.4803265e-08 1631319.5
-689524440000.0 0.29264325 2.4803265e-08 1631319.5
-687990440000.0 0.2919922 2.4803265e-08 1631319.5
-686456440000.0 0.29134116 2.532399e-08 1647586.8
-684922440000.0 0.2906901 2.532399e-08 1647586.8
-683388440000.0 0.29003903 2.532399e-08 1647586.8
-681854500000.0 0.28938803 2.532399e-08 1647586.8
-680320500000.0 0.28873697 2.5921857e-08 1664693.2
-678786560000.0 0.28808594 2.5921857e-08 1664693.2
-677252560000.0 0.2874349 2.5921857e-08 1664693.2
-675718560000.0 0.28678384 2.5921857e-08 1664693.2
-674184600000.0 0.28613284 2.6531216e-08 1684098.5
-672650600000.0 0.28548178 2.6531216e-08 1684098.5
-671116600000.0 0.28483072 2.6531216e-08 1684098.5
-669582600000.0 0.28417966 2.6531216e-08 1684098.5
-668048700000.0 0.28352866 2.7239551e-08 1700955.1
-666514700000.0 0.2828776 2.7239551e-08 1700955.1
-664980700000.0 0.28222656 2.7239551e-08 1700955.1
-663446750000.0 0.28157553 2.7239551e-08 1700955.1
-661912750000.0 0.28092447 2.8036542e-08 1724013.2
-660378750000.0 0.28027344 2.8036542e-08 1724013.2
-658844800000.0 0.2796224 2.8036542e-08 1724013.2
-657310800000.0 0.27897137 2.8036542e-08 1724013.2
-655776800000.0 0.2783203 2.8855206e-08 1753285.0
-654242800000.0 0.27766928 2.8855206e-08 1753285.0
-652708900000.0 0.27701825 2.8855206e-08 1753285.0
-651174900000.0 0.2763672 2.8855206e-08 1753285.0
-649640900000.0 0.27571613 2.9699935e-08 1779808.8
-648106930000.0 0.2750651 2.9699935e-08 1779808.8
-646572930000.0 0.27441406 2.9699935e-08 1779808.8
-645038900000.0 0.273763 2.9699935e-08 1779808.8
-643504900000.0 0.27311197 3.0521004e-08 1804046.0
-641971000000.0 0.27246094 3.0521004e-08 1804046.0
-640437000000.0 0.2718099 3.0521004e-08 1804046.0
-638903000000.0 0.27115884 3.0521004e-08 1804046.0
-637369060000.0 0.2705078 3.1443676e-08 1828503.0
-635835100000.0 0.2698568 3.1443676e-08 1828503.0
-634301100000.0 0.26920575 3.1443676e-08 1828503.0
-632767100000.0 0.2685547 3.1443676e-08 1828503.0
-631233100000.0 0.26790366 3.253725e-08 1855513.1
-629699100000.0 0.2672526 3.253725e-08 1855513.1
-628165100000.0 0.26660156 3.253725e-08 1855513.1
-626631200000.0 0.26595053 3.253725e-08 1855513.1
-625097240000.0 0.2652995 3.373314e-08 1884077.2
-623563240000.0 0.26464844 3.373314e-08 1884077.2
-622029240000.0 0.2639974 3.373314e-08 1884077.2
-620495240000.0 0.26334634 3.373314e-08 1884077.2
-618961240000.0 0.26269528 3.4918884e-08 1907612.1
-617427240000.0 0.26204425 3.4918884e-08 1907612.1
-615893300000.0 0.26139322 3.4918884e-08 1907612.1
-614359400000.0 0.2607422 3.4918884e-08 1907612.1
-612825370000.0 0.26009116 3.604546e-08 1924163.9
-611291370000.0 0.2594401 3.604546e-08 1924163.9
-609757400000.0 0.2587891 3.604546e-08 1924163.9
-608223400000.0 0.25813803 3.604546e-08 1924163.9
-606689400000.0 0.257487 3.710456e-08 1937830.6
-605155400000.0 0.2568359 3.710456e-08 1937830.6
-603621500000.0 0.2561849 3.710456e-08 1937830.6
-602087500000.0 0.25553384 3.710456e-08 1937830.6
-600553500000.0 0.2548828 3.8115125e-08 1950071.8
-599019550000.0 0.25423178 3.8115125e-08 1950071.8
-597485550000.0 0.25358072 3.8115125e-08 1950071.8
-595951550000.0 0.2529297 3.8115125e-08 1950071.8
-594417600000.0 0.25227866 3.9046093e-08 1960211.1
-592883600000.0 0.25162762 3.9046093e-08 1960211.1
-591349600000.0 0.25097656 3.9046093e-08 1960211.1
-589815600000.0 0.2503255 3.9046093e-08 1960211.1
-588281700000.0 0.24967448 3.9916188e-08 1966701.4
-586747700000.0 0.24902344 3.9916188e-08 1966701.4
-585213700000.0 0.24837239 3.9916188e-08 1966701.4
-583679740000.0 0.24772136 3.9916188e-08 1966701.4
-582145740000.0 0.2470703 4.072081e-08 1971284.8
-580611740000.0 0.24641925 4.072081e-08 1971284.8
-579077730000.0 0.2457682 4.072081e-08 1971284.8
-577543800000.0 0.24511719 4.072081e-08 1971284.8
-576009800000.0 0.24446614 4.1477936e-08 1974701.9
-574475800000.0 0.2438151 4.1477936e-08 1974701.9
-572941860000.0 0.24316406 4.1477936e-08 1974701.9
-571407900000.0 0.24251305 4.1477936e-08 1974701.9
-569873900000.0 0.241862 4.204008e-08 1967447.1
-568339900000.0 0.24121095 4.204008e-08 1967447.1
-566805900000.0 0.2405599 4.204008e-08 1967447.1
-565271900000.0 0.23990884 4.204008e-08 1967447.1
-563737900000.0 0.2392578 4.198788e-08 1938810.9
-562204000000.0 0.23860677 4.198788e-08 1938810.9
-560670050000.0 0.23795573 4.198788e-08 1938810.9
-559136050000.0 0.23730469 4.198788e-08 1938810.9
-557602050000.0 0.23665364 4.170581e-08 1910393.0
-556068040000.0 0.2360026 4.170581e-08 1910393.0
-554534040000.0 0.23535155 4.170581e-08 1910393.0
-553000040000.0 0.23470049 4.170581e-08 1910393.0
-551466100000.0 0.23404948 4.1637456e-08 1885616.6
-549932200000.0 0.23339845 4.1637456e-08 1885616.6
-548398170000.0 0.23274739 4.1637456e-08 1885616.6
-546864170000.0 0.23209634 4.1637456e-08 1885616.6
-545330200000.0 0.23144531 4.169631e-08 1863931.8
-543796200000.0 0.23079427 4.169631e-08 1863931.8
-542262200000.0 0.23014322 4.169631e-08 1863931.8
-540728260000.0 0.22949219 4.169631e-08 1863931.8
-539194300000.0 0.22884116 4.1717612e-08 1842010.0
-537660300000.0 0.22819011 4.1717612e-08 1842010.0
-536126300000.0 0.22753906 4.1717612e-08 1842010.0
-534592320000.0 0.22688803 4.1717612e-08 1842010.0
-533058360000.0 0.22623697 4.1692243e-08 1819656.6
-531524350000.0 0.22558592 4.1692243e-08 1819656.6
-529990400000.0 0.22493489 4.1692243e-08 1819656.6
-528456420000.0 0.22428386 4.1692243e-08 1819656.6
-526922400000.0 0.22363281 4.1636156e-08 1799008.9
-525388400000.0 0.22298177 4.1636156e-08 1799008.9
-523854480000.0 0.22233073 4.1636156e-08 1799008.9
-522320480000.0 0.22167969 4.1636156e-08 1799008.9
-520786480000.0 0.22102864 4.163287e-08 1779295.0
-519252500000.0 0.22037761 4.163287e-08 1779295.0
-517718570000.0 0.21972658 4.163287e-08 1779295.0
-516184570000.0 0.21907552 4.163287e-08 1779295.0
-514650570000.0 0.21842447 4.165369e-08 1754007.0
-513116600000.0 0.21777344 4.165369e-08 1754007.0
-511582600000.0 0.21712239 4.165369e-08 1754007.0
-510048600000.0 0.21647134 4.165369e-08 1754007.0
-508514660000.0 0.21582031 4.1767333e-08 1723315.1
-506980700000.0 0.21516928 4.1767333e-08 1723315.1
-505446700000.0 0.21451823 4.1767333e-08 1723315.1
-503912700000.0 0.21386719 4.1767333e-08 1723315.1
-502378730000.0 0.21321616 4.200142e-08 1688869.2
-500844760000.0 0.2125651 4.200142e-08 1688869.2
-499310760000.0 0.21191405 4.200142e-08 1688869.2
-497776800000.0 0.21126302 4.200142e-08 1688869.2
-496242820000.0 0.21061198 4.2229566e-08 1655590.8
-494708820000.0 0.20996094 4.2229566e-08 1655590.8
-493174820000.0 0.20930989 4.2229566e-08 1655590.8
-491640880000.0 0.20865886 4.2229566e-08 1655590.8
-490106880000.0 0.20800781 4.242547e-08 1626607.1
-488572880000.0 0.20735677 4.242547e-08 1626607.1
-487038900000.0 0.20670573 4.242547e-08 1626607.1
-485504970000.0 0.2060547 4.242547e-08 1626607.1
-483970970000.0 0.20540364 4.2597648e-08 1596181.4
-482436970000.0 0.2047526 4.2597648e-08 1596181.4
-480903000000.0 0.20410156 4.2597648e-08 1596181.4
-479369070000.0 0.20345053 4.2597648e-08 1596181.4
-477835000000.0 0.20279947 4.2813518e-08 1563828.6
-476301070000.0 0.20214844 4.2813518e-08 1563828.6
-474767100000.0 0.2014974 4.2813518e-08 1563828.6
-473233100000.0 0.20084636 4.2813518e-08 1563828.6
-471699100000.0 0.20019531 4.306858e-08 1523774.8
-470165130000.0 0.19954428 4.306858e-08 1523774.8
-468631200000.0 0.19889325 4.306858e-08 1523774.8
-467097160000.0 0.19824217 4.306858e-08 1523774.8
-465563200000.0 0.19759114 4.3230752e-08 1478786.5
-464029220000.0 0.19694011 4.3230752e-08 1478786.5
-462495220000.0 0.19628906 4.3230752e-08 1478786.5
-460961220000.0 0.19563802 4.3230752e-08 1478786.5
-459427280000.0 0.19498698 4.3390628e-08 1435493.2
-457893300000.0 0.19433595 4.3390628e-08 1435493.2
-456359280000.0 0.19368488 4.3390628e-08 1435493.2
-454825300000.0 0.19303386 4.3390628e-08 1435493.2
-453291380000.0 0.19238283 4.3434618e-08 1393496.2
-451757380000.0 0.19173177 4.3434618e-08 1393496.2
-450223370000.0 0.19108072 4.3434618e-08 1393496.2
-448689400000.0 0.19042969 4.3434618e-08 1393496.2
-447155440000.0 0.18977866 4.3318856e-08 1349445.0
-445621400000.0 0.1891276 4.3318856e-08 1349445.0
-444087470000.0 0.18847656 4.3318856e-08 1349445.0
-442553500000.0 0.18782553 4.3318856e-08 1349445.0
-441019500000.0 0.18717448 4.3261473e-08 1299958.0
-439485500000.0 0.18652342 4.3261473e-08 1299958.0
-437951530000.0 0.1858724 4.3261473e-08 1299958.0
-436417600000.0 0.18522137 4.3261473e-08 1299958.0
-434883530000.0 0.1845703 4.3302492e-08 1248215.8
-433349600000.0 0.18391927 4.3302492e-08 1248215.8
-431815620000.0 0.18326823 4.3302492e-08 1248215.8
-430281620000.0 0.18261719 4.3302492e-08 1248215.8
-428747700000.0 0.18196616 4.3486157e-08 1198070.9
-427213700000.0 0.18131511 4.3486157e-08 1198070.9
-425679700000.0 0.18066408 4.3486157e-08 1198070.9
-424145680000.0 0.180013 4.3486157e-08 1198070.9
-422611700000.0 0.17936198 4.3734534e-08 1151937.8
-421077780000.0 0.17871095 4.3734534e-08 1151937.8
-419543700000.0 0.17805988 4.3734534e-08 1151937.8
-418009840000.0 0.17740889 4.3734534e-08 1151937.8
-416475800000.0 0.17675781 4.400933e-08 1109636.4
-414941770000.0 0.17610675 4.400933e-08 1109636.4
-413407900000.0 0.17545575 4.400933e-08 1109636.4
-411873870000.0 0.17480469 4.400933e-08 1109636.4
-410339800000.0 0.17415361 4.4288686e-08 1068510.8
-408805930000.0 0.17350262 4.4288686e-08 1068510.8
-407271900000.0 0.17285155 4.4288686e-08 1068510.8
-405737930000.0 0.17220053 4.4288686e-08 1068510.8
-404204000000.0 0.1715495 4.4622897e-08 1023637.2
-402669930000.0 0.17089842 4.4622897e-08 1023637.2
-401136000000.0 0.17024739 4.4622897e-08 1023637.2
-399602020000.0 0.16959636 4.4622897e-08 1023637.2
-398068000000.0 0.1689453 4.520763e-08 978216.9
-396534120000.0 0.1682943 4.520763e-08 978216.9
-395000100000.0 0.16764323 4.520763e-08 978216.9
-393466020000.0 0.16699216 4.520763e-08 978216.9
-391932180000.0 0.16634117 4.6059018e-08 939875.06
-390398100000.0 0.1656901 4.6059018e-08 939875.06
-388864080000.0 0.16503903 4.6059018e-08 939875.06
-387330200000.0 0.16438805 4.6059018e-08 939875.06
-385796180000.0 0.16373697 4.6826408e-08 902083.0
-384262200000.0 0.16308594 4.6826408e-08 902083.0
-382728240000.0 0.1624349 4.6826408e-08 902083.0
-381194200000.0 0.16178384 4.6826408e-08 902083.0
-379660270000.0 0.16113281 4.760606e-08 864677.9
-378126300000.0 0.16048178 4.760606e-08 864677.9
-376592270000.0 0.1598307 4.760606e-08 864677.9
-375058400000.0 0.15917972 4.760606e-08 864677.9
-373524330000.0 0.15852864 4.832946e-08 833247.8
-371990300000.0 0.15787758 4.832946e-08 833247.8
-370456430000.0 0.15722659 4.832946e-08 833247.8
-368922400000.0 0.15657552 4.832946e-08 833247.8
-367388360000.0 0.15592445 4.8932495e-08 801990.94
-365854500000.0 0.15527347 4.8932495e-08 801990.94
-364320420000.0 0.15462239 4.8932495e-08 801990.94
-362786500000.0 0.15397136 4.8932495e-08 801990.94
-361252520000.0 0.15332033 4.9671428e-08 776790.2
-359718500000.0 0.15266925 4.9671428e-08 776790.2
-358184520000.0 0.15201822 4.9671428e-08 776790.2
-356650580000.0 0.1513672 4.9671428e-08 776790.2
-355116500000.0 0.15071613 5.0397134e-08 755734.75
-353582650000.0 0.15006512 5.0397134e-08 755734.75
-352048600000.0 0.14941406 5.0397134e-08 755734.75
-350514580000.0 0.148763 5.0397134e-08 755734.75
-348980700000.0 0.148112 5.1310067e-08 733554.9
-347446640000.0 0.14746092 5.1310067e-08 733554.9
-345912600000.0 0.14680986 5.1310067e-08 733554.9
-344378740000.0 0.14615887 5.1310067e-08 733554.9
-342844700000.0 0.1455078 5.2023793e-08 714085.0
-341310730000.0 0.14485677 5.2023793e-08 714085.0
-339776800000.0 0.14420575 5.2023793e-08 714085.0
-338242730000.0 0.14355466 5.2023793e-08 714085.0
-336708800000.0 0.14290364 5.2670828e-08 694712.4
-335174830000.0 0.14225261 5.2670828e-08 694712.4
-333640800000.0 0.14160155 5.2670828e-08 694712.4
-332106920000.0 0.14095055 5.2670828e-08 694712.4
-330572900000.0 0.14029948 5.3560413e-08 676850.0
-329038820000.0 0.13964841 5.3560413e-08 676850.0
-327504950000.0 0.1389974 5.3560413e-08 676850.0
-325970920000.0 0.13834634 5.3560413e-08 676850.0
-324436900000.0 0.13769528 5.3919607e-08 657321.5
-322903000000.0 0.1370443 5.3919607e-08 657321.5
-321368980000.0 0.13639323 5.3919607e-08 657321.5
-319835000000.0 0.13574219 5.3919607e-08 657321.5
-318301040000.0 0.13509116 5.4680385e-08 642731.94
-316767000000.0 0.1344401 5.4680385e-08 642731.94
-315233040000.0 0.13378905 5.4680385e-08 642731.94
-313699100000.0 0.13313803 5.4680385e-08 642731.94
-312165070000.0 0.13248697 5.525126e-08 619268.25
-310631200000.0 0.13183598 5.525126e-08 619268.25
-309097140000.0 0.13118489 5.525126e-08 619268.25
-307563100000.0 0.13053383 5.525126e-08 619268.25
-306029230000.0 0.12988284 5.547123e-08 589107.44
-304495200000.0 0.12923177 5.547123e-08 589107.44
-302961130000.0 0.12858069 5.547123e-08 589107.44
-301427300000.0 0.12792972 5.547123e-08 589107.44
-299893230000.0 0.12727864 5.60593e-08 563174.8
-298359300000.0 0.12662761 5.60593e-08 563174.8
-296825320000.0 0.12597658 5.60593e-08 563174.8
-295291300000.0 0.1253255 5.60593e-08 563174.8
-293757320000.0 0.12467448 5.6065886e-08 523249.47
-292223400000.0 0.12402345 5.6065886e-08 523249.47
-290689320000.0 0.123372376 5.6065886e-08 523249.47
-289155450000.0 0.12272138 5.6065886e-08 523249.47
-287621400000.0 0.12207031 5.6179594e-08 482978.62
-286087380000.0 0.12141925 5.6179594e-08 482978.62
-284553500000.0 0.12076825 5.6179594e-08 482978.62
-283019440000.0 0.12011717 5.6179594e-08 482978.62
-281485400000.0 0.11946611 5.6647377e-08 451699.88
-279951540000.0 0.118815124 5.6647377e-08 451699.88
-278417500000.0 0.118164055 5.6647377e-08 451699.88
-276883540000.0 0.11751302 5.6647377e-08 451699.88
-275349600000.0 0.11686199 5.6498173e-08 408868.72
-273815550000.0 0.11621092 5.6498173e-08 408868.72
-272281600000.0 0.11555989 5.6498173e-08 408868.72
-270747630000.0 0.11490886 5.6498173e-08 408868.72
-269213600000.0 0.11425779 5.6187684e-08 359239.97
-267679730000.0 0.113606796 5.6187684e-08 359239.97
-266145680000.0 0.11295573 5.6187684e-08 359239.97
-264611640000.0 0.11230466 5.6187684e-08 359239.97
-263077770000.0 0.11165367 5.6202524e-08 314929.5
-261543720000.0 0.1110026 5.6202524e-08 314929.5
-260009670000.0 0.11035153 5.6202524e-08 314929.5
-258475820000.0 0.10970054 5.6202524e-08 314929.5
-256941770000.0 0.10904947 5.5734017e-08 253808.44
-255407820000.0 0.10839844 5.5734017e-08 253808.44
-253873860000.0 0.107747406 5.5734017e-08 253808.44
-252339810000.0 0.10709634 5.5734017e-08 253808.44
-250805860000.0 0.106445305 5.5413807e-08 204208.95
-249271910000.0 0.10579427 5.5413807e-08 204208.95
-247737860000.0 0.10514321 5.5413807e-08 204208.95
-246203990000.0 0.10449222 5.5413807e-08 204208.95
-244669960000.0 0.10384115 5.5317393e-08 181997.86
-243135900000.0 0.10319008 5.5317393e-08 181997.86
-241602040000.0 0.102539085 5.5317393e-08 181997.86
-240067990000.0 0.101888016 5.5317393e-08 181997.86
-238533950000.0 0.10123695 5.490648e-08 157908.94
-237000080000.0 0.10058595 5.490648e-08 157908.94
-235466030000.0 0.09993488 5.490648e-08 157908.94
-233932080000.0 0.09928385 5.490648e-08 157908.94
-232398130000.0 0.09863283 5.4248375e-08 138331.64
-230864080000.0 0.09798176 5.4248375e-08 138331.64
-229330120000.0 0.09733073 5.4248375e-08 138331.64
-227796170000.0 0.096679695 5.4248375e-08 138331.64
-226262120000.0 0.096028626 5.3829453e-08 128375.72
-224728250000.0 0.09537763 5.3829453e-08 128375.72
-223194220000.0 0.09472656 5.3829453e-08 128375.72
-221660170000.0 0.09407549 5.3829453e-08 128375.72
-220126300000.0 0.0934245 5.4095857e-08 140128.98
-218592260000.0 0.09277343 5.4095857e-08 140128.98
-217058210000.0 0.09212236 5.4095857e-08 140128.98
-215524340000.0 0.091471374 5.4095857e-08 140128.98
-213990310000.0 0.090820305 5.389274e-08 140789.36
-212456340000.0 0.09016927 5.389274e-08 140789.36
-210922390000.0 0.08951824 5.389274e-08 140789.36
-209388360000.0 0.08886717 5.389274e-08 140789.36
-207854390000.0 0.08821614 5.436149e-08 162310.34
-206320440000.0 0.08756511 5.436149e-08 162310.34
