morphology_data/1d_wa_a0.025_l2r1_00001.ecsv
# %ECSV 1.0
# ---
# datatype:
# - {name: b, datatype: float32}
# - {name: phase, datatype: float32}
# - {name: sigma, datatype: float32}
# - {name: vr, datatype: float32}
# meta: {lambda: 2, rp: 1.0, sep: 0.025, wind: a}
# schema: astropy-2.0
b phase sigma vr
[from data line 1264]
776961300000.0 -0.3297526 1.8072761e-08 -1211499.5
778495200000.0 -0.3304036 1.8072761e-08 -1211499.5
780029400000.0 -0.33105475 1.7644727e-08 -1084767.6
781563270000.0 -0.33170575 1.7644727e-08 -1084767.6
783097140000.0 -0.33235672 1.7644727e-08 -1084767.6
784631200000.0 -0.3330078 1.7644727e-08 -1084767.6
786165200000.0 -0.33365887 1.7169434e-08 -939704.2
787699100000.0 -0.33430985 1.7169434e-08 -939704.2
789233140000.0 -0.33496094 1.7169434e-08 -939704.2
790767200000.0 -0.335612 1.7169434e-08 -939704.2
792301000000.0 -0.336263 1.6612912e-08 -773894.3
793835100000.0 -0.33691406 1.6612912e-08 -773894.3
795369140000.0 -0.33756512 1.6612912e-08 -773894.3
796903000000.0 -0.33821613 1.6612912e-08 -773894.3
798437000000.0 -0.3388672 1.6227773e-08 -647004.06
799971100000.0 -0.33951825 1.6227773e-08 -647004.06
801504950000.0 -0.34016925 1.6227773e-08 -647004.06
803039000000.0 -0.3408203 1.6227773e-08 -647004.06
804573000000.0 -0.3414714 1.656058e-08 -547044.0
806106900000.0 -0.34212238 1.656058e-08 -547044.0
807640760000.0 -0.34277338 1.656058e-08 -547044.0
809175000000.0 -0.34342453 1.656058e-08 -547044.0
810708900000.0 -0.3440755 1.7586906e-08 -512456.47
812242700000.0 -0.3447265 1.7586906e-08 -512456.47
813776960000.0 -0.34537765 1.7586906e-08 -512456.47
815310800000.0 -0.34602866 1.7586906e-08 -512456.47
816844700000.0 -0.34667963 1.8483828e-08 -485614.62
818378900000.0 -0.34733078 1.8483828e-08 -485614.62
819912800000.0 -0.34798178 1.8483828e-08 -485614.62
821446640000.0 -0.34863275 1.8483828e-08 -485614.62
822980840000.0 -0.3492839 1.844021e-08 -414720.5
824514700000.0 -0.3499349 1.844021e-08 -414720.5
826048600000.0 -0.3505859 1.844021e-08 -414720.5
827582640000.0 -0.35123697 1.844021e-08 -414720.5
829116700000.0 -0.35188803 1.7747153e-08 -293177.34
830650600000.0 -0.35253903 1.7747153e-08 -293177.34
832184600000.0 -0.3531901 1.7747153e-08 -293177.34
833718650000.0 -0.35384116 1.7747153e-08 -293177.34
835252500000.0 -0.35449216 1.6165483e-08 -178353.84
836786600000.0 -0.35514322 1.6165483e-08 -178353.84
838320600000.0 -0.3557943 1.6165483e-08 -178353.84
839854460000.0 -0.35644528 1.6165483e-08 -178353.84
841388500000.0 -0.35709634 1.47049395e-08 -26393.785
842922500000.0 -0.35774744 1.47049395e-08 -26393.785
844456400000.0 -0.3583984 1.47049395e-08 -26393.785
845990460000.0 -0.3590495 1.47049395e-08 -26393.785
847524500000.0 -0.35970056 1.5021387e-08 -14053.86
849058400000.0 -0.36035156 1.5021387e-08 -14053.86
850592300000.0 -0.36100253 1.5021387e-08 -14053.86
852126470000.0 -0.3616537 1.5021387e-08 -14053.86
853660340000.0 -0.3623047 1.5421403e-08 -200030.52
855194200000.0 -0.36295566 1.5421403e-08 -200030.52
856728400000.0 -0.3636068 1.5421403e-08 -200030.52
858262300000.0 -0.3642578 1.5421403e-08 -200030.52
859796140000.0 -0.3649088 1.5016415e-08 -473933.97
861330400000.0 -0.36555994 1.5016415e-08 -473933.97
862864200000.0 -0.36621094 1.5016415e-08 -473933.97
864398100000.0 -0.36686194 1.5016415e-08 -473933.97
865932350000.0 -0.3675131 1.4958758e-08 -713029.9
867466200000.0 -0.36816406 1.4958758e-08 -713029.9
869000100000.0 -0.36881506 1.4958758e-08 -713029.9
870534100000.0 -0.36946613 1.4958758e-08 -713029.9
872068150000.0 -0.3701172 1.6419097e-08 -825342.8
873602000000.0 -0.3707682 1.6419097e-08 -825342.8
875136100000.0 -0.37141925 1.6419097e-08 -825342.8
876670100000.0 -0.37207034 1.6419097e-08 -825342.8
878203960000.0 -0.3727213 1.8379357e-08 -849577.25
879738000000.0 -0.3733724 1.8379357e-08 -849577.25
881272100000.0 -0.37402347 1.8379357e-08 -849577.25
882805900000.0 -0.37467447 1.8379357e-08 -849577.25
884339970000.0 -0.37532553 1.9721446e-08 -800014.5
885874000000.0 -0.3759766 1.9721446e-08 -800014.5
887407900000.0 -0.3766276 1.9721446e-08 -800014.5
888941900000.0 -0.37727866 1.9721446e-08 -800014.5
890476000000.0 -0.37792972 2.0081856e-08 -792593.94
892009840000.0 -0.37858072 2.0081856e-08 -792593.94
893543700000.0 -0.37923172 2.0081856e-08 -792593.94
895077900000.0 -0.37988284 2.0081856e-08 -792593.94
896611800000.0 -0.38053384 1.9620026e-08 -847582.6
898145650000.0 -0.38118485 1.9620026e-08 -847582.6
899679900000.0 -0.381836 1.9620026e-08 -847582.6
901213800000.0 -0.38248697 1.9620026e-08 -847582.6
902747600000.0 -0.38313797 1.8551013e-08 -894962.94
904281850000.0 -0.38378912 1.8551013e-08 -894962.94
905815700000.0 -0.3844401 1.8551013e-08 -894962.94
907349600000.0 -0.3850911 1.8551013e-08 -894962.94
908883800000.0 -0.38574225 1.731196e-08 -916008.1
910417660000.0 -0.38639325 1.731196e-08 -916008.1
911951500000.0 -0.38704422 1.731196e-08 -916008.1
913485600000.0 -0.3876953 1.731196e-08 -916008.1
915019600000.0 -0.38834637 1.6096003e-08 -910995.1
916553470000.0 -0.38899738 1.6096003e-08 -910995.1
918087500000.0 -0.38964844 1.6096003e-08 -910995.1
919621600000.0 -0.3902995 1.6096003e-08 -910995.1
921155500000.0 -0.3909505 1.4955134e-08 -870732.7
922689500000.0 -0.39160156 1.4955134e-08 -870732.7
924223540000.0 -0.39225262 1.4955134e-08 -870732.7
925757400000.0 -0.39290363 1.4955134e-08 -870732.7
927291400000.0 -0.3935547 1.3954738e-08 -780856.1
928825500000.0 -0.39420575 1.3954738e-08 -780856.1
930359350000.0 -0.39485675 1.3954738e-08 -780856.1
931893400000.0 -0.3955078 1.3954738e-08 -780856.1
933427400000.0 -0.3961589 1.3181728e-08 -609185.06
934961300000.0 -0.39680988 1.3181728e-08 -609185.06
936495150000.0 -0.39746088 1.3181728e-08 -609185.06
938029400000.0 -0.39811203 1.3181728e-08 -609185.06
939563300000.0 -0.398763 1.2672686e-08 -383266.62
941097160000.0 -0.399414 1.2672686e-08 -383266.62
942631350000.0 -0.40006515 1.2672686e-08 -383266.62
944165200000.0 -0.40071616 1.2672686e-08 -383266.62
945699100000.0 -0.40136713 1.2540749e-08 -137226.34
947233300000.0 -0.40201828 1.2540749e-08 -137226.34
948767160000.0 -0.40266928 1.2540749e-08 -137226.34
950301000000.0 -0.40332028 1.2540749e-08 -137226.34
951835200000.0 -0.4039714 1.2399509e-08 126569.57
953369100000.0 -0.4046224 1.2399509e-08 126569.57
954903000000.0 -0.4052734 1.2399509e-08 126569.57
956437040000.0 -0.40592447 1.2399509e-08 126569.57
957971100000.0 -0.40657553 1.2320154e-08 369974.9
959505000000.0 -0.40722653 1.2320154e-08 369974.9
961039000000.0 -0.4078776 1.2320154e-08 369974.9
962573040000.0 -0.40852866 1.2320154e-08 369974.9
964106900000.0 -0.40917966 1.2232966e-08 615362.2
965641000000.0 -0.40983072 1.2232966e-08 615362.2
967175000000.0 -0.4104818 1.2232966e-08 615362.2
968708850000.0 -0.41113278 1.2232966e-08 615362.2
970242900000.0 -0.41178387 1.2019249e-08 805230.75
971776900000.0 -0.41243494 1.2019249e-08 805230.75
973310800000.0 -0.4130859 1.2019249e-08 805230.75
974844850000.0 -0.413737 1.2019249e-08 805230.75
976378900000.0 -0.41438806 1.1917802e-08 972536.6
977912800000.0 -0.41503906 1.1917802e-08 972536.6
979446660000.0 -0.41569003 1.1917802e-08 972536.6
980980860000.0 -0.4163412 1.1917802e-08 972536.6
982514700000.0 -0.4169922 1.1751431e-08 1142285.4
984048600000.0 -0.4176432 1.1751431e-08 1142285.4
985582800000.0 -0.4182943 1.1751431e-08 1142285.4
987116670000.0 -0.4189453 1.1751431e-08 1142285.4
988650540000.0 -0.4195963 1.194482e-08 1316484.4
990184800000.0 -0.42024744 1.194482e-08 1316484.4
991718700000.0 -0.42089844 1.194482e-08 1316484.4
993252500000.0 -0.42154944 1.194482e-08 1316484.4
994786740000.0 -0.4222006 1.35749065e-08 1705506.5
996320600000.0 -0.42285156 1.35749065e-08 1705506.5
997854500000.0 -0.42350256 1.35749065e-08 1705506.5
999388500000.0 -0.42415363 1.35749065e-08 1705506.5
1000922550000.0 -0.42480472 1.5206178e-08 2421619.5
1002456400000.0 -0.4254557 1.5206178e-08 2421619.5
1003990500000.0 -0.42610675 1.5206178e-08 2421619.5
1005524500000.0 -0.42675784 1.5206178e-08 2421619.5
1007058350000.0 -0.4274088 1.5099955e-08 2644264.5
1008592400000.0 -0.4280599 1.5099955e-08 2644264.5
1010126500000.0 -0.42871097 1.5099955e-08 2644264.5
1011660360000.0 -0.42936197 1.5099955e-08 2644264.5
1013194360000.0 -0.43001303 1.4352249e-08 2380345.8
1014728400000.0 -0.4306641 1.4352249e-08 2380345.8
1016262300000.0 -0.4313151 1.4352249e-08 2380345.8
1017796300000.0 -0.43196616 1.4352249e-08 2380345.8
1019330360000.0 -0.43261722 1.2811211e-08 1940355.8
1020864230000.0 -0.43326822 1.2811211e-08 1940355.8
1022398100000.0 -0.43391922 1.2811211e-08 1940355.8
1023932300000.0 -0.43457034 1.2811211e-08 1940355.8
1025466200000.0 -0.43522134 1.0624739e-08 1719401.5
1027000040000.0 -0.43587235 1.0624739e-08 1719401.5
1028534300000.0 -0.4365235 1.0624739e-08 1719401.5
1030068200000.0 -0.43717447 1.0624739e-08 1719401.5
1031602040000.0 -0.43782547 9.705491e-09 2067208.6
1033136240000.0 -0.43847662 9.705491e-09 2067208.6
1034670100000.0 -0.43912762 9.705491e-09 2067208.6
1036204000000.0 -0.4397786 9.705491e-09 2067208.6
1037738200000.0 -0.44042975 1.0123717e-08 2522045.2
1039272050000.0 -0.44108075 1.0123717e-08 2522045.2
1040805900000.0 -0.44173172 1.0123717e-08 2522045.2
1042340000000.0 -0.4423828 1.0123717e-08 2522045.2
1043874000000.0 -0.44303387 1.0150772e-08 2506770.0
1045407860000.0 -0.44368488 1.0150772e-08 2506770.0
1046941900000.0 -0.44433594 1.0150772e-08 2506770.0
1048476000000.0 -0.444987 1.0150772e-08 2506770.0
1050009860000.0 -0.445638 9.545416e-09 2453535.2
1051543860000.0 -0.44628906 9.545416e-09 2453535.2
1053077900000.0 -0.44694012 9.545416e-09 2453535.2
1054611800000.0 -0.44759113 9.545416e-09 2453535.2
1056145870000.0 -0.4482422 9.1705274e-09 2414003.0
1057679900000.0 -0.44889325 9.1705274e-09 2414003.0
1059213740000.0 -0.44954425 9.1705274e-09 2414003.0
1060747800000.0 -0.4501953 9.1705274e-09 2414003.0
1062281800000.0 -0.4508464 9.074536e-09 2281985.0
1063815700000.0 -0.45149738 9.074536e-09 2281985.0
1065349550000.0 -0.45214838 9.074536e-09 2281985.0
1066883800000.0 -0.45279953 9.074536e-09 2281985.0
1068417700000.0 -0.45345053 9.133715e-09 2062239.0
1069951550000.0 -0.4541015 9.133715e-09 2062239.0
1071485750000.0 -0.45475265 9.133715e-09 2062239.0
1073019600000.0 -0.45540366 9.133715e-09 2062239.0
1074553500000.0 -0.45605463 8.912337e-09 1824753.1
1076087700000.0 -0.45670578 8.912337e-09 1824753.1
1077621560000.0 -0.45735678 8.912337e-09 1824753.1
1079155400000.0 -0.45800778 8.912337e-09 1824753.1
1080689700000.0 -0.4586589 9.022211e-09 1579599.5
1082223500000.0 -0.4593099 9.022211e-09 1579599.5
1083757360000.0 -0.4599609 9.022211e-09 1579599.5
1085291400000.0 -0.46061197 9.022211e-09 1579599.5
1086825500000.0 -0.46126303 9.676316e-09 1358615.6
1088359370000.0 -0.46191403 9.676316e-09 1358615.6
1089893400000.0 -0.4625651 9.676316e-09 1358615.6
1091427430000.0 -0.46321616 9.676316e-09 1358615.6
1092961300000.0 -0.46386716 1.1488229e-08 1292253.1
1094495400000.0 -0.46451822 1.1488229e-08 1292253.1
1096029400000.0 -0.4651693 1.1488229e-08 1292253.1
1097563240000.0 -0.46582028 1.1488229e-08 1292253.1
1099097300000.0 -0.46647137 1.2697591e-08 1113101.9
1100631400000.0 -0.46712244 1.2697591e-08 1113101.9
1102165200000.0 -0.46777344 1.2697591e-08 1113101.9
1103699200000.0 -0.4684245 1.2697591e-08 1113101.9
1105233300000.0 -0.46907556 1.23462645e-08 639840.5
1106767100000.0 -0.4697265 1.23462645e-08 639840.5
1108301000000.0 -0.47037753 1.23462645e-08 639840.5
1109835300000.0 -0.4710287 1.23462645e-08 639840.5
1111369200000.0 -0.47167972 1.0765676e-08 -61477.96
1112903000000.0 -0.4723307 1.0765676e-08 -61477.96
1114437200000.0 -0.4729818 1.0765676e-08 -61477.96
1115971100000.0 -0.47363284 1.0765676e-08 -61477.96
1117504900000.0 -0.4742838 9.08589e-09 -794534.6
1119039100000.0 -0.47493497 9.08589e-09 -794534.6
1120573000000.0 -0.47558594 9.08589e-09 -794534.6
1122106900000.0 -0.47623694 9.08589e-09 -794534.6
1123641000000.0 -0.47688803 7.7016695e-09 -1391778.5
1125175000000.0 -0.47753906 7.7016695e-09 -1391778.5
1126708800000.0 -0.47819003 7.7016695e-09 -1391778.5
1128242900000.0 -0.47884113 7.7016695e-09 -1391778.5
1129777000000.0 -0.47949222 6.678781e-09 -1770048.1
1131310900000.0 -0.48014325 6.678781e-09 -1770048.1
1132844800000.0 -0.48079422 6.678781e-09 -1770048.1
1134378900000.0 -0.48144534 6.678781e-09 -1770048.1
1135912800000.0 -0.48209637 6.0726553e-09 -1898329.6
1137446700000.0 -0.48274735 6.0726553e-09 -1898329.6
1138980800000.0 -0.48339847 6.0726553e-09 -1898329.6
1140514800000.0 -0.48404947 6.0726553e-09 -1898329.6
1142048800000.0 -0.48470056 5.8918426e-09 -1902169.4
1143582800000.0 -0.48535156 5.8918426e-09 -1902169.4
1145116700000.0 -0.4860026 5.8918426e-09 -1902169.4
1146650800000.0 -0.48665366 5.8918426e-09 -1902169.4
1148184800000.0 -0.48730478 6.039407e-09 -1866162.0
1149718600000.0 -0.48795572 6.039407e-09 -1866162.0
1151252600000.0 -0.48860675 6.039407e-09 -1866162.0
1152786800000.0 -0.48925787 6.039407e-09 -1866162.0
1154320600000.0 -0.48990884 6.3833587e-09 -1705011.8
1155854500000.0 -0.49055988 6.3833587e-09 -1705011.8
1157388700000.0 -0.491211 6.3833587e-09 -1705011.8
1158922500000.0 -0.49186197 6.3833587e-09 -1705011.8
1160456400000.0 -0.49251297 6.9875026e-09 -1406620.4
1161990600000.0 -0.49316412 6.9875026e-09 -1406620.4
1163524400000.0 -0.49381506 6.9875026e-09 -1406620.4
1165058400000.0 -0.4944661 6.9875026e-09 -1406620.4
1166592600000.0 -0.49511725 7.828172e-09 -1020038.9
1168126500000.0 -0.49576828 7.828172e-09 -1020038.9
1169660300000.0 -0.49641922 7.828172e-09 -1020038.9
1171194400000.0 -0.4970703 7.828172e-09 -1020038.9
1172728400000.0 -0.49772137 8.9080725e-09 -629873.44
1174262300000.0 -0.49837238 8.9080725e-09 -629873.44
1175796300000.0 -0.49902344 8.9080725e-09 -629873.44
1177330400000.0 -0.4996745 8.9080725e-09 -629873.44
