morphology_data/1d_wb_a0.05_l4r2_00001.ecsv
# %ECSV 1.0
# ---
# datatype:
# - {name: b, datatype: float32}
# - {name: phase, datatype: float32}
# - {name: sigma, datatype: float32}
# - {name: vr, datatype: float32}
# meta: {lambda: 4, rp: 2.0, sep: 0.05, wind: b}
# schema: astropy-2.0
b phase sigma vr
-2354660500000.0 0.49967447 nan nan
-2351592600000.0 0.49902344 nan nan
-2348524800000.0 0.4983724 nan nan
-2345456600000.0 0.49772134 nan nan
-2342388800000.0 0.4970703 nan nan
-2339321000000.0 0.49641928 nan nan
-2336253000000.0 0.49576828 nan nan
-2333185000000.0 0.4951172 nan nan
-2330117000000.0 0.4944662 nan nan
-2327049000000.0 0.49381506 nan nan
-2323981000000.0 0.4931641 nan nan
-2320913000000.0 0.49251297 nan nan
-2317845000000.0 0.49186197 nan nan
-2314777100000.0 0.49121094 nan nan
-2311709000000.0 0.49055988 nan nan
-2308641000000.0 0.48990884 nan nan
-2305573300000.0 0.4892578 nan nan
-2302505000000.0 0.48860675 nan nan
-2299437300000.0 0.48795572 nan nan
-2296369400000.0 0.4873047 nan nan
-2293301500000.0 0.48665366 nan nan
-2290233400000.0 0.4860026 nan nan
-2287165500000.0 0.48535156 nan nan
-2284097600000.0 0.48470056 nan nan
-2281029500000.0 0.48404947 nan nan
-2277961600000.0 0.48339847 nan nan
-2274893500000.0 0.48274735 nan nan
-2271825600000.0 0.48209637 nan nan
-2268757500000.0 0.48144525 nan nan
-2265689600000.0 0.48079422 nan nan
-2262621700000.0 0.48014325 nan nan
-2259553600000.0 0.47949213 nan nan
-2256485700000.0 0.47884113 nan nan
-2253418000000.0 0.4781901 nan nan
-2250350000000.0 0.47753906 nan nan
-2247281900000.0 0.476888 nan nan
-2244214000000.0 0.47623697 nan nan
-2241146000000.0 0.47558594 nan nan
-2238078300000.0 0.47493497 nan nan
-2235010000000.0 0.47428384 nan nan
-2231942300000.0 0.47363284 nan nan
-2228874000000.0 0.47298175 nan nan
-2225806200000.0 0.47233072 nan nan
-2222738400000.0 0.47167972 nan nan
-2219670200000.0 0.47102863 nan nan
-2216602400000.0 0.47037762 nan nan
-2213534200000.0 0.4697265 nan nan
-2210466400000.0 0.46907553 nan nan
-2207398500000.0 0.4684245 nan nan
-2204330400000.0 0.46777344 nan nan
-2201262500000.0 0.4671224 nan nan
-2198194600000.0 0.46647137 nan nan
-2195126700000.0 0.46582034 nan nan
-2192058600000.0 0.46516925 nan nan
-2188990700000.0 0.46451822 nan nan
-2185922700000.0 0.4638672 nan nan
-2182854700000.0 0.46321613 nan nan
-2179786700000.0 0.4625651 nan nan
-2176718900000.0 0.46191406 nan nan
-2173650700000.0 0.461263 nan nan
-2170582900000.0 0.46061197 nan nan
-2167515000000.0 0.45996094 nan nan
-2164447000000.0 0.4593099 nan nan
-2161379000000.0 0.45865884 nan nan
-2158311100000.0 0.4580078 nan nan
-2155243100000.0 0.45735678 nan nan
-2152175200000.0 0.45670575 nan nan
-2149107100000.0 0.4560547 nan nan
-2146039200000.0 0.45540366 nan nan
-2142971400000.0 0.45475262 nan nan
-2139903200000.0 0.45410153 nan nan
-2136835400000.0 0.45345053 nan nan
-2133767400000.0 0.4527995 nan nan
-2130699400000.0 0.4521484 nan nan
-2127631400000.0 0.45149738 nan nan
-2124563500000.0 0.45084634 nan nan
-2121495600000.0 0.4501953 nan nan
-2118427500000.0 0.44954425 nan nan
-2115359600000.0 0.44889322 nan nan
-2112291700000.0 0.4482422 nan nan
-2109223700000.0 0.44759116 nan nan
-2106155700000.0 0.4469401 nan nan
-2103087700000.0 0.44628906 nan nan
-2100019900000.0 0.44563803 nan nan
-2096951700000.0 0.44498697 nan nan
-2093883900000.0 0.44433594 nan nan
-2090816000000.0 0.4436849 nan nan
-2087747800000.0 0.44303384 nan nan
-2084680000000.0 0.4423828 nan nan
-2081612000000.0 0.44173178 nan nan
-2078544100000.0 0.44108075 nan nan
-2075476000000.0 0.44042966 nan nan
-2072408100000.0 0.43977866 nan nan
-2069340200000.0 0.43912762 nan nan
-2066272400000.0 0.4384766 nan nan
-2063204200000.0 0.4378255 nan nan
-2060136300000.0 0.43717447 nan nan
-2057068300000.0 0.43652344 nan nan
-2054000300000.0 0.43587238 nan nan
-2050932300000.0 0.43522134 nan nan
-2047864500000.0 0.4345703 nan nan
-2044796300000.0 0.43391925 nan nan
-2041728500000.0 0.43326822 nan nan
-2038660600000.0 0.4326172 nan nan
-2035592600000.0 0.43196616 nan nan
-2032524600000.0 0.4313151 nan nan
-2029456600000.0 0.43066406 nan nan
-2026388700000.0 0.43001303 nan nan
-2023320800000.0 0.429362 nan nan
-2020252700000.0 0.42871094 nan nan
-2017184800000.0 0.4280599 nan nan
-2014117000000.0 0.42740887 nan nan
-2011048800000.0 0.42675778 nan nan
-2007981000000.0 0.42610675 nan nan
-2004913000000.0 0.42545575 nan nan
-2001845000000.0 0.42480466 nan nan
-1998777000000.0 0.42415363 nan nan
-1995709100000.0 0.4235026 nan nan
-1992641200000.0 0.42285156 nan nan
-1989573200000.0 0.42220053 nan nan
-1986505200000.0 0.42154947 nan nan
-1983437300000.0 0.42089844 nan nan
-1980369300000.0 0.4202474 nan nan
-1977301300000.0 0.41959634 nan nan
-1974233300000.0 0.4189453 nan nan
-1971165500000.0 0.41829428 nan nan
-1968097300000.0 0.41764322 nan nan
-1965029500000.0 0.4169922 nan nan
-1961961600000.0 0.41634116 nan nan
-1958893500000.0 0.4156901 nan nan
-1955825700000.0 0.4150391 nan nan
-1952757600000.0 0.41438803 nan nan
-1949689600000.0 0.41373694 nan nan
-1946621800000.0 0.41308597 nan nan
-1943553700000.0 0.41243488 nan nan
-1940485800000.0 0.41178387 nan nan
-1937418000000.0 0.41113284 nan nan
-1934349800000.0 0.41048175 nan nan
-1931282000000.0 0.40983072 nan nan
-1928214000000.0 0.4091797 nan nan
-1925146000000.0 0.40852863 nan nan
-1922078000000.0 0.4078776 nan nan
-1919010100000.0 0.40722656 nan nan
-1915942000000.0 0.4065755 nan nan
-1912874200000.0 0.4059245 nan nan
-1909806200000.0 0.40527344 nan nan
-1906738100000.0 0.40462238 nan nan
-1903670300000.0 0.40397137 nan nan
-1900602200000.0 0.4033203 nan nan
-1897534300000.0 0.40266928 nan nan
-1894466500000.0 0.40201825 nan nan
-1891398300000.0 0.4013672 nan nan
-1888330400000.0 0.40071616 nan nan
-1885262600000.0 0.40006512 nan nan
-1882194400000.0 0.39941403 nan nan
-1879126600000.0 0.398763 nan nan
-1876058600000.0 0.39811197 nan nan
-1872990600000.0 0.3974609 nan nan
-1869922800000.0 0.39680994 nan nan
-1866854700000.0 0.39615884 nan nan
-1863786800000.0 0.3955078 nan nan
-1860718800000.0 0.39485678 nan nan
-1857650800000.0 0.39420572 nan nan
-1854582800000.0 0.3935547 nan nan
-1851515000000.0 0.39290366 nan nan
-1848447000000.0 0.3922526 nan nan
-1845379000000.0 0.39160156 nan nan
-1842311100000.0 0.39095053 nan nan
-1839243000000.0 0.39029947 1.4395161e-11 -10566780.0
-1836175000000.0 0.38964844 1.4395161e-11 -10566780.0
-1833107200000.0 0.3889974 1.4395161e-11 -10566780.0
-1830039000000.0 0.38834634 1.4395161e-11 -10566780.0
-1826971300000.0 0.38769534 1.4395161e-11 -10566780.0
-1823903200000.0 0.38704428 1.4395161e-11 -10566780.0
-1820835300000.0 0.38639325 1.4395161e-11 -10566780.0
-1817767400000.0 0.38574222 1.4395161e-11 -10566780.0
-1814699300000.0 0.38509113 3.97397e-11 -8424960.0
-1811631400000.0 0.3844401 3.97397e-11 -8424960.0
-1808563400000.0 0.3837891 3.97397e-11 -8424960.0
-1805495400000.0 0.383138 3.97397e-11 -8424960.0
-1802427600000.0 0.38248697 3.973971e-11 -8424961.0
-1799359600000.0 0.38183594 3.973971e-11 -8424961.0
-1796291600000.0 0.38118488 3.973971e-11 -8424961.0
-1793223600000.0 0.38053384 3.973971e-11 -8424961.0
-1790155700000.0 0.3798828 8.9694835e-11 -6876483.0
-1787087600000.0 0.37923175 8.9694835e-11 -6876483.0
-1784019800000.0 0.37858075 8.9694835e-11 -6876483.0
-1780951800000.0 0.3779297 8.9694835e-11 -6876483.0
-1777883800000.0 0.37727866 8.970062e-11 -6876980.0
-1774816000000.0 0.37662762 8.970062e-11 -6876980.0
-1771747800000.0 0.37597656 8.970062e-11 -6876980.0
-1768679900000.0 0.37532553 8.970062e-11 -6876980.0
-1765612000000.0 0.3746745 1.7303686e-10 -5772642.0
-1762543900000.0 0.37402344 1.7303686e-10 -5772642.0
-1759476000000.0 0.3733724 1.7303686e-10 -5772642.0
-1756408200000.0 0.37272137 1.7303686e-10 -5772642.0
-1753340000000.0 0.37207028 1.7331786e-10 -5784917.5
-1750272200000.0 0.37141925 1.7331786e-10 -5784917.5
-1747204200000.0 0.37076822 1.7331786e-10 -5784917.5
-1744136200000.0 0.37011716 1.7331786e-10 -5784917.5
-1741068400000.0 0.3694662 3.0394803e-10 -4852075.5
-1738000300000.0 0.3688151 3.0394803e-10 -4852075.5
-1734932400000.0 0.36816406 3.0394803e-10 -4852075.5
-1731864400000.0 0.36751303 3.0394803e-10 -4852075.5
-1728796400000.0 0.36686197 3.0706476e-10 -4901046.0
-1725728400000.0 0.36621094 3.0706476e-10 -4901046.0
-1722660600000.0 0.3655599 3.0706476e-10 -4901046.0
-1719592400000.0 0.36490884 3.0706476e-10 -4901046.0
-1716524500000.0 0.3642578 4.875797e-10 -4066561.8
-1713456700000.0 0.36360678 4.875797e-10 -4066561.8
-1710388500000.0 0.36295572 4.875797e-10 -4066561.8
-1707320700000.0 0.3623047 4.875797e-10 -4066561.8
-1704252800000.0 0.36165366 5.1708854e-10 -4116687.8
-1701184700000.0 0.3610026 5.1708854e-10 -4116687.8
-1698116900000.0 0.3603516 5.1708854e-10 -4116687.8
-1695048800000.0 0.35970053 5.1708854e-10 -4116687.8
-1691980900000.0 0.3590495 7.2560263e-10 -3502078.8
-1688913000000.0 0.35839847 7.2560263e-10 -3502078.8
-1685844900000.0 0.35774738 7.2560263e-10 -3502078.8
-1682777000000.0 0.35709634 7.2560263e-10 -3502078.8
-1679709000000.0 0.3564453 8.3262497e-10 -3315097.8
-1676641000000.0 0.35579425 8.3262497e-10 -3315097.8
-1673573200000.0 0.35514322 8.3262497e-10 -3315097.8
-1670505200000.0 0.3544922 8.3262497e-10 -3315097.8
-1667437200000.0 0.35384113 1.0011808e-09 -2944500.8
-1664369200000.0 0.3531901 1.0011808e-09 -2944500.8
-1661301300000.0 0.35253906 1.0011808e-09 -2944500.8
-1658233200000.0 0.351888 1.0011808e-09 -2944500.8
-1655165400000.0 0.351237 1.0793948e-09 -2772112.5
-1652097400000.0 0.35058594 1.0793948e-09 -2772112.5
-1649029400000.0 0.3499349 1.0793948e-09 -2772112.5
-1645961500000.0 0.34928387 1.0793948e-09 -2772112.5
-1642893400000.0 0.3486328 1.103685e-09 -2734579.8
-1639825500000.0 0.34798178 1.103685e-09 -2734579.8
-1636757700000.0 0.34733075 1.103685e-09 -2734579.8
-1633689500000.0 0.3466797 1.103685e-09 -2734579.8
-1630621700000.0 0.34602866 1.0971837e-09 -2708618.8
-1627553800000.0 0.34537762 1.0971837e-09 -2708618.8
-1624485700000.0 0.34472653 1.0971837e-09 -2708618.8
-1621417800000.0 0.3440755 1.0971837e-09 -2708618.8
-1618349800000.0 0.34342447 8.459174e-10 -3278378.0
-1615281800000.0 0.3427734 8.459174e-10 -3278378.0
-1612214000000.0 0.3421224 8.459174e-10 -3278378.0
-1609145900000.0 0.34147134 8.459174e-10 -3278378.0
-1606078000000.0 0.3408203 6.529301e-10 -3899438.5
-1603010000000.0 0.34016928 6.529301e-10 -3899438.5
-1599942000000.0 0.33951822 6.529301e-10 -3899438.5
-1596874000000.0 0.3388672 6.529301e-10 -3899438.5
-1593806200000.0 0.33821616 4.3244486e-10 -4791445.0
-1590738000000.0 0.3375651 4.3244486e-10 -4791445.0
-1587670200000.0 0.33691406 4.3244486e-10 -4791445.0
-1584602300000.0 0.33626303 4.3244486e-10 -4791445.0
-1581534200000.0 0.33561197 4.1197873e-10 -4704716.5
-1578466300000.0 0.33496094 4.1197873e-10 -4704716.5
-1575398400000.0 0.3343099 4.1197873e-10 -4704716.5
-1572330400000.0 0.33365887 4.1197873e-10 -4704716.5
-1569262400000.0 0.3330078 3.876318e-10 -4657070.0
-1566194400000.0 0.33235678 3.876318e-10 -4657070.0
-1563126500000.0 0.33170575 3.876318e-10 -4657070.0
-1560058700000.0 0.33105472 3.876318e-10 -4657070.0
-1556990500000.0 0.33040363 3.8750222e-10 -4655147.5
-1553922700000.0 0.3297526 3.8750222e-10 -4655147.5
-1550854700000.0 0.32910156 3.8750222e-10 -4655147.5
-1547786600000.0 0.3284505 3.8750222e-10 -4655147.5
-1544718600000.0 0.32779947 3.9992404e-10 -4408752.5
-1541650800000.0 0.32714844 3.9992404e-10 -4408752.5
-1538582800000.0 0.32649738 3.9992404e-10 -4408752.5
-1535514800000.0 0.32584634 3.9992404e-10 -4408752.5
-1532446900000.0 0.3251953 3.9996256e-10 -4409424.0
-1529379000000.0 0.32454428 3.9996256e-10 -4409424.0
-1526310900000.0 0.32389322 3.9996256e-10 -4409424.0
-1523243000000.0 0.3232422 3.9996256e-10 -4409424.0
-1520175000000.0 0.32259116 4.6952653e-10 -3854353.0
-1517107200000.0 0.32194012 4.6952653e-10 -3854353.0
-1514039000000.0 0.32128906 4.6952653e-10 -3854353.0
-1510971100000.0 0.32063803 4.6952653e-10 -3854353.0
-1507903300000.0 0.319987 4.698241e-10 -3858405.0
-1504835100000.0 0.31933594 4.698241e-10 -3858405.0
-1501767300000.0 0.3186849 4.698241e-10 -3858405.0
-1498699400000.0 0.31803387 4.698241e-10 -3858405.0
-1495631400000.0 0.31738284 5.7905875e-10 -3349250.0
-1492563400000.0 0.31673178 5.7905875e-10 -3349250.0
-1489495400000.0 0.31608072 5.7905875e-10 -3349250.0
-1486427500000.0 0.3154297 5.7905875e-10 -3349250.0
-1483359400000.0 0.31477863 5.8100946e-10 -3365242.5
-1480291500000.0 0.3141276 5.8100946e-10 -3365242.5
-1477223600000.0 0.31347656 5.8100946e-10 -3365242.5
-1474155600000.0 0.31282553 5.8100946e-10 -3365242.5
-1471087600000.0 0.31217447 6.7864925e-10 -2954884.0
-1468019600000.0 0.3115234 6.7864925e-10 -2954884.0
-1464951800000.0 0.3108724 6.7864925e-10 -2954884.0
-1461883600000.0 0.3102213 6.7864925e-10 -2954884.0
-1458815800000.0 0.3095703 6.9206696e-10 -2990638.0
-1455747900000.0 0.30891928 6.9206696e-10 -2990638.0
-1452679900000.0 0.30826822 6.9206696e-10 -2990638.0
-1449611900000.0 0.3076172 6.9206696e-10 -2990638.0
-1446544000000.0 0.30696616 7.8870543e-10 -2684009.2
-1443476000000.0 0.30631512 7.8870543e-10 -2684009.2
-1440408000000.0 0.30566406 7.8870543e-10 -2684009.2
-1437340000000.0 0.30501303 7.8870543e-10 -2684009.2
-1434272100000.0 0.304362 8.4623347e-10 -2696065.0
-1431204100000.0 0.30371094 8.4623347e-10 -2696065.0
-1428136100000.0 0.30305988 8.4623347e-10 -2696065.0
-1425068300000.0 0.30240884 8.4623347e-10 -2696065.0
-1422000300000.0 0.3017578 9.264421e-10 -2482577.2
-1418932300000.0 0.30110675 9.264421e-10 -2482577.2
-1415864300000.0 0.30045572 9.264421e-10 -2482577.2
-1412796400000.0 0.2998047 9.264421e-10 -2482577.2
-1409728400000.0 0.29915366 1.0253284e-09 -2459629.8
-1406660400000.0 0.2985026 1.0253284e-09 -2459629.8
-1403592500000.0 0.29785156 1.0253284e-09 -2459629.8
-1400524600000.0 0.29720056 1.0253284e-09 -2459629.8
-1397456500000.0 0.29654947 1.0621224e-09 -2332599.5
-1394388600000.0 0.29589847 1.0621224e-09 -2332599.5
-1391320600000.0 0.2952474 1.0621224e-09 -2332599.5
-1388252600000.0 0.29459634 1.0621224e-09 -2332599.5
-1385184600000.0 0.29394528 1.1985595e-09 -2271725.5
-1382116800000.0 0.29329428 1.1985595e-09 -2271725.5
-1379048900000.0 0.29264325 1.1985595e-09 -2271725.5
-1375980900000.0 0.2919922 1.1985595e-09 -2271725.5
-1372912900000.0 0.29134116 1.223809e-09 -2176024.5
-1369844900000.0 0.2906901 1.223809e-09 -2176024.5
-1366776900000.0 0.29003903 1.223809e-09 -2176024.5
-1363709000000.0 0.28938803 1.223809e-09 -2176024.5
-1360641000000.0 0.28873697 1.3853996e-09 -2088488.6
-1357573100000.0 0.28808594 1.3853996e-09 -2088488.6
-1354505100000.0 0.2874349 1.3853996e-09 -2088488.6
-1351437100000.0 0.28678384 1.3853996e-09 -2088488.6
-1348369300000.0 0.28613284 1.3919826e-09 -2005415.9
-1345301300000.0 0.28548178 1.3919826e-09 -2005415.9
-1342233200000.0 0.28483072 1.3919826e-09 -2005415.9
-1339165200000.0 0.28417966 1.3919826e-09 -2005415.9
-1336097400000.0 0.28352866 1.5283997e-09 -1918767.5
-1333029400000.0 0.2828776 1.5283997e-09 -1918767.5
-1329961400000.0 0.28222656 1.5283997e-09 -1918767.5
-1326893500000.0 0.28157553 1.5283997e-09 -1918767.5
-1323825500000.0 0.28092447 1.60731e-09 -1833602.9
-1320757500000.0 0.28027344 1.60731e-09 -1833602.9
-1317689600000.0 0.2796224 1.60731e-09 -1833602.9
-1314621600000.0 0.27897137 1.60731e-09 -1833602.9
-1311553600000.0 0.2783203 1.717633e-09 -1761002.0
-1308485600000.0 0.27766928 1.717633e-09 -1761002.0
-1305417700000.0 0.27701825 1.717633e-09 -1761002.0
-1302349700000.0 0.2763672 1.717633e-09 -1761002.0
-1299281700000.0 0.27571613 1.7909867e-09 -1697973.9
-1296213900000.0 0.2750651 1.7909867e-09 -1697973.9
-1293145900000.0 0.27441406 1.7909867e-09 -1697973.9
-1290077900000.0 0.273763 1.7909867e-09 -1697973.9
-1287009900000.0 0.27311197 1.8480932e-09 -1652695.2
-1283942000000.0 0.27246094 1.8480932e-09 -1652695.2
-1280874000000.0 0.2718099 1.8480932e-09 -1652695.2
-1277806000000.0 0.27115884 1.8480932e-09 -1652695.2
-1274738100000.0 0.2705078 1.8492102e-09 -1622254.1
-1271670200000.0 0.2698568 1.8492102e-09 -1622254.1
-1268602200000.0 0.26920575 1.8492102e-09 -1622254.1
-1265534200000.0 0.2685547 1.8492102e-09 -1622254.1
-1262466200000.0 0.26790366 1.8244631e-09 -1617920.1
-1259398200000.0 0.2672526 1.8244631e-09 -1617920.1
-1256330200000.0 0.26660156 1.8244631e-09 -1617920.1
