morphology_data/1d_wa_a0.025_l2r1_00001.ecsv
# %ECSV 1.0
# ---
# datatype:
# - {name: b, datatype: float32}
# - {name: phase, datatype: float32}
# - {name: sigma, datatype: float32}
# - {name: vr, datatype: float32}
# meta: {lambda: 2, rp: 1.0, sep: 0.025, wind: a}
# schema: astropy-2.0
b phase sigma vr
-1177330300000.0 0.49967447 1.0442653e-08 -269530.62
-1175796300000.0 0.49902344 1.0442653e-08 -269530.62
-1174262400000.0 0.4983724 1.0442653e-08 -269530.62
-1172728300000.0 0.49772134 1.0442653e-08 -269530.62
-1171194400000.0 0.4970703 1.2581557e-08 83925.2
-1169660400000.0 0.49641928 1.2581557e-08 83925.2
-1168126500000.0 0.49576828 1.2581557e-08 83925.2
-1166592400000.0 0.4951172 1.2581557e-08 83925.2
-1165058500000.0 0.4944662 1.5350667e-08 398860.47
-1163524400000.0 0.49381506 1.5350667e-08 398860.47
-1161990500000.0 0.4931641 1.5350667e-08 398860.47
-1160456400000.0 0.49251297 1.5350667e-08 398860.47
-1158922500000.0 0.49186197 1.8752466e-08 545739.0
-1157388600000.0 0.49121094 1.8752466e-08 545739.0
-1155854500000.0 0.49055988 1.8752466e-08 545739.0
-1154320600000.0 0.48990884 1.8752466e-08 545739.0
-1152786600000.0 0.4892578 1.9567661e-08 539373.7
-1151252600000.0 0.48860675 1.9567661e-08 539373.7
-1149718600000.0 0.48795572 1.9567661e-08 539373.7
-1148184700000.0 0.4873047 1.9567661e-08 539373.7
-1146650800000.0 0.48665366 1.7692738e-08 352138.2
-1145116700000.0 0.4860026 1.7692738e-08 352138.2
-1143582800000.0 0.48535156 1.7692738e-08 352138.2
-1142048800000.0 0.48470056 1.7692738e-08 352138.2
-1140514800000.0 0.48404947 1.3997974e-08 -118042.61
-1138980800000.0 0.48339847 1.3997974e-08 -118042.61
-1137446700000.0 0.48274735 1.3997974e-08 -118042.61
-1135912800000.0 0.48209637 1.3997974e-08 -118042.61
-1134378700000.0 0.48144525 9.720235e-09 -777041.3
-1132844800000.0 0.48079422 9.720235e-09 -777041.3
-1131310900000.0 0.48014325 9.720235e-09 -777041.3
-1129776800000.0 0.47949213 9.720235e-09 -777041.3
-1128242900000.0 0.47884113 7.2036075e-09 -1075259.9
-1126709000000.0 0.4781901 7.2036075e-09 -1075259.9
-1125175000000.0 0.47753906 7.2036075e-09 -1075259.9
-1123640900000.0 0.476888 7.2036075e-09 -1075259.9
-1122107000000.0 0.47623697 6.7537407e-09 -934855.25
-1120573000000.0 0.47558594 6.7537407e-09 -934855.25
-1119039100000.0 0.47493497 6.7537407e-09 -934855.25
-1117505000000.0 0.47428384 6.7537407e-09 -934855.25
-1115971100000.0 0.47363284 7.11515e-09 -519557.44
-1114437000000.0 0.47298175 7.11515e-09 -519557.44
-1112903100000.0 0.47233072 7.11515e-09 -519557.44
-1111369200000.0 0.47167972 7.11515e-09 -519557.44
-1109835100000.0 0.47102863 7.680439e-09 49629.285
-1108301200000.0 0.47037762 7.680439e-09 49629.285
-1106767100000.0 0.4697265 7.680439e-09 49629.285
-1105233200000.0 0.46907553 7.680439e-09 49629.285
-1103699200000.0 0.4684245 8.2887786e-09 555745.5
-1102165200000.0 0.46777344 8.2887786e-09 555745.5
-1100631200000.0 0.4671224 8.2887786e-09 555745.5
-1099097300000.0 0.46647137 8.2887786e-09 555745.5
-1097563400000.0 0.46582034 8.931712e-09 960882.4
-1096029300000.0 0.46516925 8.931712e-09 960882.4
-1094495400000.0 0.46451822 8.931712e-09 960882.4
-1092961400000.0 0.4638672 8.931712e-09 960882.4
-1091427400000.0 0.46321613 9.475087e-09 1222741.9
-1089893400000.0 0.4625651 9.475087e-09 1222741.9
-1088359400000.0 0.46191406 9.475087e-09 1222741.9
-1086825370000.0 0.461263 9.475087e-09 1222741.9
-1085291400000.0 0.46061197 9.63202e-09 1320769.9
-1083757500000.0 0.45996094 9.63202e-09 1320769.9
-1082223500000.0 0.4593099 9.63202e-09 1320769.9
-1080689500000.0 0.45865884 9.63202e-09 1320769.9
-1079155560000.0 0.4580078 9.054032e-09 1357005.0
-1077621560000.0 0.45735678 9.054032e-09 1357005.0
-1076087600000.0 0.45670575 9.054032e-09 1357005.0
-1074553550000.0 0.4560547 9.054032e-09 1357005.0
-1073019600000.0 0.45540366 8.3870875e-09 1259293.5
-1071485700000.0 0.45475262 8.3870875e-09 1259293.5
-1069951600000.0 0.45410153 8.3870875e-09 1259293.5
-1068417700000.0 0.45345053 8.3870875e-09 1259293.5
-1066883700000.0 0.4527995 7.563622e-09 1054007.8
-1065349700000.0 0.4521484 7.563622e-09 1054007.8
-1063815700000.0 0.45149738 7.563622e-09 1054007.8
-1062281740000.0 0.45084634 7.563622e-09 1054007.8
-1060747800000.0 0.4501953 6.7772166e-09 804715.75
-1059213740000.0 0.44954425 6.7772166e-09 804715.75
-1057679800000.0 0.44889322 6.7772166e-09 804715.75
-1056145870000.0 0.4482422 6.7772166e-09 804715.75
-1054611870000.0 0.44759116 6.2499934e-09 745320.7
-1053077860000.0 0.4469401 6.2499934e-09 745320.7
-1051543860000.0 0.44628906 6.2499934e-09 745320.7
-1050009900000.0 0.44563803 6.2499934e-09 745320.7
-1048475860000.0 0.44498697 6.1812386e-09 758293.7
-1046941900000.0 0.44433594 6.1812386e-09 758293.7
-1045408000000.0 0.4436849 6.1812386e-09 758293.7
-1043873900000.0 0.44303384 6.1812386e-09 758293.7
-1042340000000.0 0.4423828 6.631888e-09 895820.56
-1040806000000.0 0.44173178 6.631888e-09 895820.56
-1039272050000.0 0.44108075 6.631888e-09 895820.56
-1037738000000.0 0.44042966 6.631888e-09 895820.56
-1036204050000.0 0.43977866 7.126829e-09 1103166.1
-1034670100000.0 0.43912762 7.126829e-09 1103166.1
-1033136200000.0 0.4384766 7.126829e-09 1103166.1
-1031602100000.0 0.4378255 7.126829e-09 1103166.1
-1030068200000.0 0.43717447 7.582855e-09 1453383.1
-1028534200000.0 0.43652344 7.582855e-09 1453383.1
-1027000200000.0 0.43587238 7.582855e-09 1453383.1
-1025466200000.0 0.43522134 7.582855e-09 1453383.1
-1023932240000.0 0.4345703 8.069906e-09 1851838.1
-1022398200000.0 0.43391925 8.069906e-09 1851838.1
-1020864230000.0 0.43326822 8.069906e-09 1851838.1
-1019330300000.0 0.4326172 8.069906e-09 1851838.1
-1017796300000.0 0.43196616 8.511146e-09 2250388.5
-1016262300000.0 0.4313151 8.511146e-09 2250388.5
-1014728300000.0 0.43066406 8.511146e-09 2250388.5
-1013194360000.0 0.43001303 8.511146e-09 2250388.5
-1011660400000.0 0.429362 8.926522e-09 2624000.8
-1010126360000.0 0.42871094 8.926522e-09 2624000.8
-1008592400000.0 0.4280599 8.926522e-09 2624000.8
-1007058500000.0 0.42740887 8.926522e-09 2624000.8
-1005524400000.0 0.42675778 9.23827e-09 2957780.8
-1003990500000.0 0.42610675 9.23827e-09 2957780.8
-1002456500000.0 0.42545575 9.23827e-09 2957780.8
-1000922500000.0 0.42480466 9.23827e-09 2957780.8
-999388500000.0 0.42415363 9.112721e-09 3052674.0
-997854540000.0 0.4235026 9.112721e-09 3052674.0
-996320600000.0 0.42285156 9.112721e-09 3052674.0
-994786600000.0 0.42220053 9.112721e-09 3052674.0
-993252600000.0 0.42154947 8.4085094e-09 2521453.2
-991718700000.0 0.42089844 8.4085094e-09 2521453.2
-990184700000.0 0.4202474 8.4085094e-09 2521453.2
-988650700000.0 0.41959634 8.4085094e-09 2521453.2
-987116670000.0 0.4189453 7.583257e-09 1458738.1
-985582700000.0 0.41829428 7.583257e-09 1458738.1
-984048660000.0 0.41764322 7.583257e-09 1458738.1
-982514700000.0 0.4169922 7.583257e-09 1458738.1
-980980800000.0 0.41634116 7.2398807e-09 788819.2
-979446700000.0 0.4156901 7.2398807e-09 788819.2
-977912860000.0 0.4150391 7.2398807e-09 788819.2
-976378800000.0 0.41438803 7.2398807e-09 788819.2
-974844800000.0 0.41373694 7.4583655e-09 753327.75
-973310900000.0 0.41308597 7.4583655e-09 753327.75
-971776850000.0 0.41243488 7.4583655e-09 753327.75
-970242900000.0 0.41178387 7.4583655e-09 753327.75
-968709000000.0 0.41113284 7.839673e-09 805796.94
-967174900000.0 0.41048175 7.839673e-09 805796.94
-965641000000.0 0.40983072 7.839673e-09 805796.94
-964107000000.0 0.4091797 7.839673e-09 805796.94
-962573000000.0 0.40852863 8.162997e-09 861065.8
-961039000000.0 0.4078776 8.162997e-09 861065.8
-959505040000.0 0.40722656 8.162997e-09 861065.8
-957971000000.0 0.4065755 8.162997e-09 861065.8
-956437100000.0 0.4059245 8.528627e-09 924326.3
-954903100000.0 0.40527344 8.528627e-09 924326.3
-953369030000.0 0.40462238 8.528627e-09 924326.3
-951835160000.0 0.40397137 8.528627e-09 924326.3
-950301100000.0 0.4033203 8.921849e-09 982044.94
-948767160000.0 0.40266928 8.921849e-09 982044.94
-947233200000.0 0.40201825 8.921849e-09 982044.94
-945699160000.0 0.4013672 8.921849e-09 982044.94
-944165200000.0 0.40071616 9.316006e-09 1035816.7
-942631300000.0 0.40006512 9.316006e-09 1035816.7
-941097200000.0 0.39941403 9.316006e-09 1035816.7
-939563300000.0 0.398763 9.316006e-09 1035816.7
-938029300000.0 0.39811197 9.791451e-09 1107338.2
-936495300000.0 0.3974609 9.791451e-09 1107338.2
-934961400000.0 0.39680994 9.791451e-09 1107338.2
-933427350000.0 0.39615884 9.791451e-09 1107338.2
-931893400000.0 0.3955078 1.0196661e-08 1178750.6
-930359400000.0 0.39485678 1.0196661e-08 1178750.6
-928825400000.0 0.39420572 1.0196661e-08 1178750.6
-927291400000.0 0.3935547 1.0196661e-08 1178750.6
-925757500000.0 0.39290366 1.0702107e-08 1269062.9
-924223500000.0 0.3922526 1.0702107e-08 1269062.9
-922689500000.0 0.39160156 1.0702107e-08 1269062.9
-921155530000.0 0.39095053 1.0702107e-08 1269062.9
-919621500000.0 0.39029947 1.1117863e-08 1332522.0
-918087500000.0 0.38964844 1.1117863e-08 1332522.0
-916553600000.0 0.3889974 1.1117863e-08 1332522.0
-915019500000.0 0.38834634 1.1117863e-08 1332522.0
-913485660000.0 0.38769534 1.164382e-08 1384980.9
-911951600000.0 0.38704428 1.164382e-08 1384980.9
-910417660000.0 0.38639325 1.164382e-08 1384980.9
-908883700000.0 0.38574222 1.164382e-08 1384980.9
-907349660000.0 0.38509113 1.2143208e-08 1431536.8
-905815700000.0 0.3844401 1.2143208e-08 1431536.8
-904281700000.0 0.3837891 1.2143208e-08 1431536.8
-902747700000.0 0.383138 1.2143208e-08 1431536.8
-901213800000.0 0.38248697 1.2647892e-08 1472510.4
-899679800000.0 0.38183594 1.2647892e-08 1472510.4
-898145800000.0 0.38118488 1.2647892e-08 1472510.4
-896611800000.0 0.38053384 1.2647892e-08 1472510.4
-895077840000.0 0.3798828 1.3149521e-08 1513700.1
-893543800000.0 0.37923175 1.3149521e-08 1513700.1
-892009900000.0 0.37858075 1.3149521e-08 1513700.1
-890475900000.0 0.3779297 1.3149521e-08 1513700.1
-888941900000.0 0.37727866 1.3612041e-08 1557473.9
-887408000000.0 0.37662762 1.3612041e-08 1557473.9
-885873900000.0 0.37597656 1.3612041e-08 1557473.9
-884339970000.0 0.37532553 1.3612041e-08 1557473.9
-882806000000.0 0.3746745 1.4075722e-08 1603614.4
-881271960000.0 0.37402344 1.4075722e-08 1603614.4
-879738000000.0 0.3733724 1.4075722e-08 1603614.4
-878204100000.0 0.37272137 1.4075722e-08 1603614.4
-876670000000.0 0.37207028 1.4508352e-08 1648544.2
-875136100000.0 0.37141925 1.4508352e-08 1648544.2
-873602100000.0 0.37076822 1.4508352e-08 1648544.2
-872068100000.0 0.37011716 1.4508352e-08 1648544.2
-870534200000.0 0.3694662 1.4876192e-08 1680199.8
-869000150000.0 0.3688151 1.4876192e-08 1680199.8
-867466200000.0 0.36816406 1.4876192e-08 1680199.8
-865932200000.0 0.36751303 1.4876192e-08 1680199.8
-864398200000.0 0.36686197 1.5229197e-08 1703679.5
-862864200000.0 0.36621094 1.5229197e-08 1703679.5
-861330300000.0 0.3655599 1.5229197e-08 1703679.5
-859796200000.0 0.36490884 1.5229197e-08 1703679.5
-858262300000.0 0.3642578 1.5485949e-08 1729886.2
-856728340000.0 0.36360678 1.5485949e-08 1729886.2
-855194300000.0 0.36295572 1.5485949e-08 1729886.2
-853660340000.0 0.3623047 1.5485949e-08 1729886.2
-852126400000.0 0.36165366 1.5694928e-08 1758651.1
-850592330000.0 0.3610026 1.5694928e-08 1758651.1
-849058460000.0 0.3603516 1.5694928e-08 1758651.1
-847524400000.0 0.35970053 1.5694928e-08 1758651.1
-845990460000.0 0.3590495 1.5830182e-08 1798392.6
-844456500000.0 0.35839847 1.5830182e-08 1798392.6
-842922460000.0 0.35774738 1.5830182e-08 1798392.6
-841388500000.0 0.35709634 1.5830182e-08 1798392.6
-839854500000.0 0.3564453 1.5840671e-08 1837050.4
-838320500000.0 0.35579425 1.5840671e-08 1837050.4
-836786600000.0 0.35514322 1.5840671e-08 1837050.4
-835252600000.0 0.3544922 1.5840671e-08 1837050.4
-833718600000.0 0.35384113 1.5828617e-08 1855411.8
-832184600000.0 0.3531901 1.5828617e-08 1855411.8
-830650650000.0 0.35253906 1.5828617e-08 1855411.8
-829116600000.0 0.351888 1.5828617e-08 1855411.8
-827582700000.0 0.351237 1.5755901e-08 1866489.8
-826048700000.0 0.35058594 1.5755901e-08 1866489.8
-824514700000.0 0.3499349 1.5755901e-08 1866489.8
-822980800000.0 0.34928387 1.5755901e-08 1866489.8
-821446700000.0 0.3486328 1.5660483e-08 1869042.8
-819912800000.0 0.34798178 1.5660483e-08 1869042.8
-818378830000.0 0.34733075 1.5660483e-08 1869042.8
-816844800000.0 0.3466797 1.5660483e-08 1869042.8
-815310800000.0 0.34602866 1.5613418e-08 1861806.4
-813776900000.0 0.34537762 1.5613418e-08 1861806.4
-812242800000.0 0.34472653 1.5613418e-08 1861806.4
-810708900000.0 0.3440755 1.5613418e-08 1861806.4
-809174900000.0 0.34342447 1.554939e-08 1857704.5
-807640900000.0 0.3427734 1.554939e-08 1857704.5
-806107000000.0 0.3421224 1.554939e-08 1857704.5
-804572950000.0 0.34147134 1.554939e-08 1857704.5
-803039000000.0 0.3408203 1.5496976e-08 1844821.0
-801505000000.0 0.34016928 1.5496976e-08 1844821.0
-799971000000.0 0.33951822 1.5496976e-08 1844821.0
-798437000000.0 0.3388672 1.5496976e-08 1844821.0
-796903100000.0 0.33821616 1.5502794e-08 1820705.5
-795369000000.0 0.3375651 1.5502794e-08 1820705.5
-793835100000.0 0.33691406 1.5502794e-08 1820705.5
-792301140000.0 0.33626303 1.5502794e-08 1820705.5
-790767100000.0 0.33561197 1.5518502e-08 1787476.4
-789233140000.0 0.33496094 1.5518502e-08 1787476.4
-787699200000.0 0.3343099 1.5518502e-08 1787476.4
-786165200000.0 0.33365887 1.5518502e-08 1787476.4
-784631200000.0 0.3330078 1.5585556e-08 1747750.0
-783097200000.0 0.33235678 1.5585556e-08 1747750.0
-781563270000.0 0.33170575 1.5585556e-08 1747750.0
-780029300000.0 0.33105472 1.5585556e-08 1747750.0
-778495260000.0 0.33040363 1.5669094e-08 1706592.8
-776961300000.0 0.3297526 1.5669094e-08 1706592.8
-775427300000.0 0.32910156 1.5669094e-08 1706592.8
-773893300000.0 0.3284505 1.5669094e-08 1706592.8
-772359300000.0 0.32779947 1.5713155e-08 1672393.8
-770825400000.0 0.32714844 1.5713155e-08 1672393.8
-769291400000.0 0.32649738 1.5713155e-08 1672393.8
-767757400000.0 0.32584634 1.5713155e-08 1672393.8
-766223450000.0 0.3251953 1.5728876e-08 1640677.9
-764689500000.0 0.32454428 1.5728876e-08 1640677.9
-763155450000.0 0.32389322 1.5728876e-08 1640677.9
-761621500000.0 0.3232422 1.5728876e-08 1640677.9
-760087500000.0 0.32259116 1.5755921e-08 1613860.8
-758553600000.0 0.32194012 1.5755921e-08 1613860.8
-757019500000.0 0.32128906 1.5755921e-08 1613860.8
-755485600000.0 0.32063803 1.5755921e-08 1613860.8
-753951640000.0 0.319987 1.5910883e-08 1601040.5
-752417600000.0 0.31933594 1.5910883e-08 1601040.5
-750883640000.0 0.3186849 1.5910883e-08 1601040.5
-749349700000.0 0.31803387 1.5910883e-08 1601040.5
-747815700000.0 0.31738284 1.609368e-08 1584824.0
-746281700000.0 0.31673178 1.609368e-08 1584824.0
-744747700000.0 0.31608072 1.609368e-08 1584824.0
-743213760000.0 0.3154297 1.609368e-08 1584824.0
-741679700000.0 0.31477863 1.6290914e-08 1564554.5
-740145760000.0 0.3141276 1.6290914e-08 1564554.5
-738611800000.0 0.31347656 1.6290914e-08 1564554.5
-737077800000.0 0.31282553 1.6290914e-08 1564554.5
-735543800000.0 0.31217447 1.6470203e-08 1545947.2
-734009800000.0 0.3115234 1.6470203e-08 1545947.2
-732475900000.0 0.3108724 1.6470203e-08 1545947.2
-730941800000.0 0.3102213 1.6470203e-08 1545947.2
-729407900000.0 0.3095703 1.6592171e-08 1530268.8
-727873950000.0 0.30891928 1.6592171e-08 1530268.8
-726339940000.0 0.30826822 1.6592171e-08 1530268.8
-724805940000.0 0.3076172 1.6592171e-08 1530268.8
-723272000000.0 0.30696616 1.670465e-08 1517183.1
-721738000000.0 0.30631512 1.670465e-08 1517183.1
-720204000000.0 0.30566406 1.670465e-08 1517183.1
-718670000000.0 0.30501303 1.670465e-08 1517183.1
-717136100000.0 0.304362 1.6752232e-08 1493144.1
-715602100000.0 0.30371094 1.6752232e-08 1493144.1
-714068070000.0 0.30305988 1.6752232e-08 1493144.1
-712534100000.0 0.30240884 1.6752232e-08 1493144.1
-711000100000.0 0.3017578 1.6724584e-08 1457946.6
-709466100000.0 0.30110675 1.6724584e-08 1457946.6
-707932100000.0 0.30045572 1.6724584e-08 1457946.6
-706398200000.0 0.2998047 1.6724584e-08 1457946.6
-704864200000.0 0.29915366 1.6826945e-08 1428030.9
-703330200000.0 0.2985026 1.6826945e-08 1428030.9
-701796250000.0 0.29785156 1.6826945e-08 1428030.9
-700262300000.0 0.29720056 1.6826945e-08 1428030.9
-698728250000.0 0.29654947 1.7117701e-08 1406110.4
-697194300000.0 0.29589847 1.7117701e-08 1406110.4
-695660300000.0 0.2952474 1.7117701e-08 1406110.4
-694126300000.0 0.29459634 1.7117701e-08 1406110.4
