morphology_data/1d_wb_a0.025_l8r1_00001.ecsv
# %ECSV 1.0
# ---
# datatype:
# - {name: b, datatype: float32}
# - {name: phase, datatype: float32}
# - {name: sigma, datatype: float32}
# - {name: vr, datatype: float32}
# meta: {lambda: 8, rp: 1.0, sep: 0.025, wind: b}
# schema: astropy-2.0
b phase sigma vr
[from data line 1054]
454825300000.0 -0.19303386 3.507437e-09 -1630191.9
456359380000.0 -0.19368492 3.507437e-09 -1630191.9
457893200000.0 -0.19433591 3.507437e-09 -1630191.9
459427280000.0 -0.19498698 3.507437e-09 -1630191.9
460961320000.0 -0.19563805 3.4718142e-09 -1487374.1
462495200000.0 -0.19628905 3.4718142e-09 -1487374.1
464029220000.0 -0.19694011 3.4718142e-09 -1487374.1
465563300000.0 -0.19759119 3.4718142e-09 -1487374.1
467097160000.0 -0.19824217 3.228194e-09 -1355949.9
468631000000.0 -0.19889317 3.228194e-09 -1355949.9
470165230000.0 -0.19954431 3.228194e-09 -1355949.9
471699100000.0 -0.20019531 3.228194e-09 -1355949.9
473232970000.0 -0.2008463 2.84268e-09 -1268777.9
474767200000.0 -0.20149745 2.84268e-09 -1268777.9
476301070000.0 -0.20214844 2.84268e-09 -1268777.9
477834900000.0 -0.20279942 2.84268e-09 -1268777.9
479369130000.0 -0.20345058 2.4969025e-09 -1192974.1
480903000000.0 -0.20410156 2.4969025e-09 -1192974.1
482436870000.0 -0.20475256 2.4969025e-09 -1192974.1
483971100000.0 -0.2054037 2.4969025e-09 -1192974.1
485504970000.0 -0.2060547 2.1931406e-09 -1120172.9
487038840000.0 -0.20670569 2.1931406e-09 -1120172.9
488572880000.0 -0.20735677 2.1931406e-09 -1120172.9
490106900000.0 -0.20800783 2.1931406e-09 -1120172.9
491640780000.0 -0.20865881 1.8782875e-09 -1039665.25
493174820000.0 -0.20930989 1.8782875e-09 -1039665.25
494708880000.0 -0.20996095 1.8782875e-09 -1039665.25
496242750000.0 -0.21061195 1.8782875e-09 -1039665.25
497776800000.0 -0.21126302 1.6309052e-09 -890066.44
499310820000.0 -0.21191409 1.6309052e-09 -890066.44
500844700000.0 -0.21256508 1.6309052e-09 -890066.44
502378730000.0 -0.21321616 1.6309052e-09 -890066.44
503912800000.0 -0.21386722 1.4441336e-09 -662701.1
505446660000.0 -0.2145182 1.4441336e-09 -662701.1
506980700000.0 -0.21516928 1.4441336e-09 -662701.1
508514730000.0 -0.21582034 1.4441336e-09 -662701.1
510048600000.0 -0.21647134 1.2763404e-09 -470464.28
511582470000.0 -0.21712233 1.2763404e-09 -470464.28
513116700000.0 -0.21777348 1.2763404e-09 -470464.28
514650570000.0 -0.21842447 1.2763404e-09 -470464.28
516184440000.0 -0.21907547 1.125388e-09 -282062.84
517718640000.0 -0.2197266 1.125388e-09 -282062.84
519252500000.0 -0.22037761 1.125388e-09 -282062.84
520786380000.0 -0.2210286 1.125388e-09 -282062.84
522320600000.0 -0.22167975 1.0320572e-09 -8764.513
523854480000.0 -0.22233073 1.0320572e-09 -8764.513
525388350000.0 -0.22298172 1.0320572e-09 -8764.513
526922550000.0 -0.22363287 1.0320572e-09 -8764.513
528456420000.0 -0.22428386 9.1991054e-10 295741.97
529990300000.0 -0.22493486 9.1991054e-10 295741.97
531524350000.0 -0.22558592 9.1991054e-10 295741.97
533058400000.0 -0.226237 9.1991054e-10 295741.97
534592260000.0 -0.22688799 8.6745955e-10 619001.8
536126300000.0 -0.22753906 8.6745955e-10 619001.8
537660330000.0 -0.22819012 8.6745955e-10 619001.8
539194200000.0 -0.22884111 8.6745955e-10 619001.8
540728260000.0 -0.22949219 7.154313e-10 868033.6
542262300000.0 -0.23014325 7.154313e-10 868033.6
543796170000.0 -0.23079425 7.154313e-10 868033.6
545330200000.0 -0.23144531 7.154313e-10 868033.6
546864270000.0 -0.23209639 6.089699e-10 1100356.0
548398100000.0 -0.23274738 6.089699e-10 1100356.0
549932200000.0 -0.23339845 6.089699e-10 1100356.0
551466240000.0 -0.23404953 6.089699e-10 1100356.0
553000040000.0 -0.23470049 4.6192042e-10 1413344.9
554533900000.0 -0.23535149 4.6192042e-10 1413344.9
556068200000.0 -0.23600265 4.6192042e-10 1413344.9
557602050000.0 -0.23665364 4.6192042e-10 1413344.9
559135900000.0 -0.23730463 3.7478184e-10 1828345.4
560670100000.0 -0.23795578 3.7478184e-10 1828345.4
562204000000.0 -0.23860677 3.7478184e-10 1828345.4
563737850000.0 -0.23925777 3.7478184e-10 1828345.4
565272050000.0 -0.2399089 3.1166034e-10 2338841.0
566805900000.0 -0.2405599 3.1166034e-10 2338841.0
568339800000.0 -0.2412109 3.1166034e-10 2338841.0
569874060000.0 -0.24186206 3.1166034e-10 2338841.0
571407900000.0 -0.24251305 2.5373154e-10 3016380.5
572941700000.0 -0.243164 2.5373154e-10 3016380.5
574475800000.0 -0.2438151 2.5373154e-10 3016380.5
576009860000.0 -0.24446616 2.5373154e-10 3016380.5
577543730000.0 -0.24511716 2.2957206e-10 3767733.2
579077730000.0 -0.2457682 2.2957206e-10 3767733.2
580611800000.0 -0.2464193 2.2957206e-10 3767733.2
582145700000.0 -0.24707028 2.2957206e-10 3767733.2
583679740000.0 -0.24772136 2.0662402e-10 4569735.5
585213740000.0 -0.24837242 2.0662402e-10 4569735.5
586747600000.0 -0.24902342 2.0662402e-10 4569735.5
588281700000.0 -0.24967448 2.0662402e-10 4569735.5
589815740000.0 -0.25032556 2.0023272e-10 5290241.0
591349600000.0 -0.25097656 2.0023272e-10 5290241.0
592883600000.0 -0.25162762 2.0023272e-10 5290241.0
594417700000.0 -0.2522787 2.0023272e-10 5290241.0
595951550000.0 -0.2529297 2.0117917e-10 6004001.0
597485400000.0 -0.25358066 2.0117917e-10 6004001.0
599019600000.0 -0.2542318 2.0117917e-10 6004001.0
600553500000.0 -0.2548828 2.0117917e-10 6004001.0
602087360000.0 -0.2555338 1.9923224e-10 6886129.5
603621560000.0 -0.25618494 1.9923224e-10 6886129.5
605155400000.0 -0.2568359 1.9923224e-10 6886129.5
606689300000.0 -0.25748694 1.9923224e-10 6886129.5
608223560000.0 -0.25813806 1.9551374e-10 7873078.5
609757400000.0 -0.2587891 1.9551374e-10 7873078.5
611291300000.0 -0.2594401 1.9551374e-10 7873078.5
612825500000.0 -0.26009122 1.9551374e-10 7873078.5
614359400000.0 -0.2607422 1.8640328e-10 8705619.0
615893240000.0 -0.2613932 1.8640328e-10 8705619.0
617427240000.0 -0.26204425 1.8640328e-10 8705619.0
618961300000.0 -0.26269534 1.8640328e-10 8705619.0
620495200000.0 -0.2633463 1.8162588e-10 9390714.0
622029240000.0 -0.2639974 1.8162588e-10 9390714.0
623563240000.0 -0.26464844 1.8162588e-10 9390714.0
625097100000.0 -0.26529944 1.8162588e-10 9390714.0
626631200000.0 -0.26595053 1.8978474e-10 10084768.0
628165250000.0 -0.2666016 1.8978474e-10 10084768.0
629699100000.0 -0.2672526 1.8978474e-10 10084768.0
631233100000.0 -0.26790366 1.8978474e-10 10084768.0
632767200000.0 -0.26855472 1.7556963e-10 9731606.0
634301050000.0 -0.26920572 1.7556963e-10 9731606.0
635835100000.0 -0.2698568 1.7556963e-10 9731606.0
637369100000.0 -0.27050784 1.7556963e-10 9731606.0
638903000000.0 -0.27115884 2.3691415e-11 2658680.8
640436860000.0 -0.27180985 2.3691415e-11 2658680.8
641971060000.0 -0.27246097 2.3691415e-11 2658680.8
643504900000.0 -0.27311197 2.3691415e-11 2658680.8
645038800000.0 -0.27376294 nan nan
646573060000.0 -0.27441412 nan nan
648106930000.0 -0.2750651 nan nan
649640800000.0 -0.27571613 nan nan
651175000000.0 -0.27636725 nan nan
652708900000.0 -0.27701825 nan nan
654242740000.0 -0.27766922 nan nan
655776940000.0 -0.27832037 nan nan
657310800000.0 -0.27897137 nan nan
658844700000.0 -0.27962235 nan nan
660378750000.0 -0.28027344 nan nan
661912800000.0 -0.28092453 nan nan
663446600000.0 -0.28157547 nan nan
664980700000.0 -0.28222656 nan nan
666514750000.0 -0.28287762 nan nan
668048600000.0 -0.28352863 nan nan
669582600000.0 -0.28417966 nan nan
671116700000.0 -0.28483075 nan nan
672650560000.0 -0.28548175 nan nan
674184600000.0 -0.28613284 nan nan
675718600000.0 -0.28678387 nan nan
677252500000.0 -0.28743488 nan nan
678786560000.0 -0.28808594 nan nan
680320600000.0 -0.28873703 nan nan
681854500000.0 -0.28938803 nan nan
683388300000.0 -0.29003897 nan nan
684922600000.0 -0.29069015 nan nan
686456440000.0 -0.29134116 nan nan
687990300000.0 -0.29199213 nan nan
689524500000.0 -0.29264328 nan nan
691058400000.0 -0.29329428 nan nan
692592250000.0 -0.29394525 nan nan
694126440000.0 -0.2945964 nan nan
695660300000.0 -0.2952474 nan nan
697194200000.0 -0.2958984 nan nan
698728450000.0 -0.29654956 nan nan
700262300000.0 -0.29720056 nan nan
701796200000.0 -0.29785153 nan nan
703330200000.0 -0.2985026 nan nan
704864260000.0 -0.29915366 nan nan
706398100000.0 -0.29980466 nan nan
707932100000.0 -0.30045572 nan nan
709466200000.0 -0.30110678 nan nan
711000060000.0 -0.30175778 nan nan
712534100000.0 -0.30240884 nan nan
714068100000.0 -0.3030599 nan nan
715602000000.0 -0.3037109 nan nan
717136100000.0 -0.304362 nan nan
718670140000.0 -0.30501306 nan nan
720204000000.0 -0.30566406 nan nan
721738000000.0 -0.30631512 nan nan
723272100000.0 -0.3069662 nan nan
724805940000.0 -0.3076172 nan nan
726339800000.0 -0.30826816 nan nan
727874000000.0 -0.3089193 nan nan
729407900000.0 -0.3095703 nan nan
730941750000.0 -0.3102213 nan nan
732475950000.0 -0.31087244 nan nan
734009800000.0 -0.3115234 nan nan
735543700000.0 -0.31217444 nan nan
737077950000.0 -0.3128256 nan nan
738611800000.0 -0.31347656 nan nan
740145700000.0 -0.3141276 nan nan
741679900000.0 -0.31477872 nan nan
743213760000.0 -0.3154297 nan nan
744747600000.0 -0.3160807 nan nan
746281700000.0 -0.31673178 nan nan
747815700000.0 -0.31738284 nan nan
749349600000.0 -0.3180338 nan nan
750883640000.0 -0.3186849 nan nan
752417640000.0 -0.31933597 nan nan
753951500000.0 -0.31998697 nan nan
755485600000.0 -0.32063803 nan nan
757019640000.0 -0.3212891 nan nan
758553500000.0 -0.3219401 nan nan
760087500000.0 -0.32259116 nan nan
761621600000.0 -0.32324222 nan nan
763155450000.0 -0.32389322 nan nan
764689500000.0 -0.32454428 nan nan
766223500000.0 -0.32519534 nan nan
767757400000.0 -0.32584634 nan nan
769291260000.0 -0.32649735 nan nan
770825500000.0 -0.3271485 nan nan
772359300000.0 -0.32779947 nan nan
773893200000.0 -0.32845047 nan nan
775427460000.0 -0.32910162 nan nan
776961300000.0 -0.3297526 nan nan
778495200000.0 -0.3304036 nan nan
780029400000.0 -0.33105475 nan nan
781563270000.0 -0.33170575 nan nan
783097140000.0 -0.33235672 nan nan
784631200000.0 -0.3330078 nan nan
786165200000.0 -0.33365887 nan nan
787699100000.0 -0.33430985 nan nan
789233140000.0 -0.33496094 nan nan
790767200000.0 -0.335612 nan nan
792301000000.0 -0.336263 nan nan
793835100000.0 -0.33691406 nan nan
795369140000.0 -0.33756512 nan nan
796903000000.0 -0.33821613 nan nan
798437000000.0 -0.3388672 nan nan
799971100000.0 -0.33951825 nan nan
801504950000.0 -0.34016925 nan nan
803039000000.0 -0.3408203 nan nan
804573000000.0 -0.3414714 nan nan
806106900000.0 -0.34212238 nan nan
807640760000.0 -0.34277338 nan nan
809175000000.0 -0.34342453 nan nan
810708900000.0 -0.3440755 nan nan
812242700000.0 -0.3447265 nan nan
813776960000.0 -0.34537765 nan nan
815310800000.0 -0.34602866 nan nan
816844700000.0 -0.34667963 nan nan
818378900000.0 -0.34733078 nan nan
819912800000.0 -0.34798178 nan nan
821446640000.0 -0.34863275 nan nan
822980840000.0 -0.3492839 nan nan
824514700000.0 -0.3499349 nan nan
826048600000.0 -0.3505859 nan nan
827582640000.0 -0.35123697 nan nan
829116700000.0 -0.35188803 nan nan
830650600000.0 -0.35253903 nan nan
832184600000.0 -0.3531901 nan nan
833718650000.0 -0.35384116 nan nan
835252500000.0 -0.35449216 nan nan
836786600000.0 -0.35514322 nan nan
838320600000.0 -0.3557943 nan nan
839854460000.0 -0.35644528 nan nan
841388500000.0 -0.35709634 nan nan
842922500000.0 -0.35774744 nan nan
844456400000.0 -0.3583984 nan nan
845990460000.0 -0.3590495 nan nan
847524500000.0 -0.35970056 nan nan
849058400000.0 -0.36035156 nan nan
850592300000.0 -0.36100253 nan nan
852126470000.0 -0.3616537 nan nan
853660340000.0 -0.3623047 nan nan
855194200000.0 -0.36295566 nan nan
856728400000.0 -0.3636068 nan nan
858262300000.0 -0.3642578 nan nan
859796140000.0 -0.3649088 nan nan
861330400000.0 -0.36555994 nan nan
862864200000.0 -0.36621094 nan nan
864398100000.0 -0.36686194 nan nan
865932350000.0 -0.3675131 nan nan
867466200000.0 -0.36816406 nan nan
869000100000.0 -0.36881506 nan nan
870534100000.0 -0.36946613 nan nan
872068150000.0 -0.3701172 nan nan
873602000000.0 -0.3707682 nan nan
875136100000.0 -0.37141925 nan nan
876670100000.0 -0.37207034 nan nan
878203960000.0 -0.3727213 nan nan
879738000000.0 -0.3733724 nan nan
881272100000.0 -0.37402347 nan nan
882805900000.0 -0.37467447 nan nan
884339970000.0 -0.37532553 nan nan
885874000000.0 -0.3759766 nan nan
887407900000.0 -0.3766276 nan nan
888941900000.0 -0.37727866 nan nan
890476000000.0 -0.37792972 nan nan
892009840000.0 -0.37858072 nan nan
893543700000.0 -0.37923172 nan nan
895077900000.0 -0.37988284 nan nan
896611800000.0 -0.38053384 nan nan
898145650000.0 -0.38118485 nan nan
899679900000.0 -0.381836 nan nan
901213800000.0 -0.38248697 nan nan
902747600000.0 -0.38313797 nan nan
904281850000.0 -0.38378912 nan nan
905815700000.0 -0.3844401 nan nan
907349600000.0 -0.3850911 nan nan
908883800000.0 -0.38574225 nan nan
910417660000.0 -0.38639325 nan nan
911951500000.0 -0.38704422 nan nan
913485600000.0 -0.3876953 nan nan
915019600000.0 -0.38834637 nan nan
916553470000.0 -0.38899738 nan nan
918087500000.0 -0.38964844 nan nan
919621600000.0 -0.3902995 nan nan
921155500000.0 -0.3909505 nan nan
922689500000.0 -0.39160156 nan nan
924223540000.0 -0.39225262 nan nan
925757400000.0 -0.39290363 nan nan
927291400000.0 -0.3935547 nan nan
928825500000.0 -0.39420575 nan nan
930359350000.0 -0.39485675 nan nan
931893400000.0 -0.3955078 nan nan
933427400000.0 -0.3961589 nan nan
934961300000.0 -0.39680988 nan nan
936495150000.0 -0.39746088 nan nan
938029400000.0 -0.39811203 nan nan
939563300000.0 -0.398763 nan nan
941097160000.0 -0.399414 nan nan
942631350000.0 -0.40006515 nan nan
944165200000.0 -0.40071616 nan nan
945699100000.0 -0.40136713 nan nan
947233300000.0 -0.40201828 nan nan
948767160000.0 -0.40266928 nan nan
950301000000.0 -0.40332028 nan nan
951835200000.0 -0.4039714 nan nan
953369100000.0 -0.4046224 nan nan
954903000000.0 -0.4052734 nan nan
956437040000.0 -0.40592447 nan nan
957971100000.0 -0.40657553 nan nan
959505000000.0 -0.40722653 nan nan
961039000000.0 -0.4078776 nan nan
962573040000.0 -0.40852866 nan nan
964106900000.0 -0.40917966 nan nan
965641000000.0 -0.40983072 nan nan
967175000000.0 -0.4104818 nan nan
968708850000.0 -0.41113278 nan nan
970242900000.0 -0.41178387 nan nan
971776900000.0 -0.41243494 nan nan
973310800000.0 -0.4130859 nan nan
974844850000.0 -0.413737 nan nan
976378900000.0 -0.41438806 nan nan
977912800000.0 -0.41503906 nan nan
979446660000.0 -0.41569003 nan nan
980980860000.0 -0.4163412 nan nan
982514700000.0 -0.4169922 nan nan
984048600000.0 -0.4176432 nan nan
985582800000.0 -0.4182943 nan nan
987116670000.0 -0.4189453 nan nan
988650540000.0 -0.4195963 nan nan
990184800000.0 -0.42024744 nan nan
991718700000.0 -0.42089844 nan nan
993252500000.0 -0.42154944 nan nan
994786740000.0 -0.4222006 nan nan
996320600000.0 -0.42285156 nan nan
997854500000.0 -0.42350256 nan nan
999388500000.0 -0.42415363 nan nan
1000922550000.0 -0.42480472 nan nan
1002456400000.0 -0.4254557 nan nan
1003990500000.0 -0.42610675 nan nan
1005524500000.0 -0.42675784 nan nan
1007058350000.0 -0.4274088 nan nan
1008592400000.0 -0.4280599 nan nan
1010126500000.0 -0.42871097 nan nan
1011660360000.0 -0.42936197 nan nan
1013194360000.0 -0.43001303 nan nan
1014728400000.0 -0.4306641 nan nan
1016262300000.0 -0.4313151 nan nan
1017796300000.0 -0.43196616 nan nan
1019330360000.0 -0.43261722 nan nan
1020864230000.0 -0.43326822 nan nan
1022398100000.0 -0.43391922 nan nan
1023932300000.0 -0.43457034 nan nan
1025466200000.0 -0.43522134 nan nan
1027000040000.0 -0.43587235 nan nan
1028534300000.0 -0.4365235 nan nan
1030068200000.0 -0.43717447 nan nan
1031602040000.0 -0.43782547 nan nan
1033136240000.0 -0.43847662 nan nan
1034670100000.0 -0.43912762 nan nan
1036204000000.0 -0.4397786 nan nan
1037738200000.0 -0.44042975 nan nan
1039272050000.0 -0.44108075 nan nan
1040805900000.0 -0.44173172 nan nan
1042340000000.0 -0.4423828 nan nan
1043874000000.0 -0.44303387 nan nan
1045407860000.0 -0.44368488 nan nan
1046941900000.0 -0.44433594 nan nan
1048476000000.0 -0.444987 nan nan
1050009860000.0 -0.445638 nan nan
1051543860000.0 -0.44628906 nan nan
1053077900000.0 -0.44694012 nan nan
1054611800000.0 -0.44759113 nan nan
1056145870000.0 -0.4482422 nan nan
1057679900000.0 -0.44889325 nan nan
1059213740000.0 -0.44954425 nan nan
1060747800000.0 -0.4501953 nan nan
1062281800000.0 -0.4508464 nan nan
1063815700000.0 -0.45149738 nan nan
1065349550000.0 -0.45214838 nan nan
1066883800000.0 -0.45279953 nan nan
1068417700000.0 -0.45345053 nan nan
