morphology_data/1d_wb_a0.05_l2r1_00001.ecsv
# %ECSV 1.0
# ---
# datatype:
# - {name: b, datatype: float32}
# - {name: phase, datatype: float32}
# - {name: sigma, datatype: float32}
# - {name: vr, datatype: float32}
# meta: {lambda: 2, rp: 1.0, sep: 0.05, wind: b}
# schema: astropy-2.0
b phase sigma vr
[from data line 309]
-1406660400000.0 0.2985026 2.9281652e-10 -6646116.5
-1403592500000.0 0.29785156 2.9281652e-10 -6646116.5
-1400524600000.0 0.29720056 2.9281652e-10 -6646116.5
-1397456500000.0 0.29654947 2.8977415e-10 -6762561.0
-1394388600000.0 0.29589847 2.8977415e-10 -6762561.0
-1391320600000.0 0.2952474 2.8977415e-10 -6762561.0
-1388252600000.0 0.29459634 2.8977415e-10 -6762561.0
-1385184600000.0 0.29394528 2.8034858e-10 -6938702.5
-1382116800000.0 0.29329428 2.8034858e-10 -6938702.5
-1379048900000.0 0.29264325 2.8034858e-10 -6938702.5
-1375980900000.0 0.2919922 2.8034858e-10 -6938702.5
-1372912900000.0 0.29134116 2.9175498e-10 -6652229.0
-1369844900000.0 0.2906901 2.9175498e-10 -6652229.0
-1366776900000.0 0.29003903 2.9175498e-10 -6652229.0
-1363709000000.0 0.28938803 2.9175498e-10 -6652229.0
-1360641000000.0 0.28873697 2.9312205e-10 -6546938.5
-1357573100000.0 0.28808594 2.9312205e-10 -6546938.5
-1354505100000.0 0.2874349 2.9312205e-10 -6546938.5
-1351437100000.0 0.28678384 2.9312205e-10 -6546938.5
-1348369300000.0 0.28613284 3.182306e-10 -6241683.0
-1345301300000.0 0.28548178 3.182306e-10 -6241683.0
-1342233200000.0 0.28483072 3.182306e-10 -6241683.0
-1339165200000.0 0.28417966 3.182306e-10 -6241683.0
-1336097400000.0 0.28352866 3.151709e-10 -6281924.5
-1333029400000.0 0.2828776 3.151709e-10 -6281924.5
-1329961400000.0 0.28222656 3.151709e-10 -6281924.5
-1326893500000.0 0.28157553 3.151709e-10 -6281924.5
-1323825500000.0 0.28092447 3.2247818e-10 -6275756.0
-1320757500000.0 0.28027344 3.2247818e-10 -6275756.0
-1317689600000.0 0.2796224 3.2247818e-10 -6275756.0
-1314621600000.0 0.27897137 3.2247818e-10 -6275756.0
-1311553600000.0 0.2783203 3.0830644e-10 -6448665.5
-1308485600000.0 0.27766928 3.0830644e-10 -6448665.5
-1305417700000.0 0.27701825 3.0830644e-10 -6448665.5
-1302349700000.0 0.2763672 3.0830644e-10 -6448665.5
-1299281700000.0 0.27571613 3.1886127e-10 -6471140.0
-1296213900000.0 0.2750651 3.1886127e-10 -6471140.0
-1293145900000.0 0.27441406 3.1886127e-10 -6471140.0
-1290077900000.0 0.273763 3.1886127e-10 -6471140.0
-1287009900000.0 0.27311197 3.1609657e-10 -6535681.5
-1283942000000.0 0.27246094 3.1609657e-10 -6535681.5
-1280874000000.0 0.2718099 3.1609657e-10 -6535681.5
-1277806000000.0 0.27115884 3.1609657e-10 -6535681.5
-1274738100000.0 0.2705078 3.400097e-10 -6424682.0
-1271670200000.0 0.2698568 3.400097e-10 -6424682.0
-1268602200000.0 0.26920575 3.400097e-10 -6424682.0
-1265534200000.0 0.2685547 3.400097e-10 -6424682.0
-1262466200000.0 0.26790366 3.395138e-10 -6395311.0
-1259398200000.0 0.2672526 3.395138e-10 -6395311.0
-1256330200000.0 0.26660156 3.395138e-10 -6395311.0
-1253262400000.0 0.26595053 3.395138e-10 -6395311.0
-1250194500000.0 0.2652995 3.7500233e-10 -6074688.0
-1247126500000.0 0.26464844 3.7500233e-10 -6074688.0
-1244058500000.0 0.2639974 3.7500233e-10 -6074688.0
-1240990500000.0 0.26334634 3.7500233e-10 -6074688.0
-1237922500000.0 0.26269528 3.6170364e-10 -6102788.5
-1234854500000.0 0.26204425 3.6170364e-10 -6102788.5
-1231786600000.0 0.26139322 3.6170364e-10 -6102788.5
-1228718700000.0 0.2607422 3.6170364e-10 -6102788.5
-1225650700000.0 0.26009116 3.8993733e-10 -5841428.0
-1222582700000.0 0.2594401 3.8993733e-10 -5841428.0
-1219514900000.0 0.2587891 3.8993733e-10 -5841428.0
-1216446900000.0 0.25813803 3.8993733e-10 -5841428.0
-1213378900000.0 0.257487 3.671047e-10 -5835775.5
-1210310900000.0 0.2568359 3.671047e-10 -5835775.5
-1207243000000.0 0.2561849 3.671047e-10 -5835775.5
-1204175000000.0 0.25553384 3.671047e-10 -5835775.5
-1201107000000.0 0.2548828 4.0958248e-10 -5420398.0
-1198039100000.0 0.25423178 4.0958248e-10 -5420398.0
-1194971100000.0 0.25358072 4.0958248e-10 -5420398.0
-1191903100000.0 0.2529297 4.0958248e-10 -5420398.0
-1188835200000.0 0.25227866 4.051131e-10 -5382314.5
-1185767200000.0 0.25162762 4.051131e-10 -5382314.5
-1182699200000.0 0.25097656 4.051131e-10 -5382314.5
-1179631200000.0 0.2503255 4.051131e-10 -5382314.5
-1176563400000.0 0.24967448 4.440851e-10 -5173388.0
-1173495300000.0 0.24902344 4.440851e-10 -5173388.0
-1170427300000.0 0.24837239 4.440851e-10 -5173388.0
-1167359500000.0 0.24772136 4.440851e-10 -5173388.0
-1164291500000.0 0.2470703 4.4495332e-10 -5107784.0
-1161223500000.0 0.24641925 4.4495332e-10 -5107784.0
-1158155500000.0 0.2457682 4.4495332e-10 -5107784.0
-1155087600000.0 0.24511719 4.4495332e-10 -5107784.0
-1152019600000.0 0.24446614 4.6356355e-10 -4961282.0
-1148951600000.0 0.2438151 4.6356355e-10 -4961282.0
-1145883700000.0 0.24316406 4.6356355e-10 -4961282.0
-1142815900000.0 0.24251305 4.6356355e-10 -4961282.0
-1139747800000.0 0.241862 4.6232912e-10 -4941172.5
-1136679800000.0 0.24121095 4.6232912e-10 -4941172.5
-1133611800000.0 0.2405599 4.6232912e-10 -4941172.5
-1130543800000.0 0.23990884 4.6232912e-10 -4941172.5
-1127475800000.0 0.2392578 4.5205903e-10 -5050205.0
-1124408000000.0 0.23860677 4.5205903e-10 -5050205.0
-1121340100000.0 0.23795573 4.5205903e-10 -5050205.0
-1118272100000.0 0.23730469 4.5205903e-10 -5050205.0
-1115204100000.0 0.23665364 4.4251025e-10 -5092879.0
-1112136100000.0 0.2360026 4.4251025e-10 -5092879.0
-1109068100000.0 0.23535155 4.4251025e-10 -5092879.0
-1106000100000.0 0.23470049 4.4251025e-10 -5092879.0
-1102932200000.0 0.23404948 4.1203457e-10 -5299950.5
-1099864300000.0 0.23339845 4.1203457e-10 -5299950.5
-1096796340000.0 0.23274739 4.1203457e-10 -5299950.5
-1093728340000.0 0.23209634 4.1203457e-10 -5299950.5
-1090660400000.0 0.23144531 4.1197065e-10 -5248094.5
-1087592400000.0 0.23079427 4.1197065e-10 -5248094.5
-1084524400000.0 0.23014322 4.1197065e-10 -5248094.5
-1081456500000.0 0.22949219 4.1197065e-10 -5248094.5
-1078388600000.0 0.22884116 3.8175255e-10 -5353837.5
-1075320600000.0 0.22819011 3.8175255e-10 -5353837.5
-1072252600000.0 0.22753906 3.8175255e-10 -5353837.5
-1069184650000.0 0.22688803 3.8175255e-10 -5353837.5
-1066116700000.0 0.22623697 3.8612094e-10 -5268987.5
-1063048700000.0 0.22558592 3.8612094e-10 -5268987.5
-1059980800000.0 0.22493489 3.8612094e-10 -5268987.5
-1056912830000.0 0.22428386 3.8612094e-10 -5268987.5
-1053844800000.0 0.22363281 3.6558662e-10 -5282870.0
-1050776800000.0 0.22298177 3.6558662e-10 -5282870.0
-1047708960000.0 0.22233073 3.6558662e-10 -5282870.0
-1044640960000.0 0.22167969 3.6558662e-10 -5282870.0
-1041572950000.0 0.22102864 3.740634e-10 -5200379.5
-1038505000000.0 0.22037761 3.740634e-10 -5200379.5
-1035437150000.0 0.21972658 3.740634e-10 -5200379.5
-1032369140000.0 0.21907552 3.740634e-10 -5200379.5
-1029301140000.0 0.21842447 3.7325815e-10 -5181592.5
-1026233200000.0 0.21777344 3.7325815e-10 -5181592.5
-1023165200000.0 0.21712239 3.7325815e-10 -5181592.5
-1020097200000.0 0.21647134 3.7325815e-10 -5181592.5
-1017029300000.0 0.21582031 4.0519024e-10 -5088274.0
-1013961400000.0 0.21516928 4.0519024e-10 -5088274.0
-1010893400000.0 0.21451823 4.0519024e-10 -5088274.0
-1007825400000.0 0.21386719 4.0519024e-10 -5088274.0
-1004757450000.0 0.21321616 4.5695947e-10 -4818018.5
-1001689500000.0 0.2125651 4.5695947e-10 -4818018.5
-998621500000.0 0.21191405 4.5695947e-10 -4818018.5
-995553600000.0 0.21126302 4.5695947e-10 -4818018.5
-992485640000.0 0.21061198 5.196596e-10 -4537026.5
-989417640000.0 0.20996094 5.196596e-10 -4537026.5
-986349630000.0 0.20930989 5.196596e-10 -4537026.5
-983281760000.0 0.20865886 5.196596e-10 -4537026.5
-980213760000.0 0.20800781 5.801785e-10 -4179856.0
-977145760000.0 0.20735677 5.801785e-10 -4179856.0
-974077800000.0 0.20670573 5.801785e-10 -4179856.0
-971009950000.0 0.2060547 5.801785e-10 -4179856.0
-967941950000.0 0.20540364 6.2008576e-10 -3949450.2
-964873950000.0 0.2047526 6.2008576e-10 -3949450.2
-961806000000.0 0.20410156 6.2008576e-10 -3949450.2
-958738140000.0 0.20345053 6.2008576e-10 -3949450.2
-955670000000.0 0.20279947 6.7106964e-10 -3740409.0
-952602100000.0 0.20214844 6.7106964e-10 -3740409.0
-949534200000.0 0.2014974 6.7106964e-10 -3740409.0
-946466200000.0 0.20084636 6.7106964e-10 -3740409.0
-943398200000.0 0.20019531 7.06479e-10 -3565146.0
-940330250000.0 0.19954428 7.06479e-10 -3565146.0
-937262400000.0 0.19889325 7.06479e-10 -3565146.0
-934194300000.0 0.19824217 7.06479e-10 -3565146.0
-931126400000.0 0.19759114 7.6788875e-10 -3489745.5
-928058440000.0 0.19694011 7.6788875e-10 -3489745.5
-924990440000.0 0.19628906 7.6788875e-10 -3489745.5
-921922440000.0 0.19563802 7.6788875e-10 -3489745.5
-918854570000.0 0.19498698 8.073711e-10 -3420310.0
-915786600000.0 0.19433595 8.073711e-10 -3420310.0
-912718560000.0 0.19368488 8.073711e-10 -3420310.0
-909650600000.0 0.19303386 8.073711e-10 -3420310.0
-906582750000.0 0.19238283 8.864147e-10 -3501008.0
-903514750000.0 0.19173177 8.864147e-10 -3501008.0
-900446750000.0 0.19108072 8.864147e-10 -3501008.0
-897378800000.0 0.19042969 8.864147e-10 -3501008.0
-894310900000.0 0.18977866 9.219139e-10 -3547197.8
-891242800000.0 0.1891276 9.219139e-10 -3547197.8
-888174940000.0 0.18847656 9.219139e-10 -3547197.8
-885107000000.0 0.18782553 9.219139e-10 -3547197.8
-882039000000.0 0.18717448 9.509205e-10 -3861506.5
-878971000000.0 0.18652342 9.509205e-10 -3861506.5
-875903060000.0 0.1858724 9.509205e-10 -3861506.5
-872835200000.0 0.18522137 9.509205e-10 -3861506.5
-869767050000.0 0.1845703 9.137714e-10 -4160937.2
-866699200000.0 0.18391927 9.137714e-10 -4160937.2
-863631250000.0 0.18326823 9.137714e-10 -4160937.2
-860563240000.0 0.18261719 9.137714e-10 -4160937.2
-857495400000.0 0.18196616 8.8372665e-10 -4611990.5
-854427400000.0 0.18131511 8.8372665e-10 -4611990.5
-851359400000.0 0.18066408 8.8372665e-10 -4611990.5
-848291360000.0 0.180013 8.8372665e-10 -4611990.5
-845223400000.0 0.17936198 8.2183244e-10 -4983200.0
-842155560000.0 0.17871095 8.2183244e-10 -4983200.0
-839087400000.0 0.17805988 8.2183244e-10 -4983200.0
-836019700000.0 0.17740889 8.2183244e-10 -4983200.0
-832951600000.0 0.17675781 8.209297e-10 -5393175.5
-829883550000.0 0.17610675 8.209297e-10 -5393175.5
-826815800000.0 0.17545575 8.209297e-10 -5393175.5
-823747740000.0 0.17480469 8.209297e-10 -5393175.5
-820679600000.0 0.17415361 7.9632e-10 -5624244.5
-817611870000.0 0.17350262 7.9632e-10 -5624244.5
-814543800000.0 0.17285155 7.9632e-10 -5624244.5
-811475860000.0 0.17220053 7.9632e-10 -5624244.5
-808408000000.0 0.1715495 8.6098684e-10 -5462289.0
-805339860000.0 0.17089842 8.6098684e-10 -5462289.0
-802272000000.0 0.17024739 8.6098684e-10 -5462289.0
-799204050000.0 0.16959636 8.6098684e-10 -5462289.0
-796136000000.0 0.1689453 8.631137e-10 -5317416.0
-793068240000.0 0.1682943 8.631137e-10 -5317416.0
-790000200000.0 0.16764323 8.631137e-10 -5317416.0
-786932040000.0 0.16699216 8.631137e-10 -5317416.0
-783864370000.0 0.16634117 9.430213e-10 -4927363.0
-780796200000.0 0.1656901 9.430213e-10 -4927363.0
-777728160000.0 0.16503903 9.430213e-10 -4927363.0
-774660400000.0 0.16438805 9.430213e-10 -4927363.0
-771592360000.0 0.16373697 9.064767e-10 -5221783.0
-768524400000.0 0.16308594 9.064767e-10 -5221783.0
-765456500000.0 0.1624349 9.064767e-10 -5221783.0
-762388400000.0 0.16178384 9.064767e-10 -5221783.0
-759320540000.0 0.16113281 7.9978524e-10 -5706222.0
-756252600000.0 0.16048178 7.9978524e-10 -5706222.0
-753184540000.0 0.1598307 7.9978524e-10 -5706222.0
-750116800000.0 0.15917972 7.9978524e-10 -5706222.0
-747048670000.0 0.15852864 6.669211e-10 -6301575.0
-743980600000.0 0.15787758 6.669211e-10 -6301575.0
-740912860000.0 0.15722659 6.669211e-10 -6301575.0
-737844800000.0 0.15657552 6.669211e-10 -6301575.0
-734776700000.0 0.15592445 5.9779126e-10 -6664754.5
-731709000000.0 0.15527347 5.9779126e-10 -6664754.5
-728640850000.0 0.15462239 5.9779126e-10 -6664754.5
-725573000000.0 0.15397136 5.9779126e-10 -6664754.5
-722505040000.0 0.15332033 5.934966e-10 -6756937.0
-719437000000.0 0.15266925 5.934966e-10 -6756937.0
-716369040000.0 0.15201822 5.934966e-10 -6756937.0
-713301160000.0 0.1513672 5.934966e-10 -6756937.0
-710233000000.0 0.15071613 6.234059e-10 -6685540.5
-707165300000.0 0.15006512 6.234059e-10 -6685540.5
-704097200000.0 0.14941406 6.234059e-10 -6685540.5
-701029150000.0 0.148763 6.234059e-10 -6685540.5
-697961400000.0 0.148112 6.652529e-10 -6499827.0
-694893300000.0 0.14746092 6.652529e-10 -6499827.0
-691825200000.0 0.14680986 6.652529e-10 -6499827.0
-688757500000.0 0.14615887 6.652529e-10 -6499827.0
-685689400000.0 0.1455078 7.0155076e-10 -6263874.5
-682621500000.0 0.14485677 7.0155076e-10 -6263874.5
-679553600000.0 0.14420575 7.0155076e-10 -6263874.5
-676485460000.0 0.14355466 7.0155076e-10 -6263874.5
-673417600000.0 0.14290364 7.349074e-10 -6061721.0
-670349660000.0 0.14225261 7.349074e-10 -6061721.0
-667281600000.0 0.14160155 7.349074e-10 -6061721.0
-664213850000.0 0.14095055 7.349074e-10 -6061721.0
-661145800000.0 0.14029948 7.7840234e-10 -5911293.0
-658077650000.0 0.13964841 7.7840234e-10 -5911293.0
-655009900000.0 0.1389974 7.7840234e-10 -5911293.0
-651941840000.0 0.13834634 7.7840234e-10 -5911293.0
-648873800000.0 0.13769528 8.2662155e-10 -5745312.0
-645806000000.0 0.1370443 8.2662155e-10 -5745312.0
-642737960000.0 0.13639323 8.2662155e-10 -5745312.0
-639670000000.0 0.13574219 8.2662155e-10 -5745312.0
-636602100000.0 0.13509116 8.7322455e-10 -5517082.0
-633534000000.0 0.1344401 8.7322455e-10 -5517082.0
-630466100000.0 0.13378905 8.7322455e-10 -5517082.0
-627398200000.0 0.13313803 8.7322455e-10 -5517082.0
-624330150000.0 0.13248697 8.978064e-10 -5257568.5
-621262400000.0 0.13183598 8.978064e-10 -5257568.5
-618194300000.0 0.13118489 8.978064e-10 -5257568.5
-615126200000.0 0.13053383 8.978064e-10 -5257568.5
-612058460000.0 0.12988284 8.8690755e-10 -4976139.5
-608990400000.0 0.12923177 8.8690755e-10 -4976139.5
-605922260000.0 0.12858069 8.8690755e-10 -4976139.5
-602854600000.0 0.12792972 8.8690755e-10 -4976139.5
-599786460000.0 0.12727864 8.5390117e-10 -4739705.5
-596718600000.0 0.12662761 8.5390117e-10 -4739705.5
-593650650000.0 0.12597658 8.5390117e-10 -4739705.5
-590582600000.0 0.1253255 8.5390117e-10 -4739705.5
-587514640000.0 0.12467448 8.539631e-10 -4399501.0
-584446800000.0 0.12402345 8.539631e-10 -4399501.0
-581378640000.0 0.123372376 8.539631e-10 -4399501.0
-578310900000.0 0.12272138 8.539631e-10 -4399501.0
-575242800000.0 0.12207031 9.036599e-10 -3873013.8
-572174760000.0 0.12141925 9.036599e-10 -3873013.8
-569107000000.0 0.12076825 9.036599e-10 -3873013.8
-566038900000.0 0.12011717 9.036599e-10 -3873013.8
-562970800000.0 0.11946611 9.234188e-10 -3356236.8
-559903100000.0 0.118815124 9.234188e-10 -3356236.8
-556835000000.0 0.118164055 9.234188e-10 -3356236.8
-553767100000.0 0.11751302 9.234188e-10 -3356236.8
-550699200000.0 0.11686199 8.9145274e-10 -3152657.2
-547631100000.0 0.11621092 8.9145274e-10 -3152657.2
-544563200000.0 0.11555989 8.9145274e-10 -3152657.2
-541495260000.0 0.11490886 8.9145274e-10 -3152657.2
-538427200000.0 0.11425779 8.61138e-10 -3178933.8
-535359460000.0 0.113606796 8.61138e-10 -3178933.8
-532291350000.0 0.11295573 8.61138e-10 -3178933.8
-529223300000.0 0.11230466 8.61138e-10 -3178933.8
-526155550000.0 0.11165367 8.505826e-10 -3314892.5
-523087450000.0 0.1110026 8.505826e-10 -3314892.5
-520019350000.0 0.11035153 8.505826e-10 -3314892.5
-516951640000.0 0.10970054 8.505826e-10 -3314892.5
-513883540000.0 0.10904947 8.7766483e-10 -3371524.8
-510815630000.0 0.10839844 8.7766483e-10 -3371524.8
-507747730000.0 0.107747406 8.7766483e-10 -3371524.8
-504679630000.0 0.10709634 8.7766483e-10 -3371524.8
-501611720000.0 0.106445305 8.988794e-10 -3574883.8
-498543820000.0 0.10579427 8.988794e-10 -3574883.8
-495475720000.0 0.10514321 8.988794e-10 -3574883.8
-492407980000.0 0.10449222 8.988794e-10 -3574883.8
-489339900000.0 0.10384115 8.8632995e-10 -3867240.8
-486271800000.0 0.10319008 8.8632995e-10 -3867240.8
-483204070000.0 0.102539085 8.8632995e-10 -3867240.8
-480135970000.0 0.101888016 8.8632995e-10 -3867240.8
-477067900000.0 0.10123695 8.9318664e-10 -3958217.2
-474000160000.0 0.10058595 8.9318664e-10 -3958217.2
-470932060000.0 0.09993488 8.9318664e-10 -3958217.2
-467864160000.0 0.09928385 8.9318664e-10 -3958217.2
-464796250000.0 0.09863283 9.296039e-10 -3852048.8
