morphology_data/1d_wa_a0.1_l4r1_00001.ecsv
# %ECSV 1.0
# ---
# datatype:
# - {name: b, datatype: float32}
# - {name: phase, datatype: float32}
# - {name: sigma, datatype: float32}
# - {name: vr, datatype: float32}
# meta: {lambda: 4, rp: 1.0, sep: 0.1, wind: a}
# schema: astropy-2.0
b phase sigma vr
[from data line 607]
-984815960000.0 0.10449222 1.9382993e-09 -26050.213
-978679800000.0 0.10384115 2.320835e-09 437722.3
-972543600000.0 0.10319008 2.320835e-09 437722.3
-966408140000.0 0.102539085 2.320835e-09 437722.3
-960271940000.0 0.101888016 2.320835e-09 437722.3
-954135800000.0 0.10123695 2.847326e-09 967480.75
-948000300000.0 0.10058595 2.847326e-09 967480.75
-941864100000.0 0.09993488 2.847326e-09 967480.75
-935728300000.0 0.09928385 2.847326e-09 967480.75
-929592500000.0 0.09863283 3.2259773e-09 1351525.5
-923456300000.0 0.09798176 3.2259773e-09 1351525.5
-917320500000.0 0.09733073 3.2259773e-09 1351525.5
-911184700000.0 0.096679695 3.2259773e-09 1351525.5
-905048500000.0 0.096028626 3.89013e-09 1893261.6
-898913000000.0 0.09537763 3.89013e-09 1893261.6
-892776900000.0 0.09472656 3.89013e-09 1893261.6
-886640700000.0 0.09407549 3.89013e-09 1893261.6
-880505200000.0 0.0934245 4.6692716e-09 2464480.8
-874369060000.0 0.09277343 4.6692716e-09 2464480.8
-868232860000.0 0.09212236 4.6692716e-09 2464480.8
-862097400000.0 0.091471374 4.6692716e-09 2464480.8
-855961240000.0 0.090820305 4.372919e-09 2200834.8
-849825370000.0 0.09016927 4.372919e-09 2200834.8
-843689560000.0 0.08951824 4.372919e-09 2200834.8
-837553400000.0 0.08886717 4.372919e-09 2200834.8
-831417550000.0 0.08821614 3.3716658e-09 1651029.2
-825281740000.0 0.08756511 3.3716658e-09 1651029.2
-819145600000.0 0.08691404 3.3716658e-09 1651029.2
-813010100000.0 0.086263046 3.3716658e-09 1651029.2
-806873900000.0 0.08561198 2.846627e-09 1270676.1
-800737700000.0 0.08496091 2.846627e-09 1270676.1
-794602300000.0 0.08430992 2.846627e-09 1270676.1
-788466100000.0 0.08365885 2.846627e-09 1270676.1
-782330300000.0 0.08300782 2.8217415e-09 1412978.0
-776194500000.0 0.08235679 2.8217415e-09 1412978.0
-770058300000.0 0.08170572 2.7237903e-09 1365668.9
-763922500000.0 0.08105469 2.7237903e-09 1365668.9
-757786700000.0 0.080403656 2.8515479e-09 1394804.9
-751650500000.0 0.07975259 2.8515479e-09 1394804.9
-745515000000.0 0.07910159 2.9089278e-09 1409427.1
-739378800000.0 0.07845052 2.9089278e-09 1409427.1
-733242650000.0 0.077799454 2.9065668e-09 1239967.9
-727107200000.0 0.07714847 2.9065668e-09 1239967.9
-720971000000.0 0.07649739 2.9645253e-09 1182166.5
-714834840000.0 0.07584633 2.9645253e-09 1182166.5
-708699360000.0 0.075195335 3.3335923e-09 1383431.0
-702563160000.0 0.07454426 3.3335923e-09 1383431.0
-696427350000.0 0.073893234 3.862264e-09 1927401.0
-690291540000.0 0.0732422 3.862264e-09 1927401.0
-684155340000.0 0.07259113 4.249637e-09 2198145.5
-678019500000.0 0.0719401 4.249637e-09 2198145.5
-671883700000.0 0.07128907 4.359846e-09 2250060.5
-665747500000.0 0.070638 4.359846e-09 2250060.5
-659612040000.0 0.06998701 4.5805177e-09 2326952.8
-653475900000.0 0.069335945 4.5805177e-09 2326952.8
-647339700000.0 0.068684876 4.708876e-09 2422074.2
-641204200000.0 0.068033874 4.708876e-09 2422074.2
-635068100000.0 0.06738281 4.9430318e-09 2525779.5
-628931900000.0 0.06673174 4.9430318e-09 2525779.5
-622796400000.0 0.06608075 5.0882147e-09 2609923.2
-616660300000.0 0.06542969 5.0882147e-09 2609923.2
-610524400000.0 0.06477865 5.3773683e-09 2707588.2
-604388600000.0 0.06412762 5.3773683e-09 2707588.2
-598252450000.0 0.063476555 5.388014e-09 2691486.2
-592116600000.0 0.062825516 5.388014e-09 2691486.2
-585980800000.0 0.062174488 5.7134244e-09 2778444.2
-579844640000.0 0.061523426 5.7134244e-09 2778444.2
-573709160000.0 0.060872428 5.608223e-09 2675290.8
-567572960000.0 0.06022136 5.608223e-09 2675290.8
-561436750000.0 0.059570286 6.052255e-09 2804188.0
-555301340000.0 0.058919296 6.052255e-09 2804188.0
-549165140000.0 0.058268227 5.905764e-09 2642525.5
-543028970000.0 0.057617158 5.905764e-09 2642525.5
-536893500000.0 0.056966167 6.3219976e-09 2743778.0
-530757320000.0 0.056315098 6.3219976e-09 2743778.0
-524621480000.0 0.055664066 6.2835213e-09 2601301.0
-518485670000.0 0.055013034 6.2835213e-09 2601301.0
-512349500000.0 0.05436197 6.7283175e-09 2704167.5
-506213660000.0 0.053710938 6.7283175e-09 2704167.5
-500077850000.0 0.053059906 6.8807418e-09 2668174.5
-493941700000.0 0.052408837 6.8807418e-09 2668174.5
-487806200000.0 0.051757842 7.4150335e-09 2783644.0
-481670040000.0 0.051106777 7.4150335e-09 2783644.0
-475533840000.0 0.050455708 7.588281e-09 2744603.5
-469398400000.0 0.049804714 7.588281e-09 2744603.5
-463262220000.0 0.049153645 8.252005e-09 2885883.2
-457126020000.0 0.048502576 8.252005e-09 2885883.2
-450990570000.0 0.047851585 8.448198e-09 2842138.5
-444854370000.0 0.047200516 8.448198e-09 2842138.5
-438718560000.0 0.046549484 9.23392e-09 3005129.8
-432582750000.0 0.045898452 9.23392e-09 3005129.8
-426446550000.0 0.045247383 9.457418e-09 2956089.8
-420310750000.0 0.04459635 9.457418e-09 2956089.8
-414174940000.0 0.043945324 1.0316704e-08 3123325.8
-408038740000.0 0.043294255 1.0316704e-08 3123325.8
-401903300000.0 0.04264326 1.0573281e-08 3068462.5
-395767100000.0 0.04199219 1.0573281e-08 3068462.5
-389630920000.0 0.041341122 1.1314505e-08 3203309.5
-383495470000.0 0.04069013 1.1442885e-08 3178010.5
-377359270000.0 0.040039062 1.1605136e-08 3143288.8
-371223100000.0 0.039387994 1.1745046e-08 3116790.5
-365087620000.0 0.038736995 1.2198107e-08 3139532.8
-358951450000.0 0.03808593 1.2350091e-08 3111771.8
-352815640000.0 0.0374349 1.2536966e-08 3074728.0
-346679800000.0 0.03678387 1.2702396e-08 3045731.5
-340543640000.0 0.0361328 1.2902754e-08 2947935.5
-334407830000.0 0.035481773 1.30832625e-08 2918476.8
-328272000000.0 0.034830738 1.3300894e-08 2879931.0
-322135820000.0 0.03417967 1.3498376e-08 2849167.2
-316000340000.0 0.033528678 1.3576786e-08 2680238.8
-309864170000.0 0.03287761 1.3793453e-08 2649778.2
-303728000000.0 0.03222654 1.4049885e-08 2610550.2
-297592520000.0 0.031575546 1.4288333e-08 2578742.2
-291456350000.0 0.030924477 1.434119e-08 2382149.0
-285320200000.0 0.030273411 1.4604497e-08 2351243.2
-279184700000.0 0.029622415 1.4910878e-08 2311986.8
-273048520000.0 0.028971346 1.5202705e-08 2279724.0
-266912710000.0 0.028320316 1.5293324e-08 2092898.6
-260776890000.0 0.027669284 1.5618067e-08 2061746.6
-254640700000.0 0.027018217 1.5990302e-08 2022734.8
-248504880000.0 0.026367186 1.6353273e-08 1990230.0
-242369050000.0 0.025716154 1.6505373e-08 1811497.2
-236232880000.0 0.025065087 1.6913063e-08 1780413.9
-230097420000.0 0.024414092 1.7374553e-08 1742035.6
-223961240000.0 0.023763025 1.783503e-08 1709601.2
-217825070000.0 0.023111956 1.803659e-08 1535709.5
-211689600000.0 0.022460962 1.856009e-08 1505097.6
-205553420000.0 0.021809895 1.9147357e-08 1467828.8
-199417230000.0 0.021158826 1.9747771e-08 1435896.1
-193281770000.0 0.020507833 1.9939854e-08 1290036.0
-187145600000.0 0.019856764 2.0618781e-08 1260673.8
-181009780000.0 0.019205732 2.1376536e-08 1225244.1
-174873950000.0 0.018554702 2.216656e-08 1194570.8
-168737770000.0 0.017903633 2.270614e-08 1047575.9
-162601940000.0 0.017252602 2.3634648e-08 1019441.7
-156466140000.0 0.016601572 2.4670022e-08 985968.5
-150329950000.0 0.015950503 2.5775027e-08 956580.56
-144194490000.0 0.015299509 2.679322e-08 815340.6
-138058300000.0 0.014648439 2.8142539e-08 788829.9
-131922125000.0 0.013997372 2.9656293e-08 757758.56
-125786660000.0 0.013346379 3.1314453e-08 729990.4
-119650484000.0 0.012695311 3.2840443e-08 618243.75
-113514310000.0 0.012044242 3.4921477e-08 593662.0
-107378840000.0 0.011393248 3.72933e-08 565279.2
-101242670000.0 0.01074218 3.997389e-08 539416.5
-95106840000.0 0.010091149 4.276221e-08 452302.5
-88971020000.0 0.009440118 4.633013e-08 429397.34
-82834840000.0 0.008789049 5.052504e-08 403423.6
-76699020000.0 0.008138019 5.5485042e-08 379129.47
-70563200000.0 0.0074869874 6.161085e-08 314638.62
-64427020000.0 0.006835919 6.9017474e-08 292264.1
-58291556000.0 0.006184926 7.829937e-08 267593.4
-52155376000.0 0.0055338573 9.0205106e-08 243722.61
-46019200000.0 0.0048827888 1.0587112e-07 205180.64
-39883735000.0 0.0042317957 1.2770654e-07 181721.27
-33747554000.0 0.0035807267 1.6084937e-07 152107.12
-27611376000.0 0.0029296577 2.1229016e-07 126087.35
-21475912000.0 0.0022786648 3.0456448e-07 95767.95
-15339732000.0 0.0016275961 5.0877964e-07 67045.875
-9203911000.0 0.0009765653 1.2141188e-06 29701.158
9203911000.0 -0.0009765653 1.3141819e-06 -48497.246
15339732000.0 -0.0016275961 5.2991146e-07 -102751.31
21475912000.0 -0.0022786648 3.1304884e-07 -155540.95
27611376000.0 -0.0029296577 2.1677239e-07 -207966.2
33747554000.0 -0.0035807267 1.6364201e-07 -258655.34
39883735000.0 -0.0042317957 1.3104092e-07 -303104.72
46019200000.0 -0.0048827888 1.082254e-07 -352276.06
52155376000.0 -0.0055338573 9.182905e-08 -403174.84
58291556000.0 -0.006184926 7.952192e-08 -451387.6
64427020000.0 -0.006835919 6.996166e-08 -500422.53
70563200000.0 -0.0074869874 6.235415e-08 -547484.4
76699020000.0 -0.008138019 5.6477127e-08 -589821.56
82834840000.0 -0.008789049 5.1289902e-08 -636021.94
88971020000.0 -0.009440118 4.691733e-08 -683760.4
95106840000.0 -0.010091149 4.320909e-08 -728932.3
101242670000.0 -0.01074218 4.002775e-08 -776609.7
107378840000.0 -0.011393248 3.7254644e-08 -820735.6
113514310000.0 -0.012044242 3.4806142e-08 -867031.4
119650484000.0 -0.012695311 3.2660886e-08 -910046.2
125786660000.0 -0.013346379 3.0766948e-08 -953862.4
131922125000.0 -0.013997372 2.9062502e-08 -995634.1
138058300000.0 -0.014648439 2.750864e-08 -1040165.7
144194490000.0 -0.015299509 2.6124967e-08 -1080822.1
150329950000.0 -0.015950503 2.500349e-08 -1109178.9
156466140000.0 -0.016601572 2.3845747e-08 -1148733.0
162601940000.0 -0.017252602 2.2772777e-08 -1193675.2
168737770000.0 -0.017903633 2.1804304e-08 -1232071.0
174873950000.0 -0.018554702 2.0875213e-08 -1268493.1
181009780000.0 -0.019205732 2.005375e-08 -1305444.2
187145600000.0 -0.019856764 1.9323046e-08 -1358673.0
193281770000.0 -0.020507833 1.8618302e-08 -1394751.1
199417230000.0 -0.021158826 1.7711605e-08 -1441284.5
205553420000.0 -0.021809895 1.7111155e-08 -1475789.9
211689600000.0 -0.022460962 1.6584732e-08 -1528723.0
217825070000.0 -0.023111956 1.6060962e-08 -1562325.9
223961240000.0 -0.023763025 1.5469308e-08 -1608256.4
230097420000.0 -0.024414092 1.5008577e-08 -1641054.6
236232880000.0 -0.025065087 1.4643652e-08 -1708263.9
242369050000.0 -0.025716154 1.4235905e-08 -1740528.6
248504880000.0 -0.026367186 1.3785307e-08 -1791874.8
254640700000.0 -0.027018217 1.3422428e-08 -1823372.2
260776890000.0 -0.027669284 1.318312e-08 -1886453.4
266912710000.0 -0.028320316 1.28585675e-08 -1917052.0
273048520000.0 -0.028971346 1.2496255e-08 -1934800.8
279184700000.0 -0.029622415 1.2204694e-08 -1963761.9
285320200000.0 -0.030273411 1.1995519e-08 -1994447.8
291456350000.0 -0.030924477 1.1732551e-08 -2021868.8
297592520000.0 -0.031575546 1.1433052e-08 -2026935.5
303728000000.0 -0.03222654 1.1194988e-08 -2052593.2
309864170000.0 -0.03287761 1.1014458e-08 -2078196.8
316000340000.0 -0.033528678 1.0798196e-08 -2102367.5
322135820000.0 -0.03417967 1.055947e-08 -2119508.5
328272000000.0 -0.034830738 1.0362416e-08 -2142251.5
334407830000.0 -0.035481773 1.0210651e-08 -2170231.2
340543640000.0 -0.0361328 1.0030587e-08 -2191662.2
346679800000.0 -0.03678387 9.808847e-09 -2214505.5
352815640000.0 -0.0374349 9.64393e-09 -2234806.8
358951450000.0 -0.03808593 9.548355e-09 -2277578.0
365087620000.0 -0.038736995 9.39691e-09 -2296897.5
371223100000.0 -0.039387994 9.16563e-09 -2320538.8
377359270000.0 -0.040039062 9.026109e-09 -2338846.5
383495470000.0 -0.04069013 8.967405e-09 -2383444.2
389630920000.0 -0.041341122 8.839504e-09 -2400921.5
395767100000.0 -0.04199219 8.516798e-09 -2415479.2
401903300000.0 -0.04264326 8.516798e-09 -2415479.2
408038740000.0 -0.043294255 8.392502e-09 -2460769.0
414174940000.0 -0.043945324 8.392502e-09 -2460769.0
420310750000.0 -0.04459635 8.028013e-09 -2460036.5
426446550000.0 -0.045247383 8.028013e-09 -2460036.5
432582750000.0 -0.045898452 7.896981e-09 -2475982.5
438718560000.0 -0.046549484 7.896981e-09 -2475982.5
444854370000.0 -0.047200516 7.547686e-09 -2468319.8
450990570000.0 -0.047851585 7.547686e-09 -2468319.8
457126020000.0 -0.048502576 7.4124573e-09 -2473101.5
463262220000.0 -0.049153645 7.4124573e-09 -2473101.5
469398400000.0 -0.049804714 7.116788e-09 -2467206.0
475533840000.0 -0.050455708 7.116788e-09 -2467206.0
481670040000.0 -0.051106777 6.966876e-09 -2454026.5
487806200000.0 -0.051757842 6.966876e-09 -2454026.5
493941700000.0 -0.052408837 6.726435e-09 -2444942.5
500077850000.0 -0.053059906 6.726435e-09 -2444942.5
506213660000.0 -0.053710938 6.5612245e-09 -2413495.0
512349500000.0 -0.05436197 6.5612245e-09 -2413495.0
518485670000.0 -0.055013034 6.3544743e-09 -2400993.2
524621480000.0 -0.055664066 6.3544743e-09 -2400993.2
530757320000.0 -0.056315098 6.194992e-09 -2368133.5
536893500000.0 -0.056966167 6.194992e-09 -2368133.5
543028970000.0 -0.057617158 6.0217933e-09 -2375530.8
549165140000.0 -0.058268227 6.0217933e-09 -2375530.8
555301340000.0 -0.058919296 5.912495e-09 -2379627.0
561436750000.0 -0.059570286 5.912495e-09 -2379627.0
567572960000.0 -0.06022136 5.923117e-09 -2482410.5
573709160000.0 -0.060872428 5.923117e-09 -2482410.5
579844640000.0 -0.061523426 6.1931598e-09 -2614166.2
585980800000.0 -0.062174488 6.1931598e-09 -2614166.2
592116600000.0 -0.062825516 6.359645e-09 -2627180.8
598252450000.0 -0.063476555 6.359645e-09 -2627180.8
604388600000.0 -0.06412762 6.309144e-09 -2507425.5
610524400000.0 -0.06477865 6.309144e-09 -2507425.5
616660300000.0 -0.06542969 6.2023786e-09 -2451635.8
622796400000.0 -0.06608075 6.2023786e-09 -2451635.8
628931900000.0 -0.06673174 6.159179e-09 -2444504.0
635068100000.0 -0.06738281 6.159179e-09 -2444504.0
641204200000.0 -0.068033874 6.9777846e-09 -1817676.0
647339700000.0 -0.068684876 6.9777846e-09 -1817676.0
653475900000.0 -0.069335945 7.0634805e-09 -1779550.4
659612040000.0 -0.06998701 7.0634805e-09 -1779550.4
665747500000.0 -0.070638 8.03374e-09 -1025699.44
671883700000.0 -0.07128907 8.03374e-09 -1025699.44
678019500000.0 -0.0719401 8.402542e-09 -999610.0
684155340000.0 -0.07259113 8.402542e-09 -999610.0
690291540000.0 -0.0732422 8.452052e-09 -1058724.1
696427350000.0 -0.073893234 8.452052e-09 -1058724.1
702563160000.0 -0.07454426 9.091616e-09 -1060554.2
708699360000.0 -0.075195335 9.091616e-09 -1060554.2
714834840000.0 -0.07584633 8.863673e-09 -1462843.0
720971000000.0 -0.07649739 8.863673e-09 -1462843.0
727107200000.0 -0.07714847 9.123871e-09 -1586913.0
733242650000.0 -0.077799454 9.123871e-09 -1586913.0
739378800000.0 -0.07845052 8.834377e-09 -2061825.6
745515000000.0 -0.07910159 8.834377e-09 -2061825.6
751650500000.0 -0.07975259 8.973072e-09 -2056344.0
757786700000.0 -0.080403656 8.973072e-09 -2056344.0
763922500000.0 -0.08105469 8.81092e-09 -2250047.2
770058300000.0 -0.08170572 8.81092e-09 -2250047.2
776194500000.0 -0.08235679 9.0706465e-09 -2220777.8
782330300000.0 -0.08300782 9.0706465e-09 -2220777.8
788466100000.0 -0.08365885 9.357063e-09 -2245140.5
794602300000.0 -0.08430992 9.357063e-09 -2245140.5
800737700000.0 -0.08496091 9.357063e-09 -2245140.5
806873900000.0 -0.08561198 9.357063e-09 -2245140.5
813010100000.0 -0.086263046 8.103766e-09 -2340943.2
819145600000.0 -0.08691404 8.103766e-09 -2340943.2
825281740000.0 -0.08756511 8.103766e-09 -2340943.2
831417550000.0 -0.08821614 8.103766e-09 -2340943.2
837553400000.0 -0.08886717 7.2267263e-09 -2438442.8
843689560000.0 -0.08951824 7.2267263e-09 -2438442.8
849825370000.0 -0.09016927 7.2267263e-09 -2438442.8
855961240000.0 -0.090820305 7.2267263e-09 -2438442.8
862097400000.0 -0.091471374 7.825364e-09 -2464653.0
868232860000.0 -0.09212236 7.825364e-09 -2464653.0
874369060000.0 -0.09277343 7.825364e-09 -2464653.0
880505200000.0 -0.0934245 7.825364e-09 -2464653.0
886640700000.0 -0.09407549 7.506646e-09 -2427049.5
892776900000.0 -0.09472656 7.506646e-09 -2427049.5
898913000000.0 -0.09537763 7.506646e-09 -2427049.5
905048500000.0 -0.096028626 7.506646e-09 -2427049.5
911184700000.0 -0.096679695 6.7716215e-09 -2324247.2
917320500000.0 -0.09733073 6.7716215e-09 -2324247.2
923456300000.0 -0.09798176 6.7716215e-09 -2324247.2
929592500000.0 -0.09863283 6.7716215e-09 -2324247.2
