morphology_data/1d_wa_a0.025_l4r2_00001.ecsv
# %ECSV 1.0
# ---
# datatype:
# - {name: b, datatype: float32}
# - {name: phase, datatype: float32}
# - {name: sigma, datatype: float32}
# - {name: vr, datatype: float32}
# meta: {lambda: 4, rp: 2.0, sep: 0.025, wind: a}
# schema: astropy-2.0
b phase sigma vr
[from data line 1260]
783097140000.0 -0.33235672 4.723022e-09 5529443.0
784631200000.0 -0.3330078 4.723022e-09 5529443.0
786165200000.0 -0.33365887 5.3131455e-09 5588832.0
787699100000.0 -0.33430985 5.3131455e-09 5588832.0
789233140000.0 -0.33496094 5.3131455e-09 5588832.0
790767200000.0 -0.335612 5.3131455e-09 5588832.0
792301000000.0 -0.336263 5.1753823e-09 5614004.0
793835100000.0 -0.33691406 5.1753823e-09 5614004.0
795369140000.0 -0.33756512 5.1753823e-09 5614004.0
796903000000.0 -0.33821613 5.1753823e-09 5614004.0
798437000000.0 -0.3388672 4.767089e-09 5814180.5
799971100000.0 -0.33951825 4.767089e-09 5814180.5
801504950000.0 -0.34016925 4.767089e-09 5814180.5
803039000000.0 -0.3408203 4.767089e-09 5814180.5
804573000000.0 -0.3414714 4.277955e-09 6242433.0
806106900000.0 -0.34212238 4.277955e-09 6242433.0
807640760000.0 -0.34277338 4.277955e-09 6242433.0
809175000000.0 -0.34342453 4.277955e-09 6242433.0
810708900000.0 -0.3440755 4.188552e-09 6363379.0
812242700000.0 -0.3447265 4.188552e-09 6363379.0
813776960000.0 -0.34537765 4.188552e-09 6363379.0
815310800000.0 -0.34602866 4.188552e-09 6363379.0
816844700000.0 -0.34667963 4.310777e-09 6423844.5
818378900000.0 -0.34733078 4.310777e-09 6423844.5
819912800000.0 -0.34798178 4.310777e-09 6423844.5
821446640000.0 -0.34863275 4.310777e-09 6423844.5
822980840000.0 -0.3492839 4.5022412e-09 6577248.5
824514700000.0 -0.3499349 4.5022412e-09 6577248.5
826048600000.0 -0.3505859 4.5022412e-09 6577248.5
827582640000.0 -0.35123697 4.5022412e-09 6577248.5
829116700000.0 -0.35188803 4.7491024e-09 6709525.0
830650600000.0 -0.35253903 4.7491024e-09 6709525.0
832184600000.0 -0.3531901 4.7491024e-09 6709525.0
833718650000.0 -0.35384116 4.7491024e-09 6709525.0
835252500000.0 -0.35449216 4.9660462e-09 7044807.0
836786600000.0 -0.35514322 4.9660462e-09 7044807.0
838320600000.0 -0.3557943 4.9660462e-09 7044807.0
839854460000.0 -0.35644528 4.9660462e-09 7044807.0
841388500000.0 -0.35709634 5.0589066e-09 7534338.0
842922500000.0 -0.35774744 5.0589066e-09 7534338.0
844456400000.0 -0.3583984 5.0589066e-09 7534338.0
845990460000.0 -0.3590495 5.0589066e-09 7534338.0
847524500000.0 -0.35970056 5.2556848e-09 7994941.0
849058400000.0 -0.36035156 5.2556848e-09 7994941.0
850592300000.0 -0.36100253 5.2556848e-09 7994941.0
852126470000.0 -0.3616537 5.2556848e-09 7994941.0
853660340000.0 -0.3623047 5.3704636e-09 8259949.0
855194200000.0 -0.36295566 5.3704636e-09 8259949.0
856728400000.0 -0.3636068 5.3704636e-09 8259949.0
858262300000.0 -0.3642578 5.3704636e-09 8259949.0
859796140000.0 -0.3649088 3.5083714e-09 7686540.0
861330400000.0 -0.36555994 3.5083714e-09 7686540.0
862864200000.0 -0.36621094 3.5083714e-09 7686540.0
864398100000.0 -0.36686194 3.5083714e-09 7686540.0
865932350000.0 -0.3675131 7.2544026e-10 4609344.5
867466200000.0 -0.36816406 7.2544026e-10 4609344.5
869000100000.0 -0.36881506 7.2544026e-10 4609344.5
870534100000.0 -0.36946613 7.2544026e-10 4609344.5
872068150000.0 -0.3701172 1.480869e-11 1787562.6
873602000000.0 -0.3707682 1.480869e-11 1787562.6
875136100000.0 -0.37141925 1.480869e-11 1787562.6
876670100000.0 -0.37207034 1.480869e-11 1787562.6
878203960000.0 -0.3727213 nan nan
879738000000.0 -0.3733724 nan nan
881272100000.0 -0.37402347 nan nan
882805900000.0 -0.37467447 nan nan
884339970000.0 -0.37532553 nan nan
885874000000.0 -0.3759766 nan nan
887407900000.0 -0.3766276 nan nan
888941900000.0 -0.37727866 nan nan
890476000000.0 -0.37792972 nan nan
892009840000.0 -0.37858072 nan nan
893543700000.0 -0.37923172 nan nan
895077900000.0 -0.37988284 nan nan
896611800000.0 -0.38053384 nan nan
898145650000.0 -0.38118485 nan nan
899679900000.0 -0.381836 nan nan
901213800000.0 -0.38248697 nan nan
902747600000.0 -0.38313797 nan nan
904281850000.0 -0.38378912 nan nan
905815700000.0 -0.3844401 nan nan
907349600000.0 -0.3850911 nan nan
908883800000.0 -0.38574225 nan nan
910417660000.0 -0.38639325 nan nan
911951500000.0 -0.38704422 nan nan
913485600000.0 -0.3876953 nan nan
915019600000.0 -0.38834637 nan nan
916553470000.0 -0.38899738 nan nan
918087500000.0 -0.38964844 nan nan
919621600000.0 -0.3902995 nan nan
921155500000.0 -0.3909505 nan nan
922689500000.0 -0.39160156 nan nan
924223540000.0 -0.39225262 nan nan
925757400000.0 -0.39290363 nan nan
927291400000.0 -0.3935547 nan nan
928825500000.0 -0.39420575 nan nan
930359350000.0 -0.39485675 nan nan
931893400000.0 -0.3955078 nan nan
933427400000.0 -0.3961589 nan nan
934961300000.0 -0.39680988 nan nan
936495150000.0 -0.39746088 nan nan
938029400000.0 -0.39811203 nan nan
939563300000.0 -0.398763 nan nan
941097160000.0 -0.399414 nan nan
942631350000.0 -0.40006515 nan nan
944165200000.0 -0.40071616 nan nan
945699100000.0 -0.40136713 nan nan
947233300000.0 -0.40201828 nan nan
948767160000.0 -0.40266928 nan nan
950301000000.0 -0.40332028 nan nan
951835200000.0 -0.4039714 nan nan
953369100000.0 -0.4046224 nan nan
954903000000.0 -0.4052734 nan nan
956437040000.0 -0.40592447 nan nan
957971100000.0 -0.40657553 nan nan
959505000000.0 -0.40722653 nan nan
961039000000.0 -0.4078776 nan nan
962573040000.0 -0.40852866 nan nan
964106900000.0 -0.40917966 nan nan
965641000000.0 -0.40983072 nan nan
967175000000.0 -0.4104818 nan nan
968708850000.0 -0.41113278 nan nan
970242900000.0 -0.41178387 nan nan
971776900000.0 -0.41243494 nan nan
973310800000.0 -0.4130859 nan nan
974844850000.0 -0.413737 nan nan
976378900000.0 -0.41438806 nan nan
977912800000.0 -0.41503906 nan nan
979446660000.0 -0.41569003 nan nan
980980860000.0 -0.4163412 nan nan
982514700000.0 -0.4169922 nan nan
984048600000.0 -0.4176432 nan nan
985582800000.0 -0.4182943 nan nan
987116670000.0 -0.4189453 nan nan
988650540000.0 -0.4195963 nan nan
990184800000.0 -0.42024744 nan nan
991718700000.0 -0.42089844 nan nan
993252500000.0 -0.42154944 nan nan
994786740000.0 -0.4222006 nan nan
996320600000.0 -0.42285156 nan nan
997854500000.0 -0.42350256 nan nan
999388500000.0 -0.42415363 nan nan
1000922550000.0 -0.42480472 nan nan
1002456400000.0 -0.4254557 nan nan
1003990500000.0 -0.42610675 nan nan
1005524500000.0 -0.42675784 nan nan
1007058350000.0 -0.4274088 nan nan
1008592400000.0 -0.4280599 nan nan
1010126500000.0 -0.42871097 nan nan
1011660360000.0 -0.42936197 nan nan
1013194360000.0 -0.43001303 nan nan
1014728400000.0 -0.4306641 nan nan
1016262300000.0 -0.4313151 nan nan
1017796300000.0 -0.43196616 nan nan
1019330360000.0 -0.43261722 1.0277637e-11 1434511.8
1020864230000.0 -0.43326822 1.0277637e-11 1434511.8
1022398100000.0 -0.43391922 1.0277637e-11 1434511.8
1023932300000.0 -0.43457034 1.0277637e-11 1434511.8
1025466200000.0 -0.43522134 1.1155804e-11 1340747.1
1027000040000.0 -0.43587235 1.1155804e-11 1340747.1
1028534300000.0 -0.4365235 1.1155804e-11 1340747.1
1030068200000.0 -0.43717447 1.1155804e-11 1340747.1
1031602040000.0 -0.43782547 1.2086536e-11 1216021.6
1033136240000.0 -0.43847662 1.2086536e-11 1216021.6
1034670100000.0 -0.43912762 1.2086536e-11 1216021.6
1036204000000.0 -0.4397786 1.2086536e-11 1216021.6
1037738200000.0 -0.44042975 1.2928304e-11 1043227.94
1039272050000.0 -0.44108075 1.2928304e-11 1043227.94
1040805900000.0 -0.44173172 1.2928304e-11 1043227.94
1042340000000.0 -0.4423828 1.2928304e-11 1043227.94
1043874000000.0 -0.44303387 1.3597827e-11 821665.8
1045407860000.0 -0.44368488 1.3597827e-11 821665.8
1046941900000.0 -0.44433594 1.3597827e-11 821665.8
1048476000000.0 -0.444987 1.3597827e-11 821665.8
1050009860000.0 -0.445638 1.4085043e-11 604338.8
1051543860000.0 -0.44628906 1.4085043e-11 604338.8
1053077900000.0 -0.44694012 1.4085043e-11 604338.8
1054611800000.0 -0.44759113 1.4085043e-11 604338.8
1056145870000.0 -0.4482422 1.458659e-11 427002.9
1057679900000.0 -0.44889325 1.458659e-11 427002.9
1059213740000.0 -0.44954425 1.458659e-11 427002.9
1060747800000.0 -0.4501953 1.458659e-11 427002.9
1062281800000.0 -0.4508464 1.5283249e-11 356073.94
1063815700000.0 -0.45149738 1.5283249e-11 356073.94
1065349550000.0 -0.45214838 1.5283249e-11 356073.94
1066883800000.0 -0.45279953 1.5283249e-11 356073.94
1068417700000.0 -0.45345053 1.6288453e-11 458125.34
1069951550000.0 -0.4541015 1.6288453e-11 458125.34
1071485750000.0 -0.45475265 1.6288453e-11 458125.34
1073019600000.0 -0.45540366 1.6288453e-11 458125.34
1074553500000.0 -0.45605463 1.7632664e-11 675595.8
1076087700000.0 -0.45670578 1.7632664e-11 675595.8
1077621560000.0 -0.45735678 1.7632664e-11 675595.8
1079155400000.0 -0.45800778 1.7632664e-11 675595.8
1080689700000.0 -0.4586589 1.903681e-11 861197.3
1082223500000.0 -0.4593099 1.903681e-11 861197.3
1083757360000.0 -0.4599609 1.903681e-11 861197.3
1085291400000.0 -0.46061197 1.903681e-11 861197.3
1086825500000.0 -0.46126303 2.0038143e-11 861565.2
1088359370000.0 -0.46191403 2.0038143e-11 861565.2
1089893400000.0 -0.4625651 2.0038143e-11 861565.2
1091427430000.0 -0.46321616 2.0038143e-11 861565.2
1092961300000.0 -0.46386716 2.0685028e-11 772192.44
1094495400000.0 -0.46451822 2.0685028e-11 772192.44
1096029400000.0 -0.4651693 2.0685028e-11 772192.44
1097563240000.0 -0.46582028 2.0685028e-11 772192.44
1099097300000.0 -0.46647137 2.1029838e-11 707731.06
1100631400000.0 -0.46712244 2.1029838e-11 707731.06
1102165200000.0 -0.46777344 2.1029838e-11 707731.06
1103699200000.0 -0.4684245 2.1029838e-11 707731.06
1105233300000.0 -0.46907556 2.1056119e-11 755715.44
1106767100000.0 -0.4697265 2.1056119e-11 755715.44
1108301000000.0 -0.47037753 2.1056119e-11 755715.44
1109835300000.0 -0.4710287 2.1056119e-11 755715.44
1111369200000.0 -0.47167972 2.1101128e-11 854402.25
1112903000000.0 -0.4723307 2.1101128e-11 854402.25
1114437200000.0 -0.4729818 2.1101128e-11 854402.25
1115971100000.0 -0.47363284 2.1101128e-11 854402.25
1117504900000.0 -0.4742838 2.1376812e-11 942015.3
1119039100000.0 -0.47493497 2.1376812e-11 942015.3
1120573000000.0 -0.47558594 2.1376812e-11 942015.3
1122106900000.0 -0.47623694 2.1376812e-11 942015.3
1123641000000.0 -0.47688803 2.1913499e-11 1001696.56
1125175000000.0 -0.47753906 2.1913499e-11 1001696.56
1126708800000.0 -0.47819003 2.1913499e-11 1001696.56
1128242900000.0 -0.47884113 2.1913499e-11 1001696.56
1129777000000.0 -0.47949222 2.2687697e-11 1070351.1
1131310900000.0 -0.48014325 2.2687697e-11 1070351.1
1132844800000.0 -0.48079422 2.2687697e-11 1070351.1
1134378900000.0 -0.48144534 2.2687697e-11 1070351.1
1135912800000.0 -0.48209637 2.3862468e-11 1146043.2
1137446700000.0 -0.48274735 2.3862468e-11 1146043.2
1138980800000.0 -0.48339847 2.3862468e-11 1146043.2
1140514800000.0 -0.48404947 2.3862468e-11 1146043.2
1142048800000.0 -0.48470056 2.543742e-11 1229808.6
1143582800000.0 -0.48535156 2.543742e-11 1229808.6
1145116700000.0 -0.4860026 2.543742e-11 1229808.6
1146650800000.0 -0.48665366 2.543742e-11 1229808.6
1148184800000.0 -0.48730478 2.7172653e-11 1345455.1
1149718600000.0 -0.48795572 2.7172653e-11 1345455.1
1151252600000.0 -0.48860675 2.7172653e-11 1345455.1
1152786800000.0 -0.48925787 2.7172653e-11 1345455.1
1154320600000.0 -0.48990884 2.8769487e-11 1483283.5
1155854500000.0 -0.49055988 2.8769487e-11 1483283.5
1157388700000.0 -0.491211 2.8769487e-11 1483283.5
1158922500000.0 -0.49186197 2.8769487e-11 1483283.5
1160456400000.0 -0.49251297 2.9944158e-11 1627388.5
1161990600000.0 -0.49316412 2.9944158e-11 1627388.5
1163524400000.0 -0.49381506 2.9944158e-11 1627388.5
1165058400000.0 -0.4944661 2.9944158e-11 1627388.5
1166592600000.0 -0.49511725 3.068339e-11 1740595.2
1168126500000.0 -0.49576828 3.068339e-11 1740595.2
1169660300000.0 -0.49641922 3.068339e-11 1740595.2
1171194400000.0 -0.4970703 3.068339e-11 1740595.2
1172728400000.0 -0.49772137 3.0536768e-11 1824043.6
1174262300000.0 -0.49837238 3.0536768e-11 1824043.6
1175796300000.0 -0.49902344 3.0536768e-11 1824043.6
1177330400000.0 -0.4996745 3.0536768e-11 1824043.6
