morphology_data/1d_wb_a0.025_l8r0.5_00001.ecsv
# %ECSV 1.0
# ---
# datatype:
# - {name: b, datatype: float32}
# - {name: phase, datatype: float32}
# - {name: sigma, datatype: float32}
# - {name: vr, datatype: float32}
# meta: {lambda: 8, rp: 0.5, sep: 0.025, wind: b}
# schema: astropy-2.0
b phase sigma vr
[from data line 1327]
864398100000.0 -0.36686194 5.3931522e-11 1481431.2
865932350000.0 -0.3675131 1.80523e-11 -140956.3
867466200000.0 -0.36816406 1.80523e-11 -140956.3
869000100000.0 -0.36881506 1.80523e-11 -140956.3
870534100000.0 -0.36946613 1.80523e-11 -140956.3
872068150000.0 -0.3701172 nan nan
873602000000.0 -0.3707682 nan nan
875136100000.0 -0.37141925 nan nan
876670100000.0 -0.37207034 nan nan
878203960000.0 -0.3727213 nan nan
879738000000.0 -0.3733724 nan nan
881272100000.0 -0.37402347 nan nan
882805900000.0 -0.37467447 nan nan
884339970000.0 -0.37532553 nan nan
885874000000.0 -0.3759766 nan nan
887407900000.0 -0.3766276 nan nan
888941900000.0 -0.37727866 nan nan
890476000000.0 -0.37792972 nan nan
892009840000.0 -0.37858072 nan nan
893543700000.0 -0.37923172 nan nan
895077900000.0 -0.37988284 nan nan
896611800000.0 -0.38053384 nan nan
898145650000.0 -0.38118485 nan nan
899679900000.0 -0.381836 nan nan
901213800000.0 -0.38248697 nan nan
902747600000.0 -0.38313797 nan nan
904281850000.0 -0.38378912 nan nan
905815700000.0 -0.3844401 nan nan
907349600000.0 -0.3850911 nan nan
908883800000.0 -0.38574225 nan nan
910417660000.0 -0.38639325 nan nan
911951500000.0 -0.38704422 nan nan
913485600000.0 -0.3876953 nan nan
915019600000.0 -0.38834637 nan nan
916553470000.0 -0.38899738 nan nan
918087500000.0 -0.38964844 nan nan
919621600000.0 -0.3902995 nan nan
921155500000.0 -0.3909505 nan nan
922689500000.0 -0.39160156 nan nan
924223540000.0 -0.39225262 nan nan
925757400000.0 -0.39290363 nan nan
927291400000.0 -0.3935547 nan nan
928825500000.0 -0.39420575 nan nan
930359350000.0 -0.39485675 nan nan
931893400000.0 -0.3955078 nan nan
933427400000.0 -0.3961589 nan nan
934961300000.0 -0.39680988 nan nan
936495150000.0 -0.39746088 nan nan
938029400000.0 -0.39811203 nan nan
939563300000.0 -0.398763 nan nan
941097160000.0 -0.399414 nan nan
942631350000.0 -0.40006515 nan nan
944165200000.0 -0.40071616 nan nan
945699100000.0 -0.40136713 nan nan
947233300000.0 -0.40201828 nan nan
948767160000.0 -0.40266928 nan nan
950301000000.0 -0.40332028 nan nan
951835200000.0 -0.4039714 nan nan
953369100000.0 -0.4046224 nan nan
954903000000.0 -0.4052734 nan nan
956437040000.0 -0.40592447 nan nan
957971100000.0 -0.40657553 nan nan
959505000000.0 -0.40722653 nan nan
961039000000.0 -0.4078776 nan nan
962573040000.0 -0.40852866 nan nan
964106900000.0 -0.40917966 nan nan
965641000000.0 -0.40983072 nan nan
967175000000.0 -0.4104818 nan nan
968708850000.0 -0.41113278 nan nan
970242900000.0 -0.41178387 nan nan
971776900000.0 -0.41243494 nan nan
973310800000.0 -0.4130859 nan nan
974844850000.0 -0.413737 nan nan
976378900000.0 -0.41438806 nan nan
977912800000.0 -0.41503906 nan nan
979446660000.0 -0.41569003 nan nan
980980860000.0 -0.4163412 nan nan
982514700000.0 -0.4169922 nan nan
984048600000.0 -0.4176432 nan nan
985582800000.0 -0.4182943 nan nan
987116670000.0 -0.4189453 nan nan
988650540000.0 -0.4195963 nan nan
990184800000.0 -0.42024744 nan nan
991718700000.0 -0.42089844 nan nan
993252500000.0 -0.42154944 nan nan
994786740000.0 -0.4222006 nan nan
996320600000.0 -0.42285156 nan nan
997854500000.0 -0.42350256 nan nan
999388500000.0 -0.42415363 nan nan
1000922550000.0 -0.42480472 nan nan
1002456400000.0 -0.4254557 nan nan
1003990500000.0 -0.42610675 nan nan
1005524500000.0 -0.42675784 nan nan
1007058350000.0 -0.4274088 nan nan
1008592400000.0 -0.4280599 nan nan
1010126500000.0 -0.42871097 nan nan
1011660360000.0 -0.42936197 nan nan
1013194360000.0 -0.43001303 nan nan
1014728400000.0 -0.4306641 nan nan
1016262300000.0 -0.4313151 nan nan
1017796300000.0 -0.43196616 nan nan
1019330360000.0 -0.43261722 nan nan
1020864230000.0 -0.43326822 nan nan
1022398100000.0 -0.43391922 nan nan
1023932300000.0 -0.43457034 nan nan
1025466200000.0 -0.43522134 nan nan
1027000040000.0 -0.43587235 nan nan
1028534300000.0 -0.4365235 nan nan
1030068200000.0 -0.43717447 nan nan
1031602040000.0 -0.43782547 nan nan
1033136240000.0 -0.43847662 nan nan
1034670100000.0 -0.43912762 nan nan
1036204000000.0 -0.4397786 nan nan
1037738200000.0 -0.44042975 nan nan
1039272050000.0 -0.44108075 nan nan
1040805900000.0 -0.44173172 nan nan
1042340000000.0 -0.4423828 nan nan
1043874000000.0 -0.44303387 nan nan
1045407860000.0 -0.44368488 nan nan
1046941900000.0 -0.44433594 nan nan
1048476000000.0 -0.444987 nan nan
1050009860000.0 -0.445638 nan nan
1051543860000.0 -0.44628906 nan nan
1053077900000.0 -0.44694012 nan nan
1054611800000.0 -0.44759113 nan nan
1056145870000.0 -0.4482422 nan nan
1057679900000.0 -0.44889325 nan nan
1059213740000.0 -0.44954425 nan nan
1060747800000.0 -0.4501953 nan nan
1062281800000.0 -0.4508464 nan nan
1063815700000.0 -0.45149738 nan nan
1065349550000.0 -0.45214838 nan nan
1066883800000.0 -0.45279953 nan nan
1068417700000.0 -0.45345053 nan nan
1069951550000.0 -0.4541015 nan nan
1071485750000.0 -0.45475265 nan nan
1073019600000.0 -0.45540366 nan nan
1074553500000.0 -0.45605463 nan nan
1076087700000.0 -0.45670578 nan nan
1077621560000.0 -0.45735678 nan nan
1079155400000.0 -0.45800778 nan nan
1080689700000.0 -0.4586589 nan nan
1082223500000.0 -0.4593099 nan nan
1083757360000.0 -0.4599609 nan nan
1085291400000.0 -0.46061197 nan nan
1086825500000.0 -0.46126303 nan nan
1088359370000.0 -0.46191403 nan nan
1089893400000.0 -0.4625651 nan nan
1091427430000.0 -0.46321616 nan nan
1092961300000.0 -0.46386716 nan nan
1094495400000.0 -0.46451822 nan nan
1096029400000.0 -0.4651693 nan nan
1097563240000.0 -0.46582028 nan nan
1099097300000.0 -0.46647137 nan nan
1100631400000.0 -0.46712244 nan nan
1102165200000.0 -0.46777344 nan nan
1103699200000.0 -0.4684245 nan nan
1105233300000.0 -0.46907556 nan nan
1106767100000.0 -0.4697265 nan nan
1108301000000.0 -0.47037753 nan nan
1109835300000.0 -0.4710287 nan nan
1111369200000.0 -0.47167972 nan nan
1112903000000.0 -0.4723307 nan nan
1114437200000.0 -0.4729818 nan nan
1115971100000.0 -0.47363284 nan nan
1117504900000.0 -0.4742838 nan nan
1119039100000.0 -0.47493497 nan nan
1120573000000.0 -0.47558594 nan nan
1122106900000.0 -0.47623694 nan nan
1123641000000.0 -0.47688803 nan nan
1125175000000.0 -0.47753906 nan nan
1126708800000.0 -0.47819003 nan nan
1128242900000.0 -0.47884113 nan nan
1129777000000.0 -0.47949222 nan nan
1131310900000.0 -0.48014325 nan nan
1132844800000.0 -0.48079422 nan nan
1134378900000.0 -0.48144534 nan nan
1135912800000.0 -0.48209637 nan nan
1137446700000.0 -0.48274735 nan nan
1138980800000.0 -0.48339847 nan nan
1140514800000.0 -0.48404947 nan nan
1142048800000.0 -0.48470056 nan nan
1143582800000.0 -0.48535156 nan nan
1145116700000.0 -0.4860026 nan nan
1146650800000.0 -0.48665366 nan nan
1148184800000.0 -0.48730478 nan nan
1149718600000.0 -0.48795572 nan nan
1151252600000.0 -0.48860675 nan nan
1152786800000.0 -0.48925787 nan nan
1154320600000.0 -0.48990884 nan nan
1155854500000.0 -0.49055988 nan nan
1157388700000.0 -0.491211 nan nan
1158922500000.0 -0.49186197 nan nan
1160456400000.0 -0.49251297 nan nan
1161990600000.0 -0.49316412 nan nan
1163524400000.0 -0.49381506 nan nan
1165058400000.0 -0.4944661 nan nan
1166592600000.0 -0.49511725 nan nan
1168126500000.0 -0.49576828 nan nan
1169660300000.0 -0.49641922 nan nan
1171194400000.0 -0.4970703 nan nan
1172728400000.0 -0.49772137 nan nan
1174262300000.0 -0.49837238 nan nan
1175796300000.0 -0.49902344 nan nan
1177330400000.0 -0.4996745 nan nan
