morphology_data/1d_wa_a0.1_l2r2_00001.ecsv
# %ECSV 1.0
# ---
# datatype:
# - {name: b, datatype: float32}
# - {name: phase, datatype: float32}
# - {name: sigma, datatype: float32}
# - {name: vr, datatype: float32}
# meta: {lambda: 2, rp: 2.0, sep: 0.1, wind: a}
# schema: astropy-2.0
b phase sigma vr
[from data line 305]
-2837864500000.0 0.30110675 2.7598504e-10 -6377838.5
-2831728500000.0 0.30045572 2.7598504e-10 -6377838.5
-2825592800000.0 0.2998047 2.7598504e-10 -6377838.5
-2819456800000.0 0.29915366 2.4130883e-10 -5801547.0
-2813320800000.0 0.2985026 2.4130883e-10 -5801547.0
-2807185000000.0 0.29785156 2.4130883e-10 -5801547.0
-2801049300000.0 0.29720056 2.4130883e-10 -5801547.0
-2794913000000.0 0.29654947 2.8663533e-10 -4816863.0
-2788777300000.0 0.29589847 2.8663533e-10 -4816863.0
-2782641300000.0 0.2952474 2.8663533e-10 -4816863.0
-2776505300000.0 0.29459634 2.8663533e-10 -4816863.0
-2770369200000.0 0.29394528 2.8483058e-10 -4744930.0
-2764233500000.0 0.29329428 2.8483058e-10 -4744930.0
-2758097800000.0 0.29264325 2.8483058e-10 -4744930.0
-2751961800000.0 0.2919922 2.8483058e-10 -4744930.0
-2745825800000.0 0.29134116 3.3656286e-10 -4378227.0
-2739689800000.0 0.2906901 3.3656286e-10 -4378227.0
-2733553700000.0 0.29003903 3.3656286e-10 -4378227.0
-2727418000000.0 0.28938803 3.3656286e-10 -4378227.0
-2721282000000.0 0.28873697 3.365597e-10 -4378115.0
-2715146300000.0 0.28808594 3.365597e-10 -4378115.0
-2709010300000.0 0.2874349 3.365597e-10 -4378115.0
-2702874200000.0 0.28678384 3.365597e-10 -4378115.0
-2696738500000.0 0.28613284 3.679435e-10 -4169099.8
-2690602500000.0 0.28548178 3.679435e-10 -4169099.8
-2684466500000.0 0.28483072 3.679435e-10 -4169099.8
-2678330500000.0 0.28417966 3.679435e-10 -4169099.8
-2672194700000.0 0.28352866 3.6794343e-10 -4169093.0
-2666058700000.0 0.2828776 3.6794343e-10 -4169093.0
-2659922700000.0 0.28222656 3.6794343e-10 -4169093.0
-2653787000000.0 0.28157553 3.6794343e-10 -4169093.0
-2647651000000.0 0.28092447 3.6424933e-10 -4128445.0
-2641515000000.0 0.28027344 3.6424933e-10 -4128445.0
-2635379200000.0 0.2796224 3.6424933e-10 -4128445.0
-2629243200000.0 0.27897137 3.6424933e-10 -4128445.0
-2623107200000.0 0.2783203 3.6425135e-10 -4128520.0
-2616971200000.0 0.27766928 3.6425135e-10 -4128520.0
-2610835500000.0 0.27701825 3.6425135e-10 -4128520.0
-2604699500000.0 0.2763672 3.6425135e-10 -4128520.0
-2598563500000.0 0.27571613 3.5152894e-10 -4128039.8
-2592427700000.0 0.2750651 3.5152894e-10 -4128039.8
-2586291700000.0 0.27441406 3.5152894e-10 -4128039.8
-2580155700000.0 0.273763 3.5152894e-10 -4128039.8
-2574019700000.0 0.27311197 3.5155456e-10 -4129110.0
-2567884000000.0 0.27246094 3.5155456e-10 -4129110.0
-2561748000000.0 0.2718099 3.5155456e-10 -4129110.0
-2555612000000.0 0.27115884 3.5155456e-10 -4129110.0
-2549476200000.0 0.2705078 3.581811e-10 -4120593.8
-2543340500000.0 0.2698568 3.581811e-10 -4120593.8
-2537204500000.0 0.26920575 3.581811e-10 -4120593.8
-2531068500000.0 0.2685547 3.581811e-10 -4120593.8
-2524932500000.0 0.26790366 3.5837464e-10 -4128129.0
-2518796500000.0 0.2672526 3.5837464e-10 -4128129.0
-2512660500000.0 0.26660156 3.5837464e-10 -4128129.0
-2506524700000.0 0.26595053 3.5837464e-10 -4128129.0
-2500389000000.0 0.2652995 3.989732e-10 -4061928.5
-2494253000000.0 0.26464844 3.989732e-10 -4061928.5
-2488117000000.0 0.2639974 3.989732e-10 -4061928.5
-2481981000000.0 0.26334634 3.989732e-10 -4061928.5
-2475845000000.0 0.26269528 4.0028977e-10 -4097219.8
-2469709000000.0 0.26204425 4.0028977e-10 -4097219.8
-2463573200000.0 0.26139322 4.0028977e-10 -4097219.8
-2457437500000.0 0.2607422 4.0028977e-10 -4097219.8
-2451301500000.0 0.26009116 4.6656073e-10 -3997558.2
-2445165500000.0 0.2594401 4.6656073e-10 -3997558.2
-2439029700000.0 0.2587891 4.6656073e-10 -3997558.2
-2432893700000.0 0.25813803 4.6656073e-10 -3997558.2
-2426757700000.0 0.257487 4.741359e-10 -4070216.8
-2420621700000.0 0.2568359 4.741359e-10 -4070216.8
-2414486000000.0 0.2561849 4.741359e-10 -4070216.8
-2408350000000.0 0.25553384 4.741359e-10 -4070216.8
-2402214000000.0 0.2548828 5.5708715e-10 -3900772.2
-2396078200000.0 0.25423178 5.5708715e-10 -3900772.2
-2389942200000.0 0.25358072 5.5708715e-10 -3900772.2
-2383806200000.0 0.2529297 5.5708715e-10 -3900772.2
-2377670500000.0 0.25227866 5.8313726e-10 -3930059.0
-2371534500000.0 0.25162762 5.8313726e-10 -3930059.0
-2365398500000.0 0.25097656 5.8313726e-10 -3930059.0
-2359262400000.0 0.2503255 5.8313726e-10 -3930059.0
-2353126700000.0 0.24967448 6.5982125e-10 -3822085.8
-2346990700000.0 0.24902344 6.5982125e-10 -3822085.8
-2340854700000.0 0.24837239 6.5982125e-10 -3822085.8
-2334719000000.0 0.24772136 6.5982125e-10 -3822085.8
-2328583000000.0 0.2470703 7.028022e-10 -3782706.5
-2322447000000.0 0.24641925 7.028022e-10 -3782706.5
-2316311000000.0 0.2457682 7.028022e-10 -3782706.5
-2310175200000.0 0.24511719 7.028022e-10 -3782706.5
-2304039200000.0 0.24446614 7.872565e-10 -3744544.8
-2297903200000.0 0.2438151 7.872565e-10 -3744544.8
-2291767400000.0 0.24316406 7.872565e-10 -3744544.8
-2285631700000.0 0.24251305 7.872565e-10 -3744544.8
-2279495700000.0 0.241862 8.466742e-10 -3621152.8
-2273359700000.0 0.24121095 8.466742e-10 -3621152.8
-2267223700000.0 0.2405599 8.466742e-10 -3621152.8
-2261087700000.0 0.23990884 8.466742e-10 -3621152.8
-2254951700000.0 0.2392578 9.2026264e-10 -3709888.2
-2248816000000.0 0.23860677 9.2026264e-10 -3709888.2
-2242680200000.0 0.23795573 9.2026264e-10 -3709888.2
-2236544200000.0 0.23730469 9.2026264e-10 -3709888.2
-2230408200000.0 0.23665364 9.675796e-10 -3576933.8
-2224272200000.0 0.2360026 9.675796e-10 -3576933.8
-2218136200000.0 0.23535155 9.675796e-10 -3576933.8
-2212000200000.0 0.23470049 9.675796e-10 -3576933.8
-2205864400000.0 0.23404948 1.068462e-09 -3697101.8
-2199728700000.0 0.23339845 1.068462e-09 -3697101.8
-2193592700000.0 0.23274739 1.068462e-09 -3697101.8
-2187456700000.0 0.23209634 1.068462e-09 -3697101.8
-2181320800000.0 0.23144531 1.1171805e-09 -3556190.5
-2175184800000.0 0.23079427 1.1171805e-09 -3556190.5
-2169048800000.0 0.23014322 1.1171805e-09 -3556190.5
-2162913000000.0 0.22949219 1.1171805e-09 -3556190.5
-2156777200000.0 0.22884116 1.2502069e-09 -3685690.8
-2150641200000.0 0.22819011 1.2502069e-09 -3685690.8
-2144505200000.0 0.22753906 1.2502069e-09 -3685690.8
-2138369300000.0 0.22688803 1.2502069e-09 -3685690.8
-2132233400000.0 0.22623697 1.3033035e-09 -3537296.0
-2126097400000.0 0.22558592 1.3033035e-09 -3537296.0
-2119961500000.0 0.22493489 1.3033035e-09 -3537296.0
-2113825700000.0 0.22428386 1.3033035e-09 -3537296.0
-2107689700000.0 0.22363281 1.4670279e-09 -3663119.0
-2101553700000.0 0.22298177 1.4670279e-09 -3663119.0
-2095417900000.0 0.22233073 1.4670279e-09 -3663119.0
-2089281900000.0 0.22167969 1.4670279e-09 -3663119.0
-2083145900000.0 0.22102864 1.5244447e-09 -3516188.0
-2077010000000.0 0.22037761 1.5244447e-09 -3516188.0
-2070874300000.0 0.21972658 1.5244447e-09 -3516188.0
-2064738300000.0 0.21907552 1.5244447e-09 -3516188.0
-2058602300000.0 0.21842447 1.708623e-09 -3577610.5
-2052466400000.0 0.21777344 1.708623e-09 -3577610.5
-2046330400000.0 0.21712239 1.708623e-09 -3577610.5
-2040194400000.0 0.21647134 1.708623e-09 -3577610.5
-2034058700000.0 0.21582031 1.7841253e-09 -3421797.2
-2027922800000.0 0.21516928 1.7841253e-09 -3421797.2
-2021786800000.0 0.21451823 1.7841253e-09 -3421797.2
-2015650800000.0 0.21386719 1.7841253e-09 -3421797.2
-2009514900000.0 0.21321616 1.992784e-09 -3401244.2
-2003379000000.0 0.2125651 1.992784e-09 -3401244.2
-1997243000000.0 0.21191405 1.992784e-09 -3401244.2
-1991107100000.0 0.21126302 1.992784e-09 -3401244.2
-1984971300000.0 0.21061198 2.1022615e-09 -3226168.8
-1978835300000.0 0.20996094 2.1022615e-09 -3226168.8
-1972699300000.0 0.20930989 2.1022615e-09 -3226168.8
-1966563500000.0 0.20865886 2.1022615e-09 -3226168.8
-1960427500000.0 0.20800781 2.3188453e-09 -3062749.0
-1954291500000.0 0.20735677 2.3188453e-09 -3062749.0
-1948155600000.0 0.20670573 2.3188453e-09 -3062749.0
-1942019900000.0 0.2060547 2.3188453e-09 -3062749.0
-1935883900000.0 0.20540364 2.466484e-09 -2885207.0
-1929747900000.0 0.2047526 2.466484e-09 -2885207.0
-1923612000000.0 0.20410156 2.466484e-09 -2885207.0
-1917476300000.0 0.20345053 2.466484e-09 -2885207.0
-1911340000000.0 0.20279947 2.6270632e-09 -2665816.2
-1905204300000.0 0.20214844 2.6270632e-09 -2665816.2
-1899068400000.0 0.2014974 2.6270632e-09 -2665816.2
-1892932400000.0 0.20084636 2.6270632e-09 -2665816.2
-1886796400000.0 0.20019531 2.783251e-09 -2527496.8
-1880660500000.0 0.19954428 2.783251e-09 -2527496.8
-1874524800000.0 0.19889325 2.783251e-09 -2527496.8
-1868388600000.0 0.19824217 2.783251e-09 -2527496.8
-1862252800000.0 0.19759114 2.884843e-09 -2331588.8
-1856116900000.0 0.19694011 2.884843e-09 -2331588.8
-1849980900000.0 0.19628906 2.884843e-09 -2331588.8
-1843844900000.0 0.19563802 2.884843e-09 -2331588.8
-1837709100000.0 0.19498698 3.0279317e-09 -2251902.2
-1831573300000.0 0.19433595 3.0279317e-09 -2251902.2
-1825437100000.0 0.19368488 3.0279317e-09 -2251902.2
-1819301200000.0 0.19303386 3.0279317e-09 -2251902.2
-1813165500000.0 0.19238283 3.06763e-09 -2086192.9
-1807029500000.0 0.19173177 3.06763e-09 -2086192.9
-1800893500000.0 0.19108072 3.06763e-09 -2086192.9
-1794757600000.0 0.19042969 3.06763e-09 -2086192.9
-1788621800000.0 0.18977866 3.2304912e-09 -2044773.2
-1782485600000.0 0.1891276 3.2304912e-09 -2044773.2
-1776349900000.0 0.18847656 3.2304912e-09 -2044773.2
-1770214000000.0 0.18782553 3.2304912e-09 -2044773.2
-1764078000000.0 0.18717448 3.2613683e-09 -1890885.0
-1757942000000.0 0.18652342 3.2613683e-09 -1890885.0
-1751806100000.0 0.1858724 3.2613683e-09 -1890885.0
-1745670400000.0 0.18522137 3.2613683e-09 -1890885.0
-1739534100000.0 0.1845703 3.4513628e-09 -1916214.1
-1733398400000.0 0.18391927 3.4513628e-09 -1916214.1
-1727262500000.0 0.18326823 3.4513628e-09 -1916214.1
-1721126500000.0 0.18261719 3.4513628e-09 -1916214.1
-1714990700000.0 0.18196616 3.4566656e-09 -1794023.6
-1708854700000.0 0.18131511 3.4566656e-09 -1794023.6
-1702718900000.0 0.18066408 3.4566656e-09 -1794023.6
-1696582700000.0 0.180013 3.4566656e-09 -1794023.6
-1690446900000.0 0.17936198 3.6602532e-09 -1888299.4
-1684311100000.0 0.17871095 3.6602532e-09 -1888299.4
-1678174800000.0 0.17805988 3.6602532e-09 -1888299.4
-1672039400000.0 0.17740889 3.6602532e-09 -1888299.4
-1665903200000.0 0.17675781 3.5392198e-09 -1738878.5
-1659767100000.0 0.17610675 3.5392198e-09 -1738878.5
-1653631600000.0 0.17545575 3.5392198e-09 -1738878.5
-1647495500000.0 0.17480469 3.5392198e-09 -1738878.5
-1641359200000.0 0.17415361 3.6421568e-09 -1854293.9
-1635223700000.0 0.17350262 3.6421568e-09 -1854293.9
-1629087600000.0 0.17285155 3.6421568e-09 -1854293.9
-1622951700000.0 0.17220053 3.6421568e-09 -1854293.9
-1616816000000.0 0.1715495 3.4085013e-09 -1626401.2
-1610679700000.0 0.17089842 3.4085013e-09 -1626401.2
-1604544000000.0 0.17024739 3.4085013e-09 -1626401.2
-1598408100000.0 0.16959636 3.4085013e-09 -1626401.2
-1592272000000.0 0.1689453 3.35359e-09 -1510077.5
-1586136500000.0 0.1682943 3.35359e-09 -1510077.5
-1580000300000.0 0.16764323 3.35359e-09 -1510077.5
-1573864100000.0 0.16699216 3.35359e-09 -1510077.5
-1567728700000.0 0.16634117 3.207207e-09 -1271286.5
-1561592500000.0 0.1656901 3.207207e-09 -1271286.5
-1555456300000.0 0.16503903 3.207207e-09 -1271286.5
-1549320800000.0 0.16438805 3.207207e-09 -1271286.5
-1543184700000.0 0.16373697 3.111491e-09 -1042814.4
-1537048800000.0 0.16308594 3.111491e-09 -1042814.4
-1530913000000.0 0.1624349 3.111491e-09 -1042814.4
-1524776800000.0 0.16178384 3.111491e-09 -1042814.4
-1518641100000.0 0.16113281 3.022502e-09 -820696.75
-1512505200000.0 0.16048178 3.022502e-09 -820696.75
-1506369100000.0 0.1598307 3.022502e-09 -820696.75
-1500233600000.0 0.15917972 3.022502e-09 -820696.75
-1494097300000.0 0.15852864 2.9550153e-09 -656968.0
-1487961200000.0 0.15787758 2.9550153e-09 -656968.0
-1481825700000.0 0.15722659 2.9550153e-09 -656968.0
-1475689600000.0 0.15657552 2.9550153e-09 -656968.0
-1469553400000.0 0.15592445 2.8837885e-09 -545934.5
-1463418000000.0 0.15527347 2.8837885e-09 -545934.5
-1457281700000.0 0.15462239 2.8837885e-09 -545934.5
-1451146000000.0 0.15397136 2.8837885e-09 -545934.5
-1445010100000.0 0.15332033 2.82465e-09 -475171.44
-1438874000000.0 0.15266925 2.82465e-09 -475171.44
-1432738100000.0 0.15201822 2.82465e-09 -475171.44
-1426602300000.0 0.1513672 2.82465e-09 -475171.44
-1420466000000.0 0.15071613 2.7566291e-09 -459224.7
-1414330600000.0 0.15006512 2.7566291e-09 -459224.7
-1408194400000.0 0.14941406 2.7566291e-09 -459224.7
-1402058300000.0 0.148763 2.7566291e-09 -459224.7
-1395922800000.0 0.148112 2.7673774e-09 -413016.78
-1389786600000.0 0.14746092 2.7673774e-09 -413016.78
-1383650400000.0 0.14680986 2.7673774e-09 -413016.78
-1377515000000.0 0.14615887 2.7673774e-09 -413016.78
-1371378800000.0 0.1455078 2.7982492e-09 -367445.75
-1365243000000.0 0.14485677 2.7982492e-09 -367445.75
-1359107200000.0 0.14420575 2.7982492e-09 -367445.75
-1352970900000.0 0.14355466 2.7982492e-09 -367445.75
-1346835200000.0 0.14290364 2.8432865e-09 -310192.22
-1340699300000.0 0.14225261 2.8432865e-09 -310192.22
-1334563200000.0 0.14160155 2.8432865e-09 -310192.22
-1328427700000.0 0.14095055 2.8432865e-09 -310192.22
-1322291600000.0 0.14029948 2.8546738e-09 -257505.98
-1316155300000.0 0.13964841 2.8546738e-09 -257505.98
-1310019800000.0 0.1389974 2.8546738e-09 -257505.98
-1303883700000.0 0.13834634 2.8546738e-09 -257505.98
-1297747500000.0 0.13769528 2.865287e-09 -196306.52
-1291612000000.0 0.1370443 2.865287e-09 -196306.52
-1285475900000.0 0.13639323 2.865287e-09 -196306.52
-1279340000000.0 0.13574219 2.865287e-09 -196306.52
-1273204200000.0 0.13509116 2.9080742e-09 -116361.83
-1267068000000.0 0.1344401 2.9080742e-09 -116361.83
-1260932200000.0 0.13378905 2.9080742e-09 -116361.83
-1254796400000.0 0.13313803 2.9080742e-09 -116361.83
-1248660300000.0 0.13248697 2.9807952e-09 -24934.783
-1242524800000.0 0.13183598 2.9807952e-09 -24934.783
-1236388500000.0 0.13118489 2.9807952e-09 -24934.783
-1230252400000.0 0.13053383 2.9807952e-09 -24934.783
-1224116900000.0 0.12988284 3.047316e-09 67945.16
-1217980800000.0 0.12923177 3.047316e-09 67945.16
-1211844500000.0 0.12858069 3.047316e-09 67945.16
-1205709200000.0 0.12792972 3.047316e-09 67945.16
-1199572900000.0 0.12727864 3.0738359e-09 157539.81
-1193437200000.0 0.12662761 3.0738359e-09 157539.81
-1187301300000.0 0.12597658 3.0738359e-09 157539.81
-1181165200000.0 0.1253255 3.0738359e-09 157539.81
-1175029300000.0 0.12467448 3.0515226e-09 223758.17
-1168893500000.0 0.12402345 3.0515226e-09 223758.17
-1162757300000.0 0.123372376 3.0515226e-09 223758.17
-1156621800000.0 0.12272138 3.0515226e-09 223758.17
-1150485700000.0 0.12207031 3.0113578e-09 269188.06
-1144349500000.0 0.12141925 3.0113578e-09 269188.06
-1138214000000.0 0.12076825 3.0113578e-09 269188.06
-1132077800000.0 0.12011717 3.0113578e-09 269188.06
-1125941600000.0 0.11946611 2.9771088e-09 279128.4
-1119806200000.0 0.118815124 2.9771088e-09 279128.4
-1113670000000.0 0.118164055 2.9771088e-09 279128.4
-1107534200000.0 0.11751302 2.9771088e-09 279128.4
-1101398400000.0 0.11686199 2.9689948e-09 281934.62
-1095262200000.0 0.11621092 2.9689948e-09 281934.62
-1089126400000.0 0.11555989 2.9689948e-09 281934.62
-1082990500000.0 0.11490886 2.9689948e-09 281934.62
-1076854400000.0 0.11425779 2.9917695e-09 305782.84
-1070718900000.0 0.113606796 2.9917695e-09 305782.84
-1064582700000.0 0.11295573 2.9917695e-09 305782.84
-1058446600000.0 0.11230466 2.9917695e-09 305782.84
-1052311100000.0 0.11165367 3.0135585e-09 276677.66
-1046174900000.0 0.1110026 3.0135585e-09 276677.66
-1040038700000.0 0.11035153 3.0135585e-09 276677.66
-1033903300000.0 0.10970054 3.0135585e-09 276677.66
-1027767100000.0 0.10904947 2.968051e-09 169763.69
-1021631270000.0 0.10839844 2.968051e-09 169763.69
-1015495460000.0 0.107747406 2.968051e-09 169763.69
-1009359260000.0 0.10709634 2.968051e-09 169763.69
-1003223450000.0 0.106445305 2.592381e-09 -43519.27
-997087640000.0 0.10579427 2.592381e-09 -43519.27
-990951440000.0 0.10514321 2.592381e-09 -43519.27
-984815960000.0 0.10449222 2.592381e-09 -43519.27
-978679800000.0 0.10384115 2.1724e-09 -618554.56
-972543600000.0 0.10319008 2.1724e-09 -618554.56
-966408140000.0 0.102539085 2.1724e-09 -618554.56
