morphology_data/1d_wa_a0.1_l2r2_00001.ecsv
# %ECSV 1.0
# ---
# datatype:
# - {name: b, datatype: float32}
# - {name: phase, datatype: float32}
# - {name: sigma, datatype: float32}
# - {name: vr, datatype: float32}
# meta: {lambda: 2, rp: 2.0, sep: 0.1, wind: a}
# schema: astropy-2.0
b phase sigma vr
-4709321000000.0 0.49967447 1.646648e-09 -5849065.5
-4703185300000.0 0.49902344 1.646648e-09 -5849065.5
-4697049500000.0 0.4983724 1.646648e-09 -5849065.5
-4690913300000.0 0.49772134 1.646648e-09 -5849065.5
-4684777500000.0 0.4970703 1.7185385e-09 -5767501.5
-4678642000000.0 0.49641928 1.7185385e-09 -5767501.5
-4672506000000.0 0.49576828 1.7185385e-09 -5767501.5
-4666370000000.0 0.4951172 1.7185385e-09 -5767501.5
-4660234000000.0 0.4944662 1.7833522e-09 -5620464.5
-4654098000000.0 0.49381506 1.7833522e-09 -5620464.5
-4647962000000.0 0.4931641 1.7833522e-09 -5620464.5
-4641826000000.0 0.49251297 1.7833522e-09 -5620464.5
-4635690000000.0 0.49186197 1.8130782e-09 -5427877.0
-4629554300000.0 0.49121094 1.8130782e-09 -5427877.0
-4623418000000.0 0.49055988 1.8130782e-09 -5427877.0
-4617282000000.0 0.48990884 1.8130782e-09 -5427877.0
-4611146500000.0 0.4892578 1.7436637e-09 -5218747.0
-4605010000000.0 0.48860675 1.7436637e-09 -5218747.0
-4598874500000.0 0.48795572 1.7436637e-09 -5218747.0
-4592739000000.0 0.4873047 1.7436637e-09 -5218747.0
-4586603000000.0 0.48665366 1.5914093e-09 -5136993.0
-4580467000000.0 0.4860026 1.5914093e-09 -5136993.0
-4574331000000.0 0.48535156 1.5914093e-09 -5136993.0
-4568195300000.0 0.48470056 1.5914093e-09 -5136993.0
-4562059000000.0 0.48404947 1.4603742e-09 -5034887.5
-4555923000000.0 0.48339847 1.4603742e-09 -5034887.5
-4549787000000.0 0.48274735 1.4603742e-09 -5034887.5
-4543651000000.0 0.48209637 1.4603742e-09 -5034887.5
-4537515000000.0 0.48144525 1.3659429e-09 -4945181.0
-4531379000000.0 0.48079422 1.3659429e-09 -4945181.0
-4525243500000.0 0.48014325 1.3659429e-09 -4945181.0
-4519107000000.0 0.47949213 1.3659429e-09 -4945181.0
-4512971500000.0 0.47884113 1.298136e-09 -4865177.0
-4506836000000.0 0.4781901 1.298136e-09 -4865177.0
-4500700000000.0 0.47753906 1.298136e-09 -4865177.0
-4494563700000.0 0.476888 1.298136e-09 -4865177.0
-4488428000000.0 0.47623697 1.2501505e-09 -4779770.0
-4482292000000.0 0.47558594 1.2501505e-09 -4779770.0
-4476156500000.0 0.47493497 1.2501505e-09 -4779770.0
-4470020000000.0 0.47428384 1.2501505e-09 -4779770.0
-4463884500000.0 0.47363284 1.1951166e-09 -4676805.0
-4457748000000.0 0.47298175 1.1951166e-09 -4676805.0
-4451612500000.0 0.47233072 1.1951166e-09 -4676805.0
-4445477000000.0 0.47167972 1.1951166e-09 -4676805.0
-4439340500000.0 0.47102863 1.1457642e-09 -4517843.0
-4433205000000.0 0.47037762 1.1457642e-09 -4517843.0
-4427068500000.0 0.4697265 1.1457642e-09 -4517843.0
-4420932700000.0 0.46907553 1.1457642e-09 -4517843.0
-4414797000000.0 0.4684245 1.1015684e-09 -4260689.5
-4408660700000.0 0.46777344 1.1015684e-09 -4260689.5
-4402525000000.0 0.4671224 1.1015684e-09 -4260689.5
-4396389200000.0 0.46647137 1.1015684e-09 -4260689.5
-4390253500000.0 0.46582034 1.0623423e-09 -3888103.2
-4384117200000.0 0.46516925 1.0623423e-09 -3888103.2
-4377981500000.0 0.46451822 1.0623423e-09 -3888103.2
-4371845500000.0 0.4638672 1.0623423e-09 -3888103.2
-4365709500000.0 0.46321613 1.0435174e-09 -3572057.5
-4359573500000.0 0.4625651 1.0435174e-09 -3572057.5
-4353437700000.0 0.46191406 1.0435174e-09 -3572057.5
-4347301500000.0 0.461263 1.0435174e-09 -3572057.5
-4341165700000.0 0.46061197 1.0435924e-09 -3163061.2
-4335030000000.0 0.45996094 1.0435924e-09 -3163061.2
-4328894000000.0 0.4593099 1.0435924e-09 -3163061.2
-4322758000000.0 0.45865884 1.0435924e-09 -3163061.2
-4316622200000.0 0.4580078 1.0849718e-09 -2700919.5
-4310486200000.0 0.45735678 1.0849718e-09 -2700919.5
-4304350500000.0 0.45670575 1.0849718e-09 -2700919.5
-4298214200000.0 0.4560547 1.0849718e-09 -2700919.5
-4292078500000.0 0.45540366 1.1361387e-09 -2346056.0
-4285942700000.0 0.45475262 1.1361387e-09 -2346056.0
-4279806500000.0 0.45410153 1.1361387e-09 -2346056.0
-4273670700000.0 0.45345053 1.1361387e-09 -2346056.0
-4267534700000.0 0.4527995 1.1550699e-09 -2233864.2
-4261398700000.0 0.4521484 1.1550699e-09 -2233864.2
-4255262700000.0 0.45149738 1.1550699e-09 -2233864.2
-4249127000000.0 0.45084634 1.1550699e-09 -2233864.2
-4242991200000.0 0.4501953 1.126441e-09 -2405554.2
-4236855000000.0 0.44954425 1.126441e-09 -2405554.2
-4230719200000.0 0.44889322 1.126441e-09 -2405554.2
-4224583500000.0 0.4482422 1.126441e-09 -2405554.2
-4218447500000.0 0.44759116 1.0798271e-09 -2766309.5
-4212311500000.0 0.4469401 1.0798271e-09 -2766309.5
-4206175500000.0 0.44628906 1.0798271e-09 -2766309.5
-4200039700000.0 0.44563803 1.0798271e-09 -2766309.5
-4193903400000.0 0.44498697 1.0436096e-09 -3126832.2
-4187767700000.0 0.44433594 1.0436096e-09 -3126832.2
-4181632000000.0 0.4436849 1.0436096e-09 -3126832.2
-4175495700000.0 0.44303384 1.0436096e-09 -3126832.2
-4169360000000.0 0.4423828 1.0379752e-09 -3399184.5
-4163224000000.0 0.44173178 1.0379752e-09 -3399184.5
-4157088200000.0 0.44108075 1.0379752e-09 -3399184.5
-4150952000000.0 0.44042966 1.0379752e-09 -3399184.5
-4144816200000.0 0.43977866 1.053682e-09 -3586955.0
-4138680500000.0 0.43912762 1.053682e-09 -3586955.0
-4132544700000.0 0.4384766 1.053682e-09 -3586955.0
-4126408400000.0 0.4378255 1.053682e-09 -3586955.0
-4120272700000.0 0.43717447 1.0949252e-09 -3707989.0
-4114136700000.0 0.43652344 1.0949252e-09 -3707989.0
-4108000700000.0 0.43587238 1.0949252e-09 -3707989.0
-4101864700000.0 0.43522134 1.0949252e-09 -3707989.0
-4095729000000.0 0.4345703 1.1483069e-09 -3841140.5
-4089592700000.0 0.43391925 1.1483069e-09 -3841140.5
-4083457000000.0 0.43326822 1.1483069e-09 -3841140.5
-4077321200000.0 0.4326172 1.1483069e-09 -3841140.5
-4071185200000.0 0.43196616 1.2142312e-09 -4009118.8
-4065049200000.0 0.4313151 1.2142312e-09 -4009118.8
-4058913200000.0 0.43066406 1.2142312e-09 -4009118.8
-4052777400000.0 0.43001303 1.2142312e-09 -4009118.8
-4046641700000.0 0.429362 1.2892633e-09 -4174744.0
-4040505400000.0 0.42871094 1.2892633e-09 -4174744.0
-4034369700000.0 0.4280599 1.2892633e-09 -4174744.0
-4028234000000.0 0.42740887 1.2892633e-09 -4174744.0
-4022097700000.0 0.42675778 1.3830947e-09 -4267380.0
-4015962000000.0 0.42610675 1.3830947e-09 -4267380.0
-4009826000000.0 0.42545575 1.3830947e-09 -4267380.0
-4003690000000.0 0.42480466 1.3830947e-09 -4267380.0
-3997554000000.0 0.42415363 1.4776427e-09 -4331493.0
-3991418200000.0 0.4235026 1.4776427e-09 -4331493.0
-3985282400000.0 0.42285156 1.4776427e-09 -4331493.0
-3979146400000.0 0.42220053 1.4776427e-09 -4331493.0
-3973010400000.0 0.42154947 1.5210643e-09 -4396552.0
-3966874700000.0 0.42089844 1.5210643e-09 -4396552.0
-3960738700000.0 0.4202474 1.5210643e-09 -4396552.0
-3954602700000.0 0.41959634 1.5210643e-09 -4396552.0
-3948466700000.0 0.4189453 1.5086332e-09 -4544476.5
-3942331000000.0 0.41829428 1.5086332e-09 -4544476.5
-3936194700000.0 0.41764322 1.5086332e-09 -4544476.5
-3930059000000.0 0.4169922 1.5086332e-09 -4544476.5
-3923923200000.0 0.41634116 1.4209124e-09 -4677028.5
-3917787000000.0 0.4156901 1.4209124e-09 -4677028.5
-3911651400000.0 0.4150391 1.4209124e-09 -4677028.5
-3905515200000.0 0.41438803 1.4209124e-09 -4677028.5
-3899379200000.0 0.41373694 1.2930712e-09 -4893527.0
-3893243700000.0 0.41308597 1.2930712e-09 -4893527.0
-3887107400000.0 0.41243488 1.2930712e-09 -4893527.0
-3880971700000.0 0.41178387 1.2930712e-09 -4893527.0
-3874836000000.0 0.41113284 1.193083e-09 -5015246.5
-3868699700000.0 0.41048175 1.193083e-09 -5015246.5
-3862564000000.0 0.40983072 1.193083e-09 -5015246.5
-3856428000000.0 0.4091797 1.193083e-09 -5015246.5
-3850292000000.0 0.40852863 1.111264e-09 -5245281.5
-3844156000000.0 0.4078776 1.111264e-09 -5245281.5
-3838020200000.0 0.40722656 1.111264e-09 -5245281.5
-3831884000000.0 0.4065755 1.111264e-09 -5245281.5
-3825748400000.0 0.4059245 1.0102654e-09 -5603714.5
-3819612400000.0 0.40527344 1.0102654e-09 -5603714.5
-3813476100000.0 0.40462238 1.0102654e-09 -5603714.5
-3807340700000.0 0.40397137 1.0102654e-09 -5603714.5
-3801204400000.0 0.4033203 9.026176e-10 -6163999.0
-3795068600000.0 0.40266928 9.026176e-10 -6163999.0
-3788933000000.0 0.40201825 9.026176e-10 -6163999.0
-3782796600000.0 0.4013672 9.026176e-10 -6163999.0
-3776661000000.0 0.40071616 8.186499e-10 -6687671.0
-3770525200000.0 0.40006512 8.186499e-10 -6687671.0
-3764389000000.0 0.39941403 8.186499e-10 -6687671.0
-3758253100000.0 0.398763 8.186499e-10 -6687671.0
-3752117100000.0 0.39811197 7.7140844e-10 -7129829.0
-3745981100000.0 0.3974609 7.7140844e-10 -7129829.0
-3739845700000.0 0.39680994 7.7140844e-10 -7129829.0
-3733709400000.0 0.39615884 7.7140844e-10 -7129829.0
-3727573600000.0 0.3955078 7.5484496e-10 -7472909.0
-3721437600000.0 0.39485678 7.5484496e-10 -7472909.0
-3715301600000.0 0.39420572 7.5484496e-10 -7472909.0
-3709165600000.0 0.3935547 7.5484496e-10 -7472909.0
-3703030000000.0 0.39290366 7.4997136e-10 -7675215.0
-3696894000000.0 0.3922526 7.4997136e-10 -7675215.0
-3690758000000.0 0.39160156 7.4997136e-10 -7675215.0
-3684622100000.0 0.39095053 7.4997136e-10 -7675215.0
-3678486000000.0 0.39029947 7.3551315e-10 -7742305.0
-3672350000000.0 0.38964844 7.3551315e-10 -7742305.0
-3666214400000.0 0.3889974 7.3551315e-10 -7742305.0
-3660078000000.0 0.38834634 7.3551315e-10 -7742305.0
-3653942600000.0 0.38769534 7.007394e-10 -7554529.0
-3647806400000.0 0.38704428 7.007394e-10 -7554529.0
-3641670600000.0 0.38639325 7.007394e-10 -7554529.0
-3635535000000.0 0.38574222 7.007394e-10 -7554529.0
-3629398600000.0 0.38509113 6.735997e-10 -7353861.5
-3623263000000.0 0.3844401 6.735997e-10 -7353861.5
-3617127000000.0 0.3837891 6.735997e-10 -7353861.5
-3610991000000.0 0.383138 6.735997e-10 -7353861.5
-3604855000000.0 0.38248697 6.5237243e-10 -7298166.5
-3598719000000.0 0.38183594 6.5237243e-10 -7298166.5
-3592583000000.0 0.38118488 6.5237243e-10 -7298166.5
-3586447000000.0 0.38053384 6.5237243e-10 -7298166.5
-3580311400000.0 0.3798828 6.249292e-10 -7238707.0
-3574175000000.0 0.37923175 6.249292e-10 -7238707.0
-3568039600000.0 0.37858075 6.249292e-10 -7238707.0
-3561903600000.0 0.3779297 6.249292e-10 -7238707.0
-3555767600000.0 0.37727866 5.881536e-10 -7146892.5
-3549632000000.0 0.37662762 5.881536e-10 -7146892.5
-3543495600000.0 0.37597656 5.881536e-10 -7146892.5
-3537359900000.0 0.37532553 5.881536e-10 -7146892.5
-3531224000000.0 0.3746745 5.510828e-10 -6996175.5
-3525087900000.0 0.37402344 5.510828e-10 -6996175.5
-3518952000000.0 0.3733724 5.510828e-10 -6996175.5
-3512816400000.0 0.37272137 5.510828e-10 -6996175.5
-3506680000000.0 0.37207028 5.1554283e-10 -6925638.0
-3500544400000.0 0.37141925 5.1554283e-10 -6925638.0
-3494408400000.0 0.37076822 5.1554283e-10 -6925638.0
-3488272400000.0 0.37011716 5.1554283e-10 -6925638.0
-3482137000000.0 0.3694662 4.72948e-10 -7097680.5
-3476000600000.0 0.3688151 4.72948e-10 -7097680.5
-3469864900000.0 0.36816406 4.72948e-10 -7097680.5
-3463728900000.0 0.36751303 4.72948e-10 -7097680.5
-3457592900000.0 0.36686197 4.3765772e-10 -7403536.5
-3451456800000.0 0.36621094 4.3765772e-10 -7403536.5
-3445321000000.0 0.3655599 4.3765772e-10 -7403536.5
-3439184800000.0 0.36490884 4.3765772e-10 -7403536.5
-3433049000000.0 0.3642578 4.190001e-10 -7653856.5
-3426913400000.0 0.36360678 4.190001e-10 -7653856.5
-3420777000000.0 0.36295572 4.190001e-10 -7653856.5
-3414641300000.0 0.3623047 4.190001e-10 -7653856.5
-3408505600000.0 0.36165366 3.9131182e-10 -8077721.5
-3402369300000.0 0.3610026 3.9131182e-10 -8077721.5
-3396233900000.0 0.3603516 3.9131182e-10 -8077721.5
-3390097600000.0 0.35970053 3.9131182e-10 -8077721.5
-3383961800000.0 0.3590495 3.605371e-10 -8605871.0
-3377826000000.0 0.35839847 3.605371e-10 -8605871.0
-3371689800000.0 0.35774738 3.605371e-10 -8605871.0
-3365554000000.0 0.35709634 3.605371e-10 -8605871.0
-3359418000000.0 0.3564453 3.2254693e-10 -9087919.0
-3353282000000.0 0.35579425 3.2254693e-10 -9087919.0
-3347146300000.0 0.35514322 3.2254693e-10 -9087919.0
-3341010300000.0 0.3544922 3.2254693e-10 -9087919.0
-3334874300000.0 0.35384113 3.0094166e-10 -9212937.0
-3328738300000.0 0.3531901 3.0094166e-10 -9212937.0
-3322602600000.0 0.35253906 3.0094166e-10 -9212937.0
-3316466300000.0 0.351888 3.0094166e-10 -9212937.0
-3310330800000.0 0.351237 2.815723e-10 -9192752.0
-3304194800000.0 0.35058594 2.815723e-10 -9192752.0
-3298058800000.0 0.3499349 2.815723e-10 -9192752.0
-3291923000000.0 0.34928387 2.815723e-10 -9192752.0
-3285786800000.0 0.3486328 2.4306507e-10 -9604975.0
-3279651000000.0 0.34798178 2.4306507e-10 -9604975.0
-3273515300000.0 0.34733075 2.4306507e-10 -9604975.0
-3267379000000.0 0.3466797 2.4306507e-10 -9604975.0
-3261243300000.0 0.34602866 1.855061e-10 -10411997.0
-3255107600000.0 0.34537762 1.855061e-10 -10411997.0
-3248971300000.0 0.34472653 1.855061e-10 -10411997.0
-3242835600000.0 0.3440755 1.855061e-10 -10411997.0
-3236699600000.0 0.34342447 1.3409233e-10 -11840893.0
-3230563600000.0 0.3427734 1.3409233e-10 -11840893.0
-3224428000000.0 0.3421224 1.3409233e-10 -11840893.0
-3218291800000.0 0.34147134 1.3409233e-10 -11840893.0
-3212156000000.0 0.3408203 8.831244e-11 -13477295.0
-3206020000000.0 0.34016928 8.831244e-11 -13477295.0
-3199884000000.0 0.33951822 8.831244e-11 -13477295.0
-3193748000000.0 0.3388672 8.831244e-11 -13477295.0
-3187612300000.0 0.33821616 6.454273e-11 -13910427.0
-3181476000000.0 0.3375651 6.454273e-11 -13910427.0
-3175340300000.0 0.33691406 6.454273e-11 -13910427.0
-3169204600000.0 0.33626303 6.454273e-11 -13910427.0
-3163068300000.0 0.33561197 6.022538e-11 -13881724.0
-3156932600000.0 0.33496094 6.022538e-11 -13881724.0
-3150796800000.0 0.3343099 6.022538e-11 -13881724.0
-3144660800000.0 0.33365887 6.022538e-11 -13881724.0
-3138524800000.0 0.3330078 7.6506336e-11 -12787849.0
-3132388800000.0 0.33235678 7.6506336e-11 -12787849.0
-3126253000000.0 0.33170575 7.6506336e-11 -12787849.0
-3120117300000.0 0.33105472 7.6506336e-11 -12787849.0
-3113981000000.0 0.33040363 8.031178e-11 -12532278.0
-3107845300000.0 0.3297526 8.031178e-11 -12532278.0
-3101709300000.0 0.32910156 8.031178e-11 -12532278.0
-3095573300000.0 0.3284505 8.031178e-11 -12532278.0
-3089437300000.0 0.32779947 1.00928044e-10 -11447384.0
-3083301600000.0 0.32714844 1.00928044e-10 -11447384.0
-3077165500000.0 0.32649738 1.00928044e-10 -11447384.0
-3071029500000.0 0.32584634 1.00928044e-10 -11447384.0
-3064893800000.0 0.3251953 1.0456519e-10 -11166081.0
-3058758000000.0 0.32454428 1.0456519e-10 -11166081.0
-3052621800000.0 0.32389322 1.0456519e-10 -11166081.0
-3046486000000.0 0.3232422 1.0456519e-10 -11166081.0
-3040350000000.0 0.32259116 1.2923407e-10 -10249712.0
-3034214300000.0 0.32194012 1.2923407e-10 -10249712.0
-3028078000000.0 0.32128906 1.2923407e-10 -10249712.0
-3021942300000.0 0.32063803 1.2923407e-10 -10249712.0
-3015806600000.0 0.319987 1.3161414e-10 -10079184.0
-3009670300000.0 0.31933594 1.3161414e-10 -10079184.0
-3003534500000.0 0.3186849 1.3161414e-10 -10079184.0
-2997398800000.0 0.31803387 1.3161414e-10 -10079184.0
-2991262800000.0 0.31738284 1.6250369e-10 -9209465.0
-2985126800000.0 0.31673178 1.6250369e-10 -9209465.0
-2978990800000.0 0.31608072 1.6250369e-10 -9209465.0
-2972855000000.0 0.3154297 1.6250369e-10 -9209465.0
-2966718800000.0 0.31477863 1.6826698e-10 -9087496.0
-2960583000000.0 0.3141276 1.6826698e-10 -9087496.0
-2954447300000.0 0.31347656 1.6826698e-10 -9087496.0
-2948311300000.0 0.31282553 1.6826698e-10 -9087496.0
-2942175300000.0 0.31217447 2.1549545e-10 -8185806.5
-2936039300000.0 0.3115234 2.1549545e-10 -8185806.5
-2929903500000.0 0.3108724 2.1549545e-10 -8185806.5
-2923767300000.0 0.3102213 2.1549545e-10 -8185806.5
-2917631500000.0 0.3095703 2.2744287e-10 -8027952.5
-2911495800000.0 0.30891928 2.2744287e-10 -8027952.5
-2905359800000.0 0.30826822 2.2744287e-10 -8027952.5
-2899223800000.0 0.3076172 2.2744287e-10 -8027952.5
-2893088000000.0 0.30696616 2.7159774e-10 -7200099.5
-2886952000000.0 0.30631512 2.7159774e-10 -7200099.5
-2880816000000.0 0.30566406 2.7159774e-10 -7200099.5
-2874680000000.0 0.30501303 2.7159774e-10 -7200099.5
-2868544300000.0 0.304362 2.559824e-10 -7191027.5
-2862408300000.0 0.30371094 2.559824e-10 -7191027.5
-2856272300000.0 0.30305988 2.559824e-10 -7191027.5
-2850136500000.0 0.30240884 2.559824e-10 -7191027.5
