morphology_data/1d_wa_a0.025_l2r2_00001.ecsv
# %ECSV 1.0
# ---
# datatype:
# - {name: b, datatype: float32}
# - {name: phase, datatype: float32}
# - {name: sigma, datatype: float32}
# - {name: vr, datatype: float32}
# meta: {lambda: 2, rp: 2.0, sep: 0.025, wind: a}
# schema: astropy-2.0
b phase sigma vr
[from data line 317]
-691058400000.0 0.29329428 2.5735364e-08 1573385.9
-689524440000.0 0.29264325 2.5735364e-08 1573385.9
-687990440000.0 0.2919922 2.5735364e-08 1573385.9
-686456440000.0 0.29134116 2.6111195e-08 1580392.8
-684922440000.0 0.2906901 2.6111195e-08 1580392.8
-683388440000.0 0.29003903 2.6111195e-08 1580392.8
-681854500000.0 0.28938803 2.6111195e-08 1580392.8
-680320500000.0 0.28873697 2.6510993e-08 1587270.2
-678786560000.0 0.28808594 2.6510993e-08 1587270.2
-677252560000.0 0.2874349 2.6510993e-08 1587270.2
-675718560000.0 0.28678384 2.6510993e-08 1587270.2
-674184600000.0 0.28613284 2.6951696e-08 1589079.2
-672650600000.0 0.28548178 2.6951696e-08 1589079.2
-671116600000.0 0.28483072 2.6951696e-08 1589079.2
-669582600000.0 0.28417966 2.6951696e-08 1589079.2
-668048700000.0 0.28352866 2.738507e-08 1592145.9
-666514700000.0 0.2828776 2.738507e-08 1592145.9
-664980700000.0 0.28222656 2.738507e-08 1592145.9
-663446750000.0 0.28157553 2.738507e-08 1592145.9
-661912750000.0 0.28092447 2.7824026e-08 1596374.1
-660378750000.0 0.28027344 2.7824026e-08 1596374.1
-658844800000.0 0.2796224 2.7824026e-08 1596374.1
-657310800000.0 0.27897137 2.7824026e-08 1596374.1
-655776800000.0 0.2783203 2.8031021e-08 1574057.4
-654242800000.0 0.27766928 2.8031021e-08 1574057.4
-652708900000.0 0.27701825 2.8031021e-08 1574057.4
-651174900000.0 0.2763672 2.8031021e-08 1574057.4
-649640900000.0 0.27571613 2.806194e-08 1543697.8
-648106930000.0 0.2750651 2.806194e-08 1543697.8
-646572930000.0 0.27441406 2.806194e-08 1543697.8
-645038900000.0 0.273763 2.806194e-08 1543697.8
-643504900000.0 0.27311197 2.8240704e-08 1526738.9
-641971000000.0 0.27246094 2.8240704e-08 1526738.9
-640437000000.0 0.2718099 2.8240704e-08 1526738.9
-638903000000.0 0.27115884 2.8240704e-08 1526738.9
-637369060000.0 0.2705078 2.8604838e-08 1514919.6
-635835100000.0 0.2698568 2.8604838e-08 1514919.6
-634301100000.0 0.26920575 2.8604838e-08 1514919.6
-632767100000.0 0.2685547 2.8604838e-08 1514919.6
-631233100000.0 0.26790366 2.9026692e-08 1503652.4
-629699100000.0 0.2672526 2.9026692e-08 1503652.4
-628165100000.0 0.26660156 2.9026692e-08 1503652.4
-626631200000.0 0.26595053 2.9026692e-08 1503652.4
-625097240000.0 0.2652995 2.9451565e-08 1491366.1
-623563240000.0 0.26464844 2.9451565e-08 1491366.1
-622029240000.0 0.2639974 2.9451565e-08 1491366.1
-620495240000.0 0.26334634 2.9451565e-08 1491366.1
-618961240000.0 0.26269528 2.987341e-08 1479509.6
-617427240000.0 0.26204425 2.987341e-08 1479509.6
-615893300000.0 0.26139322 2.987341e-08 1479509.6
-614359400000.0 0.2607422 2.987341e-08 1479509.6
-612825370000.0 0.26009116 3.02967e-08 1465103.8
-611291370000.0 0.2594401 3.02967e-08 1465103.8
-609757400000.0 0.2587891 3.02967e-08 1465103.8
-608223400000.0 0.25813803 3.02967e-08 1465103.8
-606689400000.0 0.257487 3.069608e-08 1451495.1
-605155400000.0 0.2568359 3.069608e-08 1451495.1
-603621500000.0 0.2561849 3.069608e-08 1451495.1
-602087500000.0 0.25553384 3.069608e-08 1451495.1
-600553500000.0 0.2548828 3.1093087e-08 1437517.1
-599019550000.0 0.25423178 3.1093087e-08 1437517.1
-597485550000.0 0.25358072 3.1093087e-08 1437517.1
-595951550000.0 0.2529297 3.1093087e-08 1437517.1
-594417600000.0 0.25227866 3.1498068e-08 1423262.1
-592883600000.0 0.25162762 3.1498068e-08 1423262.1
-591349600000.0 0.25097656 3.1498068e-08 1423262.1
-589815600000.0 0.2503255 3.1498068e-08 1423262.1
-588281700000.0 0.24967448 3.19432e-08 1401686.6
-586747700000.0 0.24902344 3.19432e-08 1401686.6
-585213700000.0 0.24837239 3.19432e-08 1401686.6
-583679740000.0 0.24772136 3.19432e-08 1401686.6
-582145740000.0 0.2470703 3.240826e-08 1383058.8
-580611740000.0 0.24641925 3.240826e-08 1383058.8
-579077730000.0 0.2457682 3.240826e-08 1383058.8
-577543800000.0 0.24511719 3.240826e-08 1383058.8
-576009800000.0 0.24446614 3.291359e-08 1361660.6
-574475800000.0 0.2438151 3.291359e-08 1361660.6
-572941860000.0 0.24316406 3.291359e-08 1361660.6
-571407900000.0 0.24251305 3.291359e-08 1361660.6
-569873900000.0 0.241862 3.3469803e-08 1337230.9
-568339900000.0 0.24121095 3.3469803e-08 1337230.9
-566805900000.0 0.2405599 3.3469803e-08 1337230.9
-565271900000.0 0.23990884 3.3469803e-08 1337230.9
-563737900000.0 0.2392578 3.4125478e-08 1317219.8
-562204000000.0 0.23860677 3.4125478e-08 1317219.8
-560670050000.0 0.23795573 3.4125478e-08 1317219.8
-559136050000.0 0.23730469 3.4125478e-08 1317219.8
-557602050000.0 0.23665364 3.480711e-08 1296785.8
-556068040000.0 0.2360026 3.480711e-08 1296785.8
-554534040000.0 0.23535155 3.480711e-08 1296785.8
-553000040000.0 0.23470049 3.480711e-08 1296785.8
-551466100000.0 0.23404948 3.549328e-08 1272036.4
-549932200000.0 0.23339845 3.549328e-08 1272036.4
-548398170000.0 0.23274739 3.549328e-08 1272036.4
-546864170000.0 0.23209634 3.549328e-08 1272036.4
-545330200000.0 0.23144531 3.6126487e-08 1249033.1
-543796200000.0 0.23079427 3.6126487e-08 1249033.1
-542262200000.0 0.23014322 3.6126487e-08 1249033.1
-540728260000.0 0.22949219 3.6126487e-08 1249033.1
-539194300000.0 0.22884116 3.6785853e-08 1229835.9
-537660300000.0 0.22819011 3.6785853e-08 1229835.9
-536126300000.0 0.22753906 3.6785853e-08 1229835.9
-534592320000.0 0.22688803 3.6785853e-08 1229835.9
-533058360000.0 0.22623697 3.732166e-08 1213947.1
-531524350000.0 0.22558592 3.732166e-08 1213947.1
-529990400000.0 0.22493489 3.732166e-08 1213947.1
-528456420000.0 0.22428386 3.732166e-08 1213947.1
-526922400000.0 0.22363281 3.7798657e-08 1200244.2
-525388400000.0 0.22298177 3.7798657e-08 1200244.2
-523854480000.0 0.22233073 3.7798657e-08 1200244.2
-522320480000.0 0.22167969 3.7798657e-08 1200244.2
-520786480000.0 0.22102864 3.8355562e-08 1191840.2
-519252500000.0 0.22037761 3.8355562e-08 1191840.2
-517718570000.0 0.21972658 3.8355562e-08 1191840.2
-516184570000.0 0.21907552 3.8355562e-08 1191840.2
-514650570000.0 0.21842447 3.892064e-08 1187308.1
-513116600000.0 0.21777344 3.892064e-08 1187308.1
-511582600000.0 0.21712239 3.892064e-08 1187308.1
-510048600000.0 0.21647134 3.892064e-08 1187308.1
-508514660000.0 0.21582031 3.935326e-08 1179583.2
-506980700000.0 0.21516928 3.935326e-08 1179583.2
-505446700000.0 0.21451823 3.935326e-08 1179583.2
-503912700000.0 0.21386719 3.935326e-08 1179583.2
-502378730000.0 0.21321616 3.9677015e-08 1169331.0
-500844760000.0 0.2125651 3.9677015e-08 1169331.0
-499310760000.0 0.21191405 3.9677015e-08 1169331.0
-497776800000.0 0.21126302 3.9677015e-08 1169331.0
-496242820000.0 0.21061198 4.0138154e-08 1156461.5
-494708820000.0 0.20996094 4.0138154e-08 1156461.5
-493174820000.0 0.20930989 4.0138154e-08 1156461.5
-491640880000.0 0.20865886 4.0138154e-08 1156461.5
-490106880000.0 0.20800781 4.0434163e-08 1138513.8
-488572880000.0 0.20735677 4.0434163e-08 1138513.8
-487038900000.0 0.20670573 4.0434163e-08 1138513.8
-485504970000.0 0.2060547 4.0434163e-08 1138513.8
-483970970000.0 0.20540364 4.0626833e-08 1127567.8
-482436970000.0 0.2047526 4.0626833e-08 1127567.8
-480903000000.0 0.20410156 4.0626833e-08 1127567.8
-479369070000.0 0.20345053 4.0626833e-08 1127567.8
-477835000000.0 0.20279947 4.0992283e-08 1121919.2
-476301070000.0 0.20214844 4.0992283e-08 1121919.2
-474767100000.0 0.2014974 4.0992283e-08 1121919.2
-473233100000.0 0.20084636 4.0992283e-08 1121919.2
-471699100000.0 0.20019531 4.13811e-08 1121565.1
-470165130000.0 0.19954428 4.13811e-08 1121565.1
-468631200000.0 0.19889325 4.13811e-08 1121565.1
-467097160000.0 0.19824217 4.13811e-08 1121565.1
-465563200000.0 0.19759114 4.1564206e-08 1111154.9
-464029220000.0 0.19694011 4.1564206e-08 1111154.9
-462495220000.0 0.19628906 4.1564206e-08 1111154.9
-460961220000.0 0.19563802 4.1564206e-08 1111154.9
-459427280000.0 0.19498698 4.175168e-08 1093309.9
-457893300000.0 0.19433595 4.175168e-08 1093309.9
-456359280000.0 0.19368488 4.175168e-08 1093309.9
-454825300000.0 0.19303386 4.175168e-08 1093309.9
-453291380000.0 0.19238283 4.2249393e-08 1086041.8
-451757380000.0 0.19173177 4.2249393e-08 1086041.8
-450223370000.0 0.19108072 4.2249393e-08 1086041.8
-448689400000.0 0.19042969 4.2249393e-08 1086041.8
-447155440000.0 0.18977866 4.2765173e-08 1068423.6
-445621400000.0 0.1891276 4.2765173e-08 1068423.6
-444087470000.0 0.18847656 4.2765173e-08 1068423.6
-442553500000.0 0.18782553 4.2765173e-08 1068423.6
-441019500000.0 0.18717448 4.2946272e-08 1041999.56
-439485500000.0 0.18652342 4.2946272e-08 1041999.56
-437951530000.0 0.1858724 4.2946272e-08 1041999.56
-436417600000.0 0.18522137 4.2946272e-08 1041999.56
-434883530000.0 0.1845703 4.3462943e-08 1020939.94
-433349600000.0 0.18391927 4.3462943e-08 1020939.94
-431815620000.0 0.18326823 4.3462943e-08 1020939.94
-430281620000.0 0.18261719 4.3462943e-08 1020939.94
-428747700000.0 0.18196616 4.4349974e-08 988577.2
-427213700000.0 0.18131511 4.4349974e-08 988577.2
-425679700000.0 0.18066408 4.4349974e-08 988577.2
-424145680000.0 0.180013 4.4349974e-08 988577.2
-422611700000.0 0.17936198 4.5170054e-08 940007.6
-421077780000.0 0.17871095 4.5170054e-08 940007.6
-419543700000.0 0.17805988 4.5170054e-08 940007.6
-418009840000.0 0.17740889 4.5170054e-08 940007.6
-416475800000.0 0.17675781 4.5810932e-08 898194.2
-414941770000.0 0.17610675 4.5810932e-08 898194.2
-413407900000.0 0.17545575 4.5810932e-08 898194.2
-411873870000.0 0.17480469 4.5810932e-08 898194.2
-410339800000.0 0.17415361 4.679761e-08 857344.0
-408805930000.0 0.17350262 4.679761e-08 857344.0
-407271900000.0 0.17285155 4.679761e-08 857344.0
-405737930000.0 0.17220053 4.679761e-08 857344.0
-404204000000.0 0.1715495 4.7991406e-08 812135.6
-402669930000.0 0.17089842 4.7991406e-08 812135.6
-401136000000.0 0.17024739 4.7991406e-08 812135.6
-399602020000.0 0.16959636 4.7991406e-08 812135.6
-398068000000.0 0.1689453 4.8885166e-08 766321.75
-396534120000.0 0.1682943 4.8885166e-08 766321.75
-395000100000.0 0.16764323 4.8885166e-08 766321.75
-393466020000.0 0.16699216 4.8885166e-08 766321.75
-391932180000.0 0.16634117 4.97238e-08 719969.56
-390398100000.0 0.1656901 4.97238e-08 719969.56
-388864080000.0 0.16503903 4.97238e-08 719969.56
-387330200000.0 0.16438805 4.97238e-08 719969.56
-385796180000.0 0.16373697 5.053827e-08 679945.7
-384262200000.0 0.16308594 5.053827e-08 679945.7
-382728240000.0 0.1624349 5.053827e-08 679945.7
-381194200000.0 0.16178384 5.053827e-08 679945.7
-379660270000.0 0.16113281 5.1267694e-08 648264.1
-378126300000.0 0.16048178 5.1267694e-08 648264.1
-376592270000.0 0.1598307 5.1267694e-08 648264.1
-375058400000.0 0.15917972 5.1267694e-08 648264.1
-373524330000.0 0.15852864 5.1881145e-08 627293.7
-371990300000.0 0.15787758 5.1881145e-08 627293.7
-370456430000.0 0.15722659 5.1881145e-08 627293.7
-368922400000.0 0.15657552 5.1881145e-08 627293.7
-367388360000.0 0.15592445 5.274197e-08 602228.8
-365854500000.0 0.15527347 5.274197e-08 602228.8
-364320420000.0 0.15462239 5.274197e-08 602228.8
-362786500000.0 0.15397136 5.274197e-08 602228.8
-361252520000.0 0.15332033 5.3362424e-08 576940.7
-359718500000.0 0.15266925 5.3362424e-08 576940.7
-358184520000.0 0.15201822 5.3362424e-08 576940.7
-356650580000.0 0.1513672 5.3362424e-08 576940.7
-355116500000.0 0.15071613 5.3690613e-08 556726.3
-353582650000.0 0.15006512 5.3690613e-08 556726.3
-352048600000.0 0.14941406 5.3690613e-08 556726.3
-350514580000.0 0.148763 5.3690613e-08 556726.3
-348980700000.0 0.148112 5.445315e-08 533316.9
-347446640000.0 0.14746092 5.445315e-08 533316.9
-345912600000.0 0.14680986 5.445315e-08 533316.9
-344378740000.0 0.14615887 5.445315e-08 533316.9
-342844700000.0 0.1455078 5.4957585e-08 507951.38
-341310730000.0 0.14485677 5.4957585e-08 507951.38
-339776800000.0 0.14420575 5.4957585e-08 507951.38
-338242730000.0 0.14355466 5.4957585e-08 507951.38
-336708800000.0 0.14290364 5.5233592e-08 495835.66
-335174830000.0 0.14225261 5.5233592e-08 495835.66
-333640800000.0 0.14160155 5.5233592e-08 495835.66
-332106920000.0 0.14095055 5.5233592e-08 495835.66
-330572900000.0 0.14029948 5.5727252e-08 488096.66
-329038820000.0 0.13964841 5.5727252e-08 488096.66
-327504950000.0 0.1389974 5.5727252e-08 488096.66
-325970920000.0 0.13834634 5.5727252e-08 488096.66
-324436900000.0 0.13769528 5.5794658e-08 479721.25
-322903000000.0 0.1370443 5.5794658e-08 479721.25
-321368980000.0 0.13639323 5.5794658e-08 479721.25
-319835000000.0 0.13574219 5.5794658e-08 479721.25
-318301040000.0 0.13509116 5.599952e-08 476209.1
-316767000000.0 0.1344401 5.599952e-08 476209.1
-315233040000.0 0.13378905 5.599952e-08 476209.1
-313699100000.0 0.13313803 5.599952e-08 476209.1
-312165070000.0 0.13248697 5.65028e-08 469224.97
-310631200000.0 0.13183598 5.65028e-08 469224.97
-309097140000.0 0.13118489 5.65028e-08 469224.97
-307563100000.0 0.13053383 5.65028e-08 469224.97
-306029230000.0 0.12988284 5.642929e-08 456198.84
-304495200000.0 0.12923177 5.642929e-08 456198.84
-302961130000.0 0.12858069 5.642929e-08 456198.84
-301427300000.0 0.12792972 5.642929e-08 456198.84
-299893230000.0 0.12727864 5.6673972e-08 450119.06
-298359300000.0 0.12662761 5.6673972e-08 450119.06
-296825320000.0 0.12597658 5.6673972e-08 450119.06
-295291300000.0 0.1253255 5.6673972e-08 450119.06
-293757320000.0 0.12467448 5.730543e-08 441656.22
-292223400000.0 0.12402345 5.730543e-08 441656.22
-290689320000.0 0.123372376 5.730543e-08 441656.22
-289155450000.0 0.12272138 5.730543e-08 441656.22
-287621400000.0 0.12207031 5.731454e-08 424856.9
-286087380000.0 0.12141925 5.731454e-08 424856.9
-284553500000.0 0.12076825 5.731454e-08 424856.9
-283019440000.0 0.12011717 5.731454e-08 424856.9
-281485400000.0 0.11946611 5.7557482e-08 414343.3
-279951540000.0 0.118815124 5.7557482e-08 414343.3
-278417500000.0 0.118164055 5.7557482e-08 414343.3
-276883540000.0 0.11751302 5.7557482e-08 414343.3
-275349600000.0 0.11686199 5.7905783e-08 404889.28
-273815550000.0 0.11621092 5.7905783e-08 404889.28
-272281600000.0 0.11555989 5.7905783e-08 404889.28
-270747630000.0 0.11490886 5.7905783e-08 404889.28
-269213600000.0 0.11425779 5.789306e-08 384046.78
-267679730000.0 0.113606796 5.789306e-08 384046.78
-266145680000.0 0.11295573 5.789306e-08 384046.78
-264611640000.0 0.11230466 5.789306e-08 384046.78
-263077770000.0 0.11165367 5.795011e-08 362198.62
-261543720000.0 0.1110026 5.795011e-08 362198.62
-260009670000.0 0.11035153 5.795011e-08 362198.62
-258475820000.0 0.10970054 5.795011e-08 362198.62
-256941770000.0 0.10904947 5.783768e-08 330776.66
-255407820000.0 0.10839844 5.783768e-08 330776.66
-253873860000.0 0.107747406 5.783768e-08 330776.66
-252339810000.0 0.10709634 5.783768e-08 330776.66
-250805860000.0 0.106445305 5.781063e-08 300462.88
-249271910000.0 0.10579427 5.781063e-08 300462.88
-247737860000.0 0.10514321 5.781063e-08 300462.88
-246203990000.0 0.10449222 5.781063e-08 300462.88
-244669960000.0 0.10384115 5.7869297e-08 259784.27
-243135900000.0 0.10319008 5.7869297e-08 259784.27
-241602040000.0 0.102539085 5.7869297e-08 259784.27
-240067990000.0 0.101888016 5.7869297e-08 259784.27
-238533950000.0 0.10123695 5.699264e-08 209535.53
-237000080000.0 0.10058595 5.699264e-08 209535.53
-235466030000.0 0.09993488 5.699264e-08 209535.53
-233932080000.0 0.09928385 5.699264e-08 209535.53
-232398130000.0 0.09863283 5.713496e-08 177518.97
-230864080000.0 0.09798176 5.713496e-08 177518.97
-229330120000.0 0.09733073 5.713496e-08 177518.97
-227796170000.0 0.096679695 5.713496e-08 177518.97
-226262120000.0 0.096028626 5.753067e-08 151700.14
-224728250000.0 0.09537763 5.753067e-08 151700.14
-223194220000.0 0.09472656 5.753067e-08 151700.14
-221660170000.0 0.09407549 5.753067e-08 151700.14
-220126300000.0 0.0934245 5.6962964e-08 99877.84
-218592260000.0 0.09277343 5.6962964e-08 99877.84
-217058210000.0 0.09212236 5.6962964e-08 99877.84
-215524340000.0 0.091471374 5.6962964e-08 99877.84
-213990310000.0 0.090820305 5.7386785e-08 40204.375
-212456340000.0 0.09016927 5.7386785e-08 40204.375
-210922390000.0 0.08951824 5.7386785e-08 40204.375
-209388360000.0 0.08886717 5.7386785e-08 40204.375
-207854390000.0 0.08821614 5.8475475e-08 -7613.562
-206320440000.0 0.08756511 5.8475475e-08 -7613.562
