morphology_data/1d_wb_a0.025_l8r0.5_00001.ecsv
# %ECSV 1.0
# ---
# datatype:
# - {name: b, datatype: float32}
# - {name: phase, datatype: float32}
# - {name: sigma, datatype: float32}
# - {name: vr, datatype: float32}
# meta: {lambda: 8, rp: 0.5, sep: 0.025, wind: b}
# schema: astropy-2.0
b phase sigma vr
[from data line 381]
-592883600000.0 0.25162762 6.931982e-11 -5087564.0
-591349600000.0 0.25097656 6.931982e-11 -5087564.0
-589815600000.0 0.2503255 6.931982e-11 -5087564.0
-588281700000.0 0.24967448 7.750864e-11 -5110184.5
-586747700000.0 0.24902344 7.750864e-11 -5110184.5
-585213700000.0 0.24837239 7.750864e-11 -5110184.5
-583679740000.0 0.24772136 7.750864e-11 -5110184.5
-582145740000.0 0.2470703 8.939692e-11 -4964500.0
-580611740000.0 0.24641925 8.939692e-11 -4964500.0
-579077730000.0 0.2457682 8.939692e-11 -4964500.0
-577543800000.0 0.24511719 8.939692e-11 -4964500.0
-576009800000.0 0.24446614 1.0425544e-10 -4719194.0
-574475800000.0 0.2438151 1.0425544e-10 -4719194.0
-572941860000.0 0.24316406 1.0425544e-10 -4719194.0
-571407900000.0 0.24251305 1.0425544e-10 -4719194.0
-569873900000.0 0.241862 1.2113184e-10 -4418217.5
-568339900000.0 0.24121095 1.2113184e-10 -4418217.5
-566805900000.0 0.2405599 1.2113184e-10 -4418217.5
-565271900000.0 0.23990884 1.2113184e-10 -4418217.5
-563737900000.0 0.2392578 1.3955398e-10 -4072644.0
-562204000000.0 0.23860677 1.3955398e-10 -4072644.0
-560670050000.0 0.23795573 1.3955398e-10 -4072644.0
-559136050000.0 0.23730469 1.3955398e-10 -4072644.0
-557602050000.0 0.23665364 1.5928198e-10 -3708840.2
-556068040000.0 0.2360026 1.5928198e-10 -3708840.2
-554534040000.0 0.23535155 1.5928198e-10 -3708840.2
-553000040000.0 0.23470049 1.5928198e-10 -3708840.2
-551466100000.0 0.23404948 1.8129295e-10 -3341013.2
-549932200000.0 0.23339845 1.8129295e-10 -3341013.2
-548398170000.0 0.23274739 1.8129295e-10 -3341013.2
-546864170000.0 0.23209634 1.8129295e-10 -3341013.2
-545330200000.0 0.23144531 2.060885e-10 -2986458.0
-543796200000.0 0.23079427 2.060885e-10 -2986458.0
-542262200000.0 0.23014322 2.060885e-10 -2986458.0
-540728260000.0 0.22949219 2.060885e-10 -2986458.0
-539194300000.0 0.22884116 2.353367e-10 -2644806.0
-537660300000.0 0.22819011 2.353367e-10 -2644806.0
-536126300000.0 0.22753906 2.353367e-10 -2644806.0
-534592320000.0 0.22688803 2.353367e-10 -2644806.0
-533058360000.0 0.22623697 2.6966396e-10 -2328877.8
-531524350000.0 0.22558592 2.6966396e-10 -2328877.8
-529990400000.0 0.22493489 2.6966396e-10 -2328877.8
-528456420000.0 0.22428386 2.6966396e-10 -2328877.8
-526922400000.0 0.22363281 3.111494e-10 -2024402.5
-525388400000.0 0.22298177 3.111494e-10 -2024402.5
-523854480000.0 0.22233073 3.111494e-10 -2024402.5
-522320480000.0 0.22167969 3.111494e-10 -2024402.5
-520786480000.0 0.22102864 3.6015663e-10 -1746348.1
-519252500000.0 0.22037761 3.6015663e-10 -1746348.1
-517718570000.0 0.21972658 3.6015663e-10 -1746348.1
-516184570000.0 0.21907552 3.6015663e-10 -1746348.1
-514650570000.0 0.21842447 4.20303e-10 -1478383.6
-513116600000.0 0.21777344 4.20303e-10 -1478383.6
-511582600000.0 0.21712239 4.20303e-10 -1478383.6
-510048600000.0 0.21647134 4.20303e-10 -1478383.6
-508514660000.0 0.21582031 4.968917e-10 -1218572.8
-506980700000.0 0.21516928 4.968917e-10 -1218572.8
-505446700000.0 0.21451823 4.968917e-10 -1218572.8
-503912700000.0 0.21386719 4.968917e-10 -1218572.8
-502378730000.0 0.21321616 5.925195e-10 -967695.44
-500844760000.0 0.2125651 5.925195e-10 -967695.44
-499310760000.0 0.21191405 5.925195e-10 -967695.44
-497776800000.0 0.21126302 5.925195e-10 -967695.44
-496242820000.0 0.21061198 7.142007e-10 -724845.0
-494708820000.0 0.20996094 7.142007e-10 -724845.0
-493174820000.0 0.20930989 7.142007e-10 -724845.0
-491640880000.0 0.20865886 7.142007e-10 -724845.0
-490106880000.0 0.20800781 8.6597884e-10 -493361.16
-488572880000.0 0.20735677 8.6597884e-10 -493361.16
-487038900000.0 0.20670573 8.6597884e-10 -493361.16
-485504970000.0 0.2060547 8.6597884e-10 -493361.16
-483970970000.0 0.20540364 1.0570709e-09 -273561.03
-482436970000.0 0.2047526 1.0570709e-09 -273561.03
-480903000000.0 0.20410156 1.0570709e-09 -273561.03
-479369070000.0 0.20345053 1.0570709e-09 -273561.03
-477835000000.0 0.20279947 1.2908248e-09 -68860.93
-476301070000.0 0.20214844 1.2908248e-09 -68860.93
-474767100000.0 0.2014974 1.2908248e-09 -68860.93
-473233100000.0 0.20084636 1.2908248e-09 -68860.93
-471699100000.0 0.20019531 1.5706428e-09 121121.2
-470165130000.0 0.19954428 1.5706428e-09 121121.2
-468631200000.0 0.19889325 1.5706428e-09 121121.2
-467097160000.0 0.19824217 1.5706428e-09 121121.2
-465563200000.0 0.19759114 1.8901471e-09 287206.47
-464029220000.0 0.19694011 1.8901471e-09 287206.47
-462495220000.0 0.19628906 1.8901471e-09 287206.47
-460961220000.0 0.19563802 1.8901471e-09 287206.47
-459427280000.0 0.19498698 2.2340247e-09 422122.66
-457893300000.0 0.19433595 2.2340247e-09 422122.66
-456359280000.0 0.19368488 2.2340247e-09 422122.66
-454825300000.0 0.19303386 2.2340247e-09 422122.66
-453291380000.0 0.19238283 2.5836826e-09 523900.72
-451757380000.0 0.19173177 2.5836826e-09 523900.72
-450223370000.0 0.19108072 2.5836826e-09 523900.72
-448689400000.0 0.19042969 2.5836826e-09 523900.72
-447155440000.0 0.18977866 2.9302953e-09 597504.7
-445621400000.0 0.1891276 2.9302953e-09 597504.7
-444087470000.0 0.18847656 2.9302953e-09 597504.7
-442553500000.0 0.18782553 2.9302953e-09 597504.7
-441019500000.0 0.18717448 3.2371557e-09 647525.25
-439485500000.0 0.18652342 3.2371557e-09 647525.25
-437951530000.0 0.1858724 3.2371557e-09 647525.25
-436417600000.0 0.18522137 3.2371557e-09 647525.25
-434883530000.0 0.1845703 3.5187995e-09 681354.3
-433349600000.0 0.18391927 3.5187995e-09 681354.3
-431815620000.0 0.18326823 3.5187995e-09 681354.3
-430281620000.0 0.18261719 3.5187995e-09 681354.3
-428747700000.0 0.18196616 3.7795256e-09 703943.3
-427213700000.0 0.18131511 3.7795256e-09 703943.3
-425679700000.0 0.18066408 3.7795256e-09 703943.3
-424145680000.0 0.180013 3.7795256e-09 703943.3
-422611700000.0 0.17936198 4.010724e-09 719810.75
-421077780000.0 0.17871095 4.010724e-09 719810.75
-419543700000.0 0.17805988 4.010724e-09 719810.75
-418009840000.0 0.17740889 4.010724e-09 719810.75
-416475800000.0 0.17675781 4.2179384e-09 740245.9
-414941770000.0 0.17610675 4.2179384e-09 740245.9
-413407900000.0 0.17545575 4.2179384e-09 740245.9
-411873870000.0 0.17480469 4.2179384e-09 740245.9
-410339800000.0 0.17415361 4.4272244e-09 751910.9
-408805930000.0 0.17350262 4.4272244e-09 751910.9
-407271900000.0 0.17285155 4.4272244e-09 751910.9
-405737930000.0 0.17220053 4.4272244e-09 751910.9
-404204000000.0 0.1715495 4.633715e-09 761312.25
-402669930000.0 0.17089842 4.633715e-09 761312.25
-401136000000.0 0.17024739 4.633715e-09 761312.25
-399602020000.0 0.16959636 4.633715e-09 761312.25
-398068000000.0 0.1689453 4.821496e-09 769234.94
-396534120000.0 0.1682943 4.821496e-09 769234.94
-395000100000.0 0.16764323 4.821496e-09 769234.94
-393466020000.0 0.16699216 4.821496e-09 769234.94
-391932180000.0 0.16634117 5.015828e-09 772118.56
-390398100000.0 0.1656901 5.015828e-09 772118.56
-388864080000.0 0.16503903 5.015828e-09 772118.56
-387330200000.0 0.16438805 5.015828e-09 772118.56
-385796180000.0 0.16373697 5.2763998e-09 774999.44
-384262200000.0 0.16308594 5.2763998e-09 774999.44
-382728240000.0 0.1624349 5.2763998e-09 774999.44
-381194200000.0 0.16178384 5.2763998e-09 774999.44
-379660270000.0 0.16113281 5.568088e-09 770696.7
-378126300000.0 0.16048178 5.568088e-09 770696.7
-376592270000.0 0.1598307 5.568088e-09 770696.7
-375058400000.0 0.15917972 5.568088e-09 770696.7
-373524330000.0 0.15852864 5.8612137e-09 766040.0
-371990300000.0 0.15787758 5.8612137e-09 766040.0
-370456430000.0 0.15722659 5.8612137e-09 766040.0
-368922400000.0 0.15657552 5.8612137e-09 766040.0
-367388360000.0 0.15592445 6.1554495e-09 755107.8
-365854500000.0 0.15527347 6.1554495e-09 755107.8
-364320420000.0 0.15462239 6.1554495e-09 755107.8
-362786500000.0 0.15397136 6.1554495e-09 755107.8
-361252520000.0 0.15332033 6.537483e-09 739187.2
-359718500000.0 0.15266925 6.537483e-09 739187.2
-358184520000.0 0.15201822 6.537483e-09 739187.2
-356650580000.0 0.1513672 6.537483e-09 739187.2
-355116500000.0 0.15071613 6.9732837e-09 715963.8
-353582650000.0 0.15006512 6.9732837e-09 715963.8
-352048600000.0 0.14941406 6.9732837e-09 715963.8
-350514580000.0 0.148763 6.9732837e-09 715963.8
-348980700000.0 0.148112 7.4500246e-09 695118.56
-347446640000.0 0.14746092 7.4500246e-09 695118.56
-345912600000.0 0.14680986 7.4500246e-09 695118.56
-344378740000.0 0.14615887 7.4500246e-09 695118.56
-342844700000.0 0.1455078 8.325519e-09 674781.7
-341310730000.0 0.14485677 8.325519e-09 674781.7
-339776800000.0 0.14420575 8.325519e-09 674781.7
-338242730000.0 0.14355466 8.325519e-09 674781.7
-336708800000.0 0.14290364 9.883713e-09 690997.25
-335174830000.0 0.14225261 9.883713e-09 690997.25
-333640800000.0 0.14160155 9.883713e-09 690997.25
-332106920000.0 0.14095055 9.883713e-09 690997.25
-330572900000.0 0.14029948 1.1836903e-08 784190.75
-329038820000.0 0.13964841 1.1836903e-08 784190.75
-327504950000.0 0.1389974 1.1836903e-08 784190.75
-325970920000.0 0.13834634 1.1836903e-08 784190.75
-324436900000.0 0.13769528 1.2837623e-08 815101.9
-322903000000.0 0.1370443 1.2837623e-08 815101.9
-321368980000.0 0.13639323 1.2837623e-08 815101.9
-319835000000.0 0.13574219 1.2837623e-08 815101.9
-318301040000.0 0.13509116 1.251795e-08 675397.5
-316767000000.0 0.1344401 1.251795e-08 675397.5
-315233040000.0 0.13378905 1.251795e-08 675397.5
-313699100000.0 0.13313803 1.251795e-08 675397.5
-312165070000.0 0.13248697 1.2005533e-08 442708.47
-310631200000.0 0.13183598 1.2005533e-08 442708.47
-309097140000.0 0.13118489 1.2005533e-08 442708.47
-307563100000.0 0.13053383 1.2005533e-08 442708.47
-306029230000.0 0.12988284 1.1436394e-08 104180.34
-304495200000.0 0.12923177 1.1436394e-08 104180.34
-302961130000.0 0.12858069 1.1436394e-08 104180.34
-301427300000.0 0.12792972 1.1436394e-08 104180.34
-299893230000.0 0.12727864 1.0684566e-08 -218027.39
-298359300000.0 0.12662761 1.0684566e-08 -218027.39
-296825320000.0 0.12597658 1.0684566e-08 -218027.39
-295291300000.0 0.1253255 1.0684566e-08 -218027.39
-293757320000.0 0.12467448 1.0347957e-08 -300501.12
-292223400000.0 0.12402345 1.0347957e-08 -300501.12
-290689320000.0 0.123372376 1.0347957e-08 -300501.12
-289155450000.0 0.12272138 1.0347957e-08 -300501.12
-287621400000.0 0.12207031 1.0433855e-08 -309735.3
-286087380000.0 0.12141925 1.0433855e-08 -309735.3
-284553500000.0 0.12076825 1.0433855e-08 -309735.3
-283019440000.0 0.12011717 1.0433855e-08 -309735.3
-281485400000.0 0.11946611 1.0875646e-08 -289251.44
-279951540000.0 0.118815124 1.0875646e-08 -289251.44
-278417500000.0 0.118164055 1.0875646e-08 -289251.44
-276883540000.0 0.11751302 1.0875646e-08 -289251.44
-275349600000.0 0.11686199 1.1362445e-08 -250833.02
-273815550000.0 0.11621092 1.1362445e-08 -250833.02
-272281600000.0 0.11555989 1.1362445e-08 -250833.02
-270747630000.0 0.11490886 1.1362445e-08 -250833.02
-269213600000.0 0.11425779 1.2042491e-08 -194386.55
-267679730000.0 0.113606796 1.2042491e-08 -194386.55
-266145680000.0 0.11295573 1.2042491e-08 -194386.55
-264611640000.0 0.11230466 1.2042491e-08 -194386.55
-263077770000.0 0.11165367 1.2803042e-08 -119591.91
-261543720000.0 0.1110026 1.2803042e-08 -119591.91
-260009670000.0 0.11035153 1.2803042e-08 -119591.91
-258475820000.0 0.10970054 1.2803042e-08 -119591.91
-256941770000.0 0.10904947 1.3587213e-08 -70342.234
-255407820000.0 0.10839844 1.3587213e-08 -70342.234
-253873860000.0 0.107747406 1.3587213e-08 -70342.234
-252339810000.0 0.10709634 1.3587213e-08 -70342.234
-250805860000.0 0.106445305 1.4369732e-08 -24615.484
-249271910000.0 0.10579427 1.4369732e-08 -24615.484
-247737860000.0 0.10514321 1.4369732e-08 -24615.484
-246203990000.0 0.10449222 1.4369732e-08 -24615.484
-244669960000.0 0.10384115 1.5187496e-08 -798.39276
-243135900000.0 0.10319008 1.5187496e-08 -798.39276
-241602040000.0 0.102539085 1.5187496e-08 -798.39276
-240067990000.0 0.101888016 1.5187496e-08 -798.39276
-238533950000.0 0.10123695 1.59424e-08 1372.532
-237000080000.0 0.10058595 1.59424e-08 1372.532
-235466030000.0 0.09993488 1.59424e-08 1372.532
-233932080000.0 0.09928385 1.59424e-08 1372.532
-232398130000.0 0.09863283 1.6639595e-08 -20076.68
-230864080000.0 0.09798176 1.6639595e-08 -20076.68
-229330120000.0 0.09733073 1.6639595e-08 -20076.68
-227796170000.0 0.096679695 1.6639595e-08 -20076.68
-226262120000.0 0.096028626 1.7249038e-08 -41241.445
-224728250000.0 0.09537763 1.7249038e-08 -41241.445
-223194220000.0 0.09472656 1.7249038e-08 -41241.445
-221660170000.0 0.09407549 1.7249038e-08 -41241.445
-220126300000.0 0.0934245 1.7882021e-08 -92450.7
-218592260000.0 0.09277343 1.7882021e-08 -92450.7
-217058210000.0 0.09212236 1.7882021e-08 -92450.7
-215524340000.0 0.091471374 1.7882021e-08 -92450.7
-213990310000.0 0.090820305 1.8233218e-08 -156455.67
-212456340000.0 0.09016927 1.8233218e-08 -156455.67
-210922390000.0 0.08951824 1.8233218e-08 -156455.67
-209388360000.0 0.08886717 1.8233218e-08 -156455.67
-207854390000.0 0.08821614 1.8107276e-08 -252864.34
-206320440000.0 0.08756511 1.8107276e-08 -252864.34
-204786400000.0 0.08691404 1.8107276e-08 -252864.34
-203252530000.0 0.086263046 1.8107276e-08 -252864.34
-201718480000.0 0.08561198 1.7619143e-08 -364507.84
-200184430000.0 0.08496091 1.7619143e-08 -364507.84
-198650580000.0 0.08430992 1.7619143e-08 -364507.84
-197116530000.0 0.08365885 1.7619143e-08 -364507.84
-195582570000.0 0.08300782 1.7805387e-08 -464307.22
-194048620000.0 0.08235679 1.7805387e-08 -464307.22
-192514570000.0 0.08170572 1.7056832e-08 -543798.4
-190980620000.0 0.08105469 1.7056832e-08 -543798.4
-189446670000.0 0.080403656 1.6569503e-08 -584572.56
-187912620000.0 0.07975259 1.6569503e-08 -584572.56
-186378750000.0 0.07910159 1.6276207e-08 -629670.56
-184844700000.0 0.07845052 1.6276207e-08 -629670.56
-183310660000.0 0.077799454 1.596879e-08 -649438.94
-181776800000.0 0.07714847 1.596879e-08 -649438.94
-180242740000.0 0.07649739 1.5856001e-08 -664840.75
-178708710000.0 0.07584633 1.5856001e-08 -664840.75
-177174840000.0 0.075195335 1.5817285e-08 -663949.6
-175640790000.0 0.07454426 1.5817285e-08 -663949.6
-174106840000.0 0.073893234 1.5832176e-08 -654432.56
-172572880000.0 0.0732422 1.5832176e-08 -654432.56
-171038830000.0 0.07259113 1.598465e-08 -636650.0
-169504880000.0 0.0719401 1.598465e-08 -636650.0
-167970930000.0 0.07128907 1.632676e-08 -593988.06
-166436880000.0 0.070638 1.632676e-08 -593988.06
-164903010000.0 0.06998701 1.673463e-08 -540431.3
-163368980000.0 0.069335945 1.673463e-08 -540431.3
-161834930000.0 0.068684876 1.7220277e-08 -470169.78
-160301060000.0 0.068033874 1.7220277e-08 -470169.78
-158767020000.0 0.06738281 1.779512e-08 -395976.6
-157232970000.0 0.06673174 1.779512e-08 -395976.6
-155699100000.0 0.06608075 1.8340275e-08 -308065.38
-154165070000.0 0.06542969 1.8340275e-08 -308065.38
-152631100000.0 0.06477865 1.8829297e-08 -217668.62
-151097150000.0 0.06412762 1.8829297e-08 -217668.62
-149563110000.0 0.063476555 1.9199632e-08 -131519.39
-148029150000.0 0.062825516 1.9199632e-08 -131519.39
-146495200000.0 0.062174488 1.975201e-08 -64280.465
-144961160000.0 0.061523426 1.9658112e-08 -66028.805
-143427290000.0 0.060872428 1.9602588e-08 -67035.23
-141893240000.0 0.06022136 1.9530248e-08 -72323.38
-140359190000.0 0.059570286 1.9467656e-08 -79458.76
-138825330000.0 0.058919296 1.9429446e-08 -84159.39
-137291284000.0 0.058268227 1.9387299e-08 -91525.51
-135757240000.0 0.057617158 1.9385029e-08 -100534.586
-134223370000.0 0.056966167 1.9377222e-08 -111213.92
-132689330000.0 0.056315098 1.9378273e-08 -117042.26
-131155370000.0 0.055664066 1.9348525e-08 -115878.05
-129621420000.0 0.055013034 1.933191e-08 -110852.95
-128087376000.0 0.05436197 1.9310587e-08 -92536.16
-126553416000.0 0.053710938 1.942611e-08 -76385.31
-125019460000.0 0.053059906 1.963402e-08 -55912.926
-123485420000.0 0.052408837 1.997449e-08 -37148.945
-121951550000.0 0.051757842 2.0383322e-08 -15259.87
-120417510000.0 0.051106777 2.080664e-08 1405.4006
-118883460000.0 0.050455708 2.1156287e-08 11977.871
-117349600000.0 0.049804714 2.1376728e-08 10077.076
-115815555000.0 0.049153645 2.1477472e-08 -7523.57
-114281505000.0 0.048502576 2.1441544e-08 -47600.645
