morphology_data/1d_wa_a0.025_l4r1_00001.ecsv
# %ECSV 1.0
# ---
# datatype:
# - {name: b, datatype: float32}
# - {name: phase, datatype: float32}
# - {name: sigma, datatype: float32}
# - {name: vr, datatype: float32}
# meta: {lambda: 4, rp: 1.0, sep: 0.025, wind: a}
# schema: astropy-2.0
b phase sigma vr
[from data line 1257]
766223500000.0 -0.32519534 1.7623824e-08 -2678025.0
767757400000.0 -0.32584634 1.7604235e-08 -2659629.0
769291260000.0 -0.32649735 1.7604235e-08 -2659629.0
770825500000.0 -0.3271485 1.7604235e-08 -2659629.0
772359300000.0 -0.32779947 1.7604235e-08 -2659629.0
773893200000.0 -0.32845047 1.7967222e-08 -2598304.8
775427460000.0 -0.32910162 1.7967222e-08 -2598304.8
776961300000.0 -0.3297526 1.7967222e-08 -2598304.8
778495200000.0 -0.3304036 1.7967222e-08 -2598304.8
780029400000.0 -0.33105475 1.841614e-08 -2459115.5
781563270000.0 -0.33170575 1.841614e-08 -2459115.5
783097140000.0 -0.33235672 1.841614e-08 -2459115.5
784631200000.0 -0.3330078 1.841614e-08 -2459115.5
786165200000.0 -0.33365887 1.8585073e-08 -2260136.8
787699100000.0 -0.33430985 1.8585073e-08 -2260136.8
789233140000.0 -0.33496094 1.8585073e-08 -2260136.8
790767200000.0 -0.335612 1.8585073e-08 -2260136.8
792301000000.0 -0.336263 1.8532775e-08 -2006419.9
793835100000.0 -0.33691406 1.8532775e-08 -2006419.9
795369140000.0 -0.33756512 1.8532775e-08 -2006419.9
796903000000.0 -0.33821613 1.8532775e-08 -2006419.9
798437000000.0 -0.3388672 1.8119957e-08 -1719045.1
799971100000.0 -0.33951825 1.8119957e-08 -1719045.1
801504950000.0 -0.34016925 1.8119957e-08 -1719045.1
803039000000.0 -0.3408203 1.8119957e-08 -1719045.1
804573000000.0 -0.3414714 1.703849e-08 -1371479.0
806106900000.0 -0.34212238 1.703849e-08 -1371479.0
807640760000.0 -0.34277338 1.703849e-08 -1371479.0
809175000000.0 -0.34342453 1.703849e-08 -1371479.0
810708900000.0 -0.3440755 1.4326195e-08 -719790.1
812242700000.0 -0.3447265 1.4326195e-08 -719790.1
813776960000.0 -0.34537765 1.4326195e-08 -719790.1
815310800000.0 -0.34602866 1.4326195e-08 -719790.1
816844700000.0 -0.34667963 1.3950489e-08 416907.25
818378900000.0 -0.34733078 1.3950489e-08 416907.25
819912800000.0 -0.34798178 1.3950489e-08 416907.25
821446640000.0 -0.34863275 1.3950489e-08 416907.25
822980840000.0 -0.3492839 1.7091233e-08 1629836.1
824514700000.0 -0.3499349 1.7091233e-08 1629836.1
826048600000.0 -0.3505859 1.7091233e-08 1629836.1
827582640000.0 -0.35123697 1.7091233e-08 1629836.1
829116700000.0 -0.35188803 1.73043e-08 1874910.4
830650600000.0 -0.35253903 1.73043e-08 1874910.4
832184600000.0 -0.3531901 1.73043e-08 1874910.4
833718650000.0 -0.35384116 1.73043e-08 1874910.4
835252500000.0 -0.35449216 1.3650461e-08 1950840.0
836786600000.0 -0.35514322 1.3650461e-08 1950840.0
838320600000.0 -0.3557943 1.3650461e-08 1950840.0
839854460000.0 -0.35644528 1.3650461e-08 1950840.0
841388500000.0 -0.35709634 1.0789357e-08 2725035.2
842922500000.0 -0.35774744 1.0789357e-08 2725035.2
844456400000.0 -0.3583984 1.0789357e-08 2725035.2
845990460000.0 -0.3590495 1.0789357e-08 2725035.2
847524500000.0 -0.35970056 8.563908e-09 2296735.0
849058400000.0 -0.36035156 8.563908e-09 2296735.0
850592300000.0 -0.36100253 8.563908e-09 2296735.0
852126470000.0 -0.3616537 8.563908e-09 2296735.0
853660340000.0 -0.3623047 6.199071e-09 851516.25
855194200000.0 -0.36295566 6.199071e-09 851516.25
856728400000.0 -0.3636068 6.199071e-09 851516.25
858262300000.0 -0.3642578 6.199071e-09 851516.25
859796140000.0 -0.3649088 5.525011e-09 769611.4
861330400000.0 -0.36555994 5.525011e-09 769611.4
862864200000.0 -0.36621094 5.525011e-09 769611.4
864398100000.0 -0.36686194 5.525011e-09 769611.4
865932350000.0 -0.3675131 5.3189515e-09 1033380.4
867466200000.0 -0.36816406 5.3189515e-09 1033380.4
869000100000.0 -0.36881506 5.3189515e-09 1033380.4
870534100000.0 -0.36946613 5.3189515e-09 1033380.4
872068150000.0 -0.3701172 6.023532e-09 1172984.5
873602000000.0 -0.3707682 6.023532e-09 1172984.5
875136100000.0 -0.37141925 6.023532e-09 1172984.5
876670100000.0 -0.37207034 6.023532e-09 1172984.5
878203960000.0 -0.3727213 6.6508226e-09 1591532.1
879738000000.0 -0.3733724 6.6508226e-09 1591532.1
881272100000.0 -0.37402347 6.6508226e-09 1591532.1
882805900000.0 -0.37467447 6.6508226e-09 1591532.1
884339970000.0 -0.37532553 5.086331e-09 1208396.5
885874000000.0 -0.3759766 5.086331e-09 1208396.5
887407900000.0 -0.3766276 5.086331e-09 1208396.5
888941900000.0 -0.37727866 5.086331e-09 1208396.5
890476000000.0 -0.37792972 2.8135385e-09 465044.3
892009840000.0 -0.37858072 2.8135385e-09 465044.3
893543700000.0 -0.37923172 2.8135385e-09 465044.3
895077900000.0 -0.37988284 2.8135385e-09 465044.3
896611800000.0 -0.38053384 2.4206954e-09 592929.3
898145650000.0 -0.38118485 2.4206954e-09 592929.3
899679900000.0 -0.381836 2.4206954e-09 592929.3
901213800000.0 -0.38248697 2.4206954e-09 592929.3
902747600000.0 -0.38313797 2.224742e-09 959030.06
904281850000.0 -0.38378912 2.224742e-09 959030.06
905815700000.0 -0.3844401 2.224742e-09 959030.06
907349600000.0 -0.3850911 2.224742e-09 959030.06
908883800000.0 -0.38574225 1.8447867e-09 907284.1
910417660000.0 -0.38639325 1.8447867e-09 907284.1
911951500000.0 -0.38704422 1.8447867e-09 907284.1
913485600000.0 -0.3876953 1.8447867e-09 907284.1
915019600000.0 -0.38834637 1.7892979e-09 803942.6
916553470000.0 -0.38899738 1.7892979e-09 803942.6
918087500000.0 -0.38964844 1.7892979e-09 803942.6
919621600000.0 -0.3902995 1.7892979e-09 803942.6
921155500000.0 -0.3909505 1.6951544e-09 901911.9
922689500000.0 -0.39160156 1.6951544e-09 901911.9
924223540000.0 -0.39225262 1.6951544e-09 901911.9
925757400000.0 -0.39290363 1.6951544e-09 901911.9
927291400000.0 -0.3935547 1.7501096e-09 1161208.4
928825500000.0 -0.39420575 1.7501096e-09 1161208.4
930359350000.0 -0.39485675 1.7501096e-09 1161208.4
931893400000.0 -0.3955078 1.7501096e-09 1161208.4
933427400000.0 -0.3961589 1.8268042e-09 1566755.5
934961300000.0 -0.39680988 1.8268042e-09 1566755.5
936495150000.0 -0.39746088 1.8268042e-09 1566755.5
938029400000.0 -0.39811203 1.8268042e-09 1566755.5
939563300000.0 -0.398763 1.916589e-09 2145991.2
941097160000.0 -0.399414 1.916589e-09 2145991.2
942631350000.0 -0.40006515 1.916589e-09 2145991.2
944165200000.0 -0.40071616 1.916589e-09 2145991.2
945699100000.0 -0.40136713 2.0959419e-09 2958149.0
947233300000.0 -0.40201828 2.0959419e-09 2958149.0
948767160000.0 -0.40266928 2.0959419e-09 2958149.0
950301000000.0 -0.40332028 2.0959419e-09 2958149.0
951835200000.0 -0.4039714 2.183443e-09 3602646.8
953369100000.0 -0.4046224 2.183443e-09 3602646.8
954903000000.0 -0.4052734 2.183443e-09 3602646.8
956437040000.0 -0.40592447 2.183443e-09 3602646.8
957971100000.0 -0.40657553 2.1717461e-09 3980363.8
959505000000.0 -0.40722653 2.1717461e-09 3980363.8
961039000000.0 -0.4078776 2.1717461e-09 3980363.8
962573040000.0 -0.40852866 2.1717461e-09 3980363.8
964106900000.0 -0.40917966 2.0258653e-09 4097901.0
965641000000.0 -0.40983072 2.0258653e-09 4097901.0
967175000000.0 -0.4104818 2.0258653e-09 4097901.0
968708850000.0 -0.41113278 2.0258653e-09 4097901.0
970242900000.0 -0.41178387 1.9514286e-09 3801715.5
971776900000.0 -0.41243494 1.9514286e-09 3801715.5
973310800000.0 -0.4130859 1.9514286e-09 3801715.5
974844850000.0 -0.413737 1.9514286e-09 3801715.5
976378900000.0 -0.41438806 1.918973e-09 3565215.5
977912800000.0 -0.41503906 1.918973e-09 3565215.5
979446660000.0 -0.41569003 1.918973e-09 3565215.5
980980860000.0 -0.4163412 1.918973e-09 3565215.5
982514700000.0 -0.4169922 1.8975805e-09 3544028.0
984048600000.0 -0.4176432 1.8975805e-09 3544028.0
985582800000.0 -0.4182943 1.8975805e-09 3544028.0
987116670000.0 -0.4189453 1.8975805e-09 3544028.0
988650540000.0 -0.4195963 1.8850397e-09 3436610.2
990184800000.0 -0.42024744 1.8850397e-09 3436610.2
991718700000.0 -0.42089844 1.8850397e-09 3436610.2
993252500000.0 -0.42154944 1.8850397e-09 3436610.2
994786740000.0 -0.4222006 1.6662843e-09 2611667.0
996320600000.0 -0.42285156 1.6662843e-09 2611667.0
997854500000.0 -0.42350256 1.6662843e-09 2611667.0
999388500000.0 -0.42415363 1.6662843e-09 2611667.0
1000922550000.0 -0.42480472 1.2713754e-09 2210342.5
1002456400000.0 -0.4254557 1.2713754e-09 2210342.5
1003990500000.0 -0.42610675 1.2713754e-09 2210342.5
1005524500000.0 -0.42675784 1.2713754e-09 2210342.5
1007058350000.0 -0.4274088 3.4812514e-10 919228.0
1008592400000.0 -0.4280599 3.4812514e-10 919228.0
1010126500000.0 -0.42871097 3.4812514e-10 919228.0
1011660360000.0 -0.42936197 3.4812514e-10 919228.0
1013194360000.0 -0.43001303 2.5524863e-10 1145188.1
1014728400000.0 -0.4306641 2.5524863e-10 1145188.1
1016262300000.0 -0.4313151 2.5524863e-10 1145188.1
1017796300000.0 -0.43196616 2.5524863e-10 1145188.1
1019330360000.0 -0.43261722 2.0640713e-10 246598.72
1020864230000.0 -0.43326822 2.0640713e-10 246598.72
1022398100000.0 -0.43391922 2.0640713e-10 246598.72
1023932300000.0 -0.43457034 2.0640713e-10 246598.72
1025466200000.0 -0.43522134 1.5609426e-10 -212765.03
1027000040000.0 -0.43587235 1.5609426e-10 -212765.03
1028534300000.0 -0.4365235 1.5609426e-10 -212765.03
1030068200000.0 -0.43717447 1.5609426e-10 -212765.03
1031602040000.0 -0.43782547 1.5300089e-10 -121821.08
1033136240000.0 -0.43847662 1.5300089e-10 -121821.08
1034670100000.0 -0.43912762 1.5300089e-10 -121821.08
1036204000000.0 -0.4397786 1.5300089e-10 -121821.08
1037738200000.0 -0.44042975 1.6996424e-10 -84006.836
1039272050000.0 -0.44108075 1.6996424e-10 -84006.836
1040805900000.0 -0.44173172 1.6996424e-10 -84006.836
1042340000000.0 -0.4423828 1.6996424e-10 -84006.836
1043874000000.0 -0.44303387 1.7775849e-10 130859.02
1045407860000.0 -0.44368488 1.7775849e-10 130859.02
1046941900000.0 -0.44433594 1.7775849e-10 130859.02
1048476000000.0 -0.444987 1.7775849e-10 130859.02
1050009860000.0 -0.445638 1.6543021e-10 612834.44
1051543860000.0 -0.44628906 1.6543021e-10 612834.44
1053077900000.0 -0.44694012 1.6543021e-10 612834.44
1054611800000.0 -0.44759113 1.6543021e-10 612834.44
1056145870000.0 -0.4482422 1.6114282e-10 948425.3
1057679900000.0 -0.44889325 1.6114282e-10 948425.3
1059213740000.0 -0.44954425 1.6114282e-10 948425.3
1060747800000.0 -0.4501953 1.6114282e-10 948425.3
1062281800000.0 -0.4508464 1.6433717e-10 1095920.8
1063815700000.0 -0.45149738 1.6433717e-10 1095920.8
1065349550000.0 -0.45214838 1.6433717e-10 1095920.8
1066883800000.0 -0.45279953 1.6433717e-10 1095920.8
1068417700000.0 -0.45345053 1.6718309e-10 1231391.8
1069951550000.0 -0.4541015 1.6718309e-10 1231391.8
1071485750000.0 -0.45475265 1.6718309e-10 1231391.8
1073019600000.0 -0.45540366 1.6718309e-10 1231391.8
1074553500000.0 -0.45605463 1.6948722e-10 1391072.1
1076087700000.0 -0.45670578 1.6948722e-10 1391072.1
1077621560000.0 -0.45735678 1.6948722e-10 1391072.1
1079155400000.0 -0.45800778 1.6948722e-10 1391072.1
1080689700000.0 -0.4586589 1.7174807e-10 1562198.8
1082223500000.0 -0.4593099 1.7174807e-10 1562198.8
1083757360000.0 -0.4599609 1.7174807e-10 1562198.8
1085291400000.0 -0.46061197 1.7174807e-10 1562198.8
1086825500000.0 -0.46126303 1.7687901e-10 1758591.5
1088359370000.0 -0.46191403 1.7687901e-10 1758591.5
1089893400000.0 -0.4625651 1.7687901e-10 1758591.5
1091427430000.0 -0.46321616 1.7687901e-10 1758591.5
1092961300000.0 -0.46386716 1.9055824e-10 1959477.9
1094495400000.0 -0.46451822 1.9055824e-10 1959477.9
1096029400000.0 -0.4651693 1.9055824e-10 1959477.9
1097563240000.0 -0.46582028 1.9055824e-10 1959477.9
1099097300000.0 -0.46647137 2.1883767e-10 2131217.8
1100631400000.0 -0.46712244 2.1883767e-10 2131217.8
1102165200000.0 -0.46777344 2.1883767e-10 2131217.8
1103699200000.0 -0.4684245 2.1883767e-10 2131217.8
1105233300000.0 -0.46907556 2.8007627e-10 2379246.5
1106767100000.0 -0.4697265 2.8007627e-10 2379246.5
1108301000000.0 -0.47037753 2.8007627e-10 2379246.5
1109835300000.0 -0.4710287 2.8007627e-10 2379246.5
1111369200000.0 -0.47167972 4.0817688e-10 3109117.2
1112903000000.0 -0.4723307 4.0817688e-10 3109117.2
1114437200000.0 -0.4729818 4.0817688e-10 3109117.2
1115971100000.0 -0.47363284 4.0817688e-10 3109117.2
1117504900000.0 -0.4742838 6.3639644e-10 4766439.0
1119039100000.0 -0.47493497 6.3639644e-10 4766439.0
1120573000000.0 -0.47558594 6.3639644e-10 4766439.0
1122106900000.0 -0.47623694 6.3639644e-10 4766439.0
1123641000000.0 -0.47688803 9.555575e-10 6406875.5
1125175000000.0 -0.47753906 9.555575e-10 6406875.5
1126708800000.0 -0.47819003 9.555575e-10 6406875.5
1128242900000.0 -0.47884113 9.555575e-10 6406875.5
1129777000000.0 -0.47949222 1.1599779e-09 7008350.5
1131310900000.0 -0.48014325 1.1599779e-09 7008350.5
1132844800000.0 -0.48079422 1.1599779e-09 7008350.5
1134378900000.0 -0.48144534 1.1599779e-09 7008350.5
1135912800000.0 -0.48209637 1.2451261e-09 6939349.0
1137446700000.0 -0.48274735 1.2451261e-09 6939349.0
1138980800000.0 -0.48339847 1.2451261e-09 6939349.0
1140514800000.0 -0.48404947 1.2451261e-09 6939349.0
1142048800000.0 -0.48470056 1.2502682e-09 6706894.5
1143582800000.0 -0.48535156 1.2502682e-09 6706894.5
1145116700000.0 -0.4860026 1.2502682e-09 6706894.5
1146650800000.0 -0.48665366 1.2502682e-09 6706894.5
1148184800000.0 -0.48730478 1.1896812e-09 6341653.5
1149718600000.0 -0.48795572 1.1896812e-09 6341653.5
1151252600000.0 -0.48860675 1.1896812e-09 6341653.5
1152786800000.0 -0.48925787 1.1896812e-09 6341653.5
1154320600000.0 -0.48990884 1.0403824e-09 5651406.0
1155854500000.0 -0.49055988 1.0403824e-09 5651406.0
1157388700000.0 -0.491211 1.0403824e-09 5651406.0
1158922500000.0 -0.49186197 1.0403824e-09 5651406.0
1160456400000.0 -0.49251297 7.7065565e-10 4122929.0
1161990600000.0 -0.49316412 7.7065565e-10 4122929.0
1163524400000.0 -0.49381506 7.7065565e-10 4122929.0
1165058400000.0 -0.4944661 7.7065565e-10 4122929.0
1166592600000.0 -0.49511725 4.807654e-10 2060423.1
1168126500000.0 -0.49576828 4.807654e-10 2060423.1
1169660300000.0 -0.49641922 4.807654e-10 2060423.1
1171194400000.0 -0.4970703 4.807654e-10 2060423.1
1172728400000.0 -0.49772137 3.0337552e-10 1190153.4
1174262300000.0 -0.49837238 3.0337552e-10 1190153.4
1175796300000.0 -0.49902344 3.0337552e-10 1190153.4
1177330400000.0 -0.4996745 3.0337552e-10 1190153.4
