morphology_data/1d_wa_a0.025_l8r2_00001.ecsv
# %ECSV 1.0
# ---
# datatype:
# - {name: b, datatype: float32}
# - {name: phase, datatype: float32}
# - {name: sigma, datatype: float32}
# - {name: vr, datatype: float32}
# meta: {lambda: 8, rp: 2.0, sep: 0.025, wind: a}
# schema: astropy-2.0
b phase sigma vr
[from data line 399]
-565271900000.0 0.23990884 5.891305e-08 309807.5
-563737900000.0 0.2392578 6.218275e-08 309332.75
-562204000000.0 0.23860677 6.218275e-08 309332.75
-560670050000.0 0.23795573 6.218275e-08 309332.75
-559136050000.0 0.23730469 6.218275e-08 309332.75
-557602050000.0 0.23665364 6.540237e-08 308640.88
-556068040000.0 0.2360026 6.540237e-08 308640.88
-554534040000.0 0.23535155 6.540237e-08 308640.88
-553000040000.0 0.23470049 6.540237e-08 308640.88
-551466100000.0 0.23404948 6.856348e-08 307887.75
-549932200000.0 0.23339845 6.856348e-08 307887.75
-548398170000.0 0.23274739 6.856348e-08 307887.75
-546864170000.0 0.23209634 6.856348e-08 307887.75
-545330200000.0 0.23144531 7.1672105e-08 306776.56
-543796200000.0 0.23079427 7.1672105e-08 306776.56
-542262200000.0 0.23014322 7.1672105e-08 306776.56
-540728260000.0 0.22949219 7.1672105e-08 306776.56
-539194300000.0 0.22884116 7.473402e-08 305189.2
-537660300000.0 0.22819011 7.473402e-08 305189.2
-536126300000.0 0.22753906 7.473402e-08 305189.2
-534592320000.0 0.22688803 7.473402e-08 305189.2
-533058360000.0 0.22623697 7.776396e-08 302847.47
-531524350000.0 0.22558592 7.776396e-08 302847.47
-529990400000.0 0.22493489 7.776396e-08 302847.47
-528456420000.0 0.22428386 7.776396e-08 302847.47
-526922400000.0 0.22363281 8.077794e-08 299520.7
-525388400000.0 0.22298177 8.077794e-08 299520.7
-523854480000.0 0.22233073 8.077794e-08 299520.7
-522320480000.0 0.22167969 8.077794e-08 299520.7
-520786480000.0 0.22102864 8.377454e-08 295097.28
-519252500000.0 0.22037761 8.377454e-08 295097.28
-517718570000.0 0.21972658 8.377454e-08 295097.28
-516184570000.0 0.21907552 8.377454e-08 295097.28
-514650570000.0 0.21842447 8.670276e-08 289374.44
-513116600000.0 0.21777344 8.670276e-08 289374.44
-511582600000.0 0.21712239 8.670276e-08 289374.44
-510048600000.0 0.21647134 8.670276e-08 289374.44
-508514660000.0 0.21582031 8.947886e-08 282076.12
-506980700000.0 0.21516928 8.947886e-08 282076.12
-505446700000.0 0.21451823 8.947886e-08 282076.12
-503912700000.0 0.21386719 8.947886e-08 282076.12
-502378730000.0 0.21321616 9.206922e-08 272958.7
-500844760000.0 0.2125651 9.206922e-08 272958.7
-499310760000.0 0.21191405 9.206922e-08 272958.7
-497776800000.0 0.21126302 9.206922e-08 272958.7
-496242820000.0 0.21061198 9.449673e-08 261865.73
-494708820000.0 0.20996094 9.449673e-08 261865.73
-493174820000.0 0.20930989 9.449673e-08 261865.73
-491640880000.0 0.20865886 9.449673e-08 261865.73
-490106880000.0 0.20800781 9.6810055e-08 248579.17
-488572880000.0 0.20735677 9.6810055e-08 248579.17
-487038900000.0 0.20670573 9.6810055e-08 248579.17
-485504970000.0 0.2060547 9.6810055e-08 248579.17
-483970970000.0 0.20540364 9.905554e-08 232685.77
-482436970000.0 0.2047526 9.905554e-08 232685.77
-480903000000.0 0.20410156 9.905554e-08 232685.77
-479369070000.0 0.20345053 9.905554e-08 232685.77
-477835000000.0 0.20279947 1.0129217e-07 213821.3
-476301070000.0 0.20214844 1.0129217e-07 213821.3
-474767100000.0 0.2014974 1.0129217e-07 213821.3
-473233100000.0 0.20084636 1.0129217e-07 213821.3
-471699100000.0 0.20019531 1.0355549e-07 191810.72
-470165130000.0 0.19954428 1.0355549e-07 191810.72
-468631200000.0 0.19889325 1.0355549e-07 191810.72
-467097160000.0 0.19824217 1.0355549e-07 191810.72
-465563200000.0 0.19759114 1.0586262e-07 166712.97
-464029220000.0 0.19694011 1.0586262e-07 166712.97
-462495220000.0 0.19628906 1.0586262e-07 166712.97
-460961220000.0 0.19563802 1.0586262e-07 166712.97
-459427280000.0 0.19498698 1.0822882e-07 138693.97
-457893300000.0 0.19433595 1.0822882e-07 138693.97
-456359280000.0 0.19368488 1.0822882e-07 138693.97
-454825300000.0 0.19303386 1.0822882e-07 138693.97
-453291380000.0 0.19238283 1.1066285e-07 108269.27
-451757380000.0 0.19173177 1.1066285e-07 108269.27
-450223370000.0 0.19108072 1.1066285e-07 108269.27
-448689400000.0 0.19042969 1.1066285e-07 108269.27
-447155440000.0 0.18977866 1.1319291e-07 76473.086
-445621400000.0 0.1891276 1.1319291e-07 76473.086
-444087470000.0 0.18847656 1.1319291e-07 76473.086
-442553500000.0 0.18782553 1.1319291e-07 76473.086
-441019500000.0 0.18717448 1.1579622e-07 43690.75
-439485500000.0 0.18652342 1.1579622e-07 43690.75
-437951530000.0 0.1858724 1.1579622e-07 43690.75
-436417600000.0 0.18522137 1.1579622e-07 43690.75
-434883530000.0 0.1845703 1.18517036e-07 10588.11
-433349600000.0 0.18391927 1.18517036e-07 10588.11
-431815620000.0 0.18326823 1.18517036e-07 10588.11
-430281620000.0 0.18261719 1.18517036e-07 10588.11
-428747700000.0 0.18196616 1.2133765e-07 -22324.145
-427213700000.0 0.18131511 1.2133765e-07 -22324.145
-425679700000.0 0.18066408 1.2133765e-07 -22324.145
-424145680000.0 0.180013 1.2133765e-07 -22324.145
-422611700000.0 0.17936198 1.2422566e-07 -54577.664
-421077780000.0 0.17871095 1.2422566e-07 -54577.664
-419543700000.0 0.17805988 1.2422566e-07 -54577.664
-418009840000.0 0.17740889 1.2422566e-07 -54577.664
-416475800000.0 0.17675781 1.27206e-07 -85537.71
-414941770000.0 0.17610675 1.27206e-07 -85537.71
-413407900000.0 0.17545575 1.27206e-07 -85537.71
-411873870000.0 0.17480469 1.27206e-07 -85537.71
-410339800000.0 0.17415361 1.3023256e-07 -115748.664
-408805930000.0 0.17350262 1.3023256e-07 -115748.664
-407271900000.0 0.17285155 1.3023256e-07 -115748.664
-405737930000.0 0.17220053 1.3023256e-07 -115748.664
-404204000000.0 0.1715495 1.332579e-07 -145765.7
-402669930000.0 0.17089842 1.332579e-07 -145765.7
-401136000000.0 0.17024739 1.332579e-07 -145765.7
-399602020000.0 0.16959636 1.332579e-07 -145765.7
-398068000000.0 0.1689453 1.3625535e-07 -175453.73
-396534120000.0 0.1682943 1.3625535e-07 -175453.73
-395000100000.0 0.16764323 1.3625535e-07 -175453.73
-393466020000.0 0.16699216 1.3625535e-07 -175453.73
-391932180000.0 0.16634117 1.3921918e-07 -205463.62
-390398100000.0 0.1656901 1.3921918e-07 -205463.62
-388864080000.0 0.16503903 1.3921918e-07 -205463.62
-387330200000.0 0.16438805 1.3921918e-07 -205463.62
-385796180000.0 0.16373697 1.4216299e-07 -236423.84
-384262200000.0 0.16308594 1.4216299e-07 -236423.84
-382728240000.0 0.1624349 1.4216299e-07 -236423.84
-381194200000.0 0.16178384 1.4216299e-07 -236423.84
-379660270000.0 0.16113281 1.451317e-07 -268700.9
-378126300000.0 0.16048178 1.451317e-07 -268700.9
-376592270000.0 0.1598307 1.451317e-07 -268700.9
-375058400000.0 0.15917972 1.451317e-07 -268700.9
-373524330000.0 0.15852864 1.4814611e-07 -302305.8
-371990300000.0 0.15787758 1.4814611e-07 -302305.8
-370456430000.0 0.15722659 1.4814611e-07 -302305.8
-368922400000.0 0.15657552 1.4814611e-07 -302305.8
-367388360000.0 0.15592445 1.5122649e-07 -335913.03
-365854500000.0 0.15527347 1.5122649e-07 -335913.03
-364320420000.0 0.15462239 1.5122649e-07 -335913.03
-362786500000.0 0.15397136 1.5122649e-07 -335913.03
-361252520000.0 0.15332033 1.542868e-07 -368645.88
-359718500000.0 0.15266925 1.542868e-07 -368645.88
-358184520000.0 0.15201822 1.542868e-07 -368645.88
-356650580000.0 0.1513672 1.542868e-07 -368645.88
-355116500000.0 0.15071613 1.5735259e-07 -400301.97
-353582650000.0 0.15006512 1.5735259e-07 -400301.97
-352048600000.0 0.14941406 1.5735259e-07 -400301.97
-350514580000.0 0.148763 1.5735259e-07 -400301.97
-348980700000.0 0.148112 1.605284e-07 -431434.22
-347446640000.0 0.14746092 1.605284e-07 -431434.22
-345912600000.0 0.14680986 1.605284e-07 -431434.22
-344378740000.0 0.14615887 1.605284e-07 -431434.22
-342844700000.0 0.1455078 1.6398496e-07 -461264.0
-341310730000.0 0.14485677 1.6398496e-07 -461264.0
-339776800000.0 0.14420575 1.6398496e-07 -461264.0
-338242730000.0 0.14355466 1.6398496e-07 -461264.0
-336708800000.0 0.14290364 1.677893e-07 -489675.6
-335174830000.0 0.14225261 1.677893e-07 -489675.6
-333640800000.0 0.14160155 1.677893e-07 -489675.6
-332106920000.0 0.14095055 1.677893e-07 -489675.6
-330572900000.0 0.14029948 1.7184914e-07 -516890.66
-329038820000.0 0.13964841 1.7184914e-07 -516890.66
-327504950000.0 0.1389974 1.7184914e-07 -516890.66
-325970920000.0 0.13834634 1.7184914e-07 -516890.66
-324436900000.0 0.13769528 1.7621602e-07 -541328.3
-322903000000.0 0.1370443 1.7621602e-07 -541328.3
-321368980000.0 0.13639323 1.7621602e-07 -541328.3
-319835000000.0 0.13574219 1.7621602e-07 -541328.3
-318301040000.0 0.13509116 1.8083247e-07 -563556.56
-316767000000.0 0.1344401 1.8083247e-07 -563556.56
-315233040000.0 0.13378905 1.8083247e-07 -563556.56
-313699100000.0 0.13313803 1.8083247e-07 -563556.56
-312165070000.0 0.13248697 1.8563867e-07 -584566.75
-310631200000.0 0.13183598 1.8563867e-07 -584566.75
-309097140000.0 0.13118489 1.8563867e-07 -584566.75
-307563100000.0 0.13053383 1.8563867e-07 -584566.75
-306029230000.0 0.12988284 1.9062936e-07 -604161.9
-304495200000.0 0.12923177 1.9062936e-07 -604161.9
-302961130000.0 0.12858069 1.9062936e-07 -604161.9
-301427300000.0 0.12792972 1.9062936e-07 -604161.9
-299893230000.0 0.12727864 1.9582231e-07 -621507.2
-298359300000.0 0.12662761 1.9582231e-07 -621507.2
-296825320000.0 0.12597658 1.9582231e-07 -621507.2
-295291300000.0 0.1253255 1.9582231e-07 -621507.2
-293757320000.0 0.12467448 2.0112499e-07 -636286.0
-292223400000.0 0.12402345 2.0112499e-07 -636286.0
-290689320000.0 0.123372376 2.0112499e-07 -636286.0
-289155450000.0 0.12272138 2.0112499e-07 -636286.0
-287621400000.0 0.12207031 2.0643658e-07 -649598.3
-286087380000.0 0.12141925 2.0643658e-07 -649598.3
-284553500000.0 0.12076825 2.0643658e-07 -649598.3
-283019440000.0 0.12011717 2.0643658e-07 -649598.3
-281485400000.0 0.11946611 2.1173065e-07 -662374.2
-279951540000.0 0.118815124 2.1173065e-07 -662374.2
-278417500000.0 0.118164055 2.1173065e-07 -662374.2
-276883540000.0 0.11751302 2.1173065e-07 -662374.2
-275349600000.0 0.11686199 2.1700946e-07 -674758.0
-273815550000.0 0.11621092 2.1700946e-07 -674758.0
-272281600000.0 0.11555989 2.1700946e-07 -674758.0
-270747630000.0 0.11490886 2.1700946e-07 -674758.0
-269213600000.0 0.11425779 2.2232254e-07 -687649.75
-267679730000.0 0.113606796 2.2232254e-07 -687649.75
-266145680000.0 0.11295573 2.2232254e-07 -687649.75
-264611640000.0 0.11230466 2.2232254e-07 -687649.75
-263077770000.0 0.11165367 2.2779065e-07 -701586.2
-261543720000.0 0.1110026 2.2779065e-07 -701586.2
-260009670000.0 0.11035153 2.2779065e-07 -701586.2
-258475820000.0 0.10970054 2.2779065e-07 -701586.2
-256941770000.0 0.10904947 2.3347337e-07 -716699.3
-255407820000.0 0.10839844 2.3347337e-07 -716699.3
-253873860000.0 0.107747406 2.3347337e-07 -716699.3
-252339810000.0 0.10709634 2.3347337e-07 -716699.3
-250805860000.0 0.106445305 2.3937054e-07 -733927.5
-249271910000.0 0.10579427 2.3937054e-07 -733927.5
-247737860000.0 0.10514321 2.3937054e-07 -733927.5
-246203990000.0 0.10449222 2.3937054e-07 -733927.5
-244669960000.0 0.10384115 2.4553933e-07 -753187.6
-243135900000.0 0.10319008 2.4553933e-07 -753187.6
-241602040000.0 0.102539085 2.4553933e-07 -753187.6
-240067990000.0 0.101888016 2.4553933e-07 -753187.6
-238533950000.0 0.10123695 2.520451e-07 -773833.5
-237000080000.0 0.10058595 2.520451e-07 -773833.5
-235466030000.0 0.09993488 2.520451e-07 -773833.5
-233932080000.0 0.09928385 2.520451e-07 -773833.5
-232398130000.0 0.09863283 2.5897145e-07 -795527.94
-230864080000.0 0.09798176 2.5897145e-07 -795527.94
-229330120000.0 0.09733073 2.5897145e-07 -795527.94
-227796170000.0 0.096679695 2.5897145e-07 -795527.94
-226262120000.0 0.096028626 2.663167e-07 -818168.4
-224728250000.0 0.09537763 2.663167e-07 -818168.4
-223194220000.0 0.09472656 2.663167e-07 -818168.4
-221660170000.0 0.09407549 2.663167e-07 -818168.4
-220126300000.0 0.0934245 2.7397792e-07 -841841.6
-218592260000.0 0.09277343 2.7397792e-07 -841841.6
-217058210000.0 0.09212236 2.7397792e-07 -841841.6
-215524340000.0 0.091471374 2.7397792e-07 -841841.6
-213990310000.0 0.090820305 2.8205957e-07 -866057.0
-212456340000.0 0.09016927 2.8205957e-07 -866057.0
-210922390000.0 0.08951824 2.8205957e-07 -866057.0
-209388360000.0 0.08886717 2.8205957e-07 -866057.0
-207854390000.0 0.08821614 2.9103063e-07 -890290.7
-206320440000.0 0.08756511 2.9103063e-07 -890290.7
-204786400000.0 0.08691404 2.9103063e-07 -890290.7
-203252530000.0 0.086263046 2.9103063e-07 -890290.7
-201718480000.0 0.08561198 3.0114424e-07 -911903.2
-200184430000.0 0.08496091 3.0114424e-07 -911903.2
-198650580000.0 0.08430992 3.0114424e-07 -911903.2
-197116530000.0 0.08365885 3.0114424e-07 -911903.2
-195582570000.0 0.08300782 2.8449136e-07 -959944.9
-194048620000.0 0.08235679 2.8449136e-07 -959944.9
-192514570000.0 0.08170572 2.9092973e-07 -968570.75
-190980620000.0 0.08105469 2.9092973e-07 -968570.75
-189446670000.0 0.080403656 2.956783e-07 -980325.2
-187912620000.0 0.07975259 2.956783e-07 -980325.2
-186378750000.0 0.07910159 3.008908e-07 -992137.44
-184844700000.0 0.07845052 3.008908e-07 -992137.44
-183310660000.0 0.077799454 3.061445e-07 -1003626.5
-181776800000.0 0.07714847 3.061445e-07 -1003626.5
-180242740000.0 0.07649739 3.1154985e-07 -1014977.0
-178708710000.0 0.07584633 3.1154985e-07 -1014977.0
-177174840000.0 0.075195335 3.1717272e-07 -1026643.4
-175640790000.0 0.07454426 3.1717272e-07 -1026643.4
-174106840000.0 0.073893234 3.229117e-07 -1037973.0
-172572880000.0 0.0732422 3.229117e-07 -1037973.0
-171038830000.0 0.07259113 3.2881147e-07 -1049611.4
-169504880000.0 0.0719401 3.2881147e-07 -1049611.4
-167970930000.0 0.07128907 3.3485097e-07 -1061732.4
-166436880000.0 0.070638 3.3485097e-07 -1061732.4
-164903010000.0 0.06998701 3.4095967e-07 -1073716.4
-163368980000.0 0.069335945 3.4095967e-07 -1073716.4
-161834930000.0 0.068684876 3.4733705e-07 -1086043.5
-160301060000.0 0.068033874 3.4733705e-07 -1086043.5
-158767020000.0 0.06738281 3.5407723e-07 -1098162.2
-157232970000.0 0.06673174 3.5407723e-07 -1098162.2
-155699100000.0 0.06608075 3.6129475e-07 -1109764.4
-154165070000.0 0.06542969 3.6129475e-07 -1109764.4
-152631100000.0 0.06477865 3.690999e-07 -1121400.2
-151097150000.0 0.06412762 3.690999e-07 -1121400.2
-149563110000.0 0.063476555 3.7721216e-07 -1132792.9
-148029150000.0 0.062825516 3.7721216e-07 -1132792.9
-146495200000.0 0.062174488 3.3643158e-07 -1198171.4
-144961160000.0 0.061523426 3.4060022e-07 -1202358.1
-143427290000.0 0.060872428 3.4334613e-07 -1209196.4
-141893240000.0 0.06022136 3.4645697e-07 -1215946.1
-140359190000.0 0.059570286 3.4955087e-07 -1222777.6
-138825330000.0 0.058919296 3.5274564e-07 -1229749.0
-137291284000.0 0.058268227 3.560335e-07 -1236646.2
-135757240000.0 0.057617158 3.5943523e-07 -1243613.1
-134223370000.0 0.056966167 3.6294685e-07 -1250498.1
-132689330000.0 0.056315098 3.6656994e-07 -1257403.4
-131155370000.0 0.055664066 3.7030586e-07 -1264327.4
-129621420000.0 0.055013034 3.741567e-07 -1271260.4
-128087376000.0 0.05436197 3.7812907e-07 -1278133.4
-126553416000.0 0.053710938 3.8226452e-07 -1284953.6
-125019460000.0 0.053059906 3.865328e-07 -1291575.1
-123485420000.0 0.052408837 3.9095585e-07 -1298155.1
-121951550000.0 0.051757842 3.9552725e-07 -1304682.0
-120417510000.0 0.051106777 4.0023923e-07 -1311119.8
-118883460000.0 0.050455708 4.05152e-07 -1317538.2
-117349600000.0 0.049804714 4.1024228e-07 -1323832.1
-115815555000.0 0.049153645 4.1555265e-07 -1330229.5
-114281505000.0 0.048502576 4.2107575e-07 -1336654.8
-112747640000.0 0.047851585 4.2683098e-07 -1343248.4
-111213590000.0 0.047200516 4.3285164e-07 -1350109.9
-109679640000.0 0.046549484 4.3911095e-07 -1357068.4
-108145690000.0 0.045898452 4.4566687e-07 -1364442.4
-106611640000.0 0.045247383 4.5248788e-07 -1372037.4
-105077690000.0 0.04459635 4.5958754e-07 -1380074.6
-103543734000.0 0.043945324 4.6699202e-07 -1388431.4
-102009680000.0 0.043294255 4.7472582e-07 -1397104.6
-100475820000.0 0.04264326 4.8279617e-07 -1406108.1
-98941770000.0 0.04199219 4.9115044e-07 -1415400.0
-97407730000.0 0.041341122 4.99775e-07 -1425345.9
-95873870000.0 0.04069013 5.0859387e-07 -1435443.8
-94339820000.0 0.040039062 5.1777727e-07 -1445975.8
-92805775000.0 0.039387994 5.2727614e-07 -1456255.5
-91271905000.0 0.038736995 5.373209e-07 -1466558.0
-89737860000.0 0.03808593 5.478255e-07 -1476247.0
-88203910000.0 0.0374349 5.589097e-07 -1485772.4
