morphology_data/1d_wc_a0.025_l4r1_00001.ecsv
# %ECSV 1.0
# ---
# datatype:
# - {name: b, datatype: float32}
# - {name: phase, datatype: float32}
# - {name: sigma, datatype: float32}
# - {name: vr, datatype: float32}
# meta: {lambda: 4, rp: 1.0, sep: 0.025, wind: c}
# schema: astropy-2.0
b phase sigma vr
-1177330300000.0 0.49967447 nan nan
-1175796300000.0 0.49902344 nan nan
-1174262400000.0 0.4983724 nan nan
-1172728300000.0 0.49772134 nan nan
-1171194400000.0 0.4970703 1.0330757e-11 -9575622.0
-1169660400000.0 0.49641928 1.0330757e-11 -9575622.0
-1168126500000.0 0.49576828 1.0330757e-11 -9575622.0
-1166592400000.0 0.4951172 1.0330757e-11 -9575622.0
-1165058500000.0 0.4944662 1.2377955e-11 -9281320.0
-1163524400000.0 0.49381506 1.2377955e-11 -9281320.0
-1161990500000.0 0.4931641 1.2377955e-11 -9281320.0
-1160456400000.0 0.49251297 1.2377955e-11 -9281320.0
-1158922500000.0 0.49186197 1.40538275e-11 -9091739.0
-1157388600000.0 0.49121094 1.40538275e-11 -9091739.0
-1155854500000.0 0.49055988 1.40538275e-11 -9091739.0
-1154320600000.0 0.48990884 1.40538275e-11 -9091739.0
-1152786600000.0 0.4892578 1.5346883e-11 -8998409.0
-1151252600000.0 0.48860675 1.5346883e-11 -8998409.0
-1149718600000.0 0.48795572 1.5346883e-11 -8998409.0
-1148184700000.0 0.4873047 1.5346883e-11 -8998409.0
-1146650800000.0 0.48665366 1.6319357e-11 -8972940.0
-1145116700000.0 0.4860026 1.6319357e-11 -8972940.0
-1143582800000.0 0.48535156 1.6319357e-11 -8972940.0
-1142048800000.0 0.48470056 1.6319357e-11 -8972940.0
-1140514800000.0 0.48404947 1.7045082e-11 -8982067.0
-1138980800000.0 0.48339847 1.7045082e-11 -8982067.0
-1137446700000.0 0.48274735 1.7045082e-11 -8982067.0
-1135912800000.0 0.48209637 1.7045082e-11 -8982067.0
-1134378700000.0 0.48144525 1.7185708e-11 -9026332.0
-1132844800000.0 0.48079422 1.7185708e-11 -9026332.0
-1131310900000.0 0.48014325 1.7185708e-11 -9026332.0
-1129776800000.0 0.47949213 1.7185708e-11 -9026332.0
-1128242900000.0 0.47884113 1.6254014e-11 -9171913.0
-1126709000000.0 0.4781901 1.6254014e-11 -9171913.0
-1125175000000.0 0.47753906 1.6254014e-11 -9171913.0
-1123640900000.0 0.476888 1.6254014e-11 -9171913.0
-1122107000000.0 0.47623697 1.4620216e-11 -9404018.0
-1120573000000.0 0.47558594 1.4620216e-11 -9404018.0
-1119039100000.0 0.47493497 1.4620216e-11 -9404018.0
-1117505000000.0 0.47428384 1.4620216e-11 -9404018.0
-1115971100000.0 0.47363284 1.2971482e-11 -9620943.0
-1114437000000.0 0.47298175 1.2971482e-11 -9620943.0
-1112903100000.0 0.47233072 1.2971482e-11 -9620943.0
-1111369200000.0 0.47167972 1.2971482e-11 -9620943.0
-1109835100000.0 0.47102863 1.1697445e-11 -9760139.0
-1108301200000.0 0.47037762 1.1697445e-11 -9760139.0
-1106767100000.0 0.4697265 1.1697445e-11 -9760139.0
-1105233200000.0 0.46907553 1.1697445e-11 -9760139.0
-1103699200000.0 0.4684245 1.0920636e-11 -9823425.0
-1102165200000.0 0.46777344 1.0920636e-11 -9823425.0
-1100631200000.0 0.4671224 1.0920636e-11 -9823425.0
-1099097300000.0 0.46647137 1.0920636e-11 -9823425.0
-1097563400000.0 0.46582034 1.0588329e-11 -9834805.0
-1096029300000.0 0.46516925 1.0588329e-11 -9834805.0
-1094495400000.0 0.46451822 1.0588329e-11 -9834805.0
-1092961400000.0 0.4638672 1.0588329e-11 -9834805.0
-1091427400000.0 0.46321613 1.0598004e-11 -9818937.0
-1089893400000.0 0.4625651 1.0598004e-11 -9818937.0
-1088359400000.0 0.46191406 1.0598004e-11 -9818937.0
-1086825370000.0 0.461263 1.0598004e-11 -9818937.0
-1085291400000.0 0.46061197 1.0799278e-11 -9798885.0
-1083757500000.0 0.45996094 1.0799278e-11 -9798885.0
-1082223500000.0 0.4593099 1.0799278e-11 -9798885.0
-1080689500000.0 0.45865884 1.0799278e-11 -9798885.0
-1079155560000.0 0.4580078 1.1016931e-11 -9794163.0
-1077621560000.0 0.45735678 1.1016931e-11 -9794163.0
-1076087600000.0 0.45670575 1.1016931e-11 -9794163.0
-1074553550000.0 0.4560547 1.1016931e-11 -9794163.0
-1073019600000.0 0.45540366 1.1164256e-11 -9807826.0
-1071485700000.0 0.45475262 1.1164256e-11 -9807826.0
-1069951600000.0 0.45410153 1.1164256e-11 -9807826.0
-1068417700000.0 0.45345053 1.1164256e-11 -9807826.0
-1066883700000.0 0.4527995 1.1229407e-11 -9843004.0
-1065349700000.0 0.4521484 1.1229407e-11 -9843004.0
-1063815700000.0 0.45149738 1.1229407e-11 -9843004.0
-1062281740000.0 0.45084634 1.1229407e-11 -9843004.0
-1060747800000.0 0.4501953 1.1175452e-11 -9923192.0
-1059213740000.0 0.44954425 1.1175452e-11 -9923192.0
-1057679800000.0 0.44889322 1.1175452e-11 -9923192.0
-1056145870000.0 0.4482422 1.1175452e-11 -9923192.0
-1054611870000.0 0.44759116 1.0923323e-11 -10023559.0
-1053077860000.0 0.4469401 1.0923323e-11 -10023559.0
-1051543860000.0 0.44628906 1.0923323e-11 -10023559.0
-1050009900000.0 0.44563803 1.0923323e-11 -10023559.0
-1048475860000.0 0.44498697 1.0497995e-11 -10095351.0
-1046941900000.0 0.44433594 1.0497995e-11 -10095351.0
-1045408000000.0 0.4436849 1.0497995e-11 -10095351.0
-1043873900000.0 0.44303384 1.0497995e-11 -10095351.0
-1042340000000.0 0.4423828 1.0054727e-11 -10122811.0
-1040806000000.0 0.44173178 1.0054727e-11 -10122811.0
-1039272050000.0 0.44108075 1.0054727e-11 -10122811.0
-1037738000000.0 0.44042966 1.0054727e-11 -10122811.0
-1036204050000.0 0.43977866 nan nan
-1034670100000.0 0.43912762 nan nan
-1033136200000.0 0.4384766 nan nan
-1031602100000.0 0.4378255 nan nan
-1030068200000.0 0.43717447 nan nan
-1028534200000.0 0.43652344 nan nan
-1027000200000.0 0.43587238 nan nan
-1025466200000.0 0.43522134 nan nan
-1023932240000.0 0.4345703 nan nan
-1022398200000.0 0.43391925 nan nan
-1020864230000.0 0.43326822 nan nan
-1019330300000.0 0.4326172 nan nan
-1017796300000.0 0.43196616 nan nan
-1016262300000.0 0.4313151 nan nan
-1014728300000.0 0.43066406 nan nan
-1013194360000.0 0.43001303 nan nan
-1011660400000.0 0.429362 nan nan
-1010126360000.0 0.42871094 nan nan
-1008592400000.0 0.4280599 nan nan
-1007058500000.0 0.42740887 nan nan
-1005524400000.0 0.42675778 nan nan
-1003990500000.0 0.42610675 nan nan
-1002456500000.0 0.42545575 nan nan
-1000922500000.0 0.42480466 nan nan
-999388500000.0 0.42415363 nan nan
-997854540000.0 0.4235026 nan nan
-996320600000.0 0.42285156 nan nan
-994786600000.0 0.42220053 nan nan
-993252600000.0 0.42154947 nan nan
-991718700000.0 0.42089844 nan nan
-990184700000.0 0.4202474 nan nan
-988650700000.0 0.41959634 nan nan
-987116670000.0 0.4189453 nan nan
-985582700000.0 0.41829428 nan nan
-984048660000.0 0.41764322 nan nan
-982514700000.0 0.4169922 nan nan
-980980800000.0 0.41634116 1.0309523e-11 -9090997.0
-979446700000.0 0.4156901 1.0309523e-11 -9090997.0
-977912860000.0 0.4150391 1.0309523e-11 -9090997.0
-976378800000.0 0.41438803 1.0309523e-11 -9090997.0
-974844800000.0 0.41373694 1.1088334e-11 -8861344.0
-973310900000.0 0.41308597 1.1088334e-11 -8861344.0
-971776850000.0 0.41243488 1.1088334e-11 -8861344.0
-970242900000.0 0.41178387 1.1088334e-11 -8861344.0
-968709000000.0 0.41113284 1.2043751e-11 -8702639.0
-967174900000.0 0.41048175 1.2043751e-11 -8702639.0
-965641000000.0 0.40983072 1.2043751e-11 -8702639.0
-964107000000.0 0.4091797 1.2043751e-11 -8702639.0
-962573000000.0 0.40852863 1.321984e-11 -8611428.0
-961039000000.0 0.4078776 1.321984e-11 -8611428.0
-959505040000.0 0.40722656 1.321984e-11 -8611428.0
-957971000000.0 0.4065755 1.321984e-11 -8611428.0
-956437100000.0 0.4059245 1.474526e-11 -8571360.0
-954903100000.0 0.40527344 1.474526e-11 -8571360.0
-953369030000.0 0.40462238 1.474526e-11 -8571360.0
-951835160000.0 0.40397137 1.474526e-11 -8571360.0
-950301100000.0 0.4033203 1.7057503e-11 -8556616.0
-948767160000.0 0.40266928 1.7057503e-11 -8556616.0
-947233200000.0 0.40201825 1.7057503e-11 -8556616.0
-945699160000.0 0.4013672 1.7057503e-11 -8556616.0
-944165200000.0 0.40071616 2.0557398e-11 -8534407.0
-942631300000.0 0.40006512 2.0557398e-11 -8534407.0
-941097200000.0 0.39941403 2.0557398e-11 -8534407.0
-939563300000.0 0.398763 2.0557398e-11 -8534407.0
-938029300000.0 0.39811197 2.5109907e-11 -8488236.0
-936495300000.0 0.3974609 2.5109907e-11 -8488236.0
-934961400000.0 0.39680994 2.5109907e-11 -8488236.0
-933427350000.0 0.39615884 2.5109907e-11 -8488236.0
-931893400000.0 0.3955078 3.0328143e-11 -8427059.0
-930359400000.0 0.39485678 3.0328143e-11 -8427059.0
-928825400000.0 0.39420572 3.0328143e-11 -8427059.0
-927291400000.0 0.3935547 3.0328143e-11 -8427059.0
-925757500000.0 0.39290366 3.584171e-11 -8355448.0
-924223500000.0 0.3922526 3.584171e-11 -8355448.0
-922689500000.0 0.39160156 3.584171e-11 -8355448.0
-921155530000.0 0.39095053 3.584171e-11 -8355448.0
-919621500000.0 0.39029947 4.132293e-11 -8264076.0
-918087500000.0 0.38964844 4.132293e-11 -8264076.0
-916553600000.0 0.3889974 4.132293e-11 -8264076.0
-915019500000.0 0.38834634 4.132293e-11 -8264076.0
-913485660000.0 0.38769534 4.656135e-11 -8145115.5
-911951600000.0 0.38704428 4.656135e-11 -8145115.5
-910417660000.0 0.38639325 4.656135e-11 -8145115.5
-908883700000.0 0.38574222 4.656135e-11 -8145115.5
-907349660000.0 0.38509113 5.1444102e-11 -8000260.5
-905815700000.0 0.3844401 5.1444102e-11 -8000260.5
-904281700000.0 0.3837891 5.1444102e-11 -8000260.5
-902747700000.0 0.383138 5.1444102e-11 -8000260.5
-901213800000.0 0.38248697 5.5251994e-11 -7831042.0
-899679800000.0 0.38183594 5.5251994e-11 -7831042.0
-898145800000.0 0.38118488 5.5251994e-11 -7831042.0
-896611800000.0 0.38053384 5.5251994e-11 -7831042.0
-895077840000.0 0.3798828 5.7684878e-11 -7626632.5
-893543800000.0 0.37923175 5.7684878e-11 -7626632.5
-892009900000.0 0.37858075 5.7684878e-11 -7626632.5
-890475900000.0 0.3779297 5.7684878e-11 -7626632.5
-888941900000.0 0.37727866 5.9240245e-11 -7389782.0
-887408000000.0 0.37662762 5.9240245e-11 -7389782.0
-885873900000.0 0.37597656 5.9240245e-11 -7389782.0
-884339970000.0 0.37532553 5.9240245e-11 -7389782.0
-882806000000.0 0.3746745 6.010669e-11 -7130510.5
-881271960000.0 0.37402344 6.010669e-11 -7130510.5
-879738000000.0 0.3733724 6.010669e-11 -7130510.5
-878204100000.0 0.37272137 6.010669e-11 -7130510.5
-876670000000.0 0.37207028 6.017379e-11 -6844445.0
-875136100000.0 0.37141925 6.017379e-11 -6844445.0
-873602100000.0 0.37076822 6.017379e-11 -6844445.0
-872068100000.0 0.37011716 6.017379e-11 -6844445.0
-870534200000.0 0.3694662 5.975916e-11 -6554072.5
-869000150000.0 0.3688151 5.975916e-11 -6554072.5
-867466200000.0 0.36816406 5.975916e-11 -6554072.5
-865932200000.0 0.36751303 5.975916e-11 -6554072.5
-864398200000.0 0.36686197 5.9062095e-11 -6329810.0
-862864200000.0 0.36621094 5.9062095e-11 -6329810.0
-861330300000.0 0.3655599 5.9062095e-11 -6329810.0
-859796200000.0 0.36490884 5.9062095e-11 -6329810.0
-858262300000.0 0.3642578 5.82045e-11 -6196196.0
-856728340000.0 0.36360678 5.82045e-11 -6196196.0
-855194300000.0 0.36295572 5.82045e-11 -6196196.0
-853660340000.0 0.3623047 5.82045e-11 -6196196.0
-852126400000.0 0.36165366 5.7472777e-11 -6122845.5
-850592330000.0 0.3610026 5.7472777e-11 -6122845.5
-849058460000.0 0.3603516 5.7472777e-11 -6122845.5
-847524400000.0 0.35970053 5.7472777e-11 -6122845.5
-845990460000.0 0.3590495 5.7421772e-11 -6096726.0
-844456500000.0 0.35839847 5.7421772e-11 -6096726.0
-842922460000.0 0.35774738 5.7421772e-11 -6096726.0
-841388500000.0 0.35709634 5.7421772e-11 -6096726.0
-839854500000.0 0.3564453 5.838009e-11 -6104073.5
-838320500000.0 0.35579425 5.838009e-11 -6104073.5
-836786600000.0 0.35514322 5.838009e-11 -6104073.5
-835252600000.0 0.3544922 5.838009e-11 -6104073.5
-833718600000.0 0.35384113 6.0187015e-11 -6116156.0
-832184600000.0 0.3531901 6.0187015e-11 -6116156.0
-830650650000.0 0.35253906 6.0187015e-11 -6116156.0
-829116600000.0 0.351888 6.0187015e-11 -6116156.0
-827582700000.0 0.351237 6.2493795e-11 -6118734.5
-826048700000.0 0.35058594 6.2493795e-11 -6118734.5
-824514700000.0 0.3499349 6.2493795e-11 -6118734.5
-822980800000.0 0.34928387 6.2493795e-11 -6118734.5
-821446700000.0 0.3486328 6.508149e-11 -6116902.0
-819912800000.0 0.34798178 6.508149e-11 -6116902.0
-818378830000.0 0.34733075 6.508149e-11 -6116902.0
-816844800000.0 0.3466797 6.508149e-11 -6116902.0
-815310800000.0 0.34602866 6.704175e-11 -6148988.0
-813776900000.0 0.34537762 6.704175e-11 -6148988.0
-812242800000.0 0.34472653 6.704175e-11 -6148988.0
-810708900000.0 0.3440755 6.704175e-11 -6148988.0
-809174900000.0 0.34342447 6.8001604e-11 -6218596.0
-807640900000.0 0.3427734 6.8001604e-11 -6218596.0
-806107000000.0 0.3421224 6.8001604e-11 -6218596.0
-804572950000.0 0.34147134 6.8001604e-11 -6218596.0
-803039000000.0 0.3408203 6.9105346e-11 -6265153.5
-801505000000.0 0.34016928 6.9105346e-11 -6265153.5
-799971000000.0 0.33951822 6.9105346e-11 -6265153.5
-798437000000.0 0.3388672 6.9105346e-11 -6265153.5
-796903100000.0 0.33821616 7.217622e-11 -6216302.5
-795369000000.0 0.3375651 7.217622e-11 -6216302.5
-793835100000.0 0.33691406 7.217622e-11 -6216302.5
-792301140000.0 0.33626303 7.217622e-11 -6216302.5
-790767100000.0 0.33561197 7.8883136e-11 -6029285.0
-789233140000.0 0.33496094 7.8883136e-11 -6029285.0
-787699200000.0 0.3343099 7.8883136e-11 -6029285.0
-786165200000.0 0.33365887 7.8883136e-11 -6029285.0
-784631200000.0 0.3330078 9.0154544e-11 -5716374.0
-783097200000.0 0.33235678 9.0154544e-11 -5716374.0
-781563270000.0 0.33170575 9.0154544e-11 -5716374.0
-780029300000.0 0.33105472 9.0154544e-11 -5716374.0
-778495260000.0 0.33040363 1.0564436e-10 -5323720.5
-776961300000.0 0.3297526 1.0564436e-10 -5323720.5
-775427300000.0 0.32910156 1.0564436e-10 -5323720.5
-773893300000.0 0.3284505 1.0564436e-10 -5323720.5
-772359300000.0 0.32779947 1.2249587e-10 -4898147.0
-770825400000.0 0.32714844 1.2249587e-10 -4898147.0
-769291400000.0 0.32649738 1.2249587e-10 -4898147.0
-767757400000.0 0.32584634 1.2249587e-10 -4898147.0
-766223450000.0 0.3251953 1.3573632e-10 -4496033.5
-764689500000.0 0.32454428 1.3573632e-10 -4496033.5
-763155450000.0 0.32389322 1.3573632e-10 -4496033.5
-761621500000.0 0.3232422 1.3573632e-10 -4496033.5
-760087500000.0 0.32259116 1.435676e-10 -4159388.5
-758553600000.0 0.32194012 1.435676e-10 -4159388.5
-757019500000.0 0.32128906 1.435676e-10 -4159388.5
-755485600000.0 0.32063803 1.435676e-10 -4159388.5
-753951640000.0 0.319987 1.4761811e-10 -3909387.5
-752417600000.0 0.31933594 1.4761811e-10 -3909387.5
-750883640000.0 0.3186849 1.4761811e-10 -3909387.5
-749349700000.0 0.31803387 1.4761811e-10 -3909387.5
-747815700000.0 0.31738284 1.4998094e-10 -3725931.8
-746281700000.0 0.31673178 1.4998094e-10 -3725931.8
-744747700000.0 0.31608072 1.4998094e-10 -3725931.8
-743213760000.0 0.3154297 1.4998094e-10 -3725931.8
-741679700000.0 0.31477863 1.521839e-10 -3582953.0
-740145760000.0 0.3141276 1.521839e-10 -3582953.0
-738611800000.0 0.31347656 1.521839e-10 -3582953.0
-737077800000.0 0.31282553 1.521839e-10 -3582953.0
-735543800000.0 0.31217447 1.5356685e-10 -3502394.5
-734009800000.0 0.3115234 1.5356685e-10 -3502394.5
-732475900000.0 0.3108724 1.5356685e-10 -3502394.5
-730941800000.0 0.3102213 1.5356685e-10 -3502394.5
-729407900000.0 0.3095703 1.4915298e-10 -3570945.0
-727873950000.0 0.30891928 1.4915298e-10 -3570945.0
-726339940000.0 0.30826822 1.4915298e-10 -3570945.0
-724805940000.0 0.3076172 1.4915298e-10 -3570945.0
-723272000000.0 0.30696616 1.4052054e-10 -3779966.2
-721738000000.0 0.30631512 1.4052054e-10 -3779966.2
-720204000000.0 0.30566406 1.4052054e-10 -3779966.2
-718670000000.0 0.30501303 1.4052054e-10 -3779966.2
-717136100000.0 0.304362 1.3391241e-10 -3990590.8
-715602100000.0 0.30371094 1.3391241e-10 -3990590.8
-714068070000.0 0.30305988 1.3391241e-10 -3990590.8
-712534100000.0 0.30240884 1.3391241e-10 -3990590.8
-711000100000.0 0.3017578 1.3268184e-10 -4113318.5
-709466100000.0 0.30110675 1.3268184e-10 -4113318.5
-707932100000.0 0.30045572 1.3268184e-10 -4113318.5
-706398200000.0 0.2998047 1.3268184e-10 -4113318.5
-704864200000.0 0.29915366 1.3564265e-10 -4156142.2
-703330200000.0 0.2985026 1.3564265e-10 -4156142.2
-701796250000.0 0.29785156 1.3564265e-10 -4156142.2
-700262300000.0 0.29720056 1.3564265e-10 -4156142.2
-698728250000.0 0.29654947 1.4028417e-10 -4158661.0
-697194300000.0 0.29589847 1.4028417e-10 -4158661.0
-695660300000.0 0.2952474 1.4028417e-10 -4158661.0
-694126300000.0 0.29459634 1.4028417e-10 -4158661.0
-692592300000.0 0.29394528 1.45591e-10 -4139509.8
-691058400000.0 0.29329428 1.45591e-10 -4139509.8
-689524440000.0 0.29264325 1.45591e-10 -4139509.8
-687990440000.0 0.2919922 1.45591e-10 -4139509.8
-686456440000.0 0.29134116 1.5132184e-10 -4121220.0
