morphology_data/1d_wa_a0.05_l2r0.5_00001.ecsv
# %ECSV 1.0
# ---
# datatype:
# - {name: b, datatype: float32}
# - {name: phase, datatype: float32}
# - {name: sigma, datatype: float32}
# - {name: vr, datatype: float32}
# meta: {lambda: 2, rp: 0.5, sep: 0.05, wind: a}
# schema: astropy-2.0
b phase sigma vr
[from data line 614]
-470932060000.0 0.09993488 2.0169209e-09 3960118.8
-467864160000.0 0.09928385 2.0169209e-09 3960118.8
-464796250000.0 0.09863283 2.6475258e-09 5137782.0
-461728150000.0 0.09798176 2.6475258e-09 5137782.0
-458660250000.0 0.09733073 2.6475258e-09 5137782.0
-455592350000.0 0.096679695 2.6475258e-09 5137782.0
-452524240000.0 0.096028626 1.6179371e-09 3289313.5
-449456500000.0 0.09537763 1.6179371e-09 3289313.5
-446388440000.0 0.09472656 1.6179371e-09 3289313.5
-443320340000.0 0.09407549 1.6179371e-09 3289313.5
-440252600000.0 0.0934245 1.5461992e-09 3170604.0
-437184530000.0 0.09277343 1.5461992e-09 3170604.0
-434116430000.0 0.09212236 1.5461992e-09 3170604.0
-431048700000.0 0.091471374 1.5461992e-09 3170604.0
-427980620000.0 0.090820305 1.7039936e-09 3524204.0
-424912680000.0 0.09016927 1.7039936e-09 3524204.0
-421844780000.0 0.08951824 1.7039936e-09 3524204.0
-418776700000.0 0.08886717 1.7039936e-09 3524204.0
-415708770000.0 0.08821614 1.7472709e-09 3331335.5
-412640870000.0 0.08756511 1.7472709e-09 3331335.5
-409572800000.0 0.08691404 1.7472709e-09 3331335.5
-406505060000.0 0.086263046 1.7472709e-09 3331335.5
-403436960000.0 0.08561198 1.898136e-09 3414128.2
-400368860000.0 0.08496091 1.898136e-09 3414128.2
-397301150000.0 0.08430992 1.898136e-09 3414128.2
-394233050000.0 0.08365885 1.898136e-09 3414128.2
-391165150000.0 0.08300782 2.1590252e-09 4159641.8
-388097250000.0 0.08235679 2.1590252e-09 4159641.8
-385029140000.0 0.08170572 2.1668063e-09 3939224.2
-381961240000.0 0.08105469 2.1668063e-09 3939224.2
-378893340000.0 0.080403656 2.2135471e-09 3829361.2
-375825240000.0 0.07975259 2.2135471e-09 3829361.2
-372757500000.0 0.07910159 2.2463604e-09 3766680.8
-369689400000.0 0.07845052 2.2463604e-09 3766680.8
-366621330000.0 0.077799454 2.5611997e-09 4348147.5
-363553600000.0 0.07714847 2.5611997e-09 4348147.5
-360485500000.0 0.07649739 2.6092877e-09 4304651.5
-357417420000.0 0.07584633 2.6092877e-09 4304651.5
-354349680000.0 0.075195335 2.4219542e-09 3548522.2
-351281580000.0 0.07454426 2.4219542e-09 3548522.2
-348213670000.0 0.073893234 2.4750446e-09 3518000.2
-345145770000.0 0.0732422 2.4750446e-09 3518000.2
-342077670000.0 0.07259113 2.2954638e-09 2983736.0
-339009770000.0 0.0719401 2.2954638e-09 2983736.0
-335941860000.0 0.07128907 2.3532505e-09 2960493.0
-332873760000.0 0.070638 2.3532505e-09 2960493.0
-329806020000.0 0.06998701 2.345454e-09 2874187.0
-326737950000.0 0.069335945 2.345454e-09 2874187.0
-323669850000.0 0.068684876 2.4084812e-09 2849899.2
-320602100000.0 0.068033874 2.4084812e-09 2849899.2
-317534040000.0 0.06738281 2.5154216e-09 2981045.5
-314465940000.0 0.06673174 2.5154216e-09 2981045.5
-311398200000.0 0.06608075 2.5844185e-09 2951198.2
-308330140000.0 0.06542969 2.5844185e-09 2951198.2
-305262200000.0 0.06477865 2.6733555e-09 2994436.5
-302194300000.0 0.06412762 2.6733555e-09 2994436.5
-299126230000.0 0.063476555 2.7491245e-09 2960971.0
-296058300000.0 0.062825516 2.7491245e-09 2960971.0
-292990400000.0 0.062174488 2.864969e-09 3098402.5
-289922320000.0 0.061523426 2.864969e-09 3098402.5
-286854580000.0 0.060872428 2.9483591e-09 3058421.8
-283786480000.0 0.06022136 2.9483591e-09 3058421.8
-280718380000.0 0.059570286 3.0947043e-09 3288758.2
-277650670000.0 0.058919296 3.0947043e-09 3288758.2
-274582570000.0 0.058268227 3.1868461e-09 3239724.8
-271514480000.0 0.057617158 3.1868461e-09 3239724.8
-268446740000.0 0.056966167 3.4196872e-09 3627808.0
-265378660000.0 0.056315098 3.4196872e-09 3627808.0
-262310740000.0 0.055664066 3.521887e-09 3566015.5
-259242840000.0 0.055013034 3.521887e-09 3566015.5
-256174750000.0 0.05436197 3.6592662e-09 3457975.5
-253106830000.0 0.053710938 3.6592662e-09 3457975.5
-250038930000.0 0.053059906 3.773093e-09 3395929.2
-246970840000.0 0.052408837 3.773093e-09 3395929.2
-243903100000.0 0.051757842 3.9804915e-09 3276701.5
-240835020000.0 0.051106777 3.9804915e-09 3276701.5
-237766920000.0 0.050455708 4.1078545e-09 3215470.0
-234699200000.0 0.049804714 4.1078545e-09 3215470.0
-231631110000.0 0.049153645 4.405382e-09 3025130.0
-228563010000.0 0.048502576 4.405382e-09 3025130.0
-225495290000.0 0.047851585 4.5486512e-09 2967689.8
-222427190000.0 0.047200516 4.5486512e-09 2967689.8
-219359280000.0 0.046549484 4.721067e-09 2727224.0
-216291380000.0 0.045898452 4.721067e-09 2727224.0
-213223280000.0 0.045247383 4.8832334e-09 2673292.2
-210155370000.0 0.04459635 4.8832334e-09 2673292.2
-207087470000.0 0.043945324 4.980529e-09 2383831.0
-204019370000.0 0.043294255 4.980529e-09 2383831.0
-200951640000.0 0.04264326 5.1655946e-09 2334547.8
-197883540000.0 0.04199219 5.1655946e-09 2334547.8
-194815460000.0 0.041341122 5.2308087e-09 2184853.8
-191747740000.0 0.04069013 5.320331e-09 2175007.2
-188679630000.0 0.040039062 5.4388223e-09 2136097.2
-185611550000.0 0.039387994 5.536217e-09 2125606.0
-182543810000.0 0.038736995 5.709132e-09 1912060.0
-179475730000.0 0.03808593 5.814771e-09 1904084.0
-176407820000.0 0.0374349 5.9501306e-09 1867936.0
-173339900000.0 0.03678387 6.064943e-09 1859178.6
-170271820000.0 0.0361328 6.129765e-09 1782445.2
-167203910000.0 0.035481773 6.2548624e-09 1773536.9
-164136000000.0 0.034830738 6.4112546e-09 1736595.9
-161067910000.0 0.03417967 6.547939e-09 1726835.5
-158000170000.0 0.033528678 6.6689605e-09 1884796.4
-154932080000.0 0.03287761 6.818776e-09 1869798.1
-151864000000.0 0.03222654 7.001761e-09 1826721.4
-148796260000.0 0.031575546 7.1670394e-09 1810792.0
-145728180000.0 0.030924477 7.126679e-09 1649063.9
-142660100000.0 0.030273411 7.3061237e-09 1635551.6
-139592350000.0 0.029622415 7.520878e-09 1594794.9
-136524260000.0 0.028971346 7.719564e-09 1580368.8
-133456355000.0 0.028320316 7.9084765e-09 1495087.2
-130388440000.0 0.027669284 8.129261e-09 1480864.6
-127320350000.0 0.027018217 8.388142e-09 1441079.9
-124252440000.0 0.026367186 8.634561e-09 1425917.0
-121184530000.0 0.025716154 8.911469e-09 1363187.6
-118116440000.0 0.025065087 9.187845e-09 1347739.5
-115048710000.0 0.024414092 9.506352e-09 1308719.4
-111980620000.0 0.023763025 9.818006e-09 1292276.9
-108912530000.0 0.023111956 1.017644e-08 1245082.0
-105844800000.0 0.022460962 1.0529961e-08 1227874.4
-102776710000.0 0.021809895 1.0931705e-08 1189238.2
-99708620000.0 0.021158826 1.13353895e-08 1170925.8
-96640885000.0 0.020507833 1.18067485e-08 1135273.2
-93572800000.0 0.019856764 1.2271197e-08 1115715.1
-90504890000.0 0.019205732 1.2793928e-08 1077004.9
-87436980000.0 0.018554702 1.3332905e-08 1056194.5
-84368880000.0 0.017903633 1.3950116e-08 1023488.2
-81300970000.0 0.017252602 1.4581937e-08 1001053.3
-78233070000.0 0.016601572 1.5290201e-08 961847.3
-75164975000.0 0.015950503 1.603942e-08 937952.4
-72097240000.0 0.015299509 1.6981659e-08 885305.3
-69029150000.0 0.014648439 1.7892427e-08 859372.0
-65961062000.0 0.013997372 1.891624e-08 819402.6
-62893330000.0 0.013346379 2.002994e-08 791861.44
-59825242000.0 0.012695311 2.1302851e-08 753402.25
-56757154000.0 0.012044242 2.2692259e-08 724128.3
-53689420000.0 0.011393248 2.427435e-08 683662.1
-50621334000.0 0.01074218 2.605107e-08 652751.56
-47553420000.0 0.010091149 2.8123104e-08 610720.2
-44485510000.0 0.009440118 3.046692e-08 578407.4
-41417420000.0 0.008789049 3.321194e-08 537835.44
-38349510000.0 0.008138019 3.6434173e-08 503963.3
-35281600000.0 0.0074869874 4.0574555e-08 441933.44
-32213510000.0 0.006835919 4.531328e-08 407177.4
-29145778000.0 0.006184926 5.1201635e-08 367321.97
-26077688000.0 0.0055338573 5.8675294e-08 331793.03
-23009600000.0 0.0048827888 6.850968e-08 285572.72
-19941868000.0 0.0042317957 8.181955e-08 251253.86
-16873777000.0 0.0035807267 1.00856184e-07 216006.31
-13805688000.0 0.0029296577 1.3006334e-07 185136.27
-10737956000.0 0.0022786648 1.7931774e-07 151912.33
-7669866000.0 0.0016275961 2.7659547e-07 127271.36
-4601955300.0 0.0009765653 5.406929e-07 51439.145
4601955300.0 -0.0009765653 6.070959e-07 -65542.086
7669866000.0 -0.0016275961 2.9541732e-07 -126239.734
10737956000.0 -0.0022786648 1.879686e-07 -203051.94
13805688000.0 -0.0029296577 1.350808e-07 -288311.28
16873777000.0 -0.0035807267 1.0412568e-07 -371654.22
19941868000.0 -0.0042317957 8.413036e-08 -456497.84
23009600000.0 -0.0048827888 7.02466e-08 -536177.2
26077688000.0 -0.0055338573 6.0139556e-08 -632292.1
29145778000.0 -0.006184926 5.2413682e-08 -709023.1
32213510000.0 -0.006835919 4.6347136e-08 -786910.6
35281600000.0 -0.0074869874 4.1477822e-08 -860902.3
38349510000.0 -0.008138019 3.7735695e-08 -951361.5
41417420000.0 -0.008789049 3.4369933e-08 -1027511.0
44485510000.0 -0.009440118 3.1513082e-08 -1107250.9
47553420000.0 -0.010091149 2.9080567e-08 -1183074.0
50621334000.0 -0.01074218 2.703657e-08 -1305633.0
53689420000.0 -0.011393248 2.5201572e-08 -1383946.2
56757154000.0 -0.012044242 2.3572156e-08 -1466679.4
59825242000.0 -0.012695311 2.2142526e-08 -1544485.0
62893330000.0 -0.013346379 2.092941e-08 -1678562.8
65961062000.0 -0.013997372 1.9786803e-08 -1758460.2
69029150000.0 -0.014648439 1.873888e-08 -1843270.0
72097240000.0 -0.015299509 1.780672e-08 -1922497.2
75164975000.0 -0.015950503 1.7100245e-08 -2024264.6
78233070000.0 -0.016601572 1.6315624e-08 -2105052.0
81300970000.0 -0.017252602 1.5578625e-08 -2190923.2
84368880000.0 -0.017903633 1.4920943e-08 -2270886.8
87436980000.0 -0.018554702 1.43285295e-08 -2359597.8
90504890000.0 -0.019205732 1.3769144e-08 -2438932.2
93572800000.0 -0.019856764 1.323459e-08 -2530467.2
96640885000.0 -0.020507833 1.275372e-08 -2609396.5
99708620000.0 -0.021158826 1.2287369e-08 -2662510.2
102776710000.0 -0.021809895 1.1870258e-08 -2739608.2
105844800000.0 -0.022460962 1.1520411e-08 -2880111.2
108912530000.0 -0.023111956 1.1155752e-08 -2957836.8
111980620000.0 -0.023763025 1.0901461e-08 -2824668.0
115048710000.0 -0.024414092 1.0580422e-08 -2893999.2
118116440000.0 -0.025065087 1.0333007e-08 -3018869.2
121184530000.0 -0.025716154 1.00485895e-08 -3087866.0
124252440000.0 -0.026367186 9.720763e-09 -3140403.0
127320350000.0 -0.027018217 9.467356e-09 -3207691.0
130388440000.0 -0.027669284 9.257921e-09 -3304419.5
133456355000.0 -0.028320316 9.030979e-09 -3370476.2
136524260000.0 -0.028971346 8.6753715e-09 -3609958.8
139592350000.0 -0.029622415 8.471194e-09 -3679422.2
142660100000.0 -0.030273411 8.28636e-09 -3772404.2
145728180000.0 -0.030924477 8.101898e-09 -3840487.2
148796260000.0 -0.031575546 7.762555e-09 -4053451.8
151864000000.0 -0.03222654 7.596684e-09 -4123150.8
154932080000.0 -0.03287761 7.4269533e-09 -4208540.0
158000170000.0 -0.033528678 7.2766047e-09 -4276461.5
161067910000.0 -0.03417967 7.01282e-09 -4357442.0
164136000000.0 -0.034830738 6.8756436e-09 -4424913.5
167203910000.0 -0.035481773 6.746439e-09 -4508128.0
170271820000.0 -0.0361328 6.6208887e-09 -4574022.0
173339900000.0 -0.03678387 6.4288175e-09 -4603075.5
176407820000.0 -0.0374349 6.3136443e-09 -4667112.5
179475730000.0 -0.03808593 6.21437e-09 -4755349.5
182543810000.0 -0.038736995 6.108486e-09 -4817818.0
185611550000.0 -0.039387994 5.956625e-09 -4825561.5
188679630000.0 -0.040039062 5.859077e-09 -4885670.0
191747740000.0 -0.04069013 5.7673017e-09 -4978020.0
194815460000.0 -0.041341122 5.677733e-09 -5036631.0
197883540000.0 -0.04199219 5.50319e-09 -5045886.5
200951640000.0 -0.04264326 5.50319e-09 -5045886.5
204019370000.0 -0.043294255 5.3403464e-09 -5181498.5
207087470000.0 -0.043945324 5.3403464e-09 -5181498.5
210155370000.0 -0.04459635 5.1583235e-09 -5217243.5
213223280000.0 -0.045247383 5.1583235e-09 -5217243.5
216291380000.0 -0.045898452 5.00537e-09 -5322185.0
219359280000.0 -0.046549484 5.00537e-09 -5322185.0
222427190000.0 -0.047200516 4.858175e-09 -5362965.5
225495290000.0 -0.047851585 4.858175e-09 -5362965.5
228563010000.0 -0.048502576 4.7257345e-09 -5457144.0
231631110000.0 -0.049153645 4.7257345e-09 -5457144.0
234699200000.0 -0.049804714 4.6122035e-09 -5506330.0
237766920000.0 -0.050455708 4.6122035e-09 -5506330.0
240835020000.0 -0.051106777 4.503232e-09 -5583563.0
243903100000.0 -0.051757842 4.503232e-09 -5583563.0
246970840000.0 -0.052408837 4.408833e-09 -5618033.0
250038930000.0 -0.053059906 4.408833e-09 -5618033.0
253106830000.0 -0.053710938 4.322197e-09 -5683002.0
256174750000.0 -0.05436197 4.322197e-09 -5683002.0
259242840000.0 -0.055013034 4.226894e-09 -5700328.0
262310740000.0 -0.055664066 4.226894e-09 -5700328.0
265378660000.0 -0.056315098 4.155574e-09 -5761176.5
268446740000.0 -0.056966167 4.155574e-09 -5761176.5
271514480000.0 -0.057617158 4.0482595e-09 -5776007.0
274582570000.0 -0.058268227 4.0482595e-09 -5776007.0
277650670000.0 -0.058919296 3.9909316e-09 -5830126.5
280718380000.0 -0.059570286 3.9909316e-09 -5830126.5
283786480000.0 -0.06022136 3.9257255e-09 -5830149.0
286854580000.0 -0.060872428 3.9257255e-09 -5830149.0
289922320000.0 -0.061523426 3.8895394e-09 -5882855.5
292990400000.0 -0.062174488 3.8895394e-09 -5882855.5
296058300000.0 -0.062825516 3.899952e-09 -5743882.0
299126230000.0 -0.063476555 3.899952e-09 -5743882.0
302194300000.0 -0.06412762 3.985574e-09 -5442103.5
305262200000.0 -0.06477865 3.985574e-09 -5442103.5
308330140000.0 -0.06542969 4.1483594e-09 -5044476.0
311398200000.0 -0.06608075 4.1483594e-09 -5044476.0
314465940000.0 -0.06673174 4.105261e-09 -5055134.5
317534040000.0 -0.06738281 4.105261e-09 -5055134.5
320602100000.0 -0.068033874 4.169401e-09 -4799680.5
323669850000.0 -0.068684876 4.169401e-09 -4799680.5
326737950000.0 -0.069335945 4.0892525e-09 -4799862.0
329806020000.0 -0.06998701 4.0892525e-09 -4799862.0
332873760000.0 -0.070638 4.1495047e-09 -4562088.0
335941860000.0 -0.07128907 4.1495047e-09 -4562088.0
339009770000.0 -0.0719401 4.1008974e-09 -4551395.5
342077670000.0 -0.07259113 4.1008974e-09 -4551395.5
345145770000.0 -0.0732422 4.0110866e-09 -4539032.5
348213670000.0 -0.073893234 4.0110866e-09 -4539032.5
351281580000.0 -0.07454426 3.9891113e-09 -4432560.0
354349680000.0 -0.075195335 3.9891113e-09 -4432560.0
357417420000.0 -0.07584633 4.0371115e-09 -4372393.0
360485500000.0 -0.07649739 4.0371115e-09 -4372393.0
363553600000.0 -0.07714847 4.1584762e-09 -4517079.5
366621330000.0 -0.077799454 4.1584762e-09 -4517079.5
369689400000.0 -0.07845052 4.028741e-09 -5011095.5
372757500000.0 -0.07910159 4.028741e-09 -5011095.5
375825240000.0 -0.07975259 4.102731e-09 -5275392.0
378893340000.0 -0.080403656 4.102731e-09 -5275392.0
381961240000.0 -0.08105469 4.009285e-09 -5450404.5
385029140000.0 -0.08170572 4.009285e-09 -5450404.5
388097250000.0 -0.08235679 4.0063375e-09 -5121361.0
391165150000.0 -0.08300782 4.0063375e-09 -5121361.0
394233050000.0 -0.08365885 4.2390615e-09 -4350720.0
397301150000.0 -0.08430992 4.2390615e-09 -4350720.0
400368860000.0 -0.08496091 4.2390615e-09 -4350720.0
403436960000.0 -0.08561198 4.2390615e-09 -4350720.0
406505060000.0 -0.086263046 4.2576636e-09 -4259294.5
409572800000.0 -0.08691404 4.2576636e-09 -4259294.5
412640870000.0 -0.08756511 4.2576636e-09 -4259294.5
415708770000.0 -0.08821614 4.2576636e-09 -4259294.5
418776700000.0 -0.08886717 4.291339e-09 -4631973.5
421844780000.0 -0.08951824 4.291339e-09 -4631973.5
424912680000.0 -0.09016927 4.291339e-09 -4631973.5
427980620000.0 -0.090820305 4.291339e-09 -4631973.5
431048700000.0 -0.091471374 4.823293e-09 -4795431.5
434116430000.0 -0.09212236 4.823293e-09 -4795431.5
437184530000.0 -0.09277343 4.823293e-09 -4795431.5
440252600000.0 -0.0934245 4.823293e-09 -4795431.5
443320340000.0 -0.09407549 5.679861e-09 -5275833.5
446388440000.0 -0.09472656 5.679861e-09 -5275833.5
449456500000.0 -0.09537763 5.679861e-09 -5275833.5
452524240000.0 -0.096028626 5.679861e-09 -5275833.5
455592350000.0 -0.096679695 6.5658408e-09 -5202368.5
458660250000.0 -0.09733073 6.5658408e-09 -5202368.5
461728150000.0 -0.09798176 6.5658408e-09 -5202368.5
464796250000.0 -0.09863283 6.5658408e-09 -5202368.5
467864160000.0 -0.09928385 7.223013e-09 -4846978.5
470932060000.0 -0.09993488 7.223013e-09 -4846978.5
474000160000.0 -0.10058595 7.223013e-09 -4846978.5
477067900000.0 -0.10123695 7.223013e-09 -4846978.5
480135970000.0 -0.101888016 7.1949517e-09 -4714379.5
483204070000.0 -0.102539085 7.1949517e-09 -4714379.5
