morphology_data/1d_wa_a0.05_l2r0.5_00001.ecsv
# %ECSV 1.0
# ---
# datatype:
# - {name: b, datatype: float32}
# - {name: phase, datatype: float32}
# - {name: sigma, datatype: float32}
# - {name: vr, datatype: float32}
# meta: {lambda: 2, rp: 0.5, sep: 0.05, wind: a}
# schema: astropy-2.0
b phase sigma vr
[from data line 303]
-1425068300000.0 0.30240884 8.020403e-10 -6067181.0
-1422000300000.0 0.3017578 8.558179e-10 -6076980.5
-1418932300000.0 0.30110675 8.558179e-10 -6076980.5
-1415864300000.0 0.30045572 8.558179e-10 -6076980.5
-1412796400000.0 0.2998047 8.558179e-10 -6076980.5
-1409728400000.0 0.29915366 9.016874e-10 -5945595.5
-1406660400000.0 0.2985026 9.016874e-10 -5945595.5
-1403592500000.0 0.29785156 9.016874e-10 -5945595.5
-1400524600000.0 0.29720056 9.016874e-10 -5945595.5
-1397456500000.0 0.29654947 9.2032454e-10 -5957940.0
-1394388600000.0 0.29589847 9.2032454e-10 -5957940.0
-1391320600000.0 0.2952474 9.2032454e-10 -5957940.0
-1388252600000.0 0.29459634 9.2032454e-10 -5957940.0
-1385184600000.0 0.29394528 9.428833e-10 -5902114.0
-1382116800000.0 0.29329428 9.428833e-10 -5902114.0
-1379048900000.0 0.29264325 9.428833e-10 -5902114.0
-1375980900000.0 0.2919922 9.428833e-10 -5902114.0
-1372912900000.0 0.29134116 9.311635e-10 -5763345.5
-1369844900000.0 0.2906901 9.311635e-10 -5763345.5
-1366776900000.0 0.29003903 9.311635e-10 -5763345.5
-1363709000000.0 0.28938803 9.311635e-10 -5763345.5
-1360641000000.0 0.28873697 9.564897e-10 -5686239.0
-1357573100000.0 0.28808594 9.564897e-10 -5686239.0
-1354505100000.0 0.2874349 9.564897e-10 -5686239.0
-1351437100000.0 0.28678384 9.564897e-10 -5686239.0
-1348369300000.0 0.28613284 9.443242e-10 -5374877.5
-1345301300000.0 0.28548178 9.443242e-10 -5374877.5
-1342233200000.0 0.28483072 9.443242e-10 -5374877.5
-1339165200000.0 0.28417966 9.443242e-10 -5374877.5
-1336097400000.0 0.28352866 1.0005098e-09 -5259331.5
-1333029400000.0 0.2828776 1.0005098e-09 -5259331.5
-1329961400000.0 0.28222656 1.0005098e-09 -5259331.5
-1326893500000.0 0.28157553 1.0005098e-09 -5259331.5
-1323825500000.0 0.28092447 1.0181537e-09 -4911965.0
-1320757500000.0 0.28027344 1.0181537e-09 -4911965.0
-1317689600000.0 0.2796224 1.0181537e-09 -4911965.0
-1314621600000.0 0.27897137 1.0181537e-09 -4911965.0
-1311553600000.0 0.2783203 1.0749664e-09 -4876687.5
-1308485600000.0 0.27766928 1.0749664e-09 -4876687.5
-1305417700000.0 0.27701825 1.0749664e-09 -4876687.5
-1302349700000.0 0.2763672 1.0749664e-09 -4876687.5
-1299281700000.0 0.27571613 1.0867219e-09 -4679458.0
-1296213900000.0 0.2750651 1.0867219e-09 -4679458.0
-1293145900000.0 0.27441406 1.0867219e-09 -4679458.0
-1290077900000.0 0.273763 1.0867219e-09 -4679458.0
-1287009900000.0 0.27311197 1.1088008e-09 -4676545.0
-1283942000000.0 0.27246094 1.1088008e-09 -4676545.0
-1280874000000.0 0.2718099 1.1088008e-09 -4676545.0
-1277806000000.0 0.27115884 1.1088008e-09 -4676545.0
-1274738100000.0 0.2705078 1.1140895e-09 -4485655.0
-1271670200000.0 0.2698568 1.1140895e-09 -4485655.0
-1268602200000.0 0.26920575 1.1140895e-09 -4485655.0
-1265534200000.0 0.2685547 1.1140895e-09 -4485655.0
-1262466200000.0 0.26790366 1.1512613e-09 -4370624.0
-1259398200000.0 0.2672526 1.1512613e-09 -4370624.0
-1256330200000.0 0.26660156 1.1512613e-09 -4370624.0
-1253262400000.0 0.26595053 1.1512613e-09 -4370624.0
-1250194500000.0 0.2652995 1.1937304e-09 -4015455.5
-1247126500000.0 0.26464844 1.1937304e-09 -4015455.5
-1244058500000.0 0.2639974 1.1937304e-09 -4015455.5
-1240990500000.0 0.26334634 1.1937304e-09 -4015455.5
-1237922500000.0 0.26269528 1.245363e-09 -3746185.0
-1234854500000.0 0.26204425 1.245363e-09 -3746185.0
-1231786600000.0 0.26139322 1.245363e-09 -3746185.0
-1228718700000.0 0.2607422 1.245363e-09 -3746185.0
-1225650700000.0 0.26009116 1.2715344e-09 -3555854.8
-1222582700000.0 0.2594401 1.2715344e-09 -3555854.8
-1219514900000.0 0.2587891 1.2715344e-09 -3555854.8
-1216446900000.0 0.25813803 1.2715344e-09 -3555854.8
-1213378900000.0 0.257487 1.2704644e-09 -3459059.0
-1210310900000.0 0.2568359 1.2704644e-09 -3459059.0
-1207243000000.0 0.2561849 1.2704644e-09 -3459059.0
-1204175000000.0 0.25553384 1.2704644e-09 -3459059.0
-1201107000000.0 0.2548828 1.261101e-09 -3445105.8
-1198039100000.0 0.25423178 1.261101e-09 -3445105.8
-1194971100000.0 0.25358072 1.261101e-09 -3445105.8
-1191903100000.0 0.2529297 1.261101e-09 -3445105.8
-1188835200000.0 0.25227866 1.2479431e-09 -3435707.5
-1185767200000.0 0.25162762 1.2479431e-09 -3435707.5
-1182699200000.0 0.25097656 1.2479431e-09 -3435707.5
-1179631200000.0 0.2503255 1.2479431e-09 -3435707.5
-1176563400000.0 0.24967448 1.231997e-09 -3372329.8
-1173495300000.0 0.24902344 1.231997e-09 -3372329.8
-1170427300000.0 0.24837239 1.231997e-09 -3372329.8
-1167359500000.0 0.24772136 1.231997e-09 -3372329.8
-1164291500000.0 0.2470703 1.2125669e-09 -3239114.2
-1161223500000.0 0.24641925 1.2125669e-09 -3239114.2
-1158155500000.0 0.2457682 1.2125669e-09 -3239114.2
-1155087600000.0 0.24511719 1.2125669e-09 -3239114.2
-1152019600000.0 0.24446614 1.1818413e-09 -3097349.0
-1148951600000.0 0.2438151 1.1818413e-09 -3097349.0
-1145883700000.0 0.24316406 1.1818413e-09 -3097349.0
-1142815900000.0 0.24251305 1.1818413e-09 -3097349.0
-1139747800000.0 0.241862 1.1517924e-09 -3082828.8
-1136679800000.0 0.24121095 1.1517924e-09 -3082828.8
-1133611800000.0 0.2405599 1.1517924e-09 -3082828.8
-1130543800000.0 0.23990884 1.1517924e-09 -3082828.8
-1127475800000.0 0.2392578 1.1376318e-09 -3222685.5
-1124408000000.0 0.23860677 1.1376318e-09 -3222685.5
-1121340100000.0 0.23795573 1.1376318e-09 -3222685.5
-1118272100000.0 0.23730469 1.1376318e-09 -3222685.5
-1115204100000.0 0.23665364 1.1252538e-09 -3297867.8
-1112136100000.0 0.2360026 1.1252538e-09 -3297867.8
-1109068100000.0 0.23535155 1.1252538e-09 -3297867.8
-1106000100000.0 0.23470049 1.1252538e-09 -3297867.8
-1102932200000.0 0.23404948 1.1095218e-09 -3263085.2
-1099864300000.0 0.23339845 1.1095218e-09 -3263085.2
-1096796340000.0 0.23274739 1.1095218e-09 -3263085.2
-1093728340000.0 0.23209634 1.1095218e-09 -3263085.2
-1090660400000.0 0.23144531 1.0758712e-09 -3113513.8
-1087592400000.0 0.23079427 1.0758712e-09 -3113513.8
-1084524400000.0 0.23014322 1.0758712e-09 -3113513.8
-1081456500000.0 0.22949219 1.0758712e-09 -3113513.8
-1078388600000.0 0.22884116 1.0720891e-09 -3104680.2
-1075320600000.0 0.22819011 1.0720891e-09 -3104680.2
-1072252600000.0 0.22753906 1.0720891e-09 -3104680.2
-1069184650000.0 0.22688803 1.0720891e-09 -3104680.2
-1066116700000.0 0.22623697 1.0541346e-09 -3158907.5
-1063048700000.0 0.22558592 1.0541346e-09 -3158907.5
-1059980800000.0 0.22493489 1.0541346e-09 -3158907.5
-1056912830000.0 0.22428386 1.0541346e-09 -3158907.5
-1053844800000.0 0.22363281 1.0779104e-09 -3204777.2
-1050776800000.0 0.22298177 1.0779104e-09 -3204777.2
-1047708960000.0 0.22233073 1.0779104e-09 -3204777.2
-1044640960000.0 0.22167969 1.0779104e-09 -3204777.2
-1041572950000.0 0.22102864 1.1161054e-09 -3093815.5
-1038505000000.0 0.22037761 1.1161054e-09 -3093815.5
-1035437150000.0 0.21972658 1.1161054e-09 -3093815.5
-1032369140000.0 0.21907552 1.1161054e-09 -3093815.5
-1029301140000.0 0.21842447 1.1690465e-09 -2843594.0
-1026233200000.0 0.21777344 1.1690465e-09 -2843594.0
-1023165200000.0 0.21712239 1.1690465e-09 -2843594.0
-1020097200000.0 0.21647134 1.1690465e-09 -2843594.0
-1017029300000.0 0.21582031 1.2544522e-09 -2332346.8
-1013961400000.0 0.21516928 1.2544522e-09 -2332346.8
-1010893400000.0 0.21451823 1.2544522e-09 -2332346.8
-1007825400000.0 0.21386719 1.2544522e-09 -2332346.8
-1004757450000.0 0.21321616 1.3815614e-09 -1607750.9
-1001689500000.0 0.2125651 1.3815614e-09 -1607750.9
-998621500000.0 0.21191405 1.3815614e-09 -1607750.9
-995553600000.0 0.21126302 1.3815614e-09 -1607750.9
-992485640000.0 0.21061198 1.473289e-09 -901438.44
-989417640000.0 0.20996094 1.473289e-09 -901438.44
-986349630000.0 0.20930989 1.473289e-09 -901438.44
-983281760000.0 0.20865886 1.473289e-09 -901438.44
-980213760000.0 0.20800781 1.461975e-09 -474800.94
-977145760000.0 0.20735677 1.461975e-09 -474800.94
-974077800000.0 0.20670573 1.461975e-09 -474800.94
-971009950000.0 0.2060547 1.461975e-09 -474800.94
-967941950000.0 0.20540364 1.4467971e-09 -21960.28
-964873950000.0 0.2047526 1.4467971e-09 -21960.28
-961806000000.0 0.20410156 1.4467971e-09 -21960.28
-958738140000.0 0.20345053 1.4467971e-09 -21960.28
-955670000000.0 0.20279947 1.4817128e-09 596308.06
-952602100000.0 0.20214844 1.4817128e-09 596308.06
-949534200000.0 0.2014974 1.4817128e-09 596308.06
-946466200000.0 0.20084636 1.4817128e-09 596308.06
-943398200000.0 0.20019531 1.6134412e-09 1221488.9
-940330250000.0 0.19954428 1.6134412e-09 1221488.9
-937262400000.0 0.19889325 1.6134412e-09 1221488.9
-934194300000.0 0.19824217 1.6134412e-09 1221488.9
-931126400000.0 0.19759114 1.9049087e-09 1489783.8
-928058440000.0 0.19694011 1.9049087e-09 1489783.8
-924990440000.0 0.19628906 1.9049087e-09 1489783.8
-921922440000.0 0.19563802 1.9049087e-09 1489783.8
-918854570000.0 0.19498698 2.0462128e-09 1921252.8
-915786600000.0 0.19433595 2.0462128e-09 1921252.8
-912718560000.0 0.19368488 2.0462128e-09 1921252.8
-909650600000.0 0.19303386 2.0462128e-09 1921252.8
-906582750000.0 0.19238283 2.0977853e-09 2604123.8
-903514750000.0 0.19173177 2.0977853e-09 2604123.8
-900446750000.0 0.19108072 2.0977853e-09 2604123.8
-897378800000.0 0.19042969 2.0977853e-09 2604123.8
-894310900000.0 0.18977866 1.8044173e-09 2503157.0
-891242800000.0 0.1891276 1.8044173e-09 2503157.0
-888174940000.0 0.18847656 1.8044173e-09 2503157.0
-885107000000.0 0.18782553 1.8044173e-09 2503157.0
-882039000000.0 0.18717448 1.5177091e-09 1985513.9
-878971000000.0 0.18652342 1.5177091e-09 1985513.9
-875903060000.0 0.1858724 1.5177091e-09 1985513.9
-872835200000.0 0.18522137 1.5177091e-09 1985513.9
-869767050000.0 0.1845703 1.4099573e-09 1381456.6
-866699200000.0 0.18391927 1.4099573e-09 1381456.6
-863631250000.0 0.18326823 1.4099573e-09 1381456.6
-860563240000.0 0.18261719 1.4099573e-09 1381456.6
-857495400000.0 0.18196616 1.4895242e-09 841639.94
-854427400000.0 0.18131511 1.4895242e-09 841639.94
-851359400000.0 0.18066408 1.4895242e-09 841639.94
-848291360000.0 0.180013 1.4895242e-09 841639.94
-845223400000.0 0.17936198 1.4305455e-09 267516.7
-842155560000.0 0.17871095 1.4305455e-09 267516.7
-839087400000.0 0.17805988 1.4305455e-09 267516.7
-836019700000.0 0.17740889 1.4305455e-09 267516.7
-832951600000.0 0.17675781 1.2773548e-09 410883.62
-829883550000.0 0.17610675 1.2773548e-09 410883.62
-826815800000.0 0.17545575 1.2773548e-09 410883.62
-823747740000.0 0.17480469 1.2773548e-09 410883.62
-820679600000.0 0.17415361 1.0498313e-09 486218.78
-817611870000.0 0.17350262 1.0498313e-09 486218.78
-814543800000.0 0.17285155 1.0498313e-09 486218.78
-811475860000.0 0.17220053 1.0498313e-09 486218.78
-808408000000.0 0.1715495 8.996507e-10 466083.78
-805339860000.0 0.17089842 8.996507e-10 466083.78
-802272000000.0 0.17024739 8.996507e-10 466083.78
-799204050000.0 0.16959636 8.996507e-10 466083.78
-796136000000.0 0.1689453 8.6642415e-10 428862.3
-793068240000.0 0.1682943 8.6642415e-10 428862.3
-790000200000.0 0.16764323 8.6642415e-10 428862.3
-786932040000.0 0.16699216 8.6642415e-10 428862.3
-783864370000.0 0.16634117 8.904083e-10 265408.97
-780796200000.0 0.1656901 8.904083e-10 265408.97
-777728160000.0 0.16503903 8.904083e-10 265408.97
-774660400000.0 0.16438805 8.904083e-10 265408.97
-771592360000.0 0.16373697 9.768066e-10 328453.47
-768524400000.0 0.16308594 9.768066e-10 328453.47
-765456500000.0 0.1624349 9.768066e-10 328453.47
-762388400000.0 0.16178384 9.768066e-10 328453.47
-759320540000.0 0.16113281 1.0815991e-09 654663.2
-756252600000.0 0.16048178 1.0815991e-09 654663.2
-753184540000.0 0.1598307 1.0815991e-09 654663.2
-750116800000.0 0.15917972 1.0815991e-09 654663.2
-747048670000.0 0.15852864 1.2149106e-09 1388937.0
-743980600000.0 0.15787758 1.2149106e-09 1388937.0
-740912860000.0 0.15722659 1.2149106e-09 1388937.0
-737844800000.0 0.15657552 1.2149106e-09 1388937.0
-734776700000.0 0.15592445 1.4393142e-09 2463437.8
-731709000000.0 0.15527347 1.4393142e-09 2463437.8
-728640850000.0 0.15462239 1.4393142e-09 2463437.8
-725573000000.0 0.15397136 1.4393142e-09 2463437.8
-722505040000.0 0.15332033 1.6805954e-09 3094984.5
-719437000000.0 0.15266925 1.6805954e-09 3094984.5
-716369040000.0 0.15201822 1.6805954e-09 3094984.5
-713301160000.0 0.1513672 1.6805954e-09 3094984.5
-710233000000.0 0.15071613 1.7021411e-09 2909469.2
-707165300000.0 0.15006512 1.7021411e-09 2909469.2
-704097200000.0 0.14941406 1.7021411e-09 2909469.2
-701029150000.0 0.148763 1.7021411e-09 2909469.2
-697961400000.0 0.148112 1.3695047e-09 2330113.0
-694893300000.0 0.14746092 1.3695047e-09 2330113.0
-691825200000.0 0.14680986 1.3695047e-09 2330113.0
-688757500000.0 0.14615887 1.3695047e-09 2330113.0
-685689400000.0 0.1455078 1.246508e-09 2186297.0
-682621500000.0 0.14485677 1.246508e-09 2186297.0
-679553600000.0 0.14420575 1.246508e-09 2186297.0
-676485460000.0 0.14355466 1.246508e-09 2186297.0
-673417600000.0 0.14290364 1.2546539e-09 2396133.0
-670349660000.0 0.14225261 1.2546539e-09 2396133.0
-667281600000.0 0.14160155 1.2546539e-09 2396133.0
-664213850000.0 0.14095055 1.2546539e-09 2396133.0
-661145800000.0 0.14029948 1.3508887e-09 2813442.2
-658077650000.0 0.13964841 1.3508887e-09 2813442.2
-655009900000.0 0.1389974 1.3508887e-09 2813442.2
-651941840000.0 0.13834634 1.3508887e-09 2813442.2
-648873800000.0 0.13769528 1.7524215e-09 4433265.5
-645806000000.0 0.1370443 1.7524215e-09 4433265.5
-642737960000.0 0.13639323 1.7524215e-09 4433265.5
-639670000000.0 0.13574219 1.7524215e-09 4433265.5
-636602100000.0 0.13509116 1.9727642e-09 5548399.5
-633534000000.0 0.1344401 1.9727642e-09 5548399.5
-630466100000.0 0.13378905 1.9727642e-09 5548399.5
-627398200000.0 0.13313803 1.9727642e-09 5548399.5
-624330150000.0 0.13248697 2.129865e-09 6130498.0
-621262400000.0 0.13183598 2.129865e-09 6130498.0
-618194300000.0 0.13118489 2.129865e-09 6130498.0
-615126200000.0 0.13053383 2.129865e-09 6130498.0
-612058460000.0 0.12988284 2.1585351e-09 6250423.5
-608990400000.0 0.12923177 2.1585351e-09 6250423.5
-605922260000.0 0.12858069 2.1585351e-09 6250423.5
-602854600000.0 0.12792972 2.1585351e-09 6250423.5
-599786460000.0 0.12727864 2.38041e-09 6423225.5
-596718600000.0 0.12662761 2.38041e-09 6423225.5
-593650650000.0 0.12597658 2.38041e-09 6423225.5
-590582600000.0 0.1253255 2.38041e-09 6423225.5
-587514640000.0 0.12467448 2.3497968e-09 6263449.5
-584446800000.0 0.12402345 2.3497968e-09 6263449.5
-581378640000.0 0.123372376 2.3497968e-09 6263449.5
-578310900000.0 0.12272138 2.3497968e-09 6263449.5
-575242800000.0 0.12207031 2.0273265e-09 5933686.5
-572174760000.0 0.12141925 2.0273265e-09 5933686.5
-569107000000.0 0.12076825 2.0273265e-09 5933686.5
-566038900000.0 0.12011717 2.0273265e-09 5933686.5
-562970800000.0 0.11946611 1.9982709e-09 5565230.5
-559903100000.0 0.118815124 1.9982709e-09 5565230.5
-556835000000.0 0.118164055 1.9982709e-09 5565230.5
-553767100000.0 0.11751302 1.9982709e-09 5565230.5
-550699200000.0 0.11686199 1.855133e-09 4752437.0
-547631100000.0 0.11621092 1.855133e-09 4752437.0
-544563200000.0 0.11555989 1.855133e-09 4752437.0
-541495260000.0 0.11490886 1.855133e-09 4752437.0
-538427200000.0 0.11425779 1.7265138e-09 4029054.5
-535359460000.0 0.113606796 1.7265138e-09 4029054.5
-532291350000.0 0.11295573 1.7265138e-09 4029054.5
-529223300000.0 0.11230466 1.7265138e-09 4029054.5
-526155550000.0 0.11165367 1.6515456e-09 3490123.5
-523087450000.0 0.1110026 1.6515456e-09 3490123.5
-520019350000.0 0.11035153 1.6515456e-09 3490123.5
-516951640000.0 0.10970054 1.6515456e-09 3490123.5
-513883540000.0 0.10904947 1.6433297e-09 3294057.0
-510815630000.0 0.10839844 1.6433297e-09 3294057.0
-507747730000.0 0.107747406 1.6433297e-09 3294057.0
-504679630000.0 0.10709634 1.6433297e-09 3294057.0
-501611720000.0 0.106445305 1.941649e-09 3680774.8
-498543820000.0 0.10579427 1.941649e-09 3680774.8
-495475720000.0 0.10514321 1.941649e-09 3680774.8
-492407980000.0 0.10449222 1.941649e-09 3680774.8
-489339900000.0 0.10384115 2.2843039e-09 4161207.2
-486271800000.0 0.10319008 2.2843039e-09 4161207.2
-483204070000.0 0.102539085 2.2843039e-09 4161207.2
-480135970000.0 0.101888016 2.2843039e-09 4161207.2
-477067900000.0 0.10123695 2.0169209e-09 3960118.8
