morphology_data/1d_wa_a0.025_l4r0.5_00001.ecsv
# %ECSV 1.0
# ---
# datatype:
# - {name: b, datatype: float32}
# - {name: phase, datatype: float32}
# - {name: sigma, datatype: float32}
# - {name: vr, datatype: float32}
# meta: {lambda: 4, rp: 0.5, sep: 0.025, wind: a}
# schema: astropy-2.0
b phase sigma vr
[from data line 949]
284553500000.0 -0.12076825 1.5437878e-07 -129487.39
286087380000.0 -0.12141925 1.5437878e-07 -129487.39
287621400000.0 -0.12207031 1.5437878e-07 -129487.39
289155450000.0 -0.12272138 1.5349273e-07 -275823.34
290689320000.0 -0.123372376 1.5349273e-07 -275823.34
292223400000.0 -0.12402345 1.5349273e-07 -275823.34
293757320000.0 -0.12467448 1.5349273e-07 -275823.34
295291300000.0 -0.1253255 1.498341e-07 -347790.75
296825320000.0 -0.12597658 1.498341e-07 -347790.75
298359300000.0 -0.12662761 1.498341e-07 -347790.75
299893230000.0 -0.12727864 1.498341e-07 -347790.75
301427300000.0 -0.12792972 1.4244516e-07 -373914.6
302961130000.0 -0.12858069 1.4244516e-07 -373914.6
304495200000.0 -0.12923177 1.4244516e-07 -373914.6
306029230000.0 -0.12988284 1.4244516e-07 -373914.6
307563100000.0 -0.13053383 1.3011908e-07 -398228.34
309097140000.0 -0.13118489 1.3011908e-07 -398228.34
310631200000.0 -0.13183598 1.3011908e-07 -398228.34
312165070000.0 -0.13248697 1.3011908e-07 -398228.34
313699100000.0 -0.13313803 1.1575296e-07 -408507.34
315233040000.0 -0.13378905 1.1575296e-07 -408507.34
316767000000.0 -0.1344401 1.1575296e-07 -408507.34
318301040000.0 -0.13509116 1.1575296e-07 -408507.34
319835000000.0 -0.13574219 1.0201857e-07 -376394.5
321368980000.0 -0.13639323 1.0201857e-07 -376394.5
322903000000.0 -0.1370443 1.0201857e-07 -376394.5
324436900000.0 -0.13769528 1.0201857e-07 -376394.5
325970920000.0 -0.13834634 9.024733e-08 -339636.03
327504950000.0 -0.1389974 9.024733e-08 -339636.03
329038820000.0 -0.13964841 9.024733e-08 -339636.03
330572900000.0 -0.14029948 9.024733e-08 -339636.03
332106920000.0 -0.14095055 8.144032e-08 -378885.12
333640800000.0 -0.14160155 8.144032e-08 -378885.12
335174830000.0 -0.14225261 8.144032e-08 -378885.12
336708900000.0 -0.14290369 8.144032e-08 -378885.12
338242730000.0 -0.14355466 7.5591366e-08 -496465.1
339776800000.0 -0.14420575 7.5591366e-08 -496465.1
341310830000.0 -0.14485681 7.5591366e-08 -496465.1
342844700000.0 -0.1455078 7.5591366e-08 -496465.1
344378570000.0 -0.1461588 7.212465e-08 -653312.2
345912800000.0 -0.14680995 7.212465e-08 -653312.2
347446640000.0 -0.14746092 7.212465e-08 -653312.2
348980500000.0 -0.14811192 7.212465e-08 -653312.2
350514740000.0 -0.14876308 7.059877e-08 -799728.6
352048600000.0 -0.14941406 7.059877e-08 -799728.6
353582480000.0 -0.15006506 7.059877e-08 -799728.6
355116700000.0 -0.1507162 7.059877e-08 -799728.6
356650580000.0 -0.1513672 6.994455e-08 -899552.75
358184420000.0 -0.15201817 6.994455e-08 -899552.75
359718650000.0 -0.15266933 6.994455e-08 -899552.75
361252520000.0 -0.15332033 6.994455e-08 -899552.75
362786400000.0 -0.15397131 6.920885e-08 -966568.3
364320420000.0 -0.15462239 6.920885e-08 -966568.3
365854500000.0 -0.15527347 6.920885e-08 -966568.3
367388360000.0 -0.15592445 6.920885e-08 -966568.3
368922400000.0 -0.15657552 6.783838e-08 -1022532.5
370456430000.0 -0.15722659 6.783838e-08 -1022532.5
371990300000.0 -0.15787758 6.783838e-08 -1022532.5
373524330000.0 -0.15852864 6.783838e-08 -1022532.5
375058400000.0 -0.15917972 6.594549e-08 -1077412.0
376592270000.0 -0.1598307 6.594549e-08 -1077412.0
378126300000.0 -0.16048178 6.594549e-08 -1077412.0
379660340000.0 -0.16113284 6.594549e-08 -1077412.0
381194200000.0 -0.16178384 6.335012e-08 -1143458.1
382728240000.0 -0.1624349 6.335012e-08 -1143458.1
384262300000.0 -0.16308598 6.335012e-08 -1143458.1
385796180000.0 -0.16373697 6.335012e-08 -1143458.1
387330050000.0 -0.16438797 6.0614816e-08 -1217197.9
388864250000.0 -0.1650391 6.0614816e-08 -1217197.9
390398100000.0 -0.1656901 6.0614816e-08 -1217197.9
391932000000.0 -0.1663411 6.0614816e-08 -1217197.9
393466220000.0 -0.16699223 5.830991e-08 -1306244.9
395000100000.0 -0.16764323 5.830991e-08 -1306244.9
396533960000.0 -0.16829422 5.830991e-08 -1306244.9
398068150000.0 -0.16894537 5.830991e-08 -1306244.9
399602020000.0 -0.16959636 5.6760445e-08 -1387378.2
401135900000.0 -0.17024736 5.6760445e-08 -1387378.2
402669930000.0 -0.17089842 5.6760445e-08 -1387378.2
404204000000.0 -0.1715495 5.6760445e-08 -1387378.2
405737870000.0 -0.17220049 5.5463325e-08 -1466322.0
407271900000.0 -0.17285155 5.5463325e-08 -1466322.0
408805930000.0 -0.17350262 5.5463325e-08 -1466322.0
410339800000.0 -0.17415361 5.5463325e-08 -1466322.0
411873870000.0 -0.17480469 5.4107883e-08 -1533089.0
413407900000.0 -0.17545575 5.4107883e-08 -1533089.0
414941770000.0 -0.17610675 5.4107883e-08 -1533089.0
416475800000.0 -0.17675781 5.4107883e-08 -1533089.0
418009840000.0 -0.17740889 5.3152345e-08 -1586266.4
419543700000.0 -0.17805988 5.3152345e-08 -1586266.4
421077780000.0 -0.17871095 5.3152345e-08 -1586266.4
422611800000.0 -0.17936201 5.3152345e-08 -1586266.4
424145680000.0 -0.180013 5.297713e-08 -1635844.1
425679550000.0 -0.180664 5.297713e-08 -1635844.1
427213750000.0 -0.18131514 5.297713e-08 -1635844.1
428747620000.0 -0.18196614 5.297713e-08 -1635844.1
430281500000.0 -0.18261713 5.322147e-08 -1679260.6
431815720000.0 -0.18326828 5.322147e-08 -1679260.6
433349600000.0 -0.18391927 5.322147e-08 -1679260.6
434883460000.0 -0.18457027 5.322147e-08 -1679260.6
436417700000.0 -0.1852214 5.371303e-08 -1729330.8
437951530000.0 -0.1858724 5.371303e-08 -1729330.8
439485400000.0 -0.1865234 5.371303e-08 -1729330.8
441019630000.0 -0.18717454 5.371303e-08 -1729330.8
442553500000.0 -0.18782553 5.4641642e-08 -1789069.0
444087370000.0 -0.18847652 5.4641642e-08 -1789069.0
445621400000.0 -0.1891276 5.4641642e-08 -1789069.0
447155440000.0 -0.18977866 5.4641642e-08 -1789069.0
448689300000.0 -0.19042966 5.5225374e-08 -1871400.2
450223370000.0 -0.19108072 5.5225374e-08 -1871400.2
451757400000.0 -0.1917318 5.5225374e-08 -1871400.2
453291280000.0 -0.19238278 5.5225374e-08 -1871400.2
454825300000.0 -0.19303386 5.5085398e-08 -1958534.5
456359380000.0 -0.19368492 5.5085398e-08 -1958534.5
457893200000.0 -0.19433591 5.5085398e-08 -1958534.5
459427280000.0 -0.19498698 5.5085398e-08 -1958534.5
460961320000.0 -0.19563805 5.385533e-08 -2034230.1
462495200000.0 -0.19628905 5.385533e-08 -2034230.1
464029220000.0 -0.19694011 5.385533e-08 -2034230.1
465563300000.0 -0.19759119 5.385533e-08 -2034230.1
467097160000.0 -0.19824217 5.1847692e-08 -2106293.5
468631000000.0 -0.19889317 5.1847692e-08 -2106293.5
470165230000.0 -0.19954431 5.1847692e-08 -2106293.5
471699100000.0 -0.20019531 5.1847692e-08 -2106293.5
473232970000.0 -0.2008463 4.9559663e-08 -2181195.5
474767200000.0 -0.20149745 4.9559663e-08 -2181195.5
476301070000.0 -0.20214844 4.9559663e-08 -2181195.5
477834900000.0 -0.20279942 4.9559663e-08 -2181195.5
479369130000.0 -0.20345058 4.7612282e-08 -2296366.2
480903000000.0 -0.20410156 4.7612282e-08 -2296366.2
482436870000.0 -0.20475256 4.7612282e-08 -2296366.2
483971100000.0 -0.2054037 4.7612282e-08 -2296366.2
485504970000.0 -0.2060547 4.6866795e-08 -2431848.8
487038840000.0 -0.20670569 4.6866795e-08 -2431848.8
488572880000.0 -0.20735677 4.6866795e-08 -2431848.8
490106900000.0 -0.20800783 4.6866795e-08 -2431848.8
491640780000.0 -0.20865881 4.7263747e-08 -2544209.2
493174820000.0 -0.20930989 4.7263747e-08 -2544209.2
494708880000.0 -0.20996095 4.7263747e-08 -2544209.2
496242750000.0 -0.21061195 4.7263747e-08 -2544209.2
497776800000.0 -0.21126302 4.8422525e-08 -2630632.0
499310820000.0 -0.21191409 4.8422525e-08 -2630632.0
500844700000.0 -0.21256508 4.8422525e-08 -2630632.0
502378730000.0 -0.21321616 4.8422525e-08 -2630632.0
503912800000.0 -0.21386722 5.0403035e-08 -2709664.2
505446660000.0 -0.2145182 5.0403035e-08 -2709664.2
506980700000.0 -0.21516928 5.0403035e-08 -2709664.2
508514730000.0 -0.21582034 5.0403035e-08 -2709664.2
510048600000.0 -0.21647134 5.461661e-08 -2787843.2
511582470000.0 -0.21712233 5.461661e-08 -2787843.2
513116700000.0 -0.21777348 5.461661e-08 -2787843.2
514650570000.0 -0.21842447 5.461661e-08 -2787843.2
516184440000.0 -0.21907547 5.8636232e-08 -2823822.5
517718640000.0 -0.2197266 5.8636232e-08 -2823822.5
519252500000.0 -0.22037761 5.8636232e-08 -2823822.5
520786380000.0 -0.2210286 5.8636232e-08 -2823822.5
522320600000.0 -0.22167975 5.808684e-08 -2796021.2
523854480000.0 -0.22233073 5.808684e-08 -2796021.2
525388350000.0 -0.22298172 5.808684e-08 -2796021.2
526922550000.0 -0.22363287 5.808684e-08 -2796021.2
528456420000.0 -0.22428386 5.6035987e-08 -2762453.5
529990300000.0 -0.22493486 5.6035987e-08 -2762453.5
531524350000.0 -0.22558592 5.6035987e-08 -2762453.5
533058400000.0 -0.226237 5.6035987e-08 -2762453.5
534592260000.0 -0.22688799 5.2473826e-08 -2763102.8
536126300000.0 -0.22753906 5.2473826e-08 -2763102.8
537660330000.0 -0.22819012 5.2473826e-08 -2763102.8
539194200000.0 -0.22884111 5.2473826e-08 -2763102.8
540728260000.0 -0.22949219 4.801967e-08 -2818502.5
542262300000.0 -0.23014325 4.801967e-08 -2818502.5
543796170000.0 -0.23079425 4.801967e-08 -2818502.5
545330200000.0 -0.23144531 4.801967e-08 -2818502.5
546864270000.0 -0.23209639 4.319946e-08 -2907202.8
548398100000.0 -0.23274738 4.319946e-08 -2907202.8
549932200000.0 -0.23339845 4.319946e-08 -2907202.8
551466240000.0 -0.23404953 4.319946e-08 -2907202.8
553000040000.0 -0.23470049 3.9319875e-08 -2959636.2
554533900000.0 -0.23535149 3.9319875e-08 -2959636.2
556068200000.0 -0.23600265 3.9319875e-08 -2959636.2
557602050000.0 -0.23665364 3.9319875e-08 -2959636.2
559135900000.0 -0.23730463 3.8086334e-08 -2942561.5
560670100000.0 -0.23795578 3.8086334e-08 -2942561.5
562204000000.0 -0.23860677 3.8086334e-08 -2942561.5
563737850000.0 -0.23925777 3.8086334e-08 -2942561.5
565272050000.0 -0.2399089 4.0677236e-08 -2864934.0
566805900000.0 -0.2405599 4.0677236e-08 -2864934.0
568339800000.0 -0.2412109 4.0677236e-08 -2864934.0
569874060000.0 -0.24186206 4.0677236e-08 -2864934.0
571407900000.0 -0.24251305 4.6631985e-08 -2754881.2
572941700000.0 -0.243164 4.6631985e-08 -2754881.2
574475800000.0 -0.2438151 4.6631985e-08 -2754881.2
576009860000.0 -0.24446616 4.6631985e-08 -2754881.2
577543730000.0 -0.24511716 5.3673723e-08 -2671232.2
579077730000.0 -0.2457682 5.3673723e-08 -2671232.2
580611800000.0 -0.2464193 5.3673723e-08 -2671232.2
582145700000.0 -0.24707028 5.3673723e-08 -2671232.2
583679740000.0 -0.24772136 6.0819836e-08 -2584517.2
585213740000.0 -0.24837242 6.0819836e-08 -2584517.2
586747600000.0 -0.24902342 6.0819836e-08 -2584517.2
588281700000.0 -0.24967448 6.0819836e-08 -2584517.2
589815740000.0 -0.25032556 6.524466e-08 -2483746.5
591349600000.0 -0.25097656 6.524466e-08 -2483746.5
592883600000.0 -0.25162762 6.524466e-08 -2483746.5
594417700000.0 -0.2522787 6.524466e-08 -2483746.5
595951550000.0 -0.2529297 6.39897e-08 -2337307.5
597485400000.0 -0.25358066 6.39897e-08 -2337307.5
599019600000.0 -0.2542318 6.39897e-08 -2337307.5
600553500000.0 -0.2548828 6.39897e-08 -2337307.5
602087360000.0 -0.2555338 5.7746156e-08 -2108349.8
603621560000.0 -0.25618494 5.7746156e-08 -2108349.8
605155400000.0 -0.2568359 5.7746156e-08 -2108349.8
606689300000.0 -0.25748694 5.7746156e-08 -2108349.8
608223560000.0 -0.25813806 5.0602907e-08 -1783518.1
609757400000.0 -0.2587891 5.0602907e-08 -1783518.1
611291300000.0 -0.2594401 5.0602907e-08 -1783518.1
612825500000.0 -0.26009122 5.0602907e-08 -1783518.1
614359400000.0 -0.2607422 4.353248e-08 -1415869.2
615893240000.0 -0.2613932 4.353248e-08 -1415869.2
617427240000.0 -0.26204425 4.353248e-08 -1415869.2
618961300000.0 -0.26269534 4.353248e-08 -1415869.2
620495200000.0 -0.2633463 3.5601182e-08 -1067173.6
622029240000.0 -0.2639974 3.5601182e-08 -1067173.6
623563240000.0 -0.26464844 3.5601182e-08 -1067173.6
625097100000.0 -0.26529944 3.5601182e-08 -1067173.6
626631200000.0 -0.26595053 2.7901757e-08 -771041.5
628165250000.0 -0.2666016 2.7901757e-08 -771041.5
629699100000.0 -0.2672526 2.7901757e-08 -771041.5
631233100000.0 -0.26790366 2.7901757e-08 -771041.5
632767200000.0 -0.26855472 2.3823505e-08 -578084.75
634301050000.0 -0.26920572 2.3823505e-08 -578084.75
635835100000.0 -0.2698568 2.3823505e-08 -578084.75
637369100000.0 -0.27050784 2.3823505e-08 -578084.75
638903000000.0 -0.27115884 2.3302787e-08 -550114.3
640436860000.0 -0.27180985 2.3302787e-08 -550114.3
641971060000.0 -0.27246097 2.3302787e-08 -550114.3
643504900000.0 -0.27311197 2.3302787e-08 -550114.3
645038800000.0 -0.27376294 2.3987045e-08 -582686.3
646573060000.0 -0.27441412 2.3987045e-08 -582686.3
648106930000.0 -0.2750651 2.3987045e-08 -582686.3
649640800000.0 -0.27571613 2.3987045e-08 -582686.3
651175000000.0 -0.27636725 2.4619693e-08 -637566.5
652708900000.0 -0.27701825 2.4619693e-08 -637566.5
654242740000.0 -0.27766922 2.4619693e-08 -637566.5
655776940000.0 -0.27832037 2.4619693e-08 -637566.5
657310800000.0 -0.27897137 2.5397316e-08 -611908.44
658844700000.0 -0.27962235 2.5397316e-08 -611908.44
660378750000.0 -0.28027344 2.5397316e-08 -611908.44
661912800000.0 -0.28092453 2.5397316e-08 -611908.44
663446600000.0 -0.28157547 2.578212e-08 -577887.56
664980700000.0 -0.28222656 2.578212e-08 -577887.56
666514750000.0 -0.28287762 2.578212e-08 -577887.56
668048600000.0 -0.28352863 2.578212e-08 -577887.56
669582600000.0 -0.28417966 2.5858375e-08 -623793.06
671116700000.0 -0.28483075 2.5858375e-08 -623793.06
672650560000.0 -0.28548175 2.5858375e-08 -623793.06
674184600000.0 -0.28613284 2.5858375e-08 -623793.06
675718600000.0 -0.28678387 2.6273174e-08 -658446.6
677252500000.0 -0.28743488 2.6273174e-08 -658446.6
678786560000.0 -0.28808594 2.6273174e-08 -658446.6
680320600000.0 -0.28873703 2.6273174e-08 -658446.6
681854500000.0 -0.28938803 2.7210637e-08 -641466.1
683388300000.0 -0.29003897 2.7210637e-08 -641466.1
684922600000.0 -0.29069015 2.7210637e-08 -641466.1
686456440000.0 -0.29134116 2.7210637e-08 -641466.1
687990300000.0 -0.29199213 2.8308468e-08 -571340.5
689524500000.0 -0.29264328 2.8308468e-08 -571340.5
691058400000.0 -0.29329428 2.8308468e-08 -571340.5
692592250000.0 -0.29394525 2.8308468e-08 -571340.5
694126440000.0 -0.2945964 2.9563799e-08 -460794.2
695660300000.0 -0.2952474 2.9563799e-08 -460794.2
697194200000.0 -0.2958984 2.9563799e-08 -460794.2
698728450000.0 -0.29654956 2.9563799e-08 -460794.2
700262300000.0 -0.29720056 3.094065e-08 -327105.47
701796200000.0 -0.29785153 3.094065e-08 -327105.47
703330200000.0 -0.2985026 3.094065e-08 -327105.47
704864260000.0 -0.29915366 3.094065e-08 -327105.47
706398100000.0 -0.29980466 3.232166e-08 -160570.28
707932100000.0 -0.30045572 3.232166e-08 -160570.28
709466200000.0 -0.30110678 3.232166e-08 -160570.28
711000060000.0 -0.30175778 3.232166e-08 -160570.28
712534100000.0 -0.30240884 3.3484753e-08 16758.725
714068100000.0 -0.3030599 3.3484753e-08 16758.725
715602000000.0 -0.3037109 3.3484753e-08 16758.725
717136100000.0 -0.304362 3.3484753e-08 16758.725
718670140000.0 -0.30501306 3.4127137e-08 83567.86
720204000000.0 -0.30566406 3.4127137e-08 83567.86
721738000000.0 -0.30631512 3.4127137e-08 83567.86
723272100000.0 -0.3069662 3.4127137e-08 83567.86
724805940000.0 -0.3076172 3.3832894e-08 -19478.916
726339800000.0 -0.30826816 3.3832894e-08 -19478.916
727874000000.0 -0.3089193 3.3832894e-08 -19478.916
729407900000.0 -0.3095703 3.3832894e-08 -19478.916
730941750000.0 -0.3102213 3.293346e-08 -227433.36
732475950000.0 -0.31087244 3.293346e-08 -227433.36
734009800000.0 -0.3115234 3.293346e-08 -227433.36
735543700000.0 -0.31217444 3.293346e-08 -227433.36
737077950000.0 -0.3128256 3.1790005e-08 -476950.47
738611800000.0 -0.31347656 3.1790005e-08 -476950.47
740145700000.0 -0.3141276 3.1790005e-08 -476950.47
741679900000.0 -0.31477872 3.1790005e-08 -476950.47
743213760000.0 -0.3154297 3.059441e-08 -744516.9
744747600000.0 -0.3160807 3.059441e-08 -744516.9
746281700000.0 -0.31673178 3.059441e-08 -744516.9
747815700000.0 -0.31738284 3.059441e-08 -744516.9
749349600000.0 -0.3180338 2.9674364e-08 -1021849.4
750883640000.0 -0.3186849 2.9674364e-08 -1021849.4
752417640000.0 -0.31933597 2.9674364e-08 -1021849.4
753951500000.0 -0.31998697 2.9674364e-08 -1021849.4
755485600000.0 -0.32063803 2.906416e-08 -1261051.8
757019640000.0 -0.3212891 2.906416e-08 -1261051.8
758553500000.0 -0.3219401 2.906416e-08 -1261051.8
760087500000.0 -0.32259116 2.906416e-08 -1261051.8
761621600000.0 -0.32324222 2.915333e-08 -1428794.8
