morphology_data/1d_wa_a0.025_l2r0.5_00001.ecsv
# %ECSV 1.0
# ---
# datatype:
# - {name: b, datatype: float32}
# - {name: phase, datatype: float32}
# - {name: sigma, datatype: float32}
# - {name: vr, datatype: float32}
# meta: {lambda: 2, rp: 0.5, sep: 0.025, wind: a}
# schema: astropy-2.0
b phase sigma vr
[from data line 1263]
766223500000.0 -0.32519534 3.1913752e-09 -4121730.0
767757400000.0 -0.32584634 3.1474436e-09 -3724653.8
769291260000.0 -0.32649735 3.1474436e-09 -3724653.8
770825500000.0 -0.3271485 3.1474436e-09 -3724653.8
772359300000.0 -0.32779947 3.1474436e-09 -3724653.8
773893200000.0 -0.32845047 3.0578788e-09 -3140826.0
775427460000.0 -0.32910162 3.0578788e-09 -3140826.0
776961300000.0 -0.3297526 3.0578788e-09 -3140826.0
778495200000.0 -0.3304036 3.0578788e-09 -3140826.0
780029400000.0 -0.33105475 3.0121607e-09 -2450326.8
781563270000.0 -0.33170575 3.0121607e-09 -2450326.8
783097140000.0 -0.33235672 3.0121607e-09 -2450326.8
784631200000.0 -0.3330078 3.0121607e-09 -2450326.8
786165200000.0 -0.33365887 3.0764857e-09 -1851258.4
787699100000.0 -0.33430985 3.0764857e-09 -1851258.4
789233140000.0 -0.33496094 3.0764857e-09 -1851258.4
790767200000.0 -0.335612 3.0764857e-09 -1851258.4
792301000000.0 -0.336263 3.1764387e-09 -1279218.6
793835100000.0 -0.33691406 3.1764387e-09 -1279218.6
795369140000.0 -0.33756512 3.1764387e-09 -1279218.6
796903000000.0 -0.33821613 3.1764387e-09 -1279218.6
798437000000.0 -0.3388672 3.3089422e-09 -761720.5
799971100000.0 -0.33951825 3.3089422e-09 -761720.5
801504950000.0 -0.34016925 3.3089422e-09 -761720.5
803039000000.0 -0.3408203 3.3089422e-09 -761720.5
804573000000.0 -0.3414714 3.4686e-09 -238520.9
806106900000.0 -0.34212238 3.4686e-09 -238520.9
807640760000.0 -0.34277338 3.4686e-09 -238520.9
809175000000.0 -0.34342453 3.4686e-09 -238520.9
810708900000.0 -0.3440755 3.6178962e-09 331962.34
812242700000.0 -0.3447265 3.6178962e-09 331962.34
813776960000.0 -0.34537765 3.6178962e-09 331962.34
815310800000.0 -0.34602866 3.6178962e-09 331962.34
816844700000.0 -0.34667963 3.726994e-09 908721.9
818378900000.0 -0.34733078 3.726994e-09 908721.9
819912800000.0 -0.34798178 3.726994e-09 908721.9
821446640000.0 -0.34863275 3.726994e-09 908721.9
822980840000.0 -0.3492839 3.7453525e-09 1503959.9
824514700000.0 -0.3499349 3.7453525e-09 1503959.9
826048600000.0 -0.3505859 3.7453525e-09 1503959.9
827582640000.0 -0.35123697 3.7453525e-09 1503959.9
829116700000.0 -0.35188803 3.6307668e-09 2141974.5
830650600000.0 -0.35253903 3.6307668e-09 2141974.5
832184600000.0 -0.3531901 3.6307668e-09 2141974.5
833718650000.0 -0.35384116 3.6307668e-09 2141974.5
835252500000.0 -0.35449216 3.4069145e-09 2835091.8
836786600000.0 -0.35514322 3.4069145e-09 2835091.8
838320600000.0 -0.3557943 3.4069145e-09 2835091.8
839854460000.0 -0.35644528 3.4069145e-09 2835091.8
841388500000.0 -0.35709634 3.1346876e-09 3505796.0
842922500000.0 -0.35774744 3.1346876e-09 3505796.0
844456400000.0 -0.3583984 3.1346876e-09 3505796.0
845990460000.0 -0.3590495 3.1346876e-09 3505796.0
847524500000.0 -0.35970056 2.9072647e-09 3923344.5
849058400000.0 -0.36035156 2.9072647e-09 3923344.5
850592300000.0 -0.36100253 2.9072647e-09 3923344.5
852126470000.0 -0.3616537 2.9072647e-09 3923344.5
853660340000.0 -0.3623047 2.8233962e-09 3889862.8
855194200000.0 -0.36295566 2.8233962e-09 3889862.8
856728400000.0 -0.3636068 2.8233962e-09 3889862.8
858262300000.0 -0.3642578 2.8233962e-09 3889862.8
859796140000.0 -0.3649088 2.9083178e-09 3625496.8
861330400000.0 -0.36555994 2.9083178e-09 3625496.8
862864200000.0 -0.36621094 2.9083178e-09 3625496.8
864398100000.0 -0.36686194 2.9083178e-09 3625496.8
865932350000.0 -0.3675131 3.0102085e-09 3310677.5
867466200000.0 -0.36816406 3.0102085e-09 3310677.5
869000100000.0 -0.36881506 3.0102085e-09 3310677.5
870534100000.0 -0.36946613 3.0102085e-09 3310677.5
872068150000.0 -0.3701172 3.069498e-09 2992341.5
873602000000.0 -0.3707682 3.069498e-09 2992341.5
875136100000.0 -0.37141925 3.069498e-09 2992341.5
876670100000.0 -0.37207034 3.069498e-09 2992341.5
878203960000.0 -0.3727213 2.9955372e-09 2637153.8
879738000000.0 -0.3733724 2.9955372e-09 2637153.8
881272100000.0 -0.37402347 2.9955372e-09 2637153.8
882805900000.0 -0.37467447 2.9955372e-09 2637153.8
884339970000.0 -0.37532553 2.7264204e-09 2414974.8
885874000000.0 -0.3759766 2.7264204e-09 2414974.8
887407900000.0 -0.3766276 2.7264204e-09 2414974.8
888941900000.0 -0.37727866 2.7264204e-09 2414974.8
890476000000.0 -0.37792972 2.4184064e-09 2326253.2
892009840000.0 -0.37858072 2.4184064e-09 2326253.2
893543700000.0 -0.37923172 2.4184064e-09 2326253.2
895077900000.0 -0.37988284 2.4184064e-09 2326253.2
896611800000.0 -0.38053384 2.0429378e-09 2278989.2
898145650000.0 -0.38118485 2.0429378e-09 2278989.2
899679900000.0 -0.381836 2.0429378e-09 2278989.2
901213800000.0 -0.38248697 2.0429378e-09 2278989.2
902747600000.0 -0.38313797 1.7397104e-09 2116362.0
904281850000.0 -0.38378912 1.7397104e-09 2116362.0
905815700000.0 -0.3844401 1.7397104e-09 2116362.0
907349600000.0 -0.3850911 1.7397104e-09 2116362.0
908883800000.0 -0.38574225 1.6371335e-09 1986237.2
910417660000.0 -0.38639325 1.6371335e-09 1986237.2
911951500000.0 -0.38704422 1.6371335e-09 1986237.2
913485600000.0 -0.3876953 1.6371335e-09 1986237.2
915019600000.0 -0.38834637 1.6128249e-09 1852664.5
916553470000.0 -0.38899738 1.6128249e-09 1852664.5
918087500000.0 -0.38964844 1.6128249e-09 1852664.5
919621600000.0 -0.3902995 1.6128249e-09 1852664.5
921155500000.0 -0.3909505 1.6449214e-09 1749669.0
922689500000.0 -0.39160156 1.6449214e-09 1749669.0
924223540000.0 -0.39225262 1.6449214e-09 1749669.0
925757400000.0 -0.39290363 1.6449214e-09 1749669.0
927291400000.0 -0.3935547 1.681402e-09 1659782.2
928825500000.0 -0.39420575 1.681402e-09 1659782.2
930359350000.0 -0.39485675 1.681402e-09 1659782.2
931893400000.0 -0.3955078 1.681402e-09 1659782.2
933427400000.0 -0.3961589 1.7144821e-09 1602421.2
934961300000.0 -0.39680988 1.7144821e-09 1602421.2
936495150000.0 -0.39746088 1.7144821e-09 1602421.2
938029400000.0 -0.39811203 1.7144821e-09 1602421.2
939563300000.0 -0.398763 1.746398e-09 1553968.5
941097160000.0 -0.399414 1.746398e-09 1553968.5
942631350000.0 -0.40006515 1.746398e-09 1553968.5
944165200000.0 -0.40071616 1.746398e-09 1553968.5
945699100000.0 -0.40136713 1.769257e-09 1507014.5
947233300000.0 -0.40201828 1.769257e-09 1507014.5
948767160000.0 -0.40266928 1.769257e-09 1507014.5
950301000000.0 -0.40332028 1.769257e-09 1507014.5
951835200000.0 -0.4039714 1.7801312e-09 1455864.6
953369100000.0 -0.4046224 1.7801312e-09 1455864.6
954903000000.0 -0.4052734 1.7801312e-09 1455864.6
956437040000.0 -0.40592447 1.7801312e-09 1455864.6
957971100000.0 -0.40657553 1.7995736e-09 1388867.5
959505000000.0 -0.40722653 1.7995736e-09 1388867.5
961039000000.0 -0.4078776 1.7995736e-09 1388867.5
962573040000.0 -0.40852866 1.7995736e-09 1388867.5
964106900000.0 -0.40917966 1.8418059e-09 1345170.4
965641000000.0 -0.40983072 1.8418059e-09 1345170.4
967175000000.0 -0.4104818 1.8418059e-09 1345170.4
968708850000.0 -0.41113278 1.8418059e-09 1345170.4
970242900000.0 -0.41178387 1.8905681e-09 1340398.1
971776900000.0 -0.41243494 1.8905681e-09 1340398.1
973310800000.0 -0.4130859 1.8905681e-09 1340398.1
974844850000.0 -0.413737 1.8905681e-09 1340398.1
976378900000.0 -0.41438806 1.9371589e-09 1339241.0
977912800000.0 -0.41503906 1.9371589e-09 1339241.0
979446660000.0 -0.41569003 1.9371589e-09 1339241.0
980980860000.0 -0.4163412 1.9371589e-09 1339241.0
982514700000.0 -0.4169922 1.9566653e-09 1376528.4
984048600000.0 -0.4176432 1.9566653e-09 1376528.4
985582800000.0 -0.4182943 1.9566653e-09 1376528.4
987116670000.0 -0.4189453 1.9566653e-09 1376528.4
988650540000.0 -0.4195963 1.949389e-09 1464911.2
990184800000.0 -0.42024744 1.949389e-09 1464911.2
991718700000.0 -0.42089844 1.949389e-09 1464911.2
993252500000.0 -0.42154944 1.949389e-09 1464911.2
994786740000.0 -0.4222006 1.9151027e-09 1662666.9
996320600000.0 -0.42285156 1.9151027e-09 1662666.9
997854500000.0 -0.42350256 1.9151027e-09 1662666.9
999388500000.0 -0.42415363 1.9151027e-09 1662666.9
1000922550000.0 -0.42480472 1.8656239e-09 1901560.5
1002456400000.0 -0.4254557 1.8656239e-09 1901560.5
1003990500000.0 -0.42610675 1.8656239e-09 1901560.5
1005524500000.0 -0.42675784 1.8656239e-09 1901560.5
1007058350000.0 -0.4274088 1.8222479e-09 2101209.8
1008592400000.0 -0.4280599 1.8222479e-09 2101209.8
1010126500000.0 -0.42871097 1.8222479e-09 2101209.8
1011660360000.0 -0.42936197 1.8222479e-09 2101209.8
1013194360000.0 -0.43001303 1.8050024e-09 2288373.2
1014728400000.0 -0.4306641 1.8050024e-09 2288373.2
1016262300000.0 -0.4313151 1.8050024e-09 2288373.2
1017796300000.0 -0.43196616 1.8050024e-09 2288373.2
1019330360000.0 -0.43261722 1.8281969e-09 2496003.2
1020864230000.0 -0.43326822 1.8281969e-09 2496003.2
1022398100000.0 -0.43391922 1.8281969e-09 2496003.2
1023932300000.0 -0.43457034 1.8281969e-09 2496003.2
1025466200000.0 -0.43522134 1.9178328e-09 2718048.5
1027000040000.0 -0.43587235 1.9178328e-09 2718048.5
1028534300000.0 -0.4365235 1.9178328e-09 2718048.5
1030068200000.0 -0.43717447 1.9178328e-09 2718048.5
1031602040000.0 -0.43782547 2.0734807e-09 2995329.5
1033136240000.0 -0.43847662 2.0734807e-09 2995329.5
1034670100000.0 -0.43912762 2.0734807e-09 2995329.5
1036204000000.0 -0.4397786 2.0734807e-09 2995329.5
1037738200000.0 -0.44042975 2.2258e-09 3244431.0
1039272050000.0 -0.44108075 2.2258e-09 3244431.0
1040805900000.0 -0.44173172 2.2258e-09 3244431.0
1042340000000.0 -0.4423828 2.2258e-09 3244431.0
1043874000000.0 -0.44303387 2.3449993e-09 3410975.2
1045407860000.0 -0.44368488 2.3449993e-09 3410975.2
1046941900000.0 -0.44433594 2.3449993e-09 3410975.2
1048476000000.0 -0.444987 2.3449993e-09 3410975.2
1050009860000.0 -0.445638 2.4771083e-09 3474911.5
1051543860000.0 -0.44628906 2.4771083e-09 3474911.5
1053077900000.0 -0.44694012 2.4771083e-09 3474911.5
1054611800000.0 -0.44759113 2.4771083e-09 3474911.5
1056145870000.0 -0.4482422 2.6230382e-09 3484412.5
1057679900000.0 -0.44889325 2.6230382e-09 3484412.5
1059213740000.0 -0.44954425 2.6230382e-09 3484412.5
1060747800000.0 -0.4501953 2.6230382e-09 3484412.5
1062281800000.0 -0.4508464 2.7531386e-09 3488724.2
1063815700000.0 -0.45149738 2.7531386e-09 3488724.2
1065349550000.0 -0.45214838 2.7531386e-09 3488724.2
1066883800000.0 -0.45279953 2.7531386e-09 3488724.2
1068417700000.0 -0.45345053 2.8612415e-09 3465881.0
1069951550000.0 -0.4541015 2.8612415e-09 3465881.0
1071485750000.0 -0.45475265 2.8612415e-09 3465881.0
1073019600000.0 -0.45540366 2.8612415e-09 3465881.0
1074553500000.0 -0.45605463 2.9529725e-09 3364360.5
1076087700000.0 -0.45670578 2.9529725e-09 3364360.5
1077621560000.0 -0.45735678 2.9529725e-09 3364360.5
1079155400000.0 -0.45800778 2.9529725e-09 3364360.5
1080689700000.0 -0.4586589 3.0373442e-09 3203293.5
1082223500000.0 -0.4593099 3.0373442e-09 3203293.5
1083757360000.0 -0.4599609 3.0373442e-09 3203293.5
1085291400000.0 -0.46061197 3.0373442e-09 3203293.5
1086825500000.0 -0.46126303 3.1254717e-09 3018939.8
1088359370000.0 -0.46191403 3.1254717e-09 3018939.8
1089893400000.0 -0.4625651 3.1254717e-09 3018939.8
1091427430000.0 -0.46321616 3.1254717e-09 3018939.8
1092961300000.0 -0.46386716 3.2099974e-09 2837015.5
1094495400000.0 -0.46451822 3.2099974e-09 2837015.5
1096029400000.0 -0.4651693 3.2099974e-09 2837015.5
1097563240000.0 -0.46582028 3.2099974e-09 2837015.5
1099097300000.0 -0.46647137 3.3015937e-09 2664527.0
1100631400000.0 -0.46712244 3.3015937e-09 2664527.0
1102165200000.0 -0.46777344 3.3015937e-09 2664527.0
1103699200000.0 -0.4684245 3.3015937e-09 2664527.0
1105233300000.0 -0.46907556 3.3694143e-09 2520856.2
1106767100000.0 -0.4697265 3.3694143e-09 2520856.2
1108301000000.0 -0.47037753 3.3694143e-09 2520856.2
1109835300000.0 -0.4710287 3.3694143e-09 2520856.2
1111369200000.0 -0.47167972 3.3438163e-09 2472552.5
1112903000000.0 -0.4723307 3.3438163e-09 2472552.5
1114437200000.0 -0.4729818 3.3438163e-09 2472552.5
1115971100000.0 -0.47363284 3.3438163e-09 2472552.5
1117504900000.0 -0.4742838 3.2100824e-09 2577052.0
1119039100000.0 -0.47493497 3.2100824e-09 2577052.0
1120573000000.0 -0.47558594 3.2100824e-09 2577052.0
1122106900000.0 -0.47623694 3.2100824e-09 2577052.0
1123641000000.0 -0.47688803 3.0647942e-09 2717463.0
1125175000000.0 -0.47753906 3.0647942e-09 2717463.0
1126708800000.0 -0.47819003 3.0647942e-09 2717463.0
1128242900000.0 -0.47884113 3.0647942e-09 2717463.0
1129777000000.0 -0.47949222 3.0429819e-09 2839751.0
1131310900000.0 -0.48014325 3.0429819e-09 2839751.0
1132844800000.0 -0.48079422 3.0429819e-09 2839751.0
1134378900000.0 -0.48144534 3.0429819e-09 2839751.0
1135912800000.0 -0.48209637 3.125599e-09 2904721.5
1137446700000.0 -0.48274735 3.125599e-09 2904721.5
1138980800000.0 -0.48339847 3.125599e-09 2904721.5
1140514800000.0 -0.48404947 3.125599e-09 2904721.5
1142048800000.0 -0.48470056 3.186079e-09 2704090.2
1143582800000.0 -0.48535156 3.186079e-09 2704090.2
1145116700000.0 -0.4860026 3.186079e-09 2704090.2
1146650800000.0 -0.48665366 3.186079e-09 2704090.2
1148184800000.0 -0.48730478 3.0415777e-09 2056574.2
1149718600000.0 -0.48795572 3.0415777e-09 2056574.2
1151252600000.0 -0.48860675 3.0415777e-09 2056574.2
1152786800000.0 -0.48925787 3.0415777e-09 2056574.2
1154320600000.0 -0.48990884 2.7722709e-09 1418974.8
1155854500000.0 -0.49055988 2.7722709e-09 1418974.8
1157388700000.0 -0.491211 2.7722709e-09 1418974.8
1158922500000.0 -0.49186197 2.7722709e-09 1418974.8
1160456400000.0 -0.49251297 2.6835205e-09 1129167.9
1161990600000.0 -0.49316412 2.6835205e-09 1129167.9
1163524400000.0 -0.49381506 2.6835205e-09 1129167.9
1165058400000.0 -0.4944661 2.6835205e-09 1129167.9
1166592600000.0 -0.49511725 2.8050045e-09 1138152.2
1168126500000.0 -0.49576828 2.8050045e-09 1138152.2
1169660300000.0 -0.49641922 2.8050045e-09 1138152.2
1171194400000.0 -0.4970703 2.8050045e-09 1138152.2
1172728400000.0 -0.49772137 3.0369365e-09 1260467.9
1174262300000.0 -0.49837238 3.0369365e-09 1260467.9
1175796300000.0 -0.49902344 3.0369365e-09 1260467.9
1177330400000.0 -0.4996745 3.0369365e-09 1260467.9
