morphology_data/1d_wb_a0.025_l2r2_00001.ecsv
# %ECSV 1.0
# ---
# datatype:
# - {name: b, datatype: float32}
# - {name: phase, datatype: float32}
# - {name: sigma, datatype: float32}
# - {name: vr, datatype: float32}
# meta: {lambda: 2, rp: 2.0, sep: 0.025, wind: b}
# schema: astropy-2.0
b phase sigma vr
[from data line 934]
283019440000.0 -0.12011717 2.0812717e-08 1619922.2
284553500000.0 -0.12076825 2.0812717e-08 1619922.2
286087380000.0 -0.12141925 2.0812717e-08 1619922.2
287621400000.0 -0.12207031 2.0812717e-08 1619922.2
289155450000.0 -0.12272138 2.121515e-08 1353166.4
290689320000.0 -0.123372376 2.121515e-08 1353166.4
292223400000.0 -0.12402345 2.121515e-08 1353166.4
293757320000.0 -0.12467448 2.121515e-08 1353166.4
295291300000.0 -0.1253255 2.1489257e-08 1108760.6
296825320000.0 -0.12597658 2.1489257e-08 1108760.6
298359300000.0 -0.12662761 2.1489257e-08 1108760.6
299893230000.0 -0.12727864 2.1489257e-08 1108760.6
301427300000.0 -0.12792972 2.1767656e-08 926660.75
302961130000.0 -0.12858069 2.1767656e-08 926660.75
304495200000.0 -0.12923177 2.1767656e-08 926660.75
306029230000.0 -0.12988284 2.1767656e-08 926660.75
307563100000.0 -0.13053383 2.208865e-08 765137.2
309097140000.0 -0.13118489 2.208865e-08 765137.2
310631200000.0 -0.13183598 2.208865e-08 765137.2
312165070000.0 -0.13248697 2.208865e-08 765137.2
313699100000.0 -0.13313803 2.1723004e-08 547629.7
315233040000.0 -0.13378905 2.1723004e-08 547629.7
316767000000.0 -0.1344401 2.1723004e-08 547629.7
318301040000.0 -0.13509116 2.1723004e-08 547629.7
319835000000.0 -0.13574219 2.1248995e-08 326231.4
321368980000.0 -0.13639323 2.1248995e-08 326231.4
322903000000.0 -0.1370443 2.1248995e-08 326231.4
324436900000.0 -0.13769528 2.1248995e-08 326231.4
325970920000.0 -0.13834634 2.0897712e-08 157649.12
327504950000.0 -0.1389974 2.0897712e-08 157649.12
329038820000.0 -0.13964841 2.0897712e-08 157649.12
330572900000.0 -0.14029948 2.0897712e-08 157649.12
332106920000.0 -0.14095055 2.1200204e-08 50937.145
333640800000.0 -0.14160155 2.1200204e-08 50937.145
335174830000.0 -0.14225261 2.1200204e-08 50937.145
336708900000.0 -0.14290369 2.1200204e-08 50937.145
338242730000.0 -0.14355466 2.2338753e-08 -20318.725
339776800000.0 -0.14420575 2.2338753e-08 -20318.725
341310830000.0 -0.14485681 2.2338753e-08 -20318.725
342844700000.0 -0.1455078 2.2338753e-08 -20318.725
344378570000.0 -0.1461588 2.3847305e-08 -74179.2
345912800000.0 -0.14680995 2.3847305e-08 -74179.2
347446640000.0 -0.14746092 2.3847305e-08 -74179.2
348980500000.0 -0.14811192 2.3847305e-08 -74179.2
350514740000.0 -0.14876308 2.5224198e-08 -130886.9
352048600000.0 -0.14941406 2.5224198e-08 -130886.9
353582480000.0 -0.15006506 2.5224198e-08 -130886.9
355116700000.0 -0.1507162 2.5224198e-08 -130886.9
356650580000.0 -0.1513672 2.5812454e-08 -195221.83
358184420000.0 -0.15201817 2.5812454e-08 -195221.83
359718650000.0 -0.15266933 2.5812454e-08 -195221.83
361252520000.0 -0.15332033 2.5812454e-08 -195221.83
362786400000.0 -0.15397131 2.5555511e-08 -246381.9
364320420000.0 -0.15462239 2.5555511e-08 -246381.9
365854500000.0 -0.15527347 2.5555511e-08 -246381.9
367388360000.0 -0.15592445 2.5555511e-08 -246381.9
368922400000.0 -0.15657552 2.4602121e-08 -245371.92
370456430000.0 -0.15722659 2.4602121e-08 -245371.92
371990300000.0 -0.15787758 2.4602121e-08 -245371.92
373524330000.0 -0.15852864 2.4602121e-08 -245371.92
375058400000.0 -0.15917972 2.2808837e-08 -177199.34
376592270000.0 -0.1598307 2.2808837e-08 -177199.34
378126300000.0 -0.16048178 2.2808837e-08 -177199.34
379660340000.0 -0.16113284 2.2808837e-08 -177199.34
381194200000.0 -0.16178384 1.9826498e-08 -150680.12
382728240000.0 -0.1624349 1.9826498e-08 -150680.12
384262300000.0 -0.16308598 1.9826498e-08 -150680.12
385796180000.0 -0.16373697 1.9826498e-08 -150680.12
387330050000.0 -0.16438797 1.6391855e-08 -315545.2
388864250000.0 -0.1650391 1.6391855e-08 -315545.2
390398100000.0 -0.1656901 1.6391855e-08 -315545.2
391932000000.0 -0.1663411 1.6391855e-08 -315545.2
393466220000.0 -0.16699223 1.4208635e-08 -636128.6
395000100000.0 -0.16764323 1.4208635e-08 -636128.6
396533960000.0 -0.16829422 1.4208635e-08 -636128.6
398068150000.0 -0.16894537 1.4208635e-08 -636128.6
399602020000.0 -0.16959636 1.2939207e-08 -971853.25
401135900000.0 -0.17024736 1.2939207e-08 -971853.25
402669930000.0 -0.17089842 1.2939207e-08 -971853.25
404204000000.0 -0.1715495 1.2939207e-08 -971853.25
405737870000.0 -0.17220049 1.1865211e-08 -1234319.4
407271900000.0 -0.17285155 1.1865211e-08 -1234319.4
408805930000.0 -0.17350262 1.1865211e-08 -1234319.4
410339800000.0 -0.17415361 1.1865211e-08 -1234319.4
411873870000.0 -0.17480469 1.0691748e-08 -1371469.2
413407900000.0 -0.17545575 1.0691748e-08 -1371469.2
414941770000.0 -0.17610675 1.0691748e-08 -1371469.2
416475800000.0 -0.17675781 1.0691748e-08 -1371469.2
418009840000.0 -0.17740889 9.506263e-09 -1413017.4
419543700000.0 -0.17805988 9.506263e-09 -1413017.4
421077780000.0 -0.17871095 9.506263e-09 -1413017.4
422611800000.0 -0.17936201 9.506263e-09 -1413017.4
424145680000.0 -0.180013 8.44273e-09 -1400545.4
425679550000.0 -0.180664 8.44273e-09 -1400545.4
427213750000.0 -0.18131514 8.44273e-09 -1400545.4
428747620000.0 -0.18196614 8.44273e-09 -1400545.4
430281500000.0 -0.18261713 7.462951e-09 -1380073.2
431815720000.0 -0.18326828 7.462951e-09 -1380073.2
433349600000.0 -0.18391927 7.462951e-09 -1380073.2
434883460000.0 -0.18457027 7.462951e-09 -1380073.2
436417700000.0 -0.1852214 6.7750987e-09 -1379763.8
437951530000.0 -0.1858724 6.7750987e-09 -1379763.8
439485400000.0 -0.1865234 6.7750987e-09 -1379763.8
441019630000.0 -0.18717454 6.7750987e-09 -1379763.8
442553500000.0 -0.18782553 6.487041e-09 -1369599.6
444087370000.0 -0.18847652 6.487041e-09 -1369599.6
445621400000.0 -0.1891276 6.487041e-09 -1369599.6
447155440000.0 -0.18977866 6.487041e-09 -1369599.6
448689300000.0 -0.19042966 6.616756e-09 -1355637.8
450223370000.0 -0.19108072 6.616756e-09 -1355637.8
451757400000.0 -0.1917318 6.616756e-09 -1355637.8
453291280000.0 -0.19238278 6.616756e-09 -1355637.8
454825300000.0 -0.19303386 7.132118e-09 -1287944.2
456359380000.0 -0.19368492 7.132118e-09 -1287944.2
457893200000.0 -0.19433591 7.132118e-09 -1287944.2
459427280000.0 -0.19498698 7.132118e-09 -1287944.2
460961320000.0 -0.19563805 8.304021e-09 -1165341.8
462495200000.0 -0.19628905 8.304021e-09 -1165341.8
464029220000.0 -0.19694011 8.304021e-09 -1165341.8
465563300000.0 -0.19759119 8.304021e-09 -1165341.8
467097160000.0 -0.19824217 1.0695798e-08 -990353.94
468631000000.0 -0.19889317 1.0695798e-08 -990353.94
470165230000.0 -0.19954431 1.0695798e-08 -990353.94
471699100000.0 -0.20019531 1.0695798e-08 -990353.94
473232970000.0 -0.2008463 1.1561343e-08 -816491.44
474767200000.0 -0.20149745 1.1561343e-08 -816491.44
476301070000.0 -0.20214844 1.1561343e-08 -816491.44
477834900000.0 -0.20279942 1.1561343e-08 -816491.44
479369130000.0 -0.20345058 9.785319e-09 -890210.6
480903000000.0 -0.20410156 9.785319e-09 -890210.6
482436870000.0 -0.20475256 9.785319e-09 -890210.6
483971100000.0 -0.2054037 9.785319e-09 -890210.6
485504970000.0 -0.2060547 8.098399e-09 -1182383.5
487038840000.0 -0.20670569 8.098399e-09 -1182383.5
488572880000.0 -0.20735677 8.098399e-09 -1182383.5
490106900000.0 -0.20800783 8.098399e-09 -1182383.5
491640780000.0 -0.20865881 8.497581e-09 -761636.8
493174820000.0 -0.20930989 8.497581e-09 -761636.8
494708880000.0 -0.20996095 8.497581e-09 -761636.8
496242750000.0 -0.21061195 8.497581e-09 -761636.8
497776800000.0 -0.21126302 9.058278e-09 -164756.81
499310820000.0 -0.21191409 9.058278e-09 -164756.81
500844700000.0 -0.21256508 9.058278e-09 -164756.81
502378730000.0 -0.21321616 9.058278e-09 -164756.81
503912800000.0 -0.21386722 9.20646e-09 282749.2
505446660000.0 -0.2145182 9.20646e-09 282749.2
506980700000.0 -0.21516928 9.20646e-09 282749.2
508514730000.0 -0.21582034 9.20646e-09 282749.2
510048600000.0 -0.21647134 8.9624885e-09 461285.94
511582470000.0 -0.21712233 8.9624885e-09 461285.94
513116700000.0 -0.21777348 8.9624885e-09 461285.94
514650570000.0 -0.21842447 8.9624885e-09 461285.94
516184440000.0 -0.21907547 8.546323e-09 659428.94
517718640000.0 -0.2197266 8.546323e-09 659428.94
519252500000.0 -0.22037761 8.546323e-09 659428.94
520786380000.0 -0.2210286 8.546323e-09 659428.94
522320600000.0 -0.22167975 8.239601e-09 864179.8
523854480000.0 -0.22233073 8.239601e-09 864179.8
525388350000.0 -0.22298172 8.239601e-09 864179.8
526922550000.0 -0.22363287 8.239601e-09 864179.8
528456420000.0 -0.22428386 8.284205e-09 1029711.56
529990300000.0 -0.22493486 8.284205e-09 1029711.56
531524350000.0 -0.22558592 8.284205e-09 1029711.56
533058400000.0 -0.226237 8.284205e-09 1029711.56
534592260000.0 -0.22688799 9.644367e-09 1315219.2
536126300000.0 -0.22753906 9.644367e-09 1315219.2
537660330000.0 -0.22819012 9.644367e-09 1315219.2
539194200000.0 -0.22884111 9.644367e-09 1315219.2
540728260000.0 -0.22949219 1.2200882e-08 2175315.0
542262300000.0 -0.23014325 1.2200882e-08 2175315.0
543796170000.0 -0.23079425 1.2200882e-08 2175315.0
545330200000.0 -0.23144531 1.2200882e-08 2175315.0
546864270000.0 -0.23209639 1.1679943e-08 3222233.5
548398100000.0 -0.23274738 1.1679943e-08 3222233.5
549932200000.0 -0.23339845 1.1679943e-08 3222233.5
551466240000.0 -0.23404953 1.1679943e-08 3222233.5
553000040000.0 -0.23470049 7.965585e-09 4232948.5
554533900000.0 -0.23535149 7.965585e-09 4232948.5
556068200000.0 -0.23600265 7.965585e-09 4232948.5
557602050000.0 -0.23665364 7.965585e-09 4232948.5
559135900000.0 -0.23730463 3.1022227e-09 5471627.0
560670100000.0 -0.23795578 3.1022227e-09 5471627.0
562204000000.0 -0.23860677 3.1022227e-09 5471627.0
563737850000.0 -0.23925777 3.1022227e-09 5471627.0
565272050000.0 -0.2399089 1.5462938e-09 6473240.0
566805900000.0 -0.2405599 1.5462938e-09 6473240.0
568339800000.0 -0.2412109 1.5462938e-09 6473240.0
569874060000.0 -0.24186206 1.5462938e-09 6473240.0
571407900000.0 -0.24251305 1.4783044e-09 5332139.0
572941700000.0 -0.243164 1.4783044e-09 5332139.0
574475800000.0 -0.2438151 1.4783044e-09 5332139.0
576009860000.0 -0.24446616 1.4783044e-09 5332139.0
577543730000.0 -0.24511716 1.4661037e-09 4280173.0
579077730000.0 -0.2457682 1.4661037e-09 4280173.0
580611800000.0 -0.2464193 1.4661037e-09 4280173.0
582145700000.0 -0.24707028 1.4661037e-09 4280173.0
583679740000.0 -0.24772136 1.4517847e-09 3667607.2
585213740000.0 -0.24837242 1.4517847e-09 3667607.2
586747600000.0 -0.24902342 1.4517847e-09 3667607.2
588281700000.0 -0.24967448 1.4517847e-09 3667607.2
589815740000.0 -0.25032556 1.4439349e-09 3474714.5
591349600000.0 -0.25097656 1.4439349e-09 3474714.5
592883600000.0 -0.25162762 1.4439349e-09 3474714.5
594417700000.0 -0.2522787 1.4439349e-09 3474714.5
595951550000.0 -0.2529297 1.4532698e-09 3467366.8
597485400000.0 -0.25358066 1.4532698e-09 3467366.8
599019600000.0 -0.2542318 1.4532698e-09 3467366.8
600553500000.0 -0.2548828 1.4532698e-09 3467366.8
602087360000.0 -0.2555338 1.4632099e-09 3522279.2
603621560000.0 -0.25618494 1.4632099e-09 3522279.2
605155400000.0 -0.2568359 1.4632099e-09 3522279.2
606689300000.0 -0.25748694 1.4632099e-09 3522279.2
608223560000.0 -0.25813806 1.4620961e-09 3667897.2
609757400000.0 -0.2587891 1.4620961e-09 3667897.2
611291300000.0 -0.2594401 1.4620961e-09 3667897.2
612825500000.0 -0.26009122 1.4620961e-09 3667897.2
614359400000.0 -0.2607422 1.4755055e-09 3922903.2
615893240000.0 -0.2613932 1.4755055e-09 3922903.2
617427240000.0 -0.26204425 1.4755055e-09 3922903.2
618961300000.0 -0.26269534 1.4755055e-09 3922903.2
620495200000.0 -0.2633463 1.4218696e-09 4329600.0
622029240000.0 -0.2639974 1.4218696e-09 4329600.0
623563240000.0 -0.26464844 1.4218696e-09 4329600.0
625097100000.0 -0.26529944 1.4218696e-09 4329600.0
626631200000.0 -0.26595053 1.2422918e-09 4743435.0
628165250000.0 -0.2666016 1.2422918e-09 4743435.0
629699100000.0 -0.2672526 1.2422918e-09 4743435.0
631233100000.0 -0.26790366 1.2422918e-09 4743435.0
632767200000.0 -0.26855472 1.1554107e-09 4665431.5
634301050000.0 -0.26920572 1.1554107e-09 4665431.5
635835100000.0 -0.2698568 1.1554107e-09 4665431.5
637369100000.0 -0.27050784 1.1554107e-09 4665431.5
638903000000.0 -0.27115884 1.1886055e-09 3941090.2
640436860000.0 -0.27180985 1.1886055e-09 3941090.2
641971060000.0 -0.27246097 1.1886055e-09 3941090.2
643504900000.0 -0.27311197 1.1886055e-09 3941090.2
645038800000.0 -0.27376294 1.310801e-09 2708856.2
646573060000.0 -0.27441412 1.310801e-09 2708856.2
648106930000.0 -0.2750651 1.310801e-09 2708856.2
649640800000.0 -0.27571613 1.310801e-09 2708856.2
651175000000.0 -0.27636725 1.5780369e-09 1221862.9
652708900000.0 -0.27701825 1.5780369e-09 1221862.9
654242740000.0 -0.27766922 1.5780369e-09 1221862.9
655776940000.0 -0.27832037 1.5780369e-09 1221862.9
657310800000.0 -0.27897137 1.912194e-09 -118956.836
658844700000.0 -0.27962235 1.912194e-09 -118956.836
660378750000.0 -0.28027344 1.912194e-09 -118956.836
661912800000.0 -0.28092453 1.912194e-09 -118956.836
663446600000.0 -0.28157547 2.1461841e-09 -1099829.6
664980700000.0 -0.28222656 2.1461841e-09 -1099829.6
666514750000.0 -0.28287762 2.1461841e-09 -1099829.6
668048600000.0 -0.28352863 2.1461841e-09 -1099829.6
669582600000.0 -0.28417966 2.2533098e-09 -1491157.2
671116700000.0 -0.28483075 2.2533098e-09 -1491157.2
672650560000.0 -0.28548175 2.2533098e-09 -1491157.2
674184600000.0 -0.28613284 2.2533098e-09 -1491157.2
675718600000.0 -0.28678387 2.269084e-09 -1534662.2
677252500000.0 -0.28743488 2.269084e-09 -1534662.2
678786560000.0 -0.28808594 2.269084e-09 -1534662.2
680320600000.0 -0.28873703 2.269084e-09 -1534662.2
681854500000.0 -0.28938803 2.2423252e-09 -1402000.0
683388300000.0 -0.29003897 2.2423252e-09 -1402000.0
684922600000.0 -0.29069015 2.2423252e-09 -1402000.0
686456440000.0 -0.29134116 2.2423252e-09 -1402000.0
687990300000.0 -0.29199213 2.2260542e-09 -1149975.5
689524500000.0 -0.29264328 2.2260542e-09 -1149975.5
691058400000.0 -0.29329428 2.2260542e-09 -1149975.5
692592250000.0 -0.29394525 2.2260542e-09 -1149975.5
694126440000.0 -0.2945964 2.2312514e-09 -805368.0
695660300000.0 -0.2952474 2.2312514e-09 -805368.0
697194200000.0 -0.2958984 2.2312514e-09 -805368.0
698728450000.0 -0.29654956 2.2312514e-09 -805368.0
700262300000.0 -0.29720056 2.2769737e-09 -428170.84
701796200000.0 -0.29785153 2.2769737e-09 -428170.84
703330200000.0 -0.2985026 2.2769737e-09 -428170.84
704864260000.0 -0.29915366 2.2769737e-09 -428170.84
706398100000.0 -0.29980466 2.387944e-09 -23164.959
707932100000.0 -0.30045572 2.387944e-09 -23164.959
709466200000.0 -0.30110678 2.387944e-09 -23164.959
711000060000.0 -0.30175778 2.387944e-09 -23164.959
712534100000.0 -0.30240884 2.56987e-09 419455.8
714068100000.0 -0.3030599 2.56987e-09 419455.8
715602000000.0 -0.3037109 2.56987e-09 419455.8
717136100000.0 -0.304362 2.56987e-09 419455.8
718670140000.0 -0.30501306 2.8426437e-09 977860.9
720204000000.0 -0.30566406 2.8426437e-09 977860.9
721738000000.0 -0.30631512 2.8426437e-09 977860.9
723272100000.0 -0.3069662 2.8426437e-09 977860.9
724805940000.0 -0.3076172 3.1415046e-09 1433397.6
726339800000.0 -0.30826816 3.1415046e-09 1433397.6
727874000000.0 -0.3089193 3.1415046e-09 1433397.6
729407900000.0 -0.3095703 3.1415046e-09 1433397.6
730941750000.0 -0.3102213 3.5284144e-09 1549888.8
732475950000.0 -0.31087244 3.5284144e-09 1549888.8
734009800000.0 -0.3115234 3.5284144e-09 1549888.8
735543700000.0 -0.31217444 3.5284144e-09 1549888.8
737077950000.0 -0.3128256 3.9895793e-09 1272673.1
738611800000.0 -0.31347656 3.9895793e-09 1272673.1
740145700000.0 -0.3141276 3.9895793e-09 1272673.1
741679900000.0 -0.31477872 3.9895793e-09 1272673.1
743213760000.0 -0.3154297 4.144088e-09 1063717.0
744747600000.0 -0.3160807 4.144088e-09 1063717.0
746281700000.0 -0.31673178 4.144088e-09 1063717.0
747815700000.0 -0.31738284 4.144088e-09 1063717.0
749349600000.0 -0.3180338 4.1239856e-09 994457.7
750883640000.0 -0.3186849 4.1239856e-09 994457.7
752417640000.0 -0.31933597 4.1239856e-09 994457.7
753951500000.0 -0.31998697 4.1239856e-09 994457.7
755485600000.0 -0.32063803 4.3215946e-09 879323.1
757019640000.0 -0.3212891 4.3215946e-09 879323.1
758553500000.0 -0.3219401 4.3215946e-09 879323.1
760087500000.0 -0.32259116 4.3215946e-09 879323.1
761621600000.0 -0.32324222 4.9832196e-09 770021.8
763155450000.0 -0.32389322 4.9832196e-09 770021.8
