morphology_data/1d_wa_a0.025_l8r0.5_00001.ecsv
# %ECSV 1.0
# ---
# datatype:
# - {name: b, datatype: float32}
# - {name: phase, datatype: float32}
# - {name: sigma, datatype: float32}
# - {name: vr, datatype: float32}
# meta: {lambda: 8, rp: 0.5, sep: 0.025, wind: a}
# schema: astropy-2.0
b phase sigma vr
[from data line 1301]
824514700000.0 -0.3499349 3.1915368e-09 -48746.215
826048600000.0 -0.3505859 3.1915368e-09 -48746.215
827582640000.0 -0.35123697 3.1915368e-09 -48746.215
829116700000.0 -0.35188803 2.8828158e-09 356602.62
830650600000.0 -0.35253903 2.8828158e-09 356602.62
832184600000.0 -0.3531901 2.8828158e-09 356602.62
833718650000.0 -0.35384116 2.8828158e-09 356602.62
835252500000.0 -0.35449216 2.6018774e-09 862432.0
836786600000.0 -0.35514322 2.6018774e-09 862432.0
838320600000.0 -0.3557943 2.6018774e-09 862432.0
839854460000.0 -0.35644528 2.6018774e-09 862432.0
841388500000.0 -0.35709634 2.447748e-09 1412452.8
842922500000.0 -0.35774744 2.447748e-09 1412452.8
844456400000.0 -0.3583984 2.447748e-09 1412452.8
845990460000.0 -0.3590495 2.447748e-09 1412452.8
847524500000.0 -0.35970056 2.444033e-09 1896474.5
849058400000.0 -0.36035156 2.444033e-09 1896474.5
850592300000.0 -0.36100253 2.444033e-09 1896474.5
852126470000.0 -0.3616537 2.444033e-09 1896474.5
853660340000.0 -0.3623047 2.5200655e-09 2212247.2
855194200000.0 -0.36295566 2.5200655e-09 2212247.2
856728400000.0 -0.3636068 2.5200655e-09 2212247.2
858262300000.0 -0.3642578 2.5200655e-09 2212247.2
859796140000.0 -0.3649088 2.6982048e-09 2447450.0
861330400000.0 -0.36555994 2.6982048e-09 2447450.0
862864200000.0 -0.36621094 2.6982048e-09 2447450.0
864398100000.0 -0.36686194 2.6982048e-09 2447450.0
865932350000.0 -0.3675131 2.8694522e-09 2755133.2
867466200000.0 -0.36816406 2.8694522e-09 2755133.2
869000100000.0 -0.36881506 2.8694522e-09 2755133.2
870534100000.0 -0.36946613 2.8694522e-09 2755133.2
872068150000.0 -0.3701172 2.9348688e-09 3194922.2
873602000000.0 -0.3707682 2.9348688e-09 3194922.2
875136100000.0 -0.37141925 2.9348688e-09 3194922.2
876670100000.0 -0.37207034 2.9348688e-09 3194922.2
878203960000.0 -0.3727213 3.2406464e-09 4091023.8
879738000000.0 -0.3733724 3.2406464e-09 4091023.8
881272100000.0 -0.37402347 3.2406464e-09 4091023.8
882805900000.0 -0.37467447 3.2406464e-09 4091023.8
884339970000.0 -0.37532553 3.897893e-09 5163090.5
885874000000.0 -0.3759766 3.897893e-09 5163090.5
887407900000.0 -0.3766276 3.897893e-09 5163090.5
888941900000.0 -0.37727866 3.897893e-09 5163090.5
890476000000.0 -0.37792972 3.8122994e-09 5304304.0
892009840000.0 -0.37858072 3.8122994e-09 5304304.0
893543700000.0 -0.37923172 3.8122994e-09 5304304.0
895077900000.0 -0.37988284 3.8122994e-09 5304304.0
896611800000.0 -0.38053384 3.4231122e-09 5266671.0
898145650000.0 -0.38118485 3.4231122e-09 5266671.0
899679900000.0 -0.381836 3.4231122e-09 5266671.0
901213800000.0 -0.38248697 3.4231122e-09 5266671.0
902747600000.0 -0.38313797 2.7710598e-09 4752211.5
904281850000.0 -0.38378912 2.7710598e-09 4752211.5
905815700000.0 -0.3844401 2.7710598e-09 4752211.5
907349600000.0 -0.3850911 2.7710598e-09 4752211.5
908883800000.0 -0.38574225 2.283293e-09 4262185.0
910417660000.0 -0.38639325 2.283293e-09 4262185.0
911951500000.0 -0.38704422 2.283293e-09 4262185.0
913485600000.0 -0.3876953 2.283293e-09 4262185.0
915019600000.0 -0.38834637 1.994641e-09 3887834.0
916553470000.0 -0.38899738 1.994641e-09 3887834.0
918087500000.0 -0.38964844 1.994641e-09 3887834.0
919621600000.0 -0.3902995 1.994641e-09 3887834.0
921155500000.0 -0.3909505 1.8144575e-09 3523245.5
922689500000.0 -0.39160156 1.8144575e-09 3523245.5
924223540000.0 -0.39225262 1.8144575e-09 3523245.5
925757400000.0 -0.39290363 1.8144575e-09 3523245.5
927291400000.0 -0.3935547 1.6631387e-09 3162740.0
928825500000.0 -0.39420575 1.6631387e-09 3162740.0
930359350000.0 -0.39485675 1.6631387e-09 3162740.0
931893400000.0 -0.3955078 1.6631387e-09 3162740.0
933427400000.0 -0.3961589 1.4903185e-09 2764868.2
934961300000.0 -0.39680988 1.4903185e-09 2764868.2
936495150000.0 -0.39746088 1.4903185e-09 2764868.2
938029400000.0 -0.39811203 1.4903185e-09 2764868.2
939563300000.0 -0.398763 1.3364314e-09 2202602.8
941097160000.0 -0.399414 1.3364314e-09 2202602.8
942631350000.0 -0.40006515 1.3364314e-09 2202602.8
944165200000.0 -0.40071616 1.3364314e-09 2202602.8
945699100000.0 -0.40136713 1.2032229e-09 1574505.4
947233300000.0 -0.40201828 1.2032229e-09 1574505.4
948767160000.0 -0.40266928 1.2032229e-09 1574505.4
950301000000.0 -0.40332028 1.2032229e-09 1574505.4
951835200000.0 -0.4039714 1.1705075e-09 1430966.5
953369100000.0 -0.4046224 1.1705075e-09 1430966.5
954903000000.0 -0.4052734 1.1705075e-09 1430966.5
956437040000.0 -0.40592447 1.1705075e-09 1430966.5
957971100000.0 -0.40657553 1.3017545e-09 1741443.8
959505000000.0 -0.40722653 1.3017545e-09 1741443.8
961039000000.0 -0.4078776 1.3017545e-09 1741443.8
962573040000.0 -0.40852866 1.3017545e-09 1741443.8
964106900000.0 -0.40917966 1.4615088e-09 2082951.1
965641000000.0 -0.40983072 1.4615088e-09 2082951.1
967175000000.0 -0.4104818 1.4615088e-09 2082951.1
968708850000.0 -0.41113278 1.4615088e-09 2082951.1
970242900000.0 -0.41178387 1.5987629e-09 2427415.2
971776900000.0 -0.41243494 1.5987629e-09 2427415.2
973310800000.0 -0.4130859 1.5987629e-09 2427415.2
974844850000.0 -0.413737 1.5987629e-09 2427415.2
976378900000.0 -0.41438806 1.6704887e-09 2945261.2
977912800000.0 -0.41503906 1.6704887e-09 2945261.2
979446660000.0 -0.41569003 1.6704887e-09 2945261.2
980980860000.0 -0.4163412 1.6704887e-09 2945261.2
982514700000.0 -0.4169922 1.6511807e-09 3650318.8
984048600000.0 -0.4176432 1.6511807e-09 3650318.8
985582800000.0 -0.4182943 1.6511807e-09 3650318.8
987116670000.0 -0.4189453 1.6511807e-09 3650318.8
988650540000.0 -0.4195963 1.4637537e-09 3916698.8
990184800000.0 -0.42024744 1.4637537e-09 3916698.8
991718700000.0 -0.42089844 1.4637537e-09 3916698.8
993252500000.0 -0.42154944 1.4637537e-09 3916698.8
994786740000.0 -0.4222006 1.4356831e-09 4273997.0
996320600000.0 -0.42285156 1.4356831e-09 4273997.0
997854500000.0 -0.42350256 1.4356831e-09 4273997.0
999388500000.0 -0.42415363 1.4356831e-09 4273997.0
1000922550000.0 -0.42480472 1.5667515e-09 4449734.5
1002456400000.0 -0.4254557 1.5667515e-09 4449734.5
1003990500000.0 -0.42610675 1.5667515e-09 4449734.5
1005524500000.0 -0.42675784 1.5667515e-09 4449734.5
1007058350000.0 -0.4274088 1.5105136e-09 3969208.8
1008592400000.0 -0.4280599 1.5105136e-09 3969208.8
1010126500000.0 -0.42871097 1.5105136e-09 3969208.8
1011660360000.0 -0.42936197 1.5105136e-09 3969208.8
1013194360000.0 -0.43001303 1.0975194e-09 3233262.0
1014728400000.0 -0.4306641 1.0975194e-09 3233262.0
1016262300000.0 -0.4313151 1.0975194e-09 3233262.0
1017796300000.0 -0.43196616 1.0975194e-09 3233262.0
1019330360000.0 -0.43261722 5.6723926e-10 3300899.2
1020864230000.0 -0.43326822 5.6723926e-10 3300899.2
1022398100000.0 -0.43391922 5.6723926e-10 3300899.2
1023932300000.0 -0.43457034 5.6723926e-10 3300899.2
1025466200000.0 -0.43522134 2.605498e-10 4150356.0
1027000040000.0 -0.43587235 2.605498e-10 4150356.0
1028534300000.0 -0.4365235 2.605498e-10 4150356.0
1030068200000.0 -0.43717447 2.605498e-10 4150356.0
1031602040000.0 -0.43782547 1.9514813e-10 5151374.0
1033136240000.0 -0.43847662 1.9514813e-10 5151374.0
1034670100000.0 -0.43912762 1.9514813e-10 5151374.0
1036204000000.0 -0.4397786 1.9514813e-10 5151374.0
1037738200000.0 -0.44042975 1.3918093e-10 5146042.0
1039272050000.0 -0.44108075 1.3918093e-10 5146042.0
1040805900000.0 -0.44173172 1.3918093e-10 5146042.0
1042340000000.0 -0.4423828 1.3918093e-10 5146042.0
1043874000000.0 -0.44303387 8.953101e-11 4370143.0
1045407860000.0 -0.44368488 8.953101e-11 4370143.0
1046941900000.0 -0.44433594 8.953101e-11 4370143.0
1048476000000.0 -0.444987 8.953101e-11 4370143.0
1050009860000.0 -0.445638 7.940328e-11 3809098.5
1051543860000.0 -0.44628906 7.940328e-11 3809098.5
1053077900000.0 -0.44694012 7.940328e-11 3809098.5
1054611800000.0 -0.44759113 7.940328e-11 3809098.5
1056145870000.0 -0.4482422 8.063237e-11 4280280.5
1057679900000.0 -0.44889325 8.063237e-11 4280280.5
1059213740000.0 -0.44954425 8.063237e-11 4280280.5
1060747800000.0 -0.4501953 8.063237e-11 4280280.5
1062281800000.0 -0.4508464 7.9093634e-11 5286041.0
1063815700000.0 -0.45149738 7.9093634e-11 5286041.0
1065349550000.0 -0.45214838 7.9093634e-11 5286041.0
1066883800000.0 -0.45279953 7.9093634e-11 5286041.0
1068417700000.0 -0.45345053 7.844571e-11 6121085.5
1069951550000.0 -0.4541015 7.844571e-11 6121085.5
1071485750000.0 -0.45475265 7.844571e-11 6121085.5
1073019600000.0 -0.45540366 7.844571e-11 6121085.5
1074553500000.0 -0.45605463 8.0221996e-11 6647622.0
1076087700000.0 -0.45670578 8.0221996e-11 6647622.0
1077621560000.0 -0.45735678 8.0221996e-11 6647622.0
1079155400000.0 -0.45800778 8.0221996e-11 6647622.0
1080689700000.0 -0.4586589 8.475791e-11 6809727.0
1082223500000.0 -0.4593099 8.475791e-11 6809727.0
1083757360000.0 -0.4599609 8.475791e-11 6809727.0
1085291400000.0 -0.46061197 8.475791e-11 6809727.0
1086825500000.0 -0.46126303 8.2246016e-11 7007387.0
1088359370000.0 -0.46191403 8.2246016e-11 7007387.0
1089893400000.0 -0.4625651 8.2246016e-11 7007387.0
1091427430000.0 -0.46321616 8.2246016e-11 7007387.0
1092961300000.0 -0.46386716 7.327627e-11 6986451.5
1094495400000.0 -0.46451822 7.327627e-11 6986451.5
1096029400000.0 -0.4651693 7.327627e-11 6986451.5
1097563240000.0 -0.46582028 7.327627e-11 6986451.5
1099097300000.0 -0.46647137 5.6234652e-11 6725294.5
1100631400000.0 -0.46712244 5.6234652e-11 6725294.5
1102165200000.0 -0.46777344 5.6234652e-11 6725294.5
1103699200000.0 -0.4684245 5.6234652e-11 6725294.5
1105233300000.0 -0.46907556 4.2511297e-11 5648455.5
1106767100000.0 -0.4697265 4.2511297e-11 5648455.5
1108301000000.0 -0.47037753 4.2511297e-11 5648455.5
1109835300000.0 -0.4710287 4.2511297e-11 5648455.5
1111369200000.0 -0.47167972 3.4664875e-11 3459872.8
1112903000000.0 -0.4723307 3.4664875e-11 3459872.8
1114437200000.0 -0.4729818 3.4664875e-11 3459872.8
1115971100000.0 -0.47363284 3.4664875e-11 3459872.8
1117504900000.0 -0.4742838 1.3257465e-11 971911.6
1119039100000.0 -0.47493497 1.3257465e-11 971911.6
1120573000000.0 -0.47558594 1.3257465e-11 971911.6
1122106900000.0 -0.47623694 1.3257465e-11 971911.6
1123641000000.0 -0.47688803 nan nan
1125175000000.0 -0.47753906 nan nan
1126708800000.0 -0.47819003 nan nan
1128242900000.0 -0.47884113 nan nan
1129777000000.0 -0.47949222 nan nan
1131310900000.0 -0.48014325 nan nan
1132844800000.0 -0.48079422 nan nan
1134378900000.0 -0.48144534 nan nan
1135912800000.0 -0.48209637 nan nan
1137446700000.0 -0.48274735 nan nan
1138980800000.0 -0.48339847 nan nan
1140514800000.0 -0.48404947 nan nan
1142048800000.0 -0.48470056 nan nan
1143582800000.0 -0.48535156 nan nan
1145116700000.0 -0.4860026 nan nan
1146650800000.0 -0.48665366 nan nan
1148184800000.0 -0.48730478 nan nan
1149718600000.0 -0.48795572 nan nan
1151252600000.0 -0.48860675 nan nan
1152786800000.0 -0.48925787 nan nan
1154320600000.0 -0.48990884 nan nan
1155854500000.0 -0.49055988 nan nan
1157388700000.0 -0.491211 nan nan
1158922500000.0 -0.49186197 nan nan
1160456400000.0 -0.49251297 nan nan
1161990600000.0 -0.49316412 nan nan
1163524400000.0 -0.49381506 nan nan
1165058400000.0 -0.4944661 nan nan
1166592600000.0 -0.49511725 nan nan
1168126500000.0 -0.49576828 nan nan
1169660300000.0 -0.49641922 nan nan
1171194400000.0 -0.4970703 nan nan
1172728400000.0 -0.49772137 nan nan
1174262300000.0 -0.49837238 nan nan
1175796300000.0 -0.49902344 nan nan
1177330400000.0 -0.4996745 nan nan
