morphology_data/1d_wa_a0.05_l4r2_00001.ecsv
# %ECSV 1.0
# ---
# datatype:
# - {name: b, datatype: float32}
# - {name: phase, datatype: float32}
# - {name: sigma, datatype: float32}
# - {name: vr, datatype: float32}
# meta: {lambda: 4, rp: 2.0, sep: 0.05, wind: a}
# schema: astropy-2.0
b phase sigma vr
[from data line 944]
572174760000.0 -0.12141925 1.3491258e-07 -590250.7
575242800000.0 -0.12207031 1.3491258e-07 -590250.7
578310900000.0 -0.12272138 1.3796803e-07 -628817.9
581378640000.0 -0.123372376 1.3796803e-07 -628817.9
584446800000.0 -0.12402345 1.3796803e-07 -628817.9
587514640000.0 -0.12467448 1.3796803e-07 -628817.9
590582600000.0 -0.1253255 1.4001654e-07 -667928.06
593650650000.0 -0.12597658 1.4001654e-07 -667928.06
596718600000.0 -0.12662761 1.4001654e-07 -667928.06
599786460000.0 -0.12727864 1.4001654e-07 -667928.06
602854600000.0 -0.12792972 1.4085087e-07 -710101.1
605922260000.0 -0.12858069 1.4085087e-07 -710101.1
608990400000.0 -0.12923177 1.4085087e-07 -710101.1
612058460000.0 -0.12988284 1.4085087e-07 -710101.1
615126200000.0 -0.13053383 1.4037624e-07 -758109.2
618194300000.0 -0.13118489 1.4037624e-07 -758109.2
621262400000.0 -0.13183598 1.4037624e-07 -758109.2
624330150000.0 -0.13248697 1.4037624e-07 -758109.2
627398200000.0 -0.13313803 1.3931813e-07 -810947.6
630466100000.0 -0.13378905 1.3931813e-07 -810947.6
633534000000.0 -0.1344401 1.3931813e-07 -810947.6
636602100000.0 -0.13509116 1.3931813e-07 -810947.6
639670000000.0 -0.13574219 1.3789516e-07 -867158.1
642737960000.0 -0.13639323 1.3789516e-07 -867158.1
645806000000.0 -0.1370443 1.3789516e-07 -867158.1
648873800000.0 -0.13769528 1.3789516e-07 -867158.1
651941840000.0 -0.13834634 1.3625244e-07 -922988.6
655009900000.0 -0.1389974 1.3625244e-07 -922988.6
658077650000.0 -0.13964841 1.3625244e-07 -922988.6
661145800000.0 -0.14029948 1.3625244e-07 -922988.6
664213850000.0 -0.14095055 1.3433876e-07 -979080.9
667281600000.0 -0.14160155 1.3433876e-07 -979080.9
670349660000.0 -0.14225261 1.3433876e-07 -979080.9
673417800000.0 -0.14290369 1.3433876e-07 -979080.9
676485460000.0 -0.14355466 1.3200018e-07 -1036425.4
679553600000.0 -0.14420575 1.3200018e-07 -1036425.4
682621670000.0 -0.14485681 1.3200018e-07 -1036425.4
685689400000.0 -0.1455078 1.3200018e-07 -1036425.4
688757150000.0 -0.1461588 1.2928248e-07 -1094327.2
691825600000.0 -0.14680995 1.2928248e-07 -1094327.2
694893300000.0 -0.14746092 1.2928248e-07 -1094327.2
697961000000.0 -0.14811192 1.2928248e-07 -1094327.2
701029500000.0 -0.14876308 1.264635e-07 -1153988.8
704097200000.0 -0.14941406 1.264635e-07 -1153988.8
707164960000.0 -0.15006506 1.264635e-07 -1153988.8
710233400000.0 -0.1507162 1.264635e-07 -1153988.8
713301160000.0 -0.1513672 1.2360489e-07 -1212795.4
716368840000.0 -0.15201817 1.2360489e-07 -1212795.4
719437300000.0 -0.15266933 1.2360489e-07 -1212795.4
722505040000.0 -0.15332033 1.2360489e-07 -1212795.4
725572800000.0 -0.15397131 1.2094343e-07 -1267251.1
728640850000.0 -0.15462239 1.2094343e-07 -1267251.1
731709000000.0 -0.15527347 1.2094343e-07 -1267251.1
734776700000.0 -0.15592445 1.2094343e-07 -1267251.1
737844800000.0 -0.15657552 1.1854301e-07 -1317817.5
740912860000.0 -0.15722659 1.1854301e-07 -1317817.5
743980600000.0 -0.15787758 1.1854301e-07 -1317817.5
747048670000.0 -0.15852864 1.1854301e-07 -1317817.5
750116800000.0 -0.15917972 1.1635571e-07 -1367301.5
753184540000.0 -0.1598307 1.1635571e-07 -1367301.5
756252600000.0 -0.16048178 1.1635571e-07 -1367301.5
759320700000.0 -0.16113284 1.1635571e-07 -1367301.5
762388400000.0 -0.16178384 1.1404664e-07 -1418514.4
765456500000.0 -0.1624349 1.1404664e-07 -1418514.4
768524600000.0 -0.16308598 1.1404664e-07 -1418514.4
771592360000.0 -0.16373697 1.1404664e-07 -1418514.4
774660100000.0 -0.16438797 1.1171112e-07 -1473300.2
777728500000.0 -0.1650391 1.1171112e-07 -1473300.2
780796200000.0 -0.1656901 1.1171112e-07 -1473300.2
783864000000.0 -0.1663411 1.1171112e-07 -1473300.2
786932430000.0 -0.16699223 1.08244755e-07 -1545977.8
790000200000.0 -0.16764323 1.08244755e-07 -1545977.8
793067900000.0 -0.16829422 1.08244755e-07 -1545977.8
796136300000.0 -0.16894537 1.08244755e-07 -1545977.8
799204050000.0 -0.16959636 1.0589793e-07 -1590430.9
802271800000.0 -0.17024736 1.0589793e-07 -1590430.9
805339860000.0 -0.17089842 1.0589793e-07 -1590430.9
808408000000.0 -0.1715495 1.0589793e-07 -1590430.9
811475700000.0 -0.17220049 1.0360849e-07 -1632594.4
814543800000.0 -0.17285155 1.0360849e-07 -1632594.4
817611870000.0 -0.17350262 1.0360849e-07 -1632594.4
820679600000.0 -0.17415361 1.0360849e-07 -1632594.4
823747740000.0 -0.17480469 1.01414e-07 -1663585.0
826815800000.0 -0.17545575 1.01414e-07 -1663585.0
829883550000.0 -0.17610675 1.01414e-07 -1663585.0
832951600000.0 -0.17675781 1.01414e-07 -1663585.0
836019700000.0 -0.17740889 9.907437e-08 -1701988.2
839087400000.0 -0.17805988 9.907437e-08 -1701988.2
842155560000.0 -0.17871095 9.907437e-08 -1701988.2
845223600000.0 -0.17936201 9.907437e-08 -1701988.2
848291360000.0 -0.180013 9.688381e-08 -1732215.8
851359100000.0 -0.180664 9.688381e-08 -1732215.8
854427500000.0 -0.18131514 9.688381e-08 -1732215.8
857495240000.0 -0.18196614 9.688381e-08 -1732215.8
860563000000.0 -0.18261713 9.457237e-08 -1771087.0
863631440000.0 -0.18326828 9.457237e-08 -1771087.0
866699200000.0 -0.18391927 9.457237e-08 -1771087.0
869766900000.0 -0.18457027 9.457237e-08 -1771087.0
872835400000.0 -0.1852214 9.271927e-08 -1800974.6
875903060000.0 -0.1858724 9.271927e-08 -1800974.6
878970800000.0 -0.1865234 9.271927e-08 -1800974.6
882039260000.0 -0.18717454 9.271927e-08 -1800974.6
885107000000.0 -0.18782553 9.075566e-08 -1831804.9
888174740000.0 -0.18847652 9.075566e-08 -1831804.9
891242800000.0 -0.1891276 9.075566e-08 -1831804.9
894310900000.0 -0.18977866 9.075566e-08 -1831804.9
897378600000.0 -0.19042966 8.9378254e-08 -1841619.6
900446750000.0 -0.19108072 8.9378254e-08 -1841619.6
903514800000.0 -0.1917318 8.9378254e-08 -1841619.6
906582560000.0 -0.19238278 8.9378254e-08 -1841619.6
909650600000.0 -0.19303386 8.781045e-08 -1849756.9
912718760000.0 -0.19368492 8.781045e-08 -1849756.9
915786400000.0 -0.19433591 8.781045e-08 -1849756.9
918854570000.0 -0.19498698 8.781045e-08 -1849756.9
921922630000.0 -0.19563805 8.68801e-08 -1845693.5
924990400000.0 -0.19628905 8.68801e-08 -1845693.5
928058440000.0 -0.19694011 8.68801e-08 -1845693.5
931126600000.0 -0.19759119 8.68801e-08 -1845693.5
934194300000.0 -0.19824217 8.5600206e-08 -1850985.0
937262000000.0 -0.19889317 8.5600206e-08 -1850985.0
940330450000.0 -0.19954431 8.5600206e-08 -1850985.0
943398200000.0 -0.20019531 8.5600206e-08 -1850985.0
946465900000.0 -0.2008463 8.497445e-08 -1847880.0
949534400000.0 -0.20149745 8.497445e-08 -1847880.0
952602100000.0 -0.20214844 8.497445e-08 -1847880.0
955669800000.0 -0.20279942 8.497445e-08 -1847880.0
958738300000.0 -0.20345058 8.415802e-08 -1849524.6
961806000000.0 -0.20410156 8.415802e-08 -1849524.6
964873750000.0 -0.20475256 8.415802e-08 -1849524.6
967942200000.0 -0.2054037 8.415802e-08 -1849524.6
971009950000.0 -0.2060547 8.376828e-08 -1848993.4
974077700000.0 -0.20670569 8.376828e-08 -1848993.4
977145760000.0 -0.20735677 8.376828e-08 -1848993.4
980213800000.0 -0.20800783 8.376828e-08 -1848993.4
983281570000.0 -0.20865881 8.275497e-08 -1858585.1
986349630000.0 -0.20930989 8.275497e-08 -1858585.1
989417770000.0 -0.20996095 8.275497e-08 -1858585.1
992485500000.0 -0.21061195 8.275497e-08 -1858585.1
995553600000.0 -0.21126302 8.21608e-08 -1865182.4
998621640000.0 -0.21191409 8.21608e-08 -1865182.4
1001689400000.0 -0.21256508 8.21608e-08 -1865182.4
1004757450000.0 -0.21321616 8.21608e-08 -1865182.4
1007825600000.0 -0.21386722 8.134029e-08 -1870695.9
1010893300000.0 -0.2145182 8.134029e-08 -1870695.9
1013961400000.0 -0.21516928 8.134029e-08 -1870695.9
1017029460000.0 -0.21582034 8.134029e-08 -1870695.9
1020097200000.0 -0.21647134 8.0957264e-08 -1870412.6
1023164940000.0 -0.21712233 8.0957264e-08 -1870412.6
1026233400000.0 -0.21777348 8.0957264e-08 -1870412.6
1029301140000.0 -0.21842447 8.0957264e-08 -1870412.6
1032368900000.0 -0.21907547 8.0461085e-08 -1863350.1
1035437300000.0 -0.2197266 8.0461085e-08 -1863350.1
1038505000000.0 -0.22037761 8.0461085e-08 -1863350.1
1041572760000.0 -0.2210286 8.0461085e-08 -1863350.1
1044641200000.0 -0.22167975 8.0114226e-08 -1864748.0
1047708960000.0 -0.22233073 8.0114226e-08 -1864748.0
1050776700000.0 -0.22298172 8.0114226e-08 -1864748.0
1053845100000.0 -0.22363287 8.0114226e-08 -1864748.0
1056912830000.0 -0.22428386 7.9534225e-08 -1874226.5
1059980600000.0 -0.22493486 7.9534225e-08 -1874226.5
1063048700000.0 -0.22558592 7.9534225e-08 -1874226.5
1066116800000.0 -0.226237 7.9534225e-08 -1874226.5
1069184500000.0 -0.22688799 7.914865e-08 -1883329.0
1072252600000.0 -0.22753906 7.914865e-08 -1883329.0
1075320650000.0 -0.22819012 7.914865e-08 -1883329.0
1078388400000.0 -0.22884111 7.914865e-08 -1883329.0
1081456500000.0 -0.22949219 7.8657315e-08 -1892403.8
1084524600000.0 -0.23014325 7.8657315e-08 -1892403.8
1087592330000.0 -0.23079425 7.8657315e-08 -1892403.8
1090660400000.0 -0.23144531 7.8657315e-08 -1892403.8
1093728530000.0 -0.23209639 7.814104e-08 -1904646.8
1096796200000.0 -0.23274738 7.814104e-08 -1904646.8
1099864300000.0 -0.23339845 7.814104e-08 -1904646.8
1102932500000.0 -0.23404953 7.814104e-08 -1904646.8
1106000100000.0 -0.23470049 7.737704e-08 -1923567.2
1109067800000.0 -0.23535149 7.737704e-08 -1923567.2
1112136400000.0 -0.23600265 7.737704e-08 -1923567.2
1115204100000.0 -0.23665364 7.737704e-08 -1923567.2
1118271800000.0 -0.23730463 7.642994e-08 -1950345.8
1121340200000.0 -0.23795578 7.642994e-08 -1950345.8
1124408000000.0 -0.23860677 7.642994e-08 -1950345.8
1127475700000.0 -0.23925777 7.642994e-08 -1950345.8
1130544100000.0 -0.2399089 7.5149615e-08 -1983314.9
1133611800000.0 -0.2405599 7.5149615e-08 -1983314.9
1136679600000.0 -0.2412109 7.5149615e-08 -1983314.9
1139748100000.0 -0.24186206 7.5149615e-08 -1983314.9
1142815900000.0 -0.24251305 7.375053e-08 -2021408.4
1145883500000.0 -0.243164 7.375053e-08 -2021408.4
1148951600000.0 -0.2438151 7.375053e-08 -2021408.4
1152019700000.0 -0.24446616 7.375053e-08 -2021408.4
1155087500000.0 -0.24511716 7.216961e-08 -2068422.0
1158155500000.0 -0.2457682 7.216961e-08 -2068422.0
1161223600000.0 -0.2464193 7.216961e-08 -2068422.0
1164291300000.0 -0.24707028 7.216961e-08 -2068422.0
1167359500000.0 -0.24772136 7.0681004e-08 -2112898.8
1170427500000.0 -0.24837242 7.0681004e-08 -2112898.8
1173495200000.0 -0.24902342 7.0681004e-08 -2112898.8
1176563400000.0 -0.24967448 7.0681004e-08 -2112898.8
1179631500000.0 -0.25032556 6.931024e-08 -2169285.5
1182699200000.0 -0.25097656 6.931024e-08 -2169285.5
1185767200000.0 -0.25162762 6.931024e-08 -2169285.5
1188835400000.0 -0.2522787 6.931024e-08 -2169285.5
1191903100000.0 -0.2529297 6.841349e-08 -2235120.0
1194970800000.0 -0.25358066 6.841349e-08 -2235120.0
1198039200000.0 -0.2542318 6.841349e-08 -2235120.0
1201107000000.0 -0.2548828 6.841349e-08 -2235120.0
1204174700000.0 -0.2555338 6.774794e-08 -2305019.5
1207243100000.0 -0.25618494 6.774794e-08 -2305019.5
1210310900000.0 -0.2568359 6.774794e-08 -2305019.5
1213378600000.0 -0.25748694 6.774794e-08 -2305019.5
1216447100000.0 -0.25813806 6.734956e-08 -2374943.2
1219514900000.0 -0.2587891 6.734956e-08 -2374943.2
1222582600000.0 -0.2594401 6.734956e-08 -2374943.2
1225651000000.0 -0.26009122 6.734956e-08 -2374943.2
1228718700000.0 -0.2607422 6.6931385e-08 -2445718.8
1231786500000.0 -0.2613932 6.6931385e-08 -2445718.8
1234854500000.0 -0.26204425 6.6931385e-08 -2445718.8
1237922600000.0 -0.26269534 6.6931385e-08 -2445718.8
1240990400000.0 -0.2633463 6.66553e-08 -2513501.2
1244058500000.0 -0.2639974 6.66553e-08 -2513501.2
1247126500000.0 -0.26464844 6.66553e-08 -2513501.2
1250194200000.0 -0.26529944 6.66553e-08 -2513501.2
1253262400000.0 -0.26595053 6.658988e-08 -2575241.8
1256330500000.0 -0.2666016 6.658988e-08 -2575241.8
1259398200000.0 -0.2672526 6.658988e-08 -2575241.8
1262466200000.0 -0.26790366 6.658988e-08 -2575241.8
1265534400000.0 -0.26855472 6.667374e-08 -2629930.0
1268602100000.0 -0.26920572 6.667374e-08 -2629930.0
1271670200000.0 -0.2698568 6.667374e-08 -2629930.0
1274738200000.0 -0.27050784 6.667374e-08 -2629930.0
1277806000000.0 -0.27115884 6.7013694e-08 -2677253.2
1280873700000.0 -0.27180985 6.7013694e-08 -2677253.2
1283942100000.0 -0.27246097 6.7013694e-08 -2677253.2
1287009900000.0 -0.27311197 6.7013694e-08 -2677253.2
1290077600000.0 -0.27376294 6.76141e-08 -2717074.2
1293146100000.0 -0.27441412 6.76141e-08 -2717074.2
1296213900000.0 -0.2750651 6.76141e-08 -2717074.2
1299281600000.0 -0.27571613 6.76141e-08 -2717074.2
1302350000000.0 -0.27636725 6.82232e-08 -2750490.2
1305417700000.0 -0.27701825 6.82232e-08 -2750490.2
1308485500000.0 -0.27766922 6.82232e-08 -2750490.2
1311553900000.0 -0.27832037 6.82232e-08 -2750490.2
1314621600000.0 -0.27897137 6.858706e-08 -2792582.5
1317689400000.0 -0.27962235 6.858706e-08 -2792582.5
1320757500000.0 -0.28027344 6.858706e-08 -2792582.5
1323825600000.0 -0.28092453 6.858706e-08 -2792582.5
1326893200000.0 -0.28157547 6.914021e-08 -2842153.0
1329961400000.0 -0.28222656 6.914021e-08 -2842153.0
1333029500000.0 -0.28287762 6.914021e-08 -2842153.0
1336097200000.0 -0.28352863 6.914021e-08 -2842153.0
1339165200000.0 -0.28417966 7.015436e-08 -2897822.0
1342233400000.0 -0.28483075 7.015436e-08 -2897822.0
1345301100000.0 -0.28548175 7.015436e-08 -2897822.0
1348369300000.0 -0.28613284 7.015436e-08 -2897822.0
1351437300000.0 -0.28678387 7.106493e-08 -2956318.0
1354505000000.0 -0.28743488 7.106493e-08 -2956318.0
1357573100000.0 -0.28808594 7.106493e-08 -2956318.0
1360641300000.0 -0.28873703 7.106493e-08 -2956318.0
1363709000000.0 -0.28938803 7.176715e-08 -3026510.0
1366776600000.0 -0.29003897 7.176715e-08 -3026510.0
1369845100000.0 -0.29069015 7.176715e-08 -3026510.0
1372912900000.0 -0.29134116 7.176715e-08 -3026510.0
1375980600000.0 -0.29199213 7.176225e-08 -3087715.5
1379049000000.0 -0.29264328 7.176225e-08 -3087715.5
1382116800000.0 -0.29329428 7.176225e-08 -3087715.5
1385184500000.0 -0.29394525 7.176225e-08 -3087715.5
1388252900000.0 -0.2945964 6.989547e-08 -3121738.8
1391320600000.0 -0.2952474 6.989547e-08 -3121738.8
1394388400000.0 -0.2958984 6.989547e-08 -3121738.8
1397456900000.0 -0.29654956 6.989547e-08 -3121738.8
1400524600000.0 -0.29720056 6.623515e-08 -3127060.0
1403592400000.0 -0.29785153 6.623515e-08 -3127060.0
1406660400000.0 -0.2985026 6.623515e-08 -3127060.0
1409728500000.0 -0.29915366 6.623515e-08 -3127060.0
1412796300000.0 -0.29980466 6.1741446e-08 -3107860.2
1415864300000.0 -0.30045572 6.1741446e-08 -3107860.2
1418932400000.0 -0.30110678 6.1741446e-08 -3107860.2
1422000100000.0 -0.30175778 6.1741446e-08 -3107860.2
1425068300000.0 -0.30240884 5.688428e-08 -3085418.8
1428136300000.0 -0.3030599 5.688428e-08 -3085418.8
1431204000000.0 -0.3037109 5.688428e-08 -3085418.8
1434272100000.0 -0.304362 5.688428e-08 -3085418.8
1437340300000.0 -0.30501306 5.2046236e-08 -3070114.2
1440408000000.0 -0.30566406 5.2046236e-08 -3070114.2
1443476000000.0 -0.30631512 5.2046236e-08 -3070114.2
1446544100000.0 -0.3069662 5.2046236e-08 -3070114.2
1449611900000.0 -0.3076172 4.8066404e-08 -3069573.0
1452679600000.0 -0.30826816 4.8066404e-08 -3069573.0
1455748000000.0 -0.3089193 4.8066404e-08 -3069573.0
1458815800000.0 -0.3095703 4.8066404e-08 -3069573.0
1461883500000.0 -0.3102213 4.533831e-08 -3084885.0
1464951900000.0 -0.31087244 4.533831e-08 -3084885.0
1468019600000.0 -0.3115234 4.533831e-08 -3084885.0
1471087400000.0 -0.31217444 4.533831e-08 -3084885.0
1474155900000.0 -0.3128256 4.357793e-08 -3116214.2
1477223600000.0 -0.31347656 4.357793e-08 -3116214.2
1480291400000.0 -0.3141276 4.357793e-08 -3116214.2
1483359800000.0 -0.31477872 4.357793e-08 -3116214.2
1486427500000.0 -0.3154297 4.1765297e-08 -3113839.2
1489495300000.0 -0.3160807 4.1765297e-08 -3113839.2
1492563400000.0 -0.31673178 4.1765297e-08 -3113839.2
1495631400000.0 -0.31738284 4.1765297e-08 -3113839.2
1498699100000.0 -0.3180338 3.9092445e-08 -3049176.5
1501767300000.0 -0.3186849 3.9092445e-08 -3049176.5
1504835300000.0 -0.31933597 3.9092445e-08 -3049176.5
1507903000000.0 -0.31998697 3.9092445e-08 -3049176.5
1510971100000.0 -0.32063803 3.5351363e-08 -2963486.2
1514039300000.0 -0.3212891 3.5351363e-08 -2963486.2
1517107000000.0 -0.3219401 3.5351363e-08 -2963486.2
