morphology_data/1d_wa_a0.1_l4r2_00001.ecsv
# %ECSV 1.0
# ---
# datatype:
# - {name: b, datatype: float32}
# - {name: phase, datatype: float32}
# - {name: sigma, datatype: float32}
# - {name: vr, datatype: float32}
# meta: {lambda: 4, rp: 2.0, sep: 0.1, wind: a}
# schema: astropy-2.0
b phase sigma vr
[from data line 357]
-2518796500000.0 0.2672526 2.8580924e-09 -1536454.5
-2512660500000.0 0.26660156 2.8580924e-09 -1536454.5
-2506524700000.0 0.26595053 2.8580924e-09 -1536454.5
-2500389000000.0 0.2652995 2.8943326e-09 -1554258.8
-2494253000000.0 0.26464844 2.8943326e-09 -1554258.8
-2488117000000.0 0.2639974 2.8943326e-09 -1554258.8
-2481981000000.0 0.26334634 2.8943326e-09 -1554258.8
-2475845000000.0 0.26269528 2.9341118e-09 -1520155.1
-2469709000000.0 0.26204425 2.9341118e-09 -1520155.1
-2463573200000.0 0.26139322 2.9341118e-09 -1520155.1
-2457437500000.0 0.2607422 2.9341118e-09 -1520155.1
-2451301500000.0 0.26009116 2.9664946e-09 -1537609.9
-2445165500000.0 0.2594401 2.9664946e-09 -1537609.9
-2439029700000.0 0.2587891 2.9664946e-09 -1537609.9
-2432893700000.0 0.25813803 2.9664946e-09 -1537609.9
-2426757700000.0 0.257487 2.9982377e-09 -1515274.2
-2420621700000.0 0.2568359 2.9982377e-09 -1515274.2
-2414486000000.0 0.2561849 2.9982377e-09 -1515274.2
-2408350000000.0 0.25553384 2.9982377e-09 -1515274.2
-2402214000000.0 0.2548828 3.0159386e-09 -1535454.9
-2396078200000.0 0.25423178 3.0159386e-09 -1535454.9
-2389942200000.0 0.25358072 3.0159386e-09 -1535454.9
-2383806200000.0 0.2529297 3.0159386e-09 -1535454.9
-2377670500000.0 0.25227866 3.047436e-09 -1512027.6
-2371534500000.0 0.25162762 3.047436e-09 -1512027.6
-2365398500000.0 0.25097656 3.047436e-09 -1512027.6
-2359262400000.0 0.2503255 3.047436e-09 -1512027.6
-2353126700000.0 0.24967448 3.0823712e-09 -1512188.1
-2346990700000.0 0.24902344 3.0823712e-09 -1512188.1
-2340854700000.0 0.24837239 3.0823712e-09 -1512188.1
-2334719000000.0 0.24772136 3.0823712e-09 -1512188.1
-2328583000000.0 0.2470703 3.1229823e-09 -1487681.4
-2322447000000.0 0.24641925 3.1229823e-09 -1487681.4
-2316311000000.0 0.2457682 3.1229823e-09 -1487681.4
-2310175200000.0 0.24511719 3.1229823e-09 -1487681.4
-2304039200000.0 0.24446614 3.2338168e-09 -1480799.5
-2297903200000.0 0.2438151 3.2338168e-09 -1480799.5
-2291767400000.0 0.24316406 3.2338168e-09 -1480799.5
-2285631700000.0 0.24251305 3.2338168e-09 -1480799.5
-2279495700000.0 0.241862 3.3037086e-09 -1449806.0
-2273359700000.0 0.24121095 3.3037086e-09 -1449806.0
-2267223700000.0 0.2405599 3.3037086e-09 -1449806.0
-2261087700000.0 0.23990884 3.3037086e-09 -1449806.0
-2254951700000.0 0.2392578 3.4610734e-09 -1425150.5
-2248816000000.0 0.23860677 3.4610734e-09 -1425150.5
-2242680200000.0 0.23795573 3.4610734e-09 -1425150.5
-2236544200000.0 0.23730469 3.4610734e-09 -1425150.5
-2230408200000.0 0.23665364 3.56969e-09 -1388647.6
-2224272200000.0 0.2360026 3.56969e-09 -1388647.6
-2218136200000.0 0.23535155 3.56969e-09 -1388647.6
-2212000200000.0 0.23470049 3.56969e-09 -1388647.6
-2205864400000.0 0.23404948 3.9251455e-09 -1371685.9
-2199728700000.0 0.23339845 3.9251455e-09 -1371685.9
-2193592700000.0 0.23274739 3.9251455e-09 -1371685.9
-2187456700000.0 0.23209634 3.9251455e-09 -1371685.9
-2181320800000.0 0.23144531 4.088932e-09 -1332366.4
-2175184800000.0 0.23079427 4.088932e-09 -1332366.4
-2169048800000.0 0.23014322 4.088932e-09 -1332366.4
-2162913000000.0 0.22949219 4.088932e-09 -1332366.4
-2156777200000.0 0.22884116 4.5092845e-09 -1306584.6
-2150641200000.0 0.22819011 4.5092845e-09 -1306584.6
-2144505200000.0 0.22753906 4.5092845e-09 -1306584.6
-2138369300000.0 0.22688803 4.5092845e-09 -1306584.6
-2132233400000.0 0.22623697 4.7400714e-09 -1269564.1
-2126097400000.0 0.22558592 4.7400714e-09 -1269564.1
-2119961500000.0 0.22493489 4.7400714e-09 -1269564.1
-2113825700000.0 0.22428386 4.7400714e-09 -1269564.1
-2107689700000.0 0.22363281 5.1875824e-09 -1253333.0
-2101553700000.0 0.22298177 5.1875824e-09 -1253333.0
-2095417900000.0 0.22233073 5.1875824e-09 -1253333.0
-2089281900000.0 0.22167969 5.1875824e-09 -1253333.0
-2083145900000.0 0.22102864 5.474948e-09 -1233063.5
-2077010000000.0 0.22037761 5.474948e-09 -1233063.5
-2070874300000.0 0.21972658 5.474948e-09 -1233063.5
-2064738300000.0 0.21907552 5.474948e-09 -1233063.5
-2058602300000.0 0.21842447 5.8832343e-09 -1240569.8
-2052466400000.0 0.21777344 5.8832343e-09 -1240569.8
-2046330400000.0 0.21712239 5.8832343e-09 -1240569.8
-2040194400000.0 0.21647134 5.8832343e-09 -1240569.8
-2034058700000.0 0.21582031 6.202643e-09 -1239085.8
-2027922800000.0 0.21516928 6.202643e-09 -1239085.8
-2021786800000.0 0.21451823 6.202643e-09 -1239085.8
-2015650800000.0 0.21386719 6.202643e-09 -1239085.8
-2009514900000.0 0.21321616 6.408178e-09 -1234465.4
-2003379000000.0 0.2125651 6.408178e-09 -1234465.4
-1997243000000.0 0.21191405 6.408178e-09 -1234465.4
-1991107100000.0 0.21126302 6.408178e-09 -1234465.4
-1984971300000.0 0.21061198 6.746425e-09 -1249129.6
-1978835300000.0 0.20996094 6.746425e-09 -1249129.6
-1972699300000.0 0.20930989 6.746425e-09 -1249129.6
-1966563500000.0 0.20865886 6.746425e-09 -1249129.6
-1960427500000.0 0.20800781 6.78541e-09 -1230020.2
-1954291500000.0 0.20735677 6.78541e-09 -1230020.2
-1948155600000.0 0.20670573 6.78541e-09 -1230020.2
-1942019900000.0 0.2060547 6.78541e-09 -1230020.2
-1935883900000.0 0.20540364 7.1330493e-09 -1258941.8
-1929747900000.0 0.2047526 7.1330493e-09 -1258941.8
-1923612000000.0 0.20410156 7.1330493e-09 -1258941.8
-1917476300000.0 0.20345053 7.1330493e-09 -1258941.8
-1911340000000.0 0.20279947 7.0667463e-09 -1227898.0
-1905204300000.0 0.20214844 7.0667463e-09 -1227898.0
-1899068400000.0 0.2014974 7.0667463e-09 -1227898.0
-1892932400000.0 0.20084636 7.0667463e-09 -1227898.0
-1886796400000.0 0.20019531 7.3972983e-09 -1258446.1
-1880660500000.0 0.19954428 7.3972983e-09 -1258446.1
-1874524800000.0 0.19889325 7.3972983e-09 -1258446.1
-1868388600000.0 0.19824217 7.3972983e-09 -1258446.1
-1862252800000.0 0.19759114 7.1261694e-09 -1195180.2
-1856116900000.0 0.19694011 7.1261694e-09 -1195180.2
-1849980900000.0 0.19628906 7.1261694e-09 -1195180.2
-1843844900000.0 0.19563802 7.1261694e-09 -1195180.2
-1837709100000.0 0.19498698 7.35618e-09 -1209314.6
-1831573300000.0 0.19433595 7.35618e-09 -1209314.6
-1825437100000.0 0.19368488 7.35618e-09 -1209314.6
-1819301200000.0 0.19303386 7.35618e-09 -1209314.6
-1813165500000.0 0.19238283 7.1772988e-09 -1148720.0
-1807029500000.0 0.19173177 7.1772988e-09 -1148720.0
-1800893500000.0 0.19108072 7.1772988e-09 -1148720.0
-1794757600000.0 0.19042969 7.1772988e-09 -1148720.0
-1788621800000.0 0.18977866 7.2870394e-09 -1143691.8
-1782485600000.0 0.1891276 7.2870394e-09 -1143691.8
-1776349900000.0 0.18847656 7.2870394e-09 -1143691.8
-1770214000000.0 0.18782553 7.2870394e-09 -1143691.8
-1764078000000.0 0.18717448 7.1539965e-09 -1088486.6
-1757942000000.0 0.18652342 7.1539965e-09 -1088486.6
-1751806100000.0 0.1858724 7.1539965e-09 -1088486.6
-1745670400000.0 0.18522137 7.1539965e-09 -1088486.6
-1739534100000.0 0.1845703 7.188656e-09 -1062802.6
-1733398400000.0 0.18391927 7.188656e-09 -1062802.6
-1727262500000.0 0.18326823 7.188656e-09 -1062802.6
-1721126500000.0 0.18261719 7.188656e-09 -1062802.6
-1714990700000.0 0.18196616 7.181759e-09 -1017347.06
-1708854700000.0 0.18131511 7.181759e-09 -1017347.06
-1702718900000.0 0.18066408 7.181759e-09 -1017347.06
-1696582700000.0 0.180013 7.181759e-09 -1017347.06
-1690446900000.0 0.17936198 7.196905e-09 -971010.5
-1684311100000.0 0.17871095 7.196905e-09 -971010.5
-1678174800000.0 0.17805988 7.196905e-09 -971010.5
-1672039400000.0 0.17740889 7.196905e-09 -971010.5
-1665903200000.0 0.17675781 7.2688633e-09 -930304.4
-1659767100000.0 0.17610675 7.2688633e-09 -930304.4
-1653631600000.0 0.17545575 7.2688633e-09 -930304.4
-1647495500000.0 0.17480469 7.2688633e-09 -930304.4
-1641359200000.0 0.17415361 7.2939237e-09 -881136.44
-1635223700000.0 0.17350262 7.2939237e-09 -881136.44
-1629087600000.0 0.17285155 7.2939237e-09 -881136.44
-1622951700000.0 0.17220053 7.2939237e-09 -881136.44
-1616816000000.0 0.1715495 7.3925275e-09 -845521.9
-1610679700000.0 0.17089842 7.3925275e-09 -845521.9
-1604544000000.0 0.17024739 7.3925275e-09 -845521.9
-1598408100000.0 0.16959636 7.3925275e-09 -845521.9
-1592272000000.0 0.1689453 7.3855424e-09 -801168.3
-1586136500000.0 0.1682943 7.3855424e-09 -801168.3
-1580000300000.0 0.16764323 7.3855424e-09 -801168.3
-1573864100000.0 0.16699216 7.3855424e-09 -801168.3
-1567728700000.0 0.16634117 7.4344766e-09 -768276.4
-1561592500000.0 0.1656901 7.4344766e-09 -768276.4
-1555456300000.0 0.16503903 7.4344766e-09 -768276.4
-1549320800000.0 0.16438805 7.4344766e-09 -768276.4
-1543184700000.0 0.16373697 7.416075e-09 -731074.6
-1537048800000.0 0.16308594 7.416075e-09 -731074.6
-1530913000000.0 0.1624349 7.416075e-09 -731074.6
-1524776800000.0 0.16178384 7.416075e-09 -731074.6
-1518641100000.0 0.16113281 7.427759e-09 -691411.56
-1512505200000.0 0.16048178 7.427759e-09 -691411.56
-1506369100000.0 0.1598307 7.427759e-09 -691411.56
-1500233600000.0 0.15917972 7.427759e-09 -691411.56
-1494097300000.0 0.15852864 7.4168134e-09 -643642.75
-1487961200000.0 0.15787758 7.4168134e-09 -643642.75
-1481825700000.0 0.15722659 7.4168134e-09 -643642.75
-1475689600000.0 0.15657552 7.4168134e-09 -643642.75
-1469553400000.0 0.15592445 7.482829e-09 -590360.9
-1463418000000.0 0.15527347 7.482829e-09 -590360.9
-1457281700000.0 0.15462239 7.482829e-09 -590360.9
-1451146000000.0 0.15397136 7.482829e-09 -590360.9
-1445010100000.0 0.15332033 7.535151e-09 -526820.5
-1438874000000.0 0.15266925 7.535151e-09 -526820.5
-1432738100000.0 0.15201822 7.535151e-09 -526820.5
-1426602300000.0 0.1513672 7.535151e-09 -526820.5
-1420466000000.0 0.15071613 7.653445e-09 -464557.47
-1414330600000.0 0.15006512 7.653445e-09 -464557.47
-1408194400000.0 0.14941406 7.653445e-09 -464557.47
-1402058300000.0 0.148763 7.653445e-09 -464557.47
-1395922800000.0 0.148112 7.761128e-09 -404060.47
-1389786600000.0 0.14746092 7.761128e-09 -404060.47
-1383650400000.0 0.14680986 7.761128e-09 -404060.47
-1377515000000.0 0.14615887 7.761128e-09 -404060.47
-1371378800000.0 0.1455078 7.850931e-09 -343468.47
-1365243000000.0 0.14485677 7.850931e-09 -343468.47
-1359107200000.0 0.14420575 7.850931e-09 -343468.47
-1352970900000.0 0.14355466 7.850931e-09 -343468.47
-1346835200000.0 0.14290364 7.977446e-09 -284680.22
-1340699300000.0 0.14225261 7.977446e-09 -284680.22
-1334563200000.0 0.14160155 7.977446e-09 -284680.22
-1328427700000.0 0.14095055 7.977446e-09 -284680.22
-1322291600000.0 0.14029948 8.086457e-09 -218901.47
-1316155300000.0 0.13964841 8.086457e-09 -218901.47
-1310019800000.0 0.1389974 8.086457e-09 -218901.47
-1303883700000.0 0.13834634 8.086457e-09 -218901.47
-1297747500000.0 0.13769528 8.06552e-09 -190551.23
-1291612000000.0 0.1370443 8.06552e-09 -190551.23
-1285475900000.0 0.13639323 8.06552e-09 -190551.23
-1279340000000.0 0.13574219 8.06552e-09 -190551.23
-1273204200000.0 0.13509116 8.024375e-09 -203051.44
-1267068000000.0 0.1344401 8.024375e-09 -203051.44
-1260932200000.0 0.13378905 8.024375e-09 -203051.44
-1254796400000.0 0.13313803 8.024375e-09 -203051.44
-1248660300000.0 0.13248697 8.110863e-09 -195393.2
-1242524800000.0 0.13183598 8.110863e-09 -195393.2
-1236388500000.0 0.13118489 8.110863e-09 -195393.2
-1230252400000.0 0.13053383 8.110863e-09 -195393.2
-1224116900000.0 0.12988284 8.281644e-09 -175239.86
-1217980800000.0 0.12923177 8.281644e-09 -175239.86
-1211844500000.0 0.12858069 8.281644e-09 -175239.86
-1205709200000.0 0.12792972 8.281644e-09 -175239.86
-1199572900000.0 0.12727864 8.4955545e-09 -151666.02
-1193437200000.0 0.12662761 8.4955545e-09 -151666.02
-1187301300000.0 0.12597658 8.4955545e-09 -151666.02
-1181165200000.0 0.1253255 8.4955545e-09 -151666.02
-1175029300000.0 0.12467448 8.773877e-09 -122888.44
-1168893500000.0 0.12402345 8.773877e-09 -122888.44
-1162757300000.0 0.123372376 8.773877e-09 -122888.44
-1156621800000.0 0.12272138 8.773877e-09 -122888.44
-1150485700000.0 0.12207031 9.158662e-09 -68968.16
-1144349500000.0 0.12141925 9.158662e-09 -68968.16
-1138214000000.0 0.12076825 9.158662e-09 -68968.16
-1132077800000.0 0.12011717 9.158662e-09 -68968.16
-1125941600000.0 0.11946611 9.655846e-09 -18798.287
-1119806200000.0 0.118815124 9.655846e-09 -18798.287
-1113670000000.0 0.118164055 9.655846e-09 -18798.287
-1107534200000.0 0.11751302 9.655846e-09 -18798.287
-1101398400000.0 0.11686199 1.030646e-08 37102.55
-1095262200000.0 0.11621092 1.030646e-08 37102.55
-1089126400000.0 0.11555989 1.030646e-08 37102.55
-1082990500000.0 0.11490886 1.030646e-08 37102.55
-1076854400000.0 0.11425779 1.0963979e-08 100840.33
-1070718900000.0 0.113606796 1.0963979e-08 100840.33
-1064582700000.0 0.11295573 1.0963979e-08 100840.33
-1058446600000.0 0.11230466 1.0963979e-08 100840.33
-1052311100000.0 0.11165367 1.16403385e-08 151249.83
-1046174900000.0 0.1110026 1.16403385e-08 151249.83
-1040038700000.0 0.11035153 1.16403385e-08 151249.83
-1033903300000.0 0.10970054 1.16403385e-08 151249.83
-1027767100000.0 0.10904947 1.2320067e-08 198801.94
-1021631270000.0 0.10839844 1.2320067e-08 198801.94
-1015495460000.0 0.107747406 1.2320067e-08 198801.94
-1009359260000.0 0.10709634 1.2320067e-08 198801.94
-1003223450000.0 0.106445305 1.2756931e-08 247151.73
-997087640000.0 0.10579427 1.2756931e-08 247151.73
-990951440000.0 0.10514321 1.2756931e-08 247151.73
-984815960000.0 0.10449222 1.2756931e-08 247151.73
-978679800000.0 0.10384115 1.2900546e-08 279833.28
-972543600000.0 0.10319008 1.2900546e-08 279833.28
-966408140000.0 0.102539085 1.2900546e-08 279833.28
-960271940000.0 0.101888016 1.2900546e-08 279833.28
-954135800000.0 0.10123695 1.286453e-08 270694.72
-948000300000.0 0.10058595 1.286453e-08 270694.72
-941864100000.0 0.09993488 1.286453e-08 270694.72
-935728300000.0 0.09928385 1.286453e-08 270694.72
-929592500000.0 0.09863283 1.2929011e-08 212573.31
-923456300000.0 0.09798176 1.2929011e-08 212573.31
-917320500000.0 0.09733073 1.2929011e-08 212573.31
-911184700000.0 0.096679695 1.2929011e-08 212573.31
-905048500000.0 0.096028626 1.3062305e-08 143055.1
-898913000000.0 0.09537763 1.3062305e-08 143055.1
-892776900000.0 0.09472656 1.3062305e-08 143055.1
-886640700000.0 0.09407549 1.3062305e-08 143055.1
-880505200000.0 0.0934245 1.3374552e-08 91987.36
-874369060000.0 0.09277343 1.3374552e-08 91987.36
-868232860000.0 0.09212236 1.3374552e-08 91987.36
-862097400000.0 0.091471374 1.3374552e-08 91987.36
-855961240000.0 0.090820305 1.35413565e-08 80236.89
-849825370000.0 0.09016927 1.35413565e-08 80236.89
-843689560000.0 0.08951824 1.35413565e-08 80236.89
-837553400000.0 0.08886717 1.35413565e-08 80236.89
-831417550000.0 0.08821614 1.3248885e-08 80216.12
-825281740000.0 0.08756511 1.3248885e-08 80216.12
-819145600000.0 0.08691404 1.3248885e-08 80216.12
-813010100000.0 0.086263046 1.3248885e-08 80216.12
-806873900000.0 0.08561198 1.3124531e-08 78851.28
-800737700000.0 0.08496091 1.3124531e-08 78851.28
-794602300000.0 0.08430992 1.3124531e-08 78851.28
-788466100000.0 0.08365885 1.3124531e-08 78851.28
-782330300000.0 0.08300782 1.3146853e-08 178821.23
-776194500000.0 0.08235679 1.3146853e-08 178821.23
-770058300000.0 0.08170572 1.2586158e-08 194226.83
-763922500000.0 0.08105469 1.2586158e-08 194226.83
-757786700000.0 0.080403656 1.17696946e-08 118865.2
-751650500000.0 0.07975259 1.17696946e-08 118865.2
-745515000000.0 0.07910159 1.1621408e-08 91264.2
-739378800000.0 0.07845052 1.1621408e-08 91264.2
-733242650000.0 0.077799454 1.1778296e-08 66532.7
-727107200000.0 0.07714847 1.1778296e-08 66532.7
-720971000000.0 0.07649739 1.1993709e-08 77906.86
-714834840000.0 0.07584633 1.1993709e-08 77906.86
-708699360000.0 0.075195335 1.2319129e-08 70578.49
-702563160000.0 0.07454426 1.2319129e-08 70578.49
-696427350000.0 0.073893234 1.262519e-08 83422.97
-690291540000.0 0.0732422 1.262519e-08 83422.97
-684155340000.0 0.07259113 1.30350255e-08 80673.81
-678019500000.0 0.0719401 1.30350255e-08 80673.81
-671883700000.0 0.07128907 1.323449e-08 97785.92
-665747500000.0 0.070638 1.323449e-08 97785.92
-659612040000.0 0.06998701 1.3531313e-08 105903.266
-653475900000.0 0.069335945 1.3531313e-08 105903.266
-647339700000.0 0.068684876 1.3712576e-08 152232.0
-641204200000.0 0.068033874 1.3712576e-08 152232.0
-635068100000.0 0.06738281 1.3940825e-08 184668.06
