morphology_data/1d_wc_a0.025_l8r0.5_00001.ecsv
# %ECSV 1.0
# ---
# datatype:
# - {name: b, datatype: float32}
# - {name: phase, datatype: float32}
# - {name: sigma, datatype: float32}
# - {name: vr, datatype: float32}
# meta: {lambda: 8, rp: 0.5, sep: 0.025, wind: c}
# schema: astropy-2.0
b phase sigma vr
[from data line 1442]
1040805900000.0 -0.44173172 1.3459447e-11 -6062723.0
1042340000000.0 -0.4423828 1.3459447e-11 -6062723.0
1043874000000.0 -0.44303387 1.3961155e-11 -6205352.0
1045407860000.0 -0.44368488 1.3961155e-11 -6205352.0
1046941900000.0 -0.44433594 1.3961155e-11 -6205352.0
1048476000000.0 -0.444987 1.3961155e-11 -6205352.0
1050009860000.0 -0.445638 1.5458574e-11 -6210522.5
1051543860000.0 -0.44628906 1.5458574e-11 -6210522.5
1053077900000.0 -0.44694012 1.5458574e-11 -6210522.5
1054611800000.0 -0.44759113 1.5458574e-11 -6210522.5
1056145870000.0 -0.4482422 1.8157325e-11 -6037666.5
1057679900000.0 -0.44889325 1.8157325e-11 -6037666.5
1059213740000.0 -0.44954425 1.8157325e-11 -6037666.5
1060747800000.0 -0.4501953 1.8157325e-11 -6037666.5
1062281800000.0 -0.4508464 2.1757499e-11 -5710547.0
1063815700000.0 -0.45149738 2.1757499e-11 -5710547.0
1065349550000.0 -0.45214838 2.1757499e-11 -5710547.0
1066883800000.0 -0.45279953 2.1757499e-11 -5710547.0
1068417700000.0 -0.45345053 2.5703778e-11 -5307072.5
1069951550000.0 -0.4541015 2.5703778e-11 -5307072.5
1071485750000.0 -0.45475265 2.5703778e-11 -5307072.5
1073019600000.0 -0.45540366 2.5703778e-11 -5307072.5
1074553500000.0 -0.45605463 2.959736e-11 -4915117.5
1076087700000.0 -0.45670578 2.959736e-11 -4915117.5
1077621560000.0 -0.45735678 2.959736e-11 -4915117.5
1079155400000.0 -0.45800778 2.959736e-11 -4915117.5
1080689700000.0 -0.4586589 3.3161546e-11 -4585722.0
1082223500000.0 -0.4593099 3.3161546e-11 -4585722.0
1083757360000.0 -0.4599609 3.3161546e-11 -4585722.0
1085291400000.0 -0.46061197 3.3161546e-11 -4585722.0
1086825500000.0 -0.46126303 3.6271458e-11 -4322911.0
1088359370000.0 -0.46191403 3.6271458e-11 -4322911.0
1089893400000.0 -0.4625651 3.6271458e-11 -4322911.0
1091427430000.0 -0.46321616 3.6271458e-11 -4322911.0
1092961300000.0 -0.46386716 3.892934e-11 -4108506.0
1094495400000.0 -0.46451822 3.892934e-11 -4108506.0
1096029400000.0 -0.4651693 3.892934e-11 -4108506.0
1097563240000.0 -0.46582028 3.892934e-11 -4108506.0
1099097300000.0 -0.46647137 4.096897e-11 -3910702.5
1100631400000.0 -0.46712244 4.096897e-11 -3910702.5
1102165200000.0 -0.46777344 4.096897e-11 -3910702.5
1103699200000.0 -0.4684245 4.096897e-11 -3910702.5
1105233300000.0 -0.46907556 4.2258697e-11 -3710166.2
1106767100000.0 -0.4697265 4.2258697e-11 -3710166.2
1108301000000.0 -0.47037753 4.2258697e-11 -3710166.2
1109835300000.0 -0.4710287 4.2258697e-11 -3710166.2
1111369200000.0 -0.47167972 4.2980036e-11 -3512646.5
1112903000000.0 -0.4723307 4.2980036e-11 -3512646.5
1114437200000.0 -0.4729818 4.2980036e-11 -3512646.5
1115971100000.0 -0.47363284 4.2980036e-11 -3512646.5
1117504900000.0 -0.4742838 4.322131e-11 -3335972.0
1119039100000.0 -0.47493497 4.322131e-11 -3335972.0
1120573000000.0 -0.47558594 4.322131e-11 -3335972.0
1122106900000.0 -0.47623694 4.322131e-11 -3335972.0
1123641000000.0 -0.47688803 4.3051375e-11 -3195111.2
1125175000000.0 -0.47753906 4.3051375e-11 -3195111.2
1126708800000.0 -0.47819003 4.3051375e-11 -3195111.2
1128242900000.0 -0.47884113 4.3051375e-11 -3195111.2
1129777000000.0 -0.47949222 4.2644853e-11 -3095461.2
1131310900000.0 -0.48014325 4.2644853e-11 -3095461.2
1132844800000.0 -0.48079422 4.2644853e-11 -3095461.2
1134378900000.0 -0.48144534 4.2644853e-11 -3095461.2
1135912800000.0 -0.48209637 4.2264248e-11 -3032078.8
1137446700000.0 -0.48274735 4.2264248e-11 -3032078.8
1138980800000.0 -0.48339847 4.2264248e-11 -3032078.8
1140514800000.0 -0.48404947 4.2264248e-11 -3032078.8
1142048800000.0 -0.48470056 4.1848695e-11 -3003994.2
1143582800000.0 -0.48535156 4.1848695e-11 -3003994.2
1145116700000.0 -0.4860026 4.1848695e-11 -3003994.2
1146650800000.0 -0.48665366 4.1848695e-11 -3003994.2
1148184800000.0 -0.48730478 4.05469e-11 -3048484.2
1149718600000.0 -0.48795572 4.05469e-11 -3048484.2
1151252600000.0 -0.48860675 4.05469e-11 -3048484.2
1152786800000.0 -0.48925787 4.05469e-11 -3048484.2
1154320600000.0 -0.48990884 3.778536e-11 -3218481.5
1155854500000.0 -0.49055988 3.778536e-11 -3218481.5
1157388700000.0 -0.491211 3.778536e-11 -3218481.5
1158922500000.0 -0.49186197 3.778536e-11 -3218481.5
1160456400000.0 -0.49251297 3.3761757e-11 -3535938.2
1161990600000.0 -0.49316412 3.3761757e-11 -3535938.2
1163524400000.0 -0.49381506 3.3761757e-11 -3535938.2
1165058400000.0 -0.4944661 3.3761757e-11 -3535938.2
1166592600000.0 -0.49511725 2.893567e-11 -3996440.0
1168126500000.0 -0.49576828 2.893567e-11 -3996440.0
1169660300000.0 -0.49641922 2.893567e-11 -3996440.0
1171194400000.0 -0.4970703 2.893567e-11 -3996440.0
1172728400000.0 -0.49772137 2.3554294e-11 -4657805.0
1174262300000.0 -0.49837238 2.3554294e-11 -4657805.0
1175796300000.0 -0.49902344 2.3554294e-11 -4657805.0
1177330400000.0 -0.4996745 2.3554294e-11 -4657805.0
