morphology_data/1d_wa_a0.05_l2r1_00001.ecsv
# %ECSV 1.0
# ---
# datatype:
# - {name: b, datatype: float32}
# - {name: phase, datatype: float32}
# - {name: sigma, datatype: float32}
# - {name: vr, datatype: float32}
# meta: {lambda: 2, rp: 1.0, sep: 0.05, wind: a}
# schema: astropy-2.0
b phase sigma vr
[from data line 929]
507747730000.0 -0.107747406 2.600544e-08 -494096.28
510815630000.0 -0.10839844 2.600544e-08 -494096.28
513883540000.0 -0.10904947 2.600544e-08 -494096.28
516951640000.0 -0.10970054 2.5947262e-08 -604924.4
520019350000.0 -0.11035153 2.5947262e-08 -604924.4
523087450000.0 -0.1110026 2.5947262e-08 -604924.4
526155550000.0 -0.11165367 2.5947262e-08 -604924.4
529223300000.0 -0.11230466 2.6808564e-08 -476125.16
532291350000.0 -0.11295573 2.6808564e-08 -476125.16
535359460000.0 -0.113606796 2.6808564e-08 -476125.16
538427200000.0 -0.11425779 2.6808564e-08 -476125.16
541495260000.0 -0.11490886 2.8138864e-08 -336831.84
544563200000.0 -0.11555989 2.8138864e-08 -336831.84
547631100000.0 -0.11621092 2.8138864e-08 -336831.84
550699200000.0 -0.11686199 2.8138864e-08 -336831.84
553767100000.0 -0.11751302 2.8523138e-08 -234413.94
556835000000.0 -0.118164055 2.8523138e-08 -234413.94
559903100000.0 -0.118815124 2.8523138e-08 -234413.94
562970800000.0 -0.11946611 2.8523138e-08 -234413.94
566038900000.0 -0.12011717 2.8108504e-08 -138074.05
569107000000.0 -0.12076825 2.8108504e-08 -138074.05
572174760000.0 -0.12141925 2.8108504e-08 -138074.05
575242800000.0 -0.12207031 2.8108504e-08 -138074.05
578310900000.0 -0.12272138 2.7474695e-08 50826.37
581378640000.0 -0.123372376 2.7474695e-08 50826.37
584446800000.0 -0.12402345 2.7474695e-08 50826.37
587514640000.0 -0.12467448 2.7474695e-08 50826.37
590582600000.0 -0.1253255 2.7930703e-08 335707.22
593650650000.0 -0.12597658 2.7930703e-08 335707.22
596718600000.0 -0.12662761 2.7930703e-08 335707.22
599786460000.0 -0.12727864 2.7930703e-08 335707.22
602854600000.0 -0.12792972 2.7340517e-08 591548.6
605922260000.0 -0.12858069 2.7340517e-08 591548.6
608990400000.0 -0.12923177 2.7340517e-08 591548.6
612058460000.0 -0.12988284 2.7340517e-08 591548.6
615126200000.0 -0.13053383 2.527666e-08 724460.44
618194300000.0 -0.13118489 2.527666e-08 724460.44
621262400000.0 -0.13183598 2.527666e-08 724460.44
624330150000.0 -0.13248697 2.527666e-08 724460.44
627398200000.0 -0.13313803 2.2325462e-08 712133.75
630466100000.0 -0.13378905 2.2325462e-08 712133.75
633534000000.0 -0.1344401 2.2325462e-08 712133.75
636602100000.0 -0.13509116 2.2325462e-08 712133.75
639670000000.0 -0.13574219 1.9870244e-08 595596.7
642737960000.0 -0.13639323 1.9870244e-08 595596.7
645806000000.0 -0.1370443 1.9870244e-08 595596.7
648873800000.0 -0.13769528 1.9870244e-08 595596.7
651941840000.0 -0.13834634 1.8126777e-08 453931.4
655009900000.0 -0.1389974 1.8126777e-08 453931.4
658077650000.0 -0.13964841 1.8126777e-08 453931.4
661145800000.0 -0.14029948 1.8126777e-08 453931.4
664213850000.0 -0.14095055 1.685161e-08 333168.06
667281600000.0 -0.14160155 1.685161e-08 333168.06
670349660000.0 -0.14225261 1.685161e-08 333168.06
673417800000.0 -0.14290369 1.685161e-08 333168.06
676485460000.0 -0.14355466 1.5603598e-08 209447.27
679553600000.0 -0.14420575 1.5603598e-08 209447.27
682621670000.0 -0.14485681 1.5603598e-08 209447.27
685689400000.0 -0.1455078 1.5603598e-08 209447.27
688757150000.0 -0.1461588 1.454093e-08 95209.31
691825600000.0 -0.14680995 1.454093e-08 95209.31
694893300000.0 -0.14746092 1.454093e-08 95209.31
697961000000.0 -0.14811192 1.454093e-08 95209.31
701029500000.0 -0.14876308 1.3513276e-08 -39160.684
704097200000.0 -0.14941406 1.3513276e-08 -39160.684
707164960000.0 -0.15006506 1.3513276e-08 -39160.684
710233400000.0 -0.1507162 1.3513276e-08 -39160.684
713301160000.0 -0.1513672 1.2512804e-08 -205353.75
716368840000.0 -0.15201817 1.2512804e-08 -205353.75
719437300000.0 -0.15266933 1.2512804e-08 -205353.75
722505040000.0 -0.15332033 1.2512804e-08 -205353.75
725572800000.0 -0.15397131 1.1621687e-08 -410065.03
728640850000.0 -0.15462239 1.1621687e-08 -410065.03
731709000000.0 -0.15527347 1.1621687e-08 -410065.03
734776700000.0 -0.15592445 1.1621687e-08 -410065.03
737844800000.0 -0.15657552 1.0861481e-08 -610050.56
740912860000.0 -0.15722659 1.0861481e-08 -610050.56
743980600000.0 -0.15787758 1.0861481e-08 -610050.56
747048670000.0 -0.15852864 1.0861481e-08 -610050.56
750116800000.0 -0.15917972 1.0217342e-08 -769086.75
753184540000.0 -0.1598307 1.0217342e-08 -769086.75
756252600000.0 -0.16048178 1.0217342e-08 -769086.75
759320700000.0 -0.16113284 1.0217342e-08 -769086.75
762388400000.0 -0.16178384 9.7231565e-09 -880343.1
765456500000.0 -0.1624349 9.7231565e-09 -880343.1
768524600000.0 -0.16308598 9.7231565e-09 -880343.1
771592360000.0 -0.16373697 9.7231565e-09 -880343.1
774660100000.0 -0.16438797 9.362801e-09 -949760.9
777728500000.0 -0.1650391 9.362801e-09 -949760.9
780796200000.0 -0.1656901 9.362801e-09 -949760.9
783864000000.0 -0.1663411 9.362801e-09 -949760.9
786932430000.0 -0.16699223 9.099775e-09 -962775.94
790000200000.0 -0.16764323 9.099775e-09 -962775.94
793067900000.0 -0.16829422 9.099775e-09 -962775.94
796136300000.0 -0.16894537 9.099775e-09 -962775.94
799204050000.0 -0.16959636 8.827955e-09 -1005123.9
802271800000.0 -0.17024736 8.827955e-09 -1005123.9
805339860000.0 -0.17089842 8.827955e-09 -1005123.9
808408000000.0 -0.1715495 8.827955e-09 -1005123.9
811475700000.0 -0.17220049 8.615584e-09 -1053827.4
814543800000.0 -0.17285155 8.615584e-09 -1053827.4
817611870000.0 -0.17350262 8.615584e-09 -1053827.4
820679600000.0 -0.17415361 8.615584e-09 -1053827.4
823747740000.0 -0.17480469 8.3788905e-09 -1090328.6
826815800000.0 -0.17545575 8.3788905e-09 -1090328.6
829883550000.0 -0.17610675 8.3788905e-09 -1090328.6
832951600000.0 -0.17675781 8.3788905e-09 -1090328.6
836019700000.0 -0.17740889 8.178378e-09 -1150910.6
839087400000.0 -0.17805988 8.178378e-09 -1150910.6
842155560000.0 -0.17871095 8.178378e-09 -1150910.6
845223600000.0 -0.17936201 8.178378e-09 -1150910.6
848291360000.0 -0.180013 8.025211e-09 -1173715.0
851359100000.0 -0.180664 8.025211e-09 -1173715.0
854427500000.0 -0.18131514 8.025211e-09 -1173715.0
857495240000.0 -0.18196614 8.025211e-09 -1173715.0
860563000000.0 -0.18261713 7.806976e-09 -1239145.2
863631440000.0 -0.18326828 7.806976e-09 -1239145.2
866699200000.0 -0.18391927 7.806976e-09 -1239145.2
869766900000.0 -0.18457027 7.806976e-09 -1239145.2
872835400000.0 -0.1852214 7.698118e-09 -1258041.2
875903060000.0 -0.1858724 7.698118e-09 -1258041.2
878970800000.0 -0.1865234 7.698118e-09 -1258041.2
882039260000.0 -0.18717454 7.698118e-09 -1258041.2
885107000000.0 -0.18782553 7.479304e-09 -1318009.2
888174740000.0 -0.18847652 7.479304e-09 -1318009.2
891242800000.0 -0.1891276 7.479304e-09 -1318009.2
894310900000.0 -0.18977866 7.479304e-09 -1318009.2
897378600000.0 -0.19042966 7.3755473e-09 -1328151.1
900446750000.0 -0.19108072 7.3755473e-09 -1328151.1
903514800000.0 -0.1917318 7.3755473e-09 -1328151.1
906582560000.0 -0.19238278 7.3755473e-09 -1328151.1
909650600000.0 -0.19303386 7.222617e-09 -1353708.8
912718760000.0 -0.19368492 7.222617e-09 -1353708.8
915786400000.0 -0.19433591 7.222617e-09 -1353708.8
918854570000.0 -0.19498698 7.222617e-09 -1353708.8
921922630000.0 -0.19563805 7.1402546e-09 -1345735.1
924990400000.0 -0.19628905 7.1402546e-09 -1345735.1
928058440000.0 -0.19694011 7.1402546e-09 -1345735.1
931126600000.0 -0.19759119 7.1402546e-09 -1345735.1
934194300000.0 -0.19824217 7.0451787e-09 -1346660.6
937262000000.0 -0.19889317 7.0451787e-09 -1346660.6
940330450000.0 -0.19954431 7.0451787e-09 -1346660.6
943398200000.0 -0.20019531 7.0451787e-09 -1346660.6
946465900000.0 -0.2008463 6.985077e-09 -1330219.6
949534400000.0 -0.20149745 6.985077e-09 -1330219.6
952602100000.0 -0.20214844 6.985077e-09 -1330219.6
955669800000.0 -0.20279942 6.985077e-09 -1330219.6
958738300000.0 -0.20345058 6.944455e-09 -1334864.8
961806000000.0 -0.20410156 6.944455e-09 -1334864.8
964873750000.0 -0.20475256 6.944455e-09 -1334864.8
967942200000.0 -0.2054037 6.944455e-09 -1334864.8
971009950000.0 -0.2060547 6.9035604e-09 -1323772.1
974077700000.0 -0.20670569 6.9035604e-09 -1323772.1
977145760000.0 -0.20735677 6.9035604e-09 -1323772.1
980213800000.0 -0.20800783 6.9035604e-09 -1323772.1
983281570000.0 -0.20865881 6.8590578e-09 -1341175.1
986349630000.0 -0.20930989 6.8590578e-09 -1341175.1
989417770000.0 -0.20996095 6.8590578e-09 -1341175.1
992485500000.0 -0.21061195 6.8590578e-09 -1341175.1
995553600000.0 -0.21126302 6.812753e-09 -1342559.2
998621640000.0 -0.21191409 6.812753e-09 -1342559.2
1001689400000.0 -0.21256508 6.812753e-09 -1342559.2
1004757450000.0 -0.21321616 6.812753e-09 -1342559.2
1007825600000.0 -0.21386722 6.7839867e-09 -1352141.6
1010893300000.0 -0.2145182 6.7839867e-09 -1352141.6
1013961400000.0 -0.21516928 6.7839867e-09 -1352141.6
1017029460000.0 -0.21582034 6.7839867e-09 -1352141.6
1020097200000.0 -0.21647134 6.8107546e-09 -1354863.9
1023164940000.0 -0.21712233 6.8107546e-09 -1354863.9
1026233400000.0 -0.21777348 6.8107546e-09 -1354863.9
1029301140000.0 -0.21842447 6.8107546e-09 -1354863.9
1032368900000.0 -0.21907547 6.805555e-09 -1342927.2
1035437300000.0 -0.2197266 6.805555e-09 -1342927.2
1038505000000.0 -0.22037761 6.805555e-09 -1342927.2
1041572760000.0 -0.2210286 6.805555e-09 -1342927.2
1044641200000.0 -0.22167975 6.9126176e-09 -1320076.2
1047708960000.0 -0.22233073 6.9126176e-09 -1320076.2
1050776700000.0 -0.22298172 6.9126176e-09 -1320076.2
1053845100000.0 -0.22363287 6.9126176e-09 -1320076.2
1056912830000.0 -0.22428386 6.950356e-09 -1249103.1
1059980600000.0 -0.22493486 6.950356e-09 -1249103.1
1063048700000.0 -0.22558592 6.950356e-09 -1249103.1
1066116800000.0 -0.226237 6.950356e-09 -1249103.1
1069184500000.0 -0.22688799 7.1185395e-09 -1174599.2
1072252600000.0 -0.22753906 7.1185395e-09 -1174599.2
1075320650000.0 -0.22819012 7.1185395e-09 -1174599.2
1078388400000.0 -0.22884111 7.1185395e-09 -1174599.2
1081456500000.0 -0.22949219 7.175104e-09 -1048494.75
1084524600000.0 -0.23014325 7.175104e-09 -1048494.75
1087592330000.0 -0.23079425 7.175104e-09 -1048494.75
1090660400000.0 -0.23144531 7.175104e-09 -1048494.75
1093728530000.0 -0.23209639 7.3752138e-09 -917584.75
1096796200000.0 -0.23274738 7.3752138e-09 -917584.75
1099864300000.0 -0.23339845 7.3752138e-09 -917584.75
1102932500000.0 -0.23404953 7.3752138e-09 -917584.75
1106000100000.0 -0.23470049 7.4482545e-09 -758072.3
1109067800000.0 -0.23535149 7.4482545e-09 -758072.3
1112136400000.0 -0.23600265 7.4482545e-09 -758072.3
1115204100000.0 -0.23665364 7.4482545e-09 -758072.3
1118271800000.0 -0.23730463 7.605369e-09 -628397.75
1121340200000.0 -0.23795578 7.605369e-09 -628397.75
1124408000000.0 -0.23860677 7.605369e-09 -628397.75
1127475700000.0 -0.23925777 7.605369e-09 -628397.75
1130544100000.0 -0.2399089 7.600937e-09 -510532.1
1133611800000.0 -0.2405599 7.600937e-09 -510532.1
1136679600000.0 -0.2412109 7.600937e-09 -510532.1
1139748100000.0 -0.24186206 7.600937e-09 -510532.1
1142815900000.0 -0.24251305 7.590669e-09 -419153.53
1145883500000.0 -0.243164 7.590669e-09 -419153.53
1148951600000.0 -0.2438151 7.590669e-09 -419153.53
1152019700000.0 -0.24446616 7.590669e-09 -419153.53
1155087500000.0 -0.24511716 7.494654e-09 -346920.03
1158155500000.0 -0.2457682 7.494654e-09 -346920.03
1161223600000.0 -0.2464193 7.494654e-09 -346920.03
1164291300000.0 -0.24707028 7.494654e-09 -346920.03
1167359500000.0 -0.24772136 7.411326e-09 -292835.97
1170427500000.0 -0.24837242 7.411326e-09 -292835.97
1173495200000.0 -0.24902342 7.411326e-09 -292835.97
1176563400000.0 -0.24967448 7.411326e-09 -292835.97
1179631500000.0 -0.25032556 7.4239708e-09 -267929.12
1182699200000.0 -0.25097656 7.4239708e-09 -267929.12
1185767200000.0 -0.25162762 7.4239708e-09 -267929.12
1188835400000.0 -0.2522787 7.4239708e-09 -267929.12
1191903100000.0 -0.2529297 7.4260935e-09 -263229.88
1194970800000.0 -0.25358066 7.4260935e-09 -263229.88
1198039200000.0 -0.2542318 7.4260935e-09 -263229.88
1201107000000.0 -0.2548828 7.4260935e-09 -263229.88
1204174700000.0 -0.2555338 8.429599e-09 -256277.0
1207243100000.0 -0.25618494 8.429599e-09 -256277.0
1210310900000.0 -0.2568359 8.429599e-09 -256277.0
1213378600000.0 -0.25748694 8.429599e-09 -256277.0
1216447100000.0 -0.25813806 8.714916e-09 -285102.2
1219514900000.0 -0.2587891 8.714916e-09 -285102.2
1222582600000.0 -0.2594401 8.714916e-09 -285102.2
1225651000000.0 -0.26009122 8.714916e-09 -285102.2
1228718700000.0 -0.2607422 9.1491215e-09 -203301.45
1231786500000.0 -0.2613932 9.1491215e-09 -203301.45
1234854500000.0 -0.26204425 9.1491215e-09 -203301.45
1237922600000.0 -0.26269534 9.1491215e-09 -203301.45
1240990400000.0 -0.2633463 9.2109635e-09 -265587.88
1244058500000.0 -0.2639974 9.2109635e-09 -265587.88
1247126500000.0 -0.26464844 9.2109635e-09 -265587.88
1250194200000.0 -0.26529944 9.2109635e-09 -265587.88
1253262400000.0 -0.26595053 9.019365e-09 -309988.22
1256330500000.0 -0.2666016 9.019365e-09 -309988.22
1259398200000.0 -0.2672526 9.019365e-09 -309988.22
1262466200000.0 -0.26790366 9.019365e-09 -309988.22
1265534400000.0 -0.26855472 9.051685e-09 -397716.28
1268602100000.0 -0.26920572 9.051685e-09 -397716.28
1271670200000.0 -0.2698568 9.051685e-09 -397716.28
1274738200000.0 -0.27050784 9.051685e-09 -397716.28
1277806000000.0 -0.27115884 8.7202565e-09 -534907.25
1280873700000.0 -0.27180985 8.7202565e-09 -534907.25
1283942100000.0 -0.27246097 8.7202565e-09 -534907.25
1287009900000.0 -0.27311197 8.7202565e-09 -534907.25
1290077600000.0 -0.27376294 8.652207e-09 -617571.3
1293146100000.0 -0.27441412 8.652207e-09 -617571.3
1296213900000.0 -0.2750651 8.652207e-09 -617571.3
1299281600000.0 -0.27571613 8.652207e-09 -617571.3
1302350000000.0 -0.27636725 8.729873e-09 -772083.2
1305417700000.0 -0.27701825 8.729873e-09 -772083.2
1308485500000.0 -0.27766922 8.729873e-09 -772083.2
1311553900000.0 -0.27832037 8.729873e-09 -772083.2
1314621600000.0 -0.27897137 8.648545e-09 -838396.94
1317689400000.0 -0.27962235 8.648545e-09 -838396.94
1320757500000.0 -0.28027344 8.648545e-09 -838396.94
1323825600000.0 -0.28092453 8.648545e-09 -838396.94
1326893200000.0 -0.28157547 8.914131e-09 -1009910.9
1329961400000.0 -0.28222656 8.914131e-09 -1009910.9
1333029500000.0 -0.28287762 8.914131e-09 -1009910.9
1336097200000.0 -0.28352863 8.914131e-09 -1009910.9
1339165200000.0 -0.28417966 8.887326e-09 -1070151.9
1342233400000.0 -0.28483075 8.887326e-09 -1070151.9
1345301100000.0 -0.28548175 8.887326e-09 -1070151.9
1348369300000.0 -0.28613284 8.887326e-09 -1070151.9
1351437300000.0 -0.28678387 9.117879e-09 -1256363.4
1354505000000.0 -0.28743488 9.117879e-09 -1256363.4
1357573100000.0 -0.28808594 9.117879e-09 -1256363.4
1360641300000.0 -0.28873703 9.117879e-09 -1256363.4
1363709000000.0 -0.28938803 9.013603e-09 -1351166.0
1366776600000.0 -0.29003897 9.013603e-09 -1351166.0
1369845100000.0 -0.29069015 9.013603e-09 -1351166.0
1372912900000.0 -0.29134116 9.013603e-09 -1351166.0
1375980600000.0 -0.29199213 8.944468e-09 -1497811.1
1379049000000.0 -0.29264328 8.944468e-09 -1497811.1
1382116800000.0 -0.29329428 8.944468e-09 -1497811.1
1385184500000.0 -0.29394525 8.944468e-09 -1497811.1
1388252900000.0 -0.2945964 8.8150465e-09 -1586291.6
1391320600000.0 -0.2952474 8.8150465e-09 -1586291.6
1394388400000.0 -0.2958984 8.8150465e-09 -1586291.6
1397456900000.0 -0.29654956 8.8150465e-09 -1586291.6
1400524600000.0 -0.29720056 8.582667e-09 -1696332.6
1403592400000.0 -0.29785153 8.582667e-09 -1696332.6
1406660400000.0 -0.2985026 8.582667e-09 -1696332.6
1409728500000.0 -0.29915366 8.582667e-09 -1696332.6
1412796300000.0 -0.29980466 8.390568e-09 -1746556.0
1415864300000.0 -0.30045572 8.390568e-09 -1746556.0
1418932400000.0 -0.30110678 8.390568e-09 -1746556.0
1422000100000.0 -0.30175778 8.390568e-09 -1746556.0
1425068300000.0 -0.30240884 8.053152e-09 -1786314.1
1428136300000.0 -0.3030599 8.053152e-09 -1786314.1
1431204000000.0 -0.3037109 8.053152e-09 -1786314.1
1434272100000.0 -0.304362 8.053152e-09 -1786314.1
1437340300000.0 -0.30501306 7.879015e-09 -1780728.2
1440408000000.0 -0.30566406 7.879015e-09 -1780728.2
1443476000000.0 -0.30631512 7.879015e-09 -1780728.2
1446544100000.0 -0.3069662 7.879015e-09 -1780728.2
1449611900000.0 -0.3076172 7.5207325e-09 -1727293.6
1452679600000.0 -0.30826816 7.5207325e-09 -1727293.6
1455748000000.0 -0.3089193 7.5207325e-09 -1727293.6
