morphology_data/1d_wa_a0.025_l8r0.5_00001.ecsv
# %ECSV 1.0
# ---
# datatype:
# - {name: b, datatype: float32}
# - {name: phase, datatype: float32}
# - {name: sigma, datatype: float32}
# - {name: vr, datatype: float32}
# meta: {lambda: 8, rp: 0.5, sep: 0.025, wind: a}
# schema: astropy-2.0
b phase sigma vr
[from data line 990]
347446640000.0 -0.14746092 2.6656417e-07 -1730546.4
348980500000.0 -0.14811192 2.6656417e-07 -1730546.4
350514740000.0 -0.14876308 2.5961975e-07 -1805438.4
352048600000.0 -0.14941406 2.5961975e-07 -1805438.4
353582480000.0 -0.15006506 2.5961975e-07 -1805438.4
355116700000.0 -0.1507162 2.5961975e-07 -1805438.4
356650580000.0 -0.1513672 2.5109728e-07 -1883880.9
358184420000.0 -0.15201817 2.5109728e-07 -1883880.9
359718650000.0 -0.15266933 2.5109728e-07 -1883880.9
361252520000.0 -0.15332033 2.5109728e-07 -1883880.9
362786400000.0 -0.15397131 2.417279e-07 -1966696.2
364320420000.0 -0.15462239 2.417279e-07 -1966696.2
365854500000.0 -0.15527347 2.417279e-07 -1966696.2
367388360000.0 -0.15592445 2.417279e-07 -1966696.2
368922400000.0 -0.15657552 2.319965e-07 -2042365.6
370456430000.0 -0.15722659 2.319965e-07 -2042365.6
371990300000.0 -0.15787758 2.319965e-07 -2042365.6
373524330000.0 -0.15852864 2.319965e-07 -2042365.6
375058400000.0 -0.15917972 2.2171331e-07 -2110096.8
376592270000.0 -0.1598307 2.2171331e-07 -2110096.8
378126300000.0 -0.16048178 2.2171331e-07 -2110096.8
379660340000.0 -0.16113284 2.2171331e-07 -2110096.8
381194200000.0 -0.16178384 2.1076485e-07 -2177507.0
382728240000.0 -0.1624349 2.1076485e-07 -2177507.0
384262300000.0 -0.16308598 2.1076485e-07 -2177507.0
385796180000.0 -0.16373697 2.1076485e-07 -2177507.0
387330050000.0 -0.16438797 1.9967733e-07 -2256223.2
388864250000.0 -0.1650391 1.9967733e-07 -2256223.2
390398100000.0 -0.1656901 1.9967733e-07 -2256223.2
391932000000.0 -0.1663411 1.9967733e-07 -2256223.2
393466220000.0 -0.16699223 1.8977427e-07 -2340449.5
395000100000.0 -0.16764323 1.8977427e-07 -2340449.5
396533960000.0 -0.16829422 1.8977427e-07 -2340449.5
398068150000.0 -0.16894537 1.8977427e-07 -2340449.5
399602020000.0 -0.16959636 1.812656e-07 -2408657.2
401135900000.0 -0.17024736 1.812656e-07 -2408657.2
402669930000.0 -0.17089842 1.812656e-07 -2408657.2
404204000000.0 -0.1715495 1.812656e-07 -2408657.2
405737870000.0 -0.17220049 1.7354252e-07 -2464717.0
407271900000.0 -0.17285155 1.7354252e-07 -2464717.0
408805930000.0 -0.17350262 1.7354252e-07 -2464717.0
410339800000.0 -0.17415361 1.7354252e-07 -2464717.0
411873870000.0 -0.17480469 1.6594538e-07 -2516552.2
413407900000.0 -0.17545575 1.6594538e-07 -2516552.2
414941770000.0 -0.17610675 1.6594538e-07 -2516552.2
416475800000.0 -0.17675781 1.6594538e-07 -2516552.2
418009840000.0 -0.17740889 1.5832148e-07 -2578156.8
419543700000.0 -0.17805988 1.5832148e-07 -2578156.8
421077780000.0 -0.17871095 1.5832148e-07 -2578156.8
422611800000.0 -0.17936201 1.5832148e-07 -2578156.8
424145680000.0 -0.180013 1.515209e-07 -2640916.5
425679550000.0 -0.180664 1.515209e-07 -2640916.5
427213750000.0 -0.18131514 1.515209e-07 -2640916.5
428747620000.0 -0.18196614 1.515209e-07 -2640916.5
430281500000.0 -0.18261713 1.4589337e-07 -2694152.5
431815720000.0 -0.18326828 1.4589337e-07 -2694152.5
433349600000.0 -0.18391927 1.4589337e-07 -2694152.5
434883460000.0 -0.18457027 1.4589337e-07 -2694152.5
436417700000.0 -0.1852214 1.4110654e-07 -2732023.8
437951530000.0 -0.1858724 1.4110654e-07 -2732023.8
439485400000.0 -0.1865234 1.4110654e-07 -2732023.8
441019630000.0 -0.18717454 1.4110654e-07 -2732023.8
442553500000.0 -0.18782553 1.371535e-07 -2747136.8
444087370000.0 -0.18847652 1.371535e-07 -2747136.8
445621400000.0 -0.1891276 1.371535e-07 -2747136.8
447155440000.0 -0.18977866 1.371535e-07 -2747136.8
448689300000.0 -0.19042966 1.3363065e-07 -2732878.8
450223370000.0 -0.19108072 1.3363065e-07 -2732878.8
451757400000.0 -0.1917318 1.3363065e-07 -2732878.8
453291280000.0 -0.19238278 1.3363065e-07 -2732878.8
454825300000.0 -0.19303386 1.3040601e-07 -2708951.5
456359380000.0 -0.19368492 1.3040601e-07 -2708951.5
457893200000.0 -0.19433591 1.3040601e-07 -2708951.5
459427280000.0 -0.19498698 1.3040601e-07 -2708951.5
460961320000.0 -0.19563805 1.2787132e-07 -2678605.8
462495200000.0 -0.19628905 1.2787132e-07 -2678605.8
464029220000.0 -0.19694011 1.2787132e-07 -2678605.8
465563300000.0 -0.19759119 1.2787132e-07 -2678605.8
467097160000.0 -0.19824217 1.262791e-07 -2640337.5
468631000000.0 -0.19889317 1.262791e-07 -2640337.5
470165230000.0 -0.19954431 1.262791e-07 -2640337.5
471699100000.0 -0.20019531 1.262791e-07 -2640337.5
473232970000.0 -0.2008463 1.2559534e-07 -2600123.2
474767200000.0 -0.20149745 1.2559534e-07 -2600123.2
476301070000.0 -0.20214844 1.2559534e-07 -2600123.2
477834900000.0 -0.20279942 1.2559534e-07 -2600123.2
479369130000.0 -0.20345058 1.2562106e-07 -2554727.2
480903000000.0 -0.20410156 1.2562106e-07 -2554727.2
482436870000.0 -0.20475256 1.2562106e-07 -2554727.2
483971100000.0 -0.2054037 1.2562106e-07 -2554727.2
485504970000.0 -0.2060547 1.2640665e-07 -2495252.5
487038840000.0 -0.20670569 1.2640665e-07 -2495252.5
488572880000.0 -0.20735677 1.2640665e-07 -2495252.5
490106900000.0 -0.20800783 1.2640665e-07 -2495252.5
491640780000.0 -0.20865881 1.2791502e-07 -2415470.2
493174820000.0 -0.20930989 1.2791502e-07 -2415470.2
494708880000.0 -0.20996095 1.2791502e-07 -2415470.2
496242750000.0 -0.21061195 1.2791502e-07 -2415470.2
497776800000.0 -0.21126302 1.2952253e-07 -2317752.5
499310820000.0 -0.21191409 1.2952253e-07 -2317752.5
500844700000.0 -0.21256508 1.2952253e-07 -2317752.5
502378730000.0 -0.21321616 1.2952253e-07 -2317752.5
503912800000.0 -0.21386722 1.30397e-07 -2222860.2
505446660000.0 -0.2145182 1.30397e-07 -2222860.2
506980700000.0 -0.21516928 1.30397e-07 -2222860.2
508514730000.0 -0.21582034 1.30397e-07 -2222860.2
510048600000.0 -0.21647134 1.3032287e-07 -2170296.0
511582470000.0 -0.21712233 1.3032287e-07 -2170296.0
513116700000.0 -0.21777348 1.3032287e-07 -2170296.0
514650570000.0 -0.21842447 1.3032287e-07 -2170296.0
516184440000.0 -0.21907547 1.3033156e-07 -2135496.8
517718640000.0 -0.2197266 1.3033156e-07 -2135496.8
519252500000.0 -0.22037761 1.3033156e-07 -2135496.8
520786380000.0 -0.2210286 1.3033156e-07 -2135496.8
522320600000.0 -0.22167975 1.3097726e-07 -2180642.0
523854480000.0 -0.22233073 1.3097726e-07 -2180642.0
525388350000.0 -0.22298172 1.3097726e-07 -2180642.0
526922550000.0 -0.22363287 1.3097726e-07 -2180642.0
528456420000.0 -0.22428386 1.3270851e-07 -2270489.8
529990300000.0 -0.22493486 1.3270851e-07 -2270489.8
531524350000.0 -0.22558592 1.3270851e-07 -2270489.8
533058400000.0 -0.226237 1.3270851e-07 -2270489.8
534592260000.0 -0.22688799 1.35156e-07 -2411759.0
536126300000.0 -0.22753906 1.35156e-07 -2411759.0
537660330000.0 -0.22819012 1.35156e-07 -2411759.0
539194200000.0 -0.22884111 1.35156e-07 -2411759.0
540728260000.0 -0.22949219 1.3755232e-07 -2624549.0
542262300000.0 -0.23014325 1.3755232e-07 -2624549.0
543796170000.0 -0.23079425 1.3755232e-07 -2624549.0
545330200000.0 -0.23144531 1.3755232e-07 -2624549.0
546864270000.0 -0.23209639 1.3967424e-07 -2873957.0
548398100000.0 -0.23274738 1.3967424e-07 -2873957.0
549932200000.0 -0.23339845 1.3967424e-07 -2873957.0
551466240000.0 -0.23404953 1.3967424e-07 -2873957.0
553000040000.0 -0.23470049 1.416613e-07 -3106259.0
554533900000.0 -0.23535149 1.416613e-07 -3106259.0
556068200000.0 -0.23600265 1.416613e-07 -3106259.0
557602050000.0 -0.23665364 1.416613e-07 -3106259.0
559135900000.0 -0.23730463 1.4515591e-07 -3299713.0
560670100000.0 -0.23795578 1.4515591e-07 -3299713.0
562204000000.0 -0.23860677 1.4515591e-07 -3299713.0
563737850000.0 -0.23925777 1.4515591e-07 -3299713.0
565272050000.0 -0.2399089 1.484979e-07 -3433542.5
566805900000.0 -0.2405599 1.484979e-07 -3433542.5
568339800000.0 -0.2412109 1.484979e-07 -3433542.5
569874060000.0 -0.24186206 1.484979e-07 -3433542.5
571407900000.0 -0.24251305 1.5090296e-07 -3513632.8
572941700000.0 -0.243164 1.5090296e-07 -3513632.8
574475800000.0 -0.2438151 1.5090296e-07 -3513632.8
576009860000.0 -0.24446616 1.5090296e-07 -3513632.8
577543730000.0 -0.24511716 1.5166007e-07 -3549937.5
579077730000.0 -0.2457682 1.5166007e-07 -3549937.5
580611800000.0 -0.2464193 1.5166007e-07 -3549937.5
582145700000.0 -0.24707028 1.5166007e-07 -3549937.5
583679740000.0 -0.24772136 1.4951895e-07 -3557591.0
585213740000.0 -0.24837242 1.4951895e-07 -3557591.0
586747600000.0 -0.24902342 1.4951895e-07 -3557591.0
588281700000.0 -0.24967448 1.4951895e-07 -3557591.0
589815740000.0 -0.25032556 1.4466805e-07 -3545460.0
591349600000.0 -0.25097656 1.4466805e-07 -3545460.0
592883600000.0 -0.25162762 1.4466805e-07 -3545460.0
594417700000.0 -0.2522787 1.4466805e-07 -3545460.0
595951550000.0 -0.2529297 1.3834311e-07 -3521939.5
597485400000.0 -0.25358066 1.3834311e-07 -3521939.5
599019600000.0 -0.2542318 1.3834311e-07 -3521939.5
600553500000.0 -0.2548828 1.3834311e-07 -3521939.5
602087360000.0 -0.2555338 1.3124387e-07 -3495529.0
603621560000.0 -0.25618494 1.3124387e-07 -3495529.0
605155400000.0 -0.2568359 1.3124387e-07 -3495529.0
606689300000.0 -0.25748694 1.3124387e-07 -3495529.0
608223560000.0 -0.25813806 1.2284009e-07 -3485029.2
609757400000.0 -0.2587891 1.2284009e-07 -3485029.2
611291300000.0 -0.2594401 1.2284009e-07 -3485029.2
612825500000.0 -0.26009122 1.2284009e-07 -3485029.2
614359400000.0 -0.2607422 1.13975695e-07 -3496666.0
615893240000.0 -0.2613932 1.13975695e-07 -3496666.0
617427240000.0 -0.26204425 1.13975695e-07 -3496666.0
618961300000.0 -0.26269534 1.13975695e-07 -3496666.0
620495200000.0 -0.2633463 1.0525149e-07 -3521108.0
622029240000.0 -0.2639974 1.0525149e-07 -3521108.0
623563240000.0 -0.26464844 1.0525149e-07 -3521108.0
625097100000.0 -0.26529944 1.0525149e-07 -3521108.0
626631200000.0 -0.26595053 9.718693e-08 -3554999.2
628165250000.0 -0.2666016 9.718693e-08 -3554999.2
629699100000.0 -0.2672526 9.718693e-08 -3554999.2
631233100000.0 -0.26790366 9.718693e-08 -3554999.2
632767200000.0 -0.26855472 8.947209e-08 -3594319.0
634301050000.0 -0.26920572 8.947209e-08 -3594319.0
635835100000.0 -0.2698568 8.947209e-08 -3594319.0
637369100000.0 -0.27050784 8.947209e-08 -3594319.0
638903000000.0 -0.27115884 8.245319e-08 -3632510.2
640436860000.0 -0.27180985 8.245319e-08 -3632510.2
641971060000.0 -0.27246097 8.245319e-08 -3632510.2
643504900000.0 -0.27311197 8.245319e-08 -3632510.2
645038800000.0 -0.27376294 7.628426e-08 -3671648.5
646573060000.0 -0.27441412 7.628426e-08 -3671648.5
648106930000.0 -0.2750651 7.628426e-08 -3671648.5
649640800000.0 -0.27571613 7.628426e-08 -3671648.5
651175000000.0 -0.27636725 7.0787024e-08 -3709898.5
652708900000.0 -0.27701825 7.0787024e-08 -3709898.5
654242740000.0 -0.27766922 7.0787024e-08 -3709898.5
655776940000.0 -0.27832037 7.0787024e-08 -3709898.5
657310800000.0 -0.27897137 6.605366e-08 -3744005.2
658844700000.0 -0.27962235 6.605366e-08 -3744005.2
660378750000.0 -0.28027344 6.605366e-08 -3744005.2
661912800000.0 -0.28092453 6.605366e-08 -3744005.2
663446600000.0 -0.28157547 6.187519e-08 -3752680.0
664980700000.0 -0.28222656 6.187519e-08 -3752680.0
666514750000.0 -0.28287762 6.187519e-08 -3752680.0
668048600000.0 -0.28352863 6.187519e-08 -3752680.0
669582600000.0 -0.28417966 5.761229e-08 -3746140.5
671116700000.0 -0.28483075 5.761229e-08 -3746140.5
672650560000.0 -0.28548175 5.761229e-08 -3746140.5
674184600000.0 -0.28613284 5.761229e-08 -3746140.5
675718600000.0 -0.28678387 5.3616365e-08 -3719064.8
677252500000.0 -0.28743488 5.3616365e-08 -3719064.8
678786560000.0 -0.28808594 5.3616365e-08 -3719064.8
680320600000.0 -0.28873703 5.3616365e-08 -3719064.8
681854500000.0 -0.28938803 5.0387726e-08 -3673986.0
683388300000.0 -0.29003897 5.0387726e-08 -3673986.0
684922600000.0 -0.29069015 5.0387726e-08 -3673986.0
686456440000.0 -0.29134116 5.0387726e-08 -3673986.0
687990300000.0 -0.29199213 4.760651e-08 -3642336.5
689524500000.0 -0.29264328 4.760651e-08 -3642336.5
691058400000.0 -0.29329428 4.760651e-08 -3642336.5
692592250000.0 -0.29394525 4.760651e-08 -3642336.5
694126440000.0 -0.2945964 4.4908884e-08 -3624522.8
695660300000.0 -0.2952474 4.4908884e-08 -3624522.8
697194200000.0 -0.2958984 4.4908884e-08 -3624522.8
698728450000.0 -0.29654956 4.4908884e-08 -3624522.8
700262300000.0 -0.29720056 4.2463725e-08 -3607443.8
701796200000.0 -0.29785153 4.2463725e-08 -3607443.8
703330200000.0 -0.2985026 4.2463725e-08 -3607443.8
704864260000.0 -0.29915366 4.2463725e-08 -3607443.8
706398100000.0 -0.29980466 3.9854235e-08 -3610245.0
707932100000.0 -0.30045572 3.9854235e-08 -3610245.0
709466200000.0 -0.30110678 3.9854235e-08 -3610245.0
711000060000.0 -0.30175778 3.9854235e-08 -3610245.0
712534100000.0 -0.30240884 3.7064318e-08 -3602899.0
714068100000.0 -0.3030599 3.7064318e-08 -3602899.0
715602000000.0 -0.3037109 3.7064318e-08 -3602899.0
717136100000.0 -0.304362 3.7064318e-08 -3602899.0
718670140000.0 -0.30501306 3.443241e-08 -3569054.8
720204000000.0 -0.30566406 3.443241e-08 -3569054.8
721738000000.0 -0.30631512 3.443241e-08 -3569054.8
723272100000.0 -0.3069662 3.443241e-08 -3569054.8
724805940000.0 -0.3076172 3.1434176e-08 -3519756.8
726339800000.0 -0.30826816 3.1434176e-08 -3519756.8
727874000000.0 -0.3089193 3.1434176e-08 -3519756.8
729407900000.0 -0.3095703 3.1434176e-08 -3519756.8
730941750000.0 -0.3102213 2.808027e-08 -3451744.8
732475950000.0 -0.31087244 2.808027e-08 -3451744.8
734009800000.0 -0.3115234 2.808027e-08 -3451744.8
735543700000.0 -0.31217444 2.808027e-08 -3451744.8
737077950000.0 -0.3128256 2.5127127e-08 -3335994.2
738611800000.0 -0.31347656 2.5127127e-08 -3335994.2
740145700000.0 -0.3141276 2.5127127e-08 -3335994.2
741679900000.0 -0.31477872 2.5127127e-08 -3335994.2
743213760000.0 -0.3154297 2.2703452e-08 -3097517.8
744747600000.0 -0.3160807 2.2703452e-08 -3097517.8
746281700000.0 -0.31673178 2.2703452e-08 -3097517.8
747815700000.0 -0.31738284 2.2703452e-08 -3097517.8
749349600000.0 -0.3180338 2.0345645e-08 -2779437.2
750883640000.0 -0.3186849 2.0345645e-08 -2779437.2
752417640000.0 -0.31933597 2.0345645e-08 -2779437.2
753951500000.0 -0.31998697 2.0345645e-08 -2779437.2
755485600000.0 -0.32063803 1.82155e-08 -2583523.0
757019640000.0 -0.3212891 1.82155e-08 -2583523.0
758553500000.0 -0.3219401 1.82155e-08 -2583523.0
760087500000.0 -0.32259116 1.82155e-08 -2583523.0
761621600000.0 -0.32324222 1.6906109e-08 -2277266.5
763155450000.0 -0.32389322 1.6906109e-08 -2277266.5
764689500000.0 -0.32454428 1.6906109e-08 -2277266.5
766223500000.0 -0.32519534 1.6906109e-08 -2277266.5
767757400000.0 -0.32584634 1.5833955e-08 -1857839.0
769291260000.0 -0.32649735 1.5833955e-08 -1857839.0
770825500000.0 -0.3271485 1.5833955e-08 -1857839.0
772359300000.0 -0.32779947 1.5833955e-08 -1857839.0
773893200000.0 -0.32845047 1.4399539e-08 -1517334.1
775427460000.0 -0.32910162 1.4399539e-08 -1517334.1
776961300000.0 -0.3297526 1.4399539e-08 -1517334.1
778495200000.0 -0.3304036 1.4399539e-08 -1517334.1
780029400000.0 -0.33105475 1.2129106e-08 -1408782.8
781563270000.0 -0.33170575 1.2129106e-08 -1408782.8
783097140000.0 -0.33235672 1.2129106e-08 -1408782.8
784631200000.0 -0.3330078 1.2129106e-08 -1408782.8
786165200000.0 -0.33365887 9.546321e-09 -1439704.1
787699100000.0 -0.33430985 9.546321e-09 -1439704.1
789233140000.0 -0.33496094 9.546321e-09 -1439704.1
790767200000.0 -0.335612 9.546321e-09 -1439704.1
792301000000.0 -0.336263 7.625198e-09 -1207954.4
793835100000.0 -0.33691406 7.625198e-09 -1207954.4
795369140000.0 -0.33756512 7.625198e-09 -1207954.4
796903000000.0 -0.33821613 7.625198e-09 -1207954.4
798437000000.0 -0.3388672 6.0923555e-09 -1017209.75
799971100000.0 -0.33951825 6.0923555e-09 -1017209.75
801504950000.0 -0.34016925 6.0923555e-09 -1017209.75
803039000000.0 -0.3408203 6.0923555e-09 -1017209.75
804573000000.0 -0.3414714 4.7520343e-09 -730650.9
806106900000.0 -0.34212238 4.7520343e-09 -730650.9
807640760000.0 -0.34277338 4.7520343e-09 -730650.9
809175000000.0 -0.34342453 4.7520343e-09 -730650.9
810708900000.0 -0.3440755 3.970795e-09 -521542.78
812242700000.0 -0.3447265 3.970795e-09 -521542.78
813776960000.0 -0.34537765 3.970795e-09 -521542.78
815310800000.0 -0.34602866 3.970795e-09 -521542.78
816844700000.0 -0.34667963 3.5190804e-09 -363420.0
818378900000.0 -0.34733078 3.5190804e-09 -363420.0
819912800000.0 -0.34798178 3.5190804e-09 -363420.0
821446640000.0 -0.34863275 3.5190804e-09 -363420.0
