morphology_data/1d_wa_a0.05_l4r2_00001.ecsv
# %ECSV 1.0
# ---
# datatype:
# - {name: b, datatype: float32}
# - {name: phase, datatype: float32}
# - {name: sigma, datatype: float32}
# - {name: vr, datatype: float32}
# meta: {lambda: 4, rp: 2.0, sep: 0.05, wind: a}
# schema: astropy-2.0
b phase sigma vr
[from data line 631]
-418776700000.0 0.08886717 2.9867987e-08 128731.234
-415708770000.0 0.08821614 3.0805293e-08 151858.47
-412640870000.0 0.08756511 3.0805293e-08 151858.47
-409572800000.0 0.08691404 3.0805293e-08 151858.47
-406505060000.0 0.086263046 3.0805293e-08 151858.47
-403436960000.0 0.08561198 3.1582704e-08 149548.42
-400368860000.0 0.08496091 3.1582704e-08 149548.42
-397301150000.0 0.08430992 3.1582704e-08 149548.42
-394233050000.0 0.08365885 3.1582704e-08 149548.42
-391165150000.0 0.08300782 3.365173e-08 205372.94
-388097250000.0 0.08235679 3.365173e-08 205372.94
-385029140000.0 0.08170572 3.4015365e-08 176187.36
-381961240000.0 0.08105469 3.4015365e-08 176187.36
-378893340000.0 0.080403656 3.426605e-08 181659.22
-375825240000.0 0.07975259 3.426605e-08 181659.22
-372757500000.0 0.07910159 3.473815e-08 163516.3
-369689400000.0 0.07845052 3.473815e-08 163516.3
-366621330000.0 0.077799454 3.51513e-08 168156.73
-363553600000.0 0.07714847 3.51513e-08 168156.73
-360485500000.0 0.07649739 3.5601495e-08 155718.66
-357417420000.0 0.07584633 3.5601495e-08 155718.66
-354349680000.0 0.075195335 3.576693e-08 150404.86
-351281580000.0 0.07454426 3.576693e-08 150404.86
-348213670000.0 0.073893234 3.6370977e-08 136778.55
-345145770000.0 0.0732422 3.6370977e-08 136778.55
-342077670000.0 0.07259113 3.665601e-08 132544.62
-339009770000.0 0.0719401 3.665601e-08 132544.62
-335941860000.0 0.07128907 3.6977294e-08 121116.76
-332873760000.0 0.070638 3.6977294e-08 121116.76
-329806020000.0 0.06998701 3.711345e-08 126542.86
-326737950000.0 0.069335945 3.711345e-08 126542.86
-323669850000.0 0.068684876 3.740473e-08 91397.05
-320602100000.0 0.068033874 3.740473e-08 91397.05
-317534040000.0 0.06738281 3.7436756e-08 120010.32
-314465940000.0 0.06673174 3.7436756e-08 120010.32
-311398200000.0 0.06608075 3.782057e-08 79890.86
-308330140000.0 0.06542969 3.782057e-08 79890.86
-305262200000.0 0.06477865 3.853473e-08 59444.926
-302194300000.0 0.06412762 3.853473e-08 59444.926
-299126230000.0 0.063476555 3.902055e-08 81595.07
-296058300000.0 0.062825516 3.902055e-08 81595.07
-292990400000.0 0.062174488 3.9263497e-08 64220.145
-289922320000.0 0.061523426 3.9263497e-08 64220.145
-286854580000.0 0.060872428 3.9940137e-08 80031.625
-283786480000.0 0.06022136 3.9940137e-08 80031.625
-280718380000.0 0.059570286 4.018981e-08 70157.73
-277650670000.0 0.058919296 4.018981e-08 70157.73
-274582570000.0 0.058268227 4.0940158e-08 68567.01
-271514480000.0 0.057617158 4.0940158e-08 68567.01
-268446740000.0 0.056966167 4.1334324e-08 70560.32
-265378660000.0 0.056315098 4.1334324e-08 70560.32
-262310740000.0 0.055664066 4.222671e-08 71310.945
-259242840000.0 0.055013034 4.222671e-08 71310.945
-256174750000.0 0.05436197 4.2961346e-08 77440.86
-253106830000.0 0.053710938 4.2961346e-08 77440.86
-250038930000.0 0.053059906 4.3598106e-08 77001.25
-246970840000.0 0.052408837 4.3598106e-08 77001.25
-243903100000.0 0.051757842 4.466773e-08 90185.13
-240835020000.0 0.051106777 4.466773e-08 90185.13
-237766920000.0 0.050455708 4.5244324e-08 86241.37
-234699200000.0 0.049804714 4.5244324e-08 86241.37
-231631110000.0 0.049153645 4.6280114e-08 94852.35
-228563010000.0 0.048502576 4.6280114e-08 94852.35
-225495290000.0 0.047851585 4.6961684e-08 92517.87
-222427190000.0 0.047200516 4.6961684e-08 92517.87
-219359280000.0 0.046549484 4.8099295e-08 104433.34
-216291380000.0 0.045898452 4.8099295e-08 104433.34
-213223280000.0 0.045247383 4.8905306e-08 100497.88
-210155370000.0 0.04459635 4.8905306e-08 100497.88
-207087470000.0 0.043945324 5.00349e-08 108699.92
-204019370000.0 0.043294255 5.00349e-08 108699.92
-200951640000.0 0.04264326 5.10411e-08 113471.33
-197883540000.0 0.04199219 5.10411e-08 113471.33
-194815460000.0 0.041341122 5.2566612e-08 83061.05
-191747740000.0 0.04069013 5.3239084e-08 93886.836
-188679630000.0 0.040039062 5.4097647e-08 94428.375
-185611550000.0 0.039387994 5.4854823e-08 107162.39
-182543810000.0 0.038736995 5.5796022e-08 109046.29
-179475730000.0 0.03808593 5.6595304e-08 122312.15
-176407820000.0 0.0374349 5.7491192e-08 123811.66
-173339900000.0 0.03678387 5.826786e-08 135640.64
-170271820000.0 0.0361328 5.9151187e-08 134544.52
-167203910000.0 0.035481773 5.9937875e-08 145850.22
-164136000000.0 0.034830738 6.086345e-08 144557.19
-161067910000.0 0.03417967 6.174902e-08 157246.0
-158000170000.0 0.033528678 6.271701e-08 157463.28
-154932080000.0 0.03287761 6.367841e-08 171218.52
-151864000000.0 0.03222654 6.475075e-08 171624.69
-148796260000.0 0.031575546 6.5779304e-08 187214.7
-145728180000.0 0.030924477 6.670873e-08 222056.22
-142660100000.0 0.030273411 6.79442e-08 242545.6
-139592350000.0 0.029622415 6.929748e-08 243523.78
-136524260000.0 0.028971346 7.041528e-08 260222.92
-133456355000.0 0.028320316 7.211956e-08 266777.12
-130388440000.0 0.027669284 7.322899e-08 277820.25
-127320350000.0 0.027018217 7.523235e-08 289307.62
-124252440000.0 0.026367186 7.6536736e-08 297593.4
-121184530000.0 0.025716154 7.869272e-08 311257.06
-118116440000.0 0.025065087 8.01985e-08 315842.44
-115048710000.0 0.024414092 8.253194e-08 331483.62
-111980620000.0 0.023763025 8.43599e-08 335212.4
-108912530000.0 0.023111956 8.6911356e-08 350111.3
-105844800000.0 0.022460962 8.9041166e-08 352351.03
-102776710000.0 0.021809895 9.195791e-08 368019.16
-99708620000.0 0.021158826 9.439306e-08 368691.47
-96640885000.0 0.020507833 9.776833e-08 383058.9
-93572800000.0 0.019856764 1.0064112e-07 384484.78
-90504890000.0 0.019205732 1.0459868e-07 398748.78
-87436980000.0 0.018554702 1.0805911e-07 400334.6
-84368880000.0 0.017903633 1.126691e-07 411227.72
-81300970000.0 0.017252602 1.1714819e-07 415195.56
-78233070000.0 0.016601572 1.2225811e-07 422698.3
-75164975000.0 0.015950503 1.2808552e-07 425692.06
-72097240000.0 0.015299509 1.3467738e-07 426534.28
-69029150000.0 0.014648439 1.4209716e-07 428718.47
-65961062000.0 0.013997372 1.4924228e-07 432723.1
-62893330000.0 0.013346379 1.5851631e-07 430055.28
-59825242000.0 0.012695311 1.6776849e-07 430930.3
-56757154000.0 0.012044242 1.797086e-07 425585.9
-53689420000.0 0.011393248 1.9187851e-07 428540.94
-50621334000.0 0.01074218 2.076294e-07 420464.44
-47553420000.0 0.010091149 2.2457988e-07 418468.97
-44485510000.0 0.009440118 2.4629384e-07 406537.8
-41417420000.0 0.008789049 2.7091946e-07 400123.28
-38349510000.0 0.008138019 3.023708e-07 382632.78
-35281600000.0 0.0074869874 3.4303844e-07 367593.34
-32213510000.0 0.006835919 3.9358866e-07 341782.25
-29145778000.0 0.006184926 4.6025716e-07 321188.34
-26077688000.0 0.0055338573 5.5227065e-07 285709.06
-23009600000.0 0.0048827888 6.8655754e-07 252163.56
-19941868000.0 0.0042317957 8.962278e-07 202983.55
-16873777000.0 0.0035807267 1.2630046e-06 147556.83
16873777000.0 -0.0035807267 1.3301503e-06 -123234.43
19941868000.0 -0.0042317957 9.342519e-07 -170815.28
23009600000.0 -0.0048827888 7.1051056e-07 -212163.58
26077688000.0 -0.0055338573 5.6965365e-07 -236429.75
29145778000.0 -0.006184926 4.7330883e-07 -257827.03
32213510000.0 -0.006835919 4.0395298e-07 -270810.7
35281600000.0 -0.0074869874 3.5215018e-07 -284770.1
38349510000.0 -0.008138019 3.143222e-07 -284069.38
41417420000.0 -0.008789049 2.8151817e-07 -293313.75
44485510000.0 -0.009440118 2.556789e-07 -292625.06
47553420000.0 -0.010091149 2.3412923e-07 -293697.56
50621334000.0 -0.01074218 2.1600087e-07 -286322.72
53689420000.0 -0.011393248 2.002977e-07 -290555.16
56757154000.0 -0.012044242 1.8696332e-07 -279372.6
59825242000.0 -0.012695311 1.756583e-07 -278360.12
62893330000.0 -0.013346379 1.6549268e-07 -261274.73
65961062000.0 -0.013997372 1.566032e-07 -252270.97
69029150000.0 -0.014648439 1.489583e-07 -236387.36
72097240000.0 -0.015299509 1.417377e-07 -221979.39
75164975000.0 -0.015950503 1.3647487e-07 -202127.86
78233070000.0 -0.016601572 1.3070033e-07 -191024.6
81300970000.0 -0.017252602 1.2558776e-07 -167971.8
84368880000.0 -0.017903633 1.2110118e-07 -161051.12
87436980000.0 -0.018554702 1.16817944e-07 -142955.52
90504890000.0 -0.019205732 1.1303105e-07 -132429.33
93572800000.0 -0.019856764 1.0982314e-07 -121712.36
96640885000.0 -0.020507833 1.06451644e-07 -108441.62
99708620000.0 -0.021158826 1.0399526e-07 -97306.73
102776710000.0 -0.021809895 1.0111633e-07 -87311.64
105844800000.0 -0.022460962 9.891609e-08 -67532.33
108912530000.0 -0.023111956 9.6718594e-08 -61689.73
111980620000.0 -0.023763025 9.450238e-08 -42702.656
115048710000.0 -0.024414092 9.2736215e-08 -36013.867
118116440000.0 -0.025065087 9.087795e-08 -22407.75
121184530000.0 -0.025716154 8.914891e-08 -10233.871
124252440000.0 -0.026367186 8.787694e-08 -4863.988
127320350000.0 -0.027018217 8.6109225e-08 6068.9336
130388440000.0 -0.027669284 8.5229274e-08 9610.745
133456355000.0 -0.028320316 8.361582e-08 16208.363
136524260000.0 -0.028971346 8.2859316e-08 25157.111
139592350000.0 -0.029622415 8.1644906e-08 26376.428
142660100000.0 -0.030273411 8.0717626e-08 40708.53
145728180000.0 -0.030924477 7.992574e-08 38381.81
148796260000.0 -0.031575546 7.902601e-08 42844.465
151864000000.0 -0.03222654 7.817211e-08 44834.38
154932080000.0 -0.03287761 7.764062e-08 50905.273
158000170000.0 -0.033528678 7.680853e-08 53459.543
161067910000.0 -0.03417967 7.630923e-08 57422.336
164136000000.0 -0.034830738 7.5646824e-08 57877.98
167203910000.0 -0.035481773 7.524031e-08 59939.645
170271820000.0 -0.0361328 7.466708e-08 59973.184
173339900000.0 -0.03678387 7.433213e-08 59408.938
176407820000.0 -0.0374349 7.37152e-08 60908.52
179475730000.0 -0.03808593 7.33468e-08 60283.316
182543810000.0 -0.038736995 7.2660484e-08 61595.414
185611550000.0 -0.039387994 7.233744e-08 60052.78
188679630000.0 -0.040039062 7.1704136e-08 59235.04
191747740000.0 -0.04069013 7.148357e-08 58414.723
194815460000.0 -0.041341122 7.08454e-08 52117.066
197883540000.0 -0.04199219 7.020492e-08 42372.633
200951640000.0 -0.04264326 7.020492e-08 42372.633
204019370000.0 -0.043294255 6.99762e-08 30411.582
207087470000.0 -0.043945324 6.99762e-08 30411.582
210155370000.0 -0.04459635 6.949485e-08 6329.1743
213223280000.0 -0.045247383 6.949485e-08 6329.1743
216291380000.0 -0.045898452 6.968257e-08 -32912.38
219359280000.0 -0.046549484 6.968257e-08 -32912.38
222427190000.0 -0.047200516 6.943291e-08 -54324.832
225495290000.0 -0.047851585 6.943291e-08 -54324.832
228563010000.0 -0.048502576 6.954717e-08 -86862.9
231631110000.0 -0.049153645 6.954717e-08 -86862.9
234699200000.0 -0.049804714 6.9475696e-08 -109834.08
237766920000.0 -0.050455708 6.9475696e-08 -109834.08
240835020000.0 -0.051106777 6.957197e-08 -135316.36
243903100000.0 -0.051757842 6.957197e-08 -135316.36
246970840000.0 -0.052408837 6.9691474e-08 -157238.4
250038930000.0 -0.053059906 6.9691474e-08 -157238.4
253106830000.0 -0.053710938 6.988736e-08 -180773.16
256174750000.0 -0.05436197 6.988736e-08 -180773.16
259242840000.0 -0.055013034 7.023263e-08 -204500.22
262310740000.0 -0.055664066 7.023263e-08 -204500.22
265378660000.0 -0.056315098 7.060154e-08 -225301.7
268446740000.0 -0.056966167 7.060154e-08 -225301.7
271514480000.0 -0.057617158 7.101061e-08 -246363.38
274582570000.0 -0.058268227 7.101061e-08 -246363.38
277650670000.0 -0.058919296 7.156932e-08 -268311.12
280718380000.0 -0.059570286 7.156932e-08 -268311.12
283786480000.0 -0.06022136 7.2141546e-08 -288503.06
286854580000.0 -0.060872428 7.2141546e-08 -288503.06
289922320000.0 -0.061523426 7.2866854e-08 -312731.7
292990400000.0 -0.062174488 7.2866854e-08 -312731.7
296058300000.0 -0.062825516 7.3675174e-08 -336098.3
299126230000.0 -0.063476555 7.3675174e-08 -336098.3
302194300000.0 -0.06412762 7.463183e-08 -359285.5
305262200000.0 -0.06477865 7.463183e-08 -359285.5
308330140000.0 -0.06542969 7.557852e-08 -383037.72
311398200000.0 -0.06608075 7.557852e-08 -383037.72
314465940000.0 -0.06673174 7.678034e-08 -406675.56
317534040000.0 -0.06738281 7.678034e-08 -406675.56
320602100000.0 -0.068033874 7.799906e-08 -431175.97
323669850000.0 -0.068684876 7.799906e-08 -431175.97
326737950000.0 -0.069335945 7.9365705e-08 -457056.6
329806020000.0 -0.06998701 7.9365705e-08 -457056.6
332873760000.0 -0.070638 8.0802735e-08 -481053.88
335941860000.0 -0.07128907 8.0802735e-08 -481053.88
339009770000.0 -0.0719401 8.2264634e-08 -506294.62
342077670000.0 -0.07259113 8.2264634e-08 -506294.62
345145770000.0 -0.0732422 8.372824e-08 -529514.94
348213670000.0 -0.073893234 8.372824e-08 -529514.94
351281580000.0 -0.07454426 8.516306e-08 -551714.5
354349680000.0 -0.075195335 8.516306e-08 -551714.5
357417420000.0 -0.07584633 8.6406295e-08 -569687.7
360485500000.0 -0.07649739 8.6406295e-08 -569687.7
363553600000.0 -0.07714847 8.756954e-08 -585701.56
366621330000.0 -0.077799454 8.756954e-08 -585701.56
369689400000.0 -0.07845052 8.862061e-08 -598247.3
372757500000.0 -0.07910159 8.862061e-08 -598247.3
375825240000.0 -0.07975259 8.9665704e-08 -608330.94
378893340000.0 -0.080403656 8.9665704e-08 -608330.94
381961240000.0 -0.08105469 9.0443834e-08 -611352.44
385029140000.0 -0.08170572 9.0443834e-08 -611352.44
388097250000.0 -0.08235679 9.215282e-08 -630432.94
391165150000.0 -0.08300782 9.215282e-08 -630432.94
394233050000.0 -0.08365885 8.451958e-08 -423116.12
397301150000.0 -0.08430992 8.451958e-08 -423116.12
400368860000.0 -0.08496091 8.451958e-08 -423116.12
403436960000.0 -0.08561198 8.451958e-08 -423116.12
406505060000.0 -0.086263046 8.667746e-08 -410299.2
409572800000.0 -0.08691404 8.667746e-08 -410299.2
412640870000.0 -0.08756511 8.667746e-08 -410299.2
415708770000.0 -0.08821614 8.667746e-08 -410299.2
418776700000.0 -0.08886717 8.885773e-08 -397282.62
421844780000.0 -0.08951824 8.885773e-08 -397282.62
424912680000.0 -0.09016927 8.885773e-08 -397282.62
427980620000.0 -0.090820305 8.885773e-08 -397282.62
431048700000.0 -0.091471374 9.120373e-08 -385053.94
434116430000.0 -0.09212236 9.120373e-08 -385053.94
437184530000.0 -0.09277343 9.120373e-08 -385053.94
440252600000.0 -0.0934245 9.120373e-08 -385053.94
443320340000.0 -0.09407549 9.3947634e-08 -379765.38
446388440000.0 -0.09472656 9.3947634e-08 -379765.38
449456500000.0 -0.09537763 9.3947634e-08 -379765.38
452524240000.0 -0.096028626 9.3947634e-08 -379765.38
455592350000.0 -0.096679695 9.699622e-08 -377950.56
458660250000.0 -0.09733073 9.699622e-08 -377950.56
461728150000.0 -0.09798176 9.699622e-08 -377950.56
464796250000.0 -0.09863283 9.699622e-08 -377950.56
467864160000.0 -0.09928385 1.0047385e-07 -383232.44
470932060000.0 -0.09993488 1.0047385e-07 -383232.44
474000160000.0 -0.10058595 1.0047385e-07 -383232.44
477067900000.0 -0.10123695 1.0047385e-07 -383232.44
480135970000.0 -0.101888016 1.03984746e-07 -390018.3
483204070000.0 -0.102539085 1.03984746e-07 -390018.3
486271800000.0 -0.10319008 1.03984746e-07 -390018.3
489339900000.0 -0.10384115 1.03984746e-07 -390018.3
492407980000.0 -0.10449222 1.0766436e-07 -402084.47
495475720000.0 -0.10514321 1.0766436e-07 -402084.47
498543820000.0 -0.10579427 1.0766436e-07 -402084.47
501611720000.0 -0.106445305 1.0766436e-07 -402084.47
504679630000.0 -0.10709634 1.11839604e-07 -418702.16
507747730000.0 -0.107747406 1.11839604e-07 -418702.16
510815630000.0 -0.10839844 1.11839604e-07 -418702.16
513883540000.0 -0.10904947 1.11839604e-07 -418702.16
516951640000.0 -0.10970054 1.1646676e-07 -442463.38
520019350000.0 -0.11035153 1.1646676e-07 -442463.38
523087450000.0 -0.1110026 1.1646676e-07 -442463.38
526155550000.0 -0.11165367 1.1646676e-07 -442463.38
529223300000.0 -0.11230466 1.2146864e-07 -473108.88
532291350000.0 -0.11295573 1.2146864e-07 -473108.88
535359460000.0 -0.113606796 1.2146864e-07 -473108.88
538427200000.0 -0.11425779 1.2146864e-07 -473108.88
541495260000.0 -0.11490886 1.2644482e-07 -509510.16
544563200000.0 -0.11555989 1.2644482e-07 -509510.16
547631100000.0 -0.11621092 1.2644482e-07 -509510.16
550699200000.0 -0.11686199 1.2644482e-07 -509510.16
553767100000.0 -0.11751302 1.3095517e-07 -548958.4
556835000000.0 -0.118164055 1.3095517e-07 -548958.4
559903100000.0 -0.118815124 1.3095517e-07 -548958.4
562970800000.0 -0.11946611 1.3095517e-07 -548958.4
566038900000.0 -0.12011717 1.3491258e-07 -590250.7
