morphology_data/1d_wa_a0.05_l8r1_00001.ecsv
# %ECSV 1.0
# ---
# datatype:
# - {name: b, datatype: float32}
# - {name: phase, datatype: float32}
# - {name: sigma, datatype: float32}
# - {name: vr, datatype: float32}
# meta: {lambda: 8, rp: 1.0, sep: 0.05, wind: a}
# schema: astropy-2.0
b phase sigma vr
[from data line 978]
658077650000.0 -0.13964841 1.69477e-07 -1084630.6
661145800000.0 -0.14029948 1.69477e-07 -1084630.6
664213850000.0 -0.14095055 1.6856748e-07 -1115376.4
667281600000.0 -0.14160155 1.6856748e-07 -1115376.4
670349660000.0 -0.14225261 1.6856748e-07 -1115376.4
673417800000.0 -0.14290369 1.6856748e-07 -1115376.4
676485460000.0 -0.14355466 1.6743411e-07 -1147833.1
679553600000.0 -0.14420575 1.6743411e-07 -1147833.1
682621670000.0 -0.14485681 1.6743411e-07 -1147833.1
685689400000.0 -0.1455078 1.6743411e-07 -1147833.1
688757150000.0 -0.1461588 1.6630894e-07 -1181804.5
691825600000.0 -0.14680995 1.6630894e-07 -1181804.5
694893300000.0 -0.14746092 1.6630894e-07 -1181804.5
697961000000.0 -0.14811192 1.6630894e-07 -1181804.5
701029500000.0 -0.14876308 1.6536754e-07 -1216630.8
704097200000.0 -0.14941406 1.6536754e-07 -1216630.8
707164960000.0 -0.15006506 1.6536754e-07 -1216630.8
710233400000.0 -0.1507162 1.6536754e-07 -1216630.8
713301160000.0 -0.1513672 1.6456524e-07 -1251750.1
716368840000.0 -0.15201817 1.6456524e-07 -1251750.1
719437300000.0 -0.15266933 1.6456524e-07 -1251750.1
722505040000.0 -0.15332033 1.6456524e-07 -1251750.1
725572800000.0 -0.15397131 1.6368365e-07 -1288524.0
728640850000.0 -0.15462239 1.6368365e-07 -1288524.0
731709000000.0 -0.15527347 1.6368365e-07 -1288524.0
734776700000.0 -0.15592445 1.6368365e-07 -1288524.0
737844800000.0 -0.15657552 1.6269537e-07 -1328058.0
740912860000.0 -0.15722659 1.6269537e-07 -1328058.0
743980600000.0 -0.15787758 1.6269537e-07 -1328058.0
747048670000.0 -0.15852864 1.6269537e-07 -1328058.0
750116800000.0 -0.15917972 1.6162602e-07 -1370467.6
753184540000.0 -0.1598307 1.6162602e-07 -1370467.6
756252600000.0 -0.16048178 1.6162602e-07 -1370467.6
759320700000.0 -0.16113284 1.6162602e-07 -1370467.6
762388400000.0 -0.16178384 1.6035214e-07 -1416579.1
765456500000.0 -0.1624349 1.6035214e-07 -1416579.1
768524600000.0 -0.16308598 1.6035214e-07 -1416579.1
771592360000.0 -0.16373697 1.6035214e-07 -1416579.1
774660100000.0 -0.16438797 1.588764e-07 -1462627.0
777728500000.0 -0.1650391 1.588764e-07 -1462627.0
780796200000.0 -0.1656901 1.588764e-07 -1462627.0
783864000000.0 -0.1663411 1.588764e-07 -1462627.0
786932430000.0 -0.16699223 1.5435455e-07 -1541035.5
790000200000.0 -0.16764323 1.5435455e-07 -1541035.5
793067900000.0 -0.16829422 1.5435455e-07 -1541035.5
796136300000.0 -0.16894537 1.5435455e-07 -1541035.5
799204050000.0 -0.16959636 1.5137802e-07 -1586785.8
802271800000.0 -0.17024736 1.5137802e-07 -1586785.8
805339860000.0 -0.17089842 1.5137802e-07 -1586785.8
808408000000.0 -0.1715495 1.5137802e-07 -1586785.8
811475700000.0 -0.17220049 1.4757552e-07 -1640789.4
814543800000.0 -0.17285155 1.4757552e-07 -1640789.4
817611870000.0 -0.17350262 1.4757552e-07 -1640789.4
820679600000.0 -0.17415361 1.4757552e-07 -1640789.4
823747740000.0 -0.17480469 1.4360602e-07 -1687843.9
826815800000.0 -0.17545575 1.4360602e-07 -1687843.9
829883550000.0 -0.17610675 1.4360602e-07 -1687843.9
832951600000.0 -0.17675781 1.4360602e-07 -1687843.9
836019700000.0 -0.17740889 1.3926758e-07 -1741685.5
839087400000.0 -0.17805988 1.3926758e-07 -1741685.5
842155560000.0 -0.17871095 1.3926758e-07 -1741685.5
845223600000.0 -0.17936201 1.3926758e-07 -1741685.5
848291360000.0 -0.180013 1.350575e-07 -1784754.5
851359100000.0 -0.180664 1.350575e-07 -1784754.5
854427500000.0 -0.18131514 1.350575e-07 -1784754.5
857495240000.0 -0.18196614 1.350575e-07 -1784754.5
860563000000.0 -0.18261713 1.3056061e-07 -1831595.0
863631440000.0 -0.18326828 1.3056061e-07 -1831595.0
866699200000.0 -0.18391927 1.3056061e-07 -1831595.0
869766900000.0 -0.18457027 1.3056061e-07 -1831595.0
872835400000.0 -0.1852214 1.2604819e-07 -1869334.8
875903060000.0 -0.1858724 1.2604819e-07 -1869334.8
878970800000.0 -0.1865234 1.2604819e-07 -1869334.8
882039260000.0 -0.18717454 1.2604819e-07 -1869334.8
885107000000.0 -0.18782553 1.2127327e-07 -1913069.1
888174740000.0 -0.18847652 1.2127327e-07 -1913069.1
891242800000.0 -0.1891276 1.2127327e-07 -1913069.1
894310900000.0 -0.18977866 1.2127327e-07 -1913069.1
897378600000.0 -0.19042966 1.1709356e-07 -1942881.1
900446750000.0 -0.19108072 1.1709356e-07 -1942881.1
903514800000.0 -0.1917318 1.1709356e-07 -1942881.1
906582560000.0 -0.19238278 1.1709356e-07 -1942881.1
909650600000.0 -0.19303386 1.1311145e-07 -1972603.0
912718760000.0 -0.19368492 1.1311145e-07 -1972603.0
915786400000.0 -0.19433591 1.1311145e-07 -1972603.0
918854570000.0 -0.19498698 1.1311145e-07 -1972603.0
921922630000.0 -0.19563805 1.09943095e-07 -1981255.4
924990400000.0 -0.19628905 1.09943095e-07 -1981255.4
928058440000.0 -0.19694011 1.09943095e-07 -1981255.4
931126600000.0 -0.19759119 1.09943095e-07 -1981255.4
934194300000.0 -0.19824217 1.068868e-07 -1982217.6
937262000000.0 -0.19889317 1.068868e-07 -1982217.6
940330450000.0 -0.19954431 1.068868e-07 -1982217.6
943398200000.0 -0.20019531 1.068868e-07 -1982217.6
946465900000.0 -0.2008463 1.0397487e-07 -1972458.8
949534400000.0 -0.20149745 1.0397487e-07 -1972458.8
952602100000.0 -0.20214844 1.0397487e-07 -1972458.8
955669800000.0 -0.20279942 1.0397487e-07 -1972458.8
958738300000.0 -0.20345058 1.01058944e-07 -1970612.8
961806000000.0 -0.20410156 1.01058944e-07 -1970612.8
964873750000.0 -0.20475256 1.01058944e-07 -1970612.8
967942200000.0 -0.2054037 1.01058944e-07 -1970612.8
971009950000.0 -0.2060547 9.8586845e-08 -1957397.8
974077700000.0 -0.20670569 9.8586845e-08 -1957397.8
977145760000.0 -0.20735677 9.8586845e-08 -1957397.8
980213800000.0 -0.20800783 9.8586845e-08 -1957397.8
983281570000.0 -0.20865881 9.648202e-08 -1940318.2
986349630000.0 -0.20930989 9.648202e-08 -1940318.2
989417770000.0 -0.20996095 9.648202e-08 -1940318.2
992485500000.0 -0.21061195 9.648202e-08 -1940318.2
995553600000.0 -0.21126302 9.490353e-08 -1904736.1
998621640000.0 -0.21191409 9.490353e-08 -1904736.1
1001689400000.0 -0.21256508 9.490353e-08 -1904736.1
1004757450000.0 -0.21321616 9.490353e-08 -1904736.1
1007825600000.0 -0.21386722 9.3382056e-08 -1874014.0
1010893300000.0 -0.2145182 9.3382056e-08 -1874014.0
1013961400000.0 -0.21516928 9.3382056e-08 -1874014.0
1017029460000.0 -0.21582034 9.3382056e-08 -1874014.0
1020097200000.0 -0.21647134 9.226503e-08 -1834452.2
1023164940000.0 -0.21712233 9.226503e-08 -1834452.2
1026233400000.0 -0.21777348 9.226503e-08 -1834452.2
1029301140000.0 -0.21842447 9.226503e-08 -1834452.2
1032368900000.0 -0.21907547 9.098203e-08 -1802946.0
1035437300000.0 -0.2197266 9.098203e-08 -1802946.0
1038505000000.0 -0.22037761 9.098203e-08 -1802946.0
1041572760000.0 -0.2210286 9.098203e-08 -1802946.0
1044641200000.0 -0.22167975 9.0341814e-08 -1766062.4
1047708960000.0 -0.22233073 9.0341814e-08 -1766062.4
1050776700000.0 -0.22298172 9.0341814e-08 -1766062.4
1053845100000.0 -0.22363287 9.0341814e-08 -1766062.4
1056912830000.0 -0.22428386 8.9296535e-08 -1739078.9
1059980600000.0 -0.22493486 8.9296535e-08 -1739078.9
1063048700000.0 -0.22558592 8.9296535e-08 -1739078.9
1066116800000.0 -0.226237 8.9296535e-08 -1739078.9
1069184500000.0 -0.22688799 8.860104e-08 -1719332.8
1072252600000.0 -0.22753906 8.860104e-08 -1719332.8
1075320650000.0 -0.22819012 8.860104e-08 -1719332.8
1078388400000.0 -0.22884111 8.860104e-08 -1719332.8
1081456500000.0 -0.22949219 8.72475e-08 -1718169.9
1084524600000.0 -0.23014325 8.72475e-08 -1718169.9
1087592330000.0 -0.23079425 8.72475e-08 -1718169.9
1090660400000.0 -0.23144531 8.72475e-08 -1718169.9
1093728530000.0 -0.23209639 8.627627e-08 -1732843.2
1096796200000.0 -0.23274738 8.627627e-08 -1732843.2
1099864300000.0 -0.23339845 8.627627e-08 -1732843.2
1102932500000.0 -0.23404953 8.627627e-08 -1732843.2
1106000100000.0 -0.23470049 8.477065e-08 -1761521.8
1109067800000.0 -0.23535149 8.477065e-08 -1761521.8
1112136400000.0 -0.23600265 8.477065e-08 -1761521.8
1115204100000.0 -0.23665364 8.477065e-08 -1761521.8
1118271800000.0 -0.23730463 8.376894e-08 -1801820.6
1121340200000.0 -0.23795578 8.376894e-08 -1801820.6
1124408000000.0 -0.23860677 8.376894e-08 -1801820.6
1127475700000.0 -0.23925777 8.376894e-08 -1801820.6
1130544100000.0 -0.2399089 8.236148e-08 -1851697.0
1133611800000.0 -0.2405599 8.236148e-08 -1851697.0
1136679600000.0 -0.2412109 8.236148e-08 -1851697.0
1139748100000.0 -0.24186206 8.236148e-08 -1851697.0
1142815900000.0 -0.24251305 8.1506926e-08 -1908874.8
1145883500000.0 -0.243164 8.1506926e-08 -1908874.8
1148951600000.0 -0.2438151 8.1506926e-08 -1908874.8
1152019700000.0 -0.24446616 8.1506926e-08 -1908874.8
1155087500000.0 -0.24511716 8.029555e-08 -1971363.6
1158155500000.0 -0.2457682 8.029555e-08 -1971363.6
1161223600000.0 -0.2464193 8.029555e-08 -1971363.6
1164291300000.0 -0.24707028 8.029555e-08 -1971363.6
1167359500000.0 -0.24772136 7.914907e-08 -2039476.4
1170427500000.0 -0.24837242 7.914907e-08 -2039476.4
1173495200000.0 -0.24902342 7.914907e-08 -2039476.4
1176563400000.0 -0.24967448 7.914907e-08 -2039476.4
1179631500000.0 -0.25032556 7.7592354e-08 -2104747.2
1182699200000.0 -0.25097656 7.7592354e-08 -2104747.2
1185767200000.0 -0.25162762 7.7592354e-08 -2104747.2
1188835400000.0 -0.2522787 7.7592354e-08 -2104747.2
1191903100000.0 -0.2529297 7.602508e-08 -2168526.5
1194970800000.0 -0.25358066 7.602508e-08 -2168526.5
1198039200000.0 -0.2542318 7.602508e-08 -2168526.5
1201107000000.0 -0.2548828 7.602508e-08 -2168526.5
1204174700000.0 -0.2555338 7.4148865e-08 -2234031.8
1207243100000.0 -0.25618494 7.4148865e-08 -2234031.8
1210310900000.0 -0.2568359 7.4148865e-08 -2234031.8
1213378600000.0 -0.25748694 7.4148865e-08 -2234031.8
1216447100000.0 -0.25813806 7.224569e-08 -2301512.8
1219514900000.0 -0.2587891 7.224569e-08 -2301512.8
1222582600000.0 -0.2594401 7.224569e-08 -2301512.8
1225651000000.0 -0.26009122 7.224569e-08 -2301512.8
1228718700000.0 -0.2607422 7.0497094e-08 -2366165.5
1231786500000.0 -0.2613932 7.0497094e-08 -2366165.5
1234854500000.0 -0.26204425 7.0497094e-08 -2366165.5
1237922600000.0 -0.26269534 7.0497094e-08 -2366165.5
1240990400000.0 -0.2633463 6.907343e-08 -2429028.8
1244058500000.0 -0.2639974 6.907343e-08 -2429028.8
1247126500000.0 -0.26464844 6.907343e-08 -2429028.8
1250194200000.0 -0.26529944 6.907343e-08 -2429028.8
1253262400000.0 -0.26595053 6.792956e-08 -2494095.0
1256330500000.0 -0.2666016 6.792956e-08 -2494095.0
1259398200000.0 -0.2672526 6.792956e-08 -2494095.0
1262466200000.0 -0.26790366 6.792956e-08 -2494095.0
1265534400000.0 -0.26855472 6.723958e-08 -2550840.8
1268602100000.0 -0.26920572 6.723958e-08 -2550840.8
1271670200000.0 -0.2698568 6.723958e-08 -2550840.8
1274738200000.0 -0.27050784 6.723958e-08 -2550840.8
1277806000000.0 -0.27115884 6.6841395e-08 -2605574.8
1280873700000.0 -0.27180985 6.6841395e-08 -2605574.8
1283942100000.0 -0.27246097 6.6841395e-08 -2605574.8
1287009900000.0 -0.27311197 6.6841395e-08 -2605574.8
1290077600000.0 -0.27376294 6.671526e-08 -2662593.2
1293146100000.0 -0.27441412 6.671526e-08 -2662593.2
1296213900000.0 -0.2750651 6.671526e-08 -2662593.2
1299281600000.0 -0.27571613 6.671526e-08 -2662593.2
1302350000000.0 -0.27636725 6.668002e-08 -2713662.0
1305417700000.0 -0.27701825 6.668002e-08 -2713662.0
1308485500000.0 -0.27766922 6.668002e-08 -2713662.0
1311553900000.0 -0.27832037 6.668002e-08 -2713662.0
1314621600000.0 -0.27897137 6.6545816e-08 -2759899.0
1317689400000.0 -0.27962235 6.6545816e-08 -2759899.0
1320757500000.0 -0.28027344 6.6545816e-08 -2759899.0
1323825600000.0 -0.28092453 6.6545816e-08 -2759899.0
1326893200000.0 -0.28157547 6.6047754e-08 -2803313.5
1329961400000.0 -0.28222656 6.6047754e-08 -2803313.5
1333029500000.0 -0.28287762 6.6047754e-08 -2803313.5
1336097200000.0 -0.28352863 6.6047754e-08 -2803313.5
1339165200000.0 -0.28417966 6.576469e-08 -2838959.5
1342233400000.0 -0.28483075 6.576469e-08 -2838959.5
1345301100000.0 -0.28548175 6.576469e-08 -2838959.5
1348369300000.0 -0.28613284 6.576469e-08 -2838959.5
1351437300000.0 -0.28678387 6.557786e-08 -2867974.0
1354505000000.0 -0.28743488 6.557786e-08 -2867974.0
1357573100000.0 -0.28808594 6.557786e-08 -2867974.0
1360641300000.0 -0.28873703 6.557786e-08 -2867974.0
1363709000000.0 -0.28938803 6.5301265e-08 -2902250.0
1366776600000.0 -0.29003897 6.5301265e-08 -2902250.0
1369845100000.0 -0.29069015 6.5301265e-08 -2902250.0
1372912900000.0 -0.29134116 6.5301265e-08 -2902250.0
1375980600000.0 -0.29199213 6.545467e-08 -2946608.8
1379049000000.0 -0.29264328 6.545467e-08 -2946608.8
1382116800000.0 -0.29329428 6.545467e-08 -2946608.8
1385184500000.0 -0.29394525 6.545467e-08 -2946608.8
1388252900000.0 -0.2945964 6.60582e-08 -2993666.0
1391320600000.0 -0.2952474 6.60582e-08 -2993666.0
1394388400000.0 -0.2958984 6.60582e-08 -2993666.0
1397456900000.0 -0.29654956 6.60582e-08 -2993666.0
1400524600000.0 -0.29720056 6.680343e-08 -3035059.2
1403592400000.0 -0.29785153 6.680343e-08 -3035059.2
1406660400000.0 -0.2985026 6.680343e-08 -3035059.2
1409728500000.0 -0.29915366 6.680343e-08 -3035059.2
1412796300000.0 -0.29980466 6.722876e-08 -3066030.2
1415864300000.0 -0.30045572 6.722876e-08 -3066030.2
1418932400000.0 -0.30110678 6.722876e-08 -3066030.2
1422000100000.0 -0.30175778 6.722876e-08 -3066030.2
1425068300000.0 -0.30240884 6.674222e-08 -3096852.5
1428136300000.0 -0.3030599 6.674222e-08 -3096852.5
1431204000000.0 -0.3037109 6.674222e-08 -3096852.5
1434272100000.0 -0.304362 6.674222e-08 -3096852.5
1437340300000.0 -0.30501306 6.500037e-08 -3132921.0
1440408000000.0 -0.30566406 6.500037e-08 -3132921.0
1443476000000.0 -0.30631512 6.500037e-08 -3132921.0
1446544100000.0 -0.3069662 6.500037e-08 -3132921.0
1449611900000.0 -0.3076172 6.266554e-08 -3172596.5
1452679600000.0 -0.30826816 6.266554e-08 -3172596.5
1455748000000.0 -0.3089193 6.266554e-08 -3172596.5
1458815800000.0 -0.3095703 6.266554e-08 -3172596.5
1461883500000.0 -0.3102213 5.981701e-08 -3202432.8
1464951900000.0 -0.31087244 5.981701e-08 -3202432.8
1468019600000.0 -0.3115234 5.981701e-08 -3202432.8
1471087400000.0 -0.31217444 5.981701e-08 -3202432.8
1474155900000.0 -0.3128256 5.656924e-08 -3218100.8
1477223600000.0 -0.31347656 5.656924e-08 -3218100.8
1480291400000.0 -0.3141276 5.656924e-08 -3218100.8
1483359800000.0 -0.31477872 5.656924e-08 -3218100.8
1486427500000.0 -0.3154297 5.281446e-08 -3228515.8
1489495300000.0 -0.3160807 5.281446e-08 -3228515.8
1492563400000.0 -0.31673178 5.281446e-08 -3228515.8
1495631400000.0 -0.31738284 5.281446e-08 -3228515.8
1498699100000.0 -0.3180338 4.849658e-08 -3255645.0
1501767300000.0 -0.3186849 4.849658e-08 -3255645.0
1504835300000.0 -0.31933597 4.849658e-08 -3255645.0
1507903000000.0 -0.31998697 4.849658e-08 -3255645.0
1510971100000.0 -0.32063803 4.4433904e-08 -3283836.8
1514039300000.0 -0.3212891 4.4433904e-08 -3283836.8
1517107000000.0 -0.3219401 4.4433904e-08 -3283836.8
1520175000000.0 -0.32259116 4.4433904e-08 -3283836.8
1523243200000.0 -0.32324222 4.0667814e-08 -3291042.8
1526310900000.0 -0.32389322 4.0667814e-08 -3291042.8
1529379000000.0 -0.32454428 4.0667814e-08 -3291042.8
1532447000000.0 -0.32519534 4.0667814e-08 -3291042.8
1535514800000.0 -0.32584634 3.7075758e-08 -3273970.5
1538582500000.0 -0.32649735 3.7075758e-08 -3273970.5
1541651000000.0 -0.3271485 3.7075758e-08 -3273970.5
1544718600000.0 -0.32779947 3.7075758e-08 -3273970.5
1547786400000.0 -0.32845047 3.3100303e-08 -3287117.8
1550854900000.0 -0.32910162 3.3100303e-08 -3287117.8
1553922700000.0 -0.3297526 3.3100303e-08 -3287117.8
1556990400000.0 -0.3304036 3.3100303e-08 -3287117.8
1560058800000.0 -0.33105475 2.9543692e-08 -3278053.2
1563126500000.0 -0.33170575 2.9543692e-08 -3278053.2
1566194300000.0 -0.33235672 2.9543692e-08 -3278053.2
1569262400000.0 -0.3330078 2.9543692e-08 -3278053.2
1572330400000.0 -0.33365887 2.66025e-08 -3255906.5
1575398100000.0 -0.33430985 2.66025e-08 -3255906.5
1578466300000.0 -0.33496094 2.66025e-08 -3255906.5
1581534400000.0 -0.335612 2.66025e-08 -3255906.5
1584602000000.0 -0.336263 2.4096716e-08 -3192660.8
1587670200000.0 -0.33691406 2.4096716e-08 -3192660.8
1590738300000.0 -0.33756512 2.4096716e-08 -3192660.8
1593806000000.0 -0.33821613 2.4096716e-08 -3192660.8
1596874000000.0 -0.3388672 2.181875e-08 -3149279.2
