morphology_data/1d_wa_a0.1_l2r0.5_00001.ecsv
# %ECSV 1.0
# ---
# datatype:
# - {name: b, datatype: float32}
# - {name: phase, datatype: float32}
# - {name: sigma, datatype: float32}
# - {name: vr, datatype: float32}
# meta: {lambda: 2, rp: 0.5, sep: 0.1, wind: a}
# schema: astropy-2.0
b phase sigma vr
[from data line 652]
-708699360000.0 0.075195335 1.0058363e-09 237090.5
-702563160000.0 0.07454426 1.0058363e-09 237090.5
-696427350000.0 0.073893234 1.0277703e-09 255863.08
-690291540000.0 0.0732422 1.0277703e-09 255863.08
-684155340000.0 0.07259113 1.0436296e-09 353755.1
-678019500000.0 0.0719401 1.0436296e-09 353755.1
-671883700000.0 0.07128907 1.0676302e-09 370246.5
-665747500000.0 0.070638 1.0676302e-09 370246.5
-659612040000.0 0.06998701 1.0779672e-09 445492.7
-653475900000.0 0.069335945 1.0779672e-09 445492.7
-647339700000.0 0.068684876 1.1042964e-09 460070.88
-641204200000.0 0.068033874 1.1042964e-09 460070.88
-635068100000.0 0.06738281 1.158857e-09 605547.3
-628931900000.0 0.06673174 1.158857e-09 605547.3
-622796400000.0 0.06608075 1.1878223e-09 615771.2
-616660300000.0 0.06542969 1.1878223e-09 615771.2
-610524400000.0 0.06477865 1.2480348e-09 762474.9
-604388600000.0 0.06412762 1.2480348e-09 762474.9
-598252450000.0 0.063476555 1.2799952e-09 768190.8
-592116600000.0 0.062825516 1.2799952e-09 768190.8
-585980800000.0 0.062174488 1.3273584e-09 1067255.9
-579844640000.0 0.061523426 1.3273584e-09 1067255.9
-573709160000.0 0.060872428 1.3627361e-09 1064381.9
-567572960000.0 0.06022136 1.3627361e-09 1064381.9
-561436750000.0 0.059570286 1.4047596e-09 1251996.9
-555301340000.0 0.058919296 1.4047596e-09 1251996.9
-549165140000.0 0.058268227 1.4440545e-09 1242968.1
-543028970000.0 0.057617158 1.4440545e-09 1242968.1
-536893500000.0 0.056966167 1.4965866e-09 1349518.8
-530757320000.0 0.056315098 1.4965866e-09 1349518.8
-524621480000.0 0.055664066 1.5403963e-09 1336229.5
-518485670000.0 0.055013034 1.5403963e-09 1336229.5
-512349500000.0 0.05436197 1.6277774e-09 1473402.8
-506213660000.0 0.053710938 1.6277774e-09 1473402.8
-500077850000.0 0.053059906 1.6768222e-09 1454954.0
-493941700000.0 0.052408837 1.6768222e-09 1454954.0
-487806200000.0 0.051757842 1.8431732e-09 1737126.4
-481670040000.0 0.051106777 1.8431732e-09 1737126.4
-475533840000.0 0.050455708 1.8983333e-09 1709936.2
-469398400000.0 0.049804714 1.8983333e-09 1709936.2
-463262220000.0 0.049153645 2.1276878e-09 1897722.5
-457126020000.0 0.048502576 2.1276878e-09 1897722.5
-450990570000.0 0.047851585 2.1900515e-09 1865291.5
-444854370000.0 0.047200516 2.1900515e-09 1865291.5
-438718560000.0 0.046549484 2.2665716e-09 1428011.6
-432582750000.0 0.045898452 2.2665716e-09 1428011.6
-426446550000.0 0.045247383 2.3374982e-09 1406367.1
-420310750000.0 0.04459635 2.3374982e-09 1406367.1
-414174940000.0 0.043945324 2.4188012e-09 1414199.6
-408038740000.0 0.043294255 2.4188012e-09 1414199.6
-401903300000.0 0.04264326 2.5000326e-09 1389993.5
-395767100000.0 0.04199219 2.5000326e-09 1389993.5
-389630920000.0 0.041341122 2.6527847e-09 1728259.5
-383495470000.0 0.04069013 2.6936302e-09 1713605.6
-377359270000.0 0.040039062 2.7444913e-09 1691354.4
-371223100000.0 0.039387994 2.7889167e-09 1676210.4
-365087620000.0 0.038736995 2.8135272e-09 1578922.2
-358951450000.0 0.03808593 2.861694e-09 1564404.2
-352815640000.0 0.0374349 2.9201956e-09 1542310.4
-346679800000.0 0.03678387 2.9725236e-09 1527328.4
-340543640000.0 0.0361328 2.9744773e-09 1307747.8
-334407830000.0 0.035481773 3.0314613e-09 1295675.4
-328272000000.0 0.034830738 3.0994758e-09 1276290.0
-322135820000.0 0.03417967 3.161692e-09 1263754.6
-316000340000.0 0.033528678 3.1598293e-09 962756.3
-309864170000.0 0.03287761 3.2279477e-09 955365.2
-303728000000.0 0.03222654 3.3079195e-09 941108.06
-297592520000.0 0.031575546 3.3827245e-09 933240.3
-291456350000.0 0.030924477 3.3888752e-09 699264.06
-285320200000.0 0.030273411 3.4712917e-09 695906.75
-279184700000.0 0.029622415 3.5665848e-09 685929.6
-273048520000.0 0.028971346 3.6577101e-09 682049.0
-266912710000.0 0.028320316 3.6988608e-09 561187.7
-260776890000.0 0.027669284 3.800008e-09 559623.0
-254640700000.0 0.027018217 3.9153725e-09 551457.75
-248504880000.0 0.026367186 4.0281276e-09 549305.25
-242369050000.0 0.025716154 4.11582e-09 489890.28
-236232880000.0 0.025065087 4.242121e-09 488602.44
-230097420000.0 0.024414092 4.384531e-09 480706.47
-223961240000.0 0.023763025 4.526778e-09 478757.84
-217825070000.0 0.023111956 4.6847815e-09 458632.84
-211689600000.0 0.022460962 4.8459894e-09 456384.8
-205553420000.0 0.021809895 5.0262066e-09 447655.72
-199417230000.0 0.021158826 5.2104006e-09 444704.34
-193281770000.0 0.020507833 5.391982e-09 465691.88
-187145600000.0 0.019856764 5.5995013e-09 462028.03
-181009780000.0 0.019205732 5.830352e-09 451999.62
-174873950000.0 0.018554702 6.070736e-09 447429.84
-168737770000.0 0.017903633 6.3381633e-09 409859.53
-162601940000.0 0.017252602 6.6192873e-09 405494.78
-156466140000.0 0.016601572 6.931672e-09 395228.9
-150329950000.0 0.015950503 7.2641635e-09 389855.62
-144194490000.0 0.015299509 7.68189e-09 348599.94
-138058300000.0 0.014648439 8.085025e-09 342743.16
-131922125000.0 0.013997372 8.535416e-09 331612.38
-125786660000.0 0.013346379 9.02684e-09 324608.66
-119650484000.0 0.012695311 9.617008e-09 316962.03
-113514310000.0 0.012044242 1.022787e-08 308528.47
-107378840000.0 0.011393248 1.0920211e-08 295599.12
-101242670000.0 0.01074218 1.1697898e-08 285926.34
-95106840000.0 0.010091149 1.2640726e-08 292867.34
-88971020000.0 0.009440118 1.366091e-08 280451.5
-82834840000.0 0.008789049 1.4850395e-08 264527.22
-76699020000.0 0.008138019 1.624268e-08 250945.44
-70563200000.0 0.0074869874 1.8038573e-08 239043.16
-64427020000.0 0.006835919 2.0065539e-08 222797.02
-58291556000.0 0.006184926 2.2566184e-08 204322.4
-52155376000.0 0.0055338573 2.5713344e-08 187380.19
-46019200000.0 0.0048827888 2.961239e-08 122874.336
-39883735000.0 0.0042317957 3.5088235e-08 111681.734
-33747554000.0 0.0035807267 4.307592e-08 86734.49
-27611376000.0 0.0029296577 5.4830426e-08 71762.54
-21475912000.0 0.0022786648 7.4326124e-08 51554.73
-15339732000.0 0.0016275961 1.1192665e-07 36259.645
-9203911000.0 0.0009765653 2.0673144e-07 15665.607
9203911000.0 -0.0009765653 2.1748377e-07 -87649.62
15339732000.0 -0.0016275961 1.1548417e-07 -148125.33
21475912000.0 -0.0022786648 7.603612e-08 -214873.98
27611376000.0 -0.0029296577 5.5863346e-08 -278582.75
33747554000.0 -0.0035807267 4.3774296e-08 -340311.22
39883735000.0 -0.0042317957 3.5945558e-08 -386906.4
46019200000.0 -0.0048827888 3.025048e-08 -448205.28
52155376000.0 -0.0055338573 2.6042526e-08 -509639.78
58291556000.0 -0.006184926 2.2798211e-08 -570886.06
64427020000.0 -0.006835919 2.022807e-08 -633927.94
70563200000.0 -0.0074869874 1.8149814e-08 -695090.06
76699020000.0 -0.008138019 1.6534647e-08 -740129.94
82834840000.0 -0.008789049 1.5082582e-08 -801120.6
88971020000.0 -0.009440118 1.3845815e-08 -864914.7
95106840000.0 -0.010091149 1.2787901e-08 -926048.25
101242670000.0 -0.01074218 1.1882929e-08 -989736.8
107378840000.0 -0.011393248 1.1080149e-08 -1050734.2
113514310000.0 -0.012044242 1.0366968e-08 -1115219.6
119650484000.0 -0.012695311 9.738517e-09 -1176027.2
125786660000.0 -0.013346379 9.183777e-09 -1244536.8
131922125000.0 -0.013997372 8.679572e-09 -1305219.4
138058300000.0 -0.014648439 8.218234e-09 -1370325.1
144194490000.0 -0.015299509 7.805616e-09 -1430736.5
150329950000.0 -0.015950503 7.476931e-09 -1477291.0
156466140000.0 -0.016601572 7.12942e-09 -1538028.6
162601940000.0 -0.017252602 6.804349e-09 -1604101.1
168737770000.0 -0.017903633 6.5119083e-09 -1664334.4
174873950000.0 -0.018554702 6.2326917e-09 -1746264.0
181009780000.0 -0.019205732 5.983371e-09 -1806705.4
187145600000.0 -0.019856764 5.7446727e-09 -1873733.2
193281770000.0 -0.020507833 5.5298495e-09 -1933620.8
199417230000.0 -0.021158826 5.2690914e-09 -2062783.2
205553420000.0 -0.021809895 5.0850764e-09 -2122731.5
211689600000.0 -0.022460962 4.905184e-09 -2190307.2
217825070000.0 -0.023111956 4.7440984e-09 -2249358.5
223961240000.0 -0.023763025 4.565733e-09 -2346217.5
230097420000.0 -0.024414092 4.4235557e-09 -2405706.8
236232880000.0 -0.025065087 4.28136e-09 -2474156.5
242369050000.0 -0.025716154 4.1550843e-09 -2532872.0
248504880000.0 -0.026367186 4.037707e-09 -2610515.0
254640700000.0 -0.027018217 3.9249315e-09 -2668505.5
260776890000.0 -0.027669284 3.8096806e-09 -2736653.5
266912710000.0 -0.028320316 3.7084738e-09 -2793724.0
273048520000.0 -0.028971346 3.6919774e-09 -2758146.8
279184700000.0 -0.029622415 3.6007626e-09 -2810265.5
285320200000.0 -0.030273411 3.505487e-09 -2873228.8
291456350000.0 -0.030924477 3.4229601e-09 -2924234.5
297592520000.0 -0.031575546 3.4920498e-09 -2750731.2
303728000000.0 -0.03222654 3.41712e-09 -2793148.5
309864170000.0 -0.03287761 3.3371115e-09 -2846140.0
316000340000.0 -0.033528678 3.2688603e-09 -2887259.5
322135820000.0 -0.03417967 3.3101024e-09 -2748335.0
328272000000.0 -0.034830738 3.2477496e-09 -2783104.5
334407830000.0 -0.035481773 3.1796372e-09 -2828092.8
340543640000.0 -0.0361328 3.1225165e-09 -2861560.8
346679800000.0 -0.03678387 3.118882e-09 -2913944.2
352815640000.0 -0.0374349 3.066421e-09 -2945664.0
358951450000.0 -0.03808593 3.0077416e-09 -2987638.5
365087620000.0 -0.038736995 2.959447e-09 -3018089.2
371223100000.0 -0.039387994 2.9339398e-09 -3299027.2
377359270000.0 -0.040039062 2.8893952e-09 -3331655.5
383495470000.0 -0.04069013 2.838664e-09 -3374047.2
389630920000.0 -0.041341122 2.7977165e-09 -3405464.8
395767100000.0 -0.04199219 2.7798905e-09 -3850995.2
401903300000.0 -0.04264326 2.7798905e-09 -3850995.2
408038740000.0 -0.043294255 2.7047617e-09 -3920996.5
414174940000.0 -0.043945324 2.7047617e-09 -3920996.5
420310750000.0 -0.04459635 2.6669826e-09 -4604101.0
426446550000.0 -0.045247383 2.6669826e-09 -4604101.0
432582750000.0 -0.045898452 2.6103208e-09 -4679540.0
438718560000.0 -0.046549484 2.6103208e-09 -4679540.0
444854370000.0 -0.047200516 2.6609328e-09 -5381520.5
450990570000.0 -0.047851585 2.6609328e-09 -5381520.5
457126020000.0 -0.048502576 2.6241929e-09 -5444209.5
463262220000.0 -0.049153645 2.6241929e-09 -5444209.5
469398400000.0 -0.049804714 2.6819227e-09 -5857150.5
475533840000.0 -0.050455708 2.6819227e-09 -5857150.5
481670040000.0 -0.051106777 2.6668312e-09 -5902122.5
487806200000.0 -0.051757842 2.6668312e-09 -5902122.5
493941700000.0 -0.052408837 2.7667135e-09 -5747197.5
500077850000.0 -0.053059906 2.7667135e-09 -5747197.5
506213660000.0 -0.053710938 2.969816e-09 -5359151.5
512349500000.0 -0.05436197 2.969816e-09 -5359151.5
518485670000.0 -0.055013034 2.9012308e-09 -5114208.0
524621480000.0 -0.055664066 2.9012308e-09 -5114208.0
530757320000.0 -0.056315098 2.88101e-09 -5178027.5
536893500000.0 -0.056966167 2.88101e-09 -5178027.5
543028970000.0 -0.057617158 2.6893374e-09 -5224496.0
549165140000.0 -0.058268227 2.6893374e-09 -5224496.0
555301340000.0 -0.058919296 2.5947045e-09 -5464372.0
561436750000.0 -0.059570286 2.5947045e-09 -5464372.0
567572960000.0 -0.06022136 2.4585263e-09 -5577871.5
573709160000.0 -0.060872428 2.4585263e-09 -5577871.5
579844640000.0 -0.061523426 2.4398101e-09 -5794421.0
585980800000.0 -0.062174488 2.4398101e-09 -5794421.0
592116600000.0 -0.062825516 2.3575586e-09 -5699991.5
598252450000.0 -0.063476555 2.3575586e-09 -5699991.5
604388600000.0 -0.06412762 2.4795273e-09 -5640941.5
610524400000.0 -0.06477865 2.4795273e-09 -5640941.5
616660300000.0 -0.06542969 2.5638207e-09 -5287855.0
622796400000.0 -0.06608075 2.5638207e-09 -5287855.0
628931900000.0 -0.06673174 2.6945508e-09 -5340137.0
635068100000.0 -0.06738281 2.6945508e-09 -5340137.0
641204200000.0 -0.068033874 2.5255167e-09 -5543644.5
647339700000.0 -0.068684876 2.5255167e-09 -5543644.5
653475900000.0 -0.069335945 2.3965225e-09 -5952684.5
659612040000.0 -0.06998701 2.3965225e-09 -5952684.5
665747500000.0 -0.070638 2.0774809e-09 -6382182.0
671883700000.0 -0.07128907 2.0774809e-09 -6382182.0
678019500000.0 -0.0719401 2.0651116e-09 -6909549.5
684155340000.0 -0.07259113 2.0651116e-09 -6909549.5
690291540000.0 -0.0732422 1.9784872e-09 -7117729.0
696427350000.0 -0.073893234 1.9784872e-09 -7117729.0
702563160000.0 -0.07454426 2.1640592e-09 -7184802.5
708699360000.0 -0.075195335 2.1640592e-09 -7184802.5
714834840000.0 -0.07584633 2.380855e-09 -7153662.5
720971000000.0 -0.07649739 2.380855e-09 -7153662.5
727107200000.0 -0.07714847 2.3170201e-09 -7550926.0
733242650000.0 -0.077799454 2.3170201e-09 -7550926.0
739378800000.0 -0.07845052 1.9885267e-09 -7999002.5
745515000000.0 -0.07910159 1.9885267e-09 -7999002.5
751650500000.0 -0.07975259 1.784396e-09 -8271315.0
757786700000.0 -0.080403656 1.784396e-09 -8271315.0
763922500000.0 -0.08105469 1.7559111e-09 -8358739.0
770058300000.0 -0.08170572 1.7559111e-09 -8358739.0
776194500000.0 -0.08235679 1.8672008e-09 -8430586.0
782330300000.0 -0.08300782 1.8672008e-09 -8430586.0
788466100000.0 -0.08365885 2.3607005e-09 -8116788.5
794602300000.0 -0.08430992 2.3607005e-09 -8116788.5
800737700000.0 -0.08496091 2.3607005e-09 -8116788.5
806873900000.0 -0.08561198 2.3607005e-09 -8116788.5
813010100000.0 -0.086263046 3.2481269e-09 -8204748.5
819145600000.0 -0.08691404 3.2481269e-09 -8204748.5
825281740000.0 -0.08756511 3.2481269e-09 -8204748.5
831417550000.0 -0.08821614 3.2481269e-09 -8204748.5
837553400000.0 -0.08886717 3.2986953e-09 -8550302.0
843689560000.0 -0.08951824 3.2986953e-09 -8550302.0
849825370000.0 -0.09016927 3.2986953e-09 -8550302.0
855961240000.0 -0.090820305 3.2986953e-09 -8550302.0
862097400000.0 -0.091471374 2.170728e-09 -9019563.0
868232860000.0 -0.09212236 2.170728e-09 -9019563.0
874369060000.0 -0.09277343 2.170728e-09 -9019563.0
880505200000.0 -0.0934245 2.170728e-09 -9019563.0
886640700000.0 -0.09407549 1.5063868e-09 -9067691.0
892776900000.0 -0.09472656 1.5063868e-09 -9067691.0
898913000000.0 -0.09537763 1.5063868e-09 -9067691.0
905048500000.0 -0.096028626 1.5063868e-09 -9067691.0
911184700000.0 -0.096679695 1.2058032e-09 -8968038.0
917320500000.0 -0.09733073 1.2058032e-09 -8968038.0
923456300000.0 -0.09798176 1.2058032e-09 -8968038.0
929592500000.0 -0.09863283 1.2058032e-09 -8968038.0
935728300000.0 -0.09928385 1.0115976e-09 -8892324.0
941864100000.0 -0.09993488 1.0115976e-09 -8892324.0
948000300000.0 -0.10058595 1.0115976e-09 -8892324.0
954135800000.0 -0.10123695 1.0115976e-09 -8892324.0
960271940000.0 -0.101888016 9.1614644e-10 -8698182.0
966408140000.0 -0.102539085 9.1614644e-10 -8698182.0
972543600000.0 -0.10319008 9.1614644e-10 -8698182.0
978679800000.0 -0.10384115 9.1614644e-10 -8698182.0
984815960000.0 -0.10449222 8.574092e-10 -8481397.0
990951440000.0 -0.10514321 8.574092e-10 -8481397.0
997087640000.0 -0.10579427 8.574092e-10 -8481397.0
1003223450000.0 -0.106445305 8.574092e-10 -8481397.0
1009359260000.0 -0.10709634 7.628901e-10 -8401144.0
1015495460000.0 -0.107747406 7.628901e-10 -8401144.0
1021631270000.0 -0.10839844 7.628901e-10 -8401144.0
1027767100000.0 -0.10904947 7.628901e-10 -8401144.0
1033903300000.0 -0.10970054 6.514447e-10 -8664810.0
1040038700000.0 -0.11035153 6.514447e-10 -8664810.0
1046174900000.0 -0.1110026 6.514447e-10 -8664810.0
1052311100000.0 -0.11165367 6.514447e-10 -8664810.0
1058446600000.0 -0.11230466 5.612225e-10 -9136084.0
1064582700000.0 -0.11295573 5.612225e-10 -9136084.0
1070718900000.0 -0.113606796 5.612225e-10 -9136084.0
1076854400000.0 -0.11425779 5.612225e-10 -9136084.0
1082990500000.0 -0.11490886 4.678713e-10 -9869118.0
1089126400000.0 -0.11555989 4.678713e-10 -9869118.0
1095262200000.0 -0.11621092 4.678713e-10 -9869118.0
1101398400000.0 -0.11686199 4.678713e-10 -9869118.0
1107534200000.0 -0.11751302 3.872191e-10 -10877066.0
1113670000000.0 -0.118164055 3.872191e-10 -10877066.0
1119806200000.0 -0.118815124 3.872191e-10 -10877066.0
1125941600000.0 -0.11946611 3.872191e-10 -10877066.0
1132077800000.0 -0.12011717 2.5238667e-10 -12558693.0
1138214000000.0 -0.12076825 2.5238667e-10 -12558693.0
1144349500000.0 -0.12141925 2.5238667e-10 -12558693.0
1150485700000.0 -0.12207031 2.5238667e-10 -12558693.0
1156621800000.0 -0.12272138 1.7744131e-10 -14337239.0
1162757300000.0 -0.123372376 1.7744131e-10 -14337239.0
1168893500000.0 -0.12402345 1.7744131e-10 -14337239.0
1175029300000.0 -0.12467448 1.7744131e-10 -14337239.0
1181165200000.0 -0.1253255 1.7232094e-10 -14209197.0
