morphology_data/1d_wb_a0.05_l4r1_00001.ecsv
# %ECSV 1.0
# ---
# datatype:
# - {name: b, datatype: float32}
# - {name: phase, datatype: float32}
# - {name: sigma, datatype: float32}
# - {name: vr, datatype: float32}
# meta: {lambda: 4, rp: 1.0, sep: 0.05, wind: b}
# schema: astropy-2.0
b phase sigma vr
[from data line 977]
655009900000.0 -0.1389974 6.877747e-09 -851343.94
658077650000.0 -0.13964841 6.877747e-09 -851343.94
661145800000.0 -0.14029948 6.877747e-09 -851343.94
664213850000.0 -0.14095055 6.4929515e-09 -780693.25
667281600000.0 -0.14160155 6.4929515e-09 -780693.25
670349660000.0 -0.14225261 6.4929515e-09 -780693.25
673417800000.0 -0.14290369 6.4929515e-09 -780693.25
676485460000.0 -0.14355466 6.2109256e-09 -800234.06
679553600000.0 -0.14420575 6.2109256e-09 -800234.06
682621670000.0 -0.14485681 6.2109256e-09 -800234.06
685689400000.0 -0.1455078 6.2109256e-09 -800234.06
688757150000.0 -0.1461588 5.849014e-09 -962363.44
691825600000.0 -0.14680995 5.849014e-09 -962363.44
694893300000.0 -0.14746092 5.849014e-09 -962363.44
697961000000.0 -0.14811192 5.849014e-09 -962363.44
701029500000.0 -0.14876308 5.396885e-09 -1268807.9
704097200000.0 -0.14941406 5.396885e-09 -1268807.9
707164960000.0 -0.15006506 5.396885e-09 -1268807.9
710233400000.0 -0.1507162 5.396885e-09 -1268807.9
713301160000.0 -0.1513672 5.039748e-09 -1517511.6
716368840000.0 -0.15201817 5.039748e-09 -1517511.6
719437300000.0 -0.15266933 5.039748e-09 -1517511.6
722505040000.0 -0.15332033 5.039748e-09 -1517511.6
725572800000.0 -0.15397131 4.6414015e-09 -1487879.6
728640850000.0 -0.15462239 4.6414015e-09 -1487879.6
731709000000.0 -0.15527347 4.6414015e-09 -1487879.6
734776700000.0 -0.15592445 4.6414015e-09 -1487879.6
737844800000.0 -0.15657552 4.4113717e-09 -1308819.4
740912860000.0 -0.15722659 4.4113717e-09 -1308819.4
743980600000.0 -0.15787758 4.4113717e-09 -1308819.4
747048670000.0 -0.15852864 4.4113717e-09 -1308819.4
750116800000.0 -0.15917972 4.0782866e-09 -1200767.8
753184540000.0 -0.1598307 4.0782866e-09 -1200767.8
756252600000.0 -0.16048178 4.0782866e-09 -1200767.8
759320700000.0 -0.16113284 4.0782866e-09 -1200767.8
762388400000.0 -0.16178384 3.857727e-09 -1045514.8
765456500000.0 -0.1624349 3.857727e-09 -1045514.8
768524600000.0 -0.16308598 3.857727e-09 -1045514.8
771592360000.0 -0.16373697 3.857727e-09 -1045514.8
774660100000.0 -0.16438797 3.6983416e-09 -989478.4
777728500000.0 -0.1650391 3.6983416e-09 -989478.4
780796200000.0 -0.1656901 3.6983416e-09 -989478.4
783864000000.0 -0.1663411 3.6983416e-09 -989478.4
786932430000.0 -0.16699223 3.4212086e-09 -888740.8
790000200000.0 -0.16764323 3.4212086e-09 -888740.8
793067900000.0 -0.16829422 3.4212086e-09 -888740.8
796136300000.0 -0.16894537 3.4212086e-09 -888740.8
799204050000.0 -0.16959636 2.9395175e-09 -845045.75
802271800000.0 -0.17024736 2.9395175e-09 -845045.75
805339860000.0 -0.17089842 2.9395175e-09 -845045.75
808408000000.0 -0.1715495 2.9395175e-09 -845045.75
811475700000.0 -0.17220049 2.1001318e-09 -1737889.4
814543800000.0 -0.17285155 2.1001318e-09 -1737889.4
817611870000.0 -0.17350262 2.1001318e-09 -1737889.4
820679600000.0 -0.17415361 2.1001318e-09 -1737889.4
823747740000.0 -0.17480469 1.9440092e-09 -1628823.5
826815800000.0 -0.17545575 1.9440092e-09 -1628823.5
829883550000.0 -0.17610675 1.9440092e-09 -1628823.5
832951600000.0 -0.17675781 1.9440092e-09 -1628823.5
836019700000.0 -0.17740889 1.4412098e-09 -2801860.2
839087400000.0 -0.17805988 1.4412098e-09 -2801860.2
842155560000.0 -0.17871095 1.4412098e-09 -2801860.2
845223600000.0 -0.17936201 1.4412098e-09 -2801860.2
848291360000.0 -0.180013 1.316968e-09 -2833550.0
851359100000.0 -0.180664 1.316968e-09 -2833550.0
854427500000.0 -0.18131514 1.316968e-09 -2833550.0
857495240000.0 -0.18196614 1.316968e-09 -2833550.0
860563000000.0 -0.18261713 1.079726e-09 -3454290.0
863631440000.0 -0.18326828 1.079726e-09 -3454290.0
866699200000.0 -0.18391927 1.079726e-09 -3454290.0
869766900000.0 -0.18457027 1.079726e-09 -3454290.0
872835400000.0 -0.1852214 1.0708076e-09 -3321806.8
875903060000.0 -0.1858724 1.0708076e-09 -3321806.8
878970800000.0 -0.1865234 1.0708076e-09 -3321806.8
882039260000.0 -0.18717454 1.0708076e-09 -3321806.8
885107000000.0 -0.18782553 9.629468e-10 -3663857.0
888174740000.0 -0.18847652 9.629468e-10 -3663857.0
891242800000.0 -0.1891276 9.629468e-10 -3663857.0
894310900000.0 -0.18977866 9.629468e-10 -3663857.0
897378600000.0 -0.19042966 9.086525e-10 -3386222.8
900446750000.0 -0.19108072 9.086525e-10 -3386222.8
903514800000.0 -0.1917318 9.086525e-10 -3386222.8
906582560000.0 -0.19238278 9.086525e-10 -3386222.8
909650600000.0 -0.19303386 9.420338e-10 -2946726.0
912718760000.0 -0.19368492 9.420338e-10 -2946726.0
915786400000.0 -0.19433591 9.420338e-10 -2946726.0
918854570000.0 -0.19498698 9.420338e-10 -2946726.0
921922630000.0 -0.19563805 9.795034e-10 -2471890.5
924990400000.0 -0.19628905 9.795034e-10 -2471890.5
928058440000.0 -0.19694011 9.795034e-10 -2471890.5
931126600000.0 -0.19759119 9.795034e-10 -2471890.5
934194300000.0 -0.19824217 1.0046711e-09 -1941439.0
937262000000.0 -0.19889317 1.0046711e-09 -1941439.0
940330450000.0 -0.19954431 1.0046711e-09 -1941439.0
943398200000.0 -0.20019531 1.0046711e-09 -1941439.0
946465900000.0 -0.2008463 9.94107e-10 -1442101.0
949534400000.0 -0.20149745 9.94107e-10 -1442101.0
952602100000.0 -0.20214844 9.94107e-10 -1442101.0
955669800000.0 -0.20279942 9.94107e-10 -1442101.0
958738300000.0 -0.20345058 9.701889e-10 -1169925.0
961806000000.0 -0.20410156 9.701889e-10 -1169925.0
964873750000.0 -0.20475256 9.701889e-10 -1169925.0
967942200000.0 -0.2054037 9.701889e-10 -1169925.0
971009950000.0 -0.2060547 8.882688e-10 -1283384.2
974077700000.0 -0.20670569 8.882688e-10 -1283384.2
977145760000.0 -0.20735677 8.882688e-10 -1283384.2
980213800000.0 -0.20800783 8.882688e-10 -1283384.2
983281570000.0 -0.20865881 8.098505e-10 -1215184.6
986349630000.0 -0.20930989 8.098505e-10 -1215184.6
989417770000.0 -0.20996095 8.098505e-10 -1215184.6
992485500000.0 -0.21061195 8.098505e-10 -1215184.6
995553600000.0 -0.21126302 6.9549383e-10 -1405040.0
998621640000.0 -0.21191409 6.9549383e-10 -1405040.0
1001689400000.0 -0.21256508 6.9549383e-10 -1405040.0
1004757450000.0 -0.21321616 6.9549383e-10 -1405040.0
1007825600000.0 -0.21386722 5.831682e-10 -716603.56
1010893300000.0 -0.2145182 5.831682e-10 -716603.56
1013961400000.0 -0.21516928 5.831682e-10 -716603.56
1017029460000.0 -0.21582034 5.831682e-10 -716603.56
1020097200000.0 -0.21647134 5.159602e-10 2027.4976
1023164940000.0 -0.21712233 5.159602e-10 2027.4976
1026233400000.0 -0.21777348 5.159602e-10 2027.4976
1029301140000.0 -0.21842447 5.159602e-10 2027.4976
1032368900000.0 -0.21907547 4.761433e-10 1279654.2
1035437300000.0 -0.2197266 4.761433e-10 1279654.2
1038505000000.0 -0.22037761 4.761433e-10 1279654.2
1041572760000.0 -0.2210286 4.761433e-10 1279654.2
1044641200000.0 -0.22167975 4.66901e-10 1392731.1
1047708960000.0 -0.22233073 4.66901e-10 1392731.1
1050776700000.0 -0.22298172 4.66901e-10 1392731.1
1053845100000.0 -0.22363287 4.66901e-10 1392731.1
1056912830000.0 -0.22428386 4.688455e-10 2180476.8
1059980600000.0 -0.22493486 4.688455e-10 2180476.8
1063048700000.0 -0.22558592 4.688455e-10 2180476.8
1066116800000.0 -0.226237 4.688455e-10 2180476.8
1069184500000.0 -0.22688799 4.5712528e-10 1984986.2
1072252600000.0 -0.22753906 4.5712528e-10 1984986.2
1075320650000.0 -0.22819012 4.5712528e-10 1984986.2
1078388400000.0 -0.22884111 4.5712528e-10 1984986.2
1081456500000.0 -0.22949219 6.319555e-10 2773942.2
1084524600000.0 -0.23014325 6.319555e-10 2773942.2
1087592330000.0 -0.23079425 6.319555e-10 2773942.2
1090660400000.0 -0.23144531 6.319555e-10 2773942.2
1093728530000.0 -0.23209639 6.2388555e-10 2336722.5
1096796200000.0 -0.23274738 6.2388555e-10 2336722.5
1099864300000.0 -0.23339845 6.2388555e-10 2336722.5
1102932500000.0 -0.23404953 6.2388555e-10 2336722.5
1106000100000.0 -0.23470049 9.747193e-10 1636978.9
1109067800000.0 -0.23535149 9.747193e-10 1636978.9
1112136400000.0 -0.23600265 9.747193e-10 1636978.9
1115204100000.0 -0.23665364 9.747193e-10 1636978.9
1118271800000.0 -0.23730463 9.590562e-10 1430924.9
1121340200000.0 -0.23795578 9.590562e-10 1430924.9
1124408000000.0 -0.23860677 9.590562e-10 1430924.9
1127475700000.0 -0.23925777 9.590562e-10 1430924.9
1130544100000.0 -0.2399089 6.0629535e-10 -1880851.8
1133611800000.0 -0.2405599 6.0629535e-10 -1880851.8
1136679600000.0 -0.2412109 6.0629535e-10 -1880851.8
1139748100000.0 -0.24186206 6.0629535e-10 -1880851.8
1142815900000.0 -0.24251305 5.7564714e-10 -1782020.5
1145883500000.0 -0.243164 5.7564714e-10 -1782020.5
1148951600000.0 -0.2438151 5.7564714e-10 -1782020.5
1152019700000.0 -0.24446616 5.7564714e-10 -1782020.5
1155087500000.0 -0.24511716 1.2427316e-10 -9195065.0
1158155500000.0 -0.2457682 1.2427316e-10 -9195065.0
1161223600000.0 -0.2464193 1.2427316e-10 -9195065.0
1164291300000.0 -0.24707028 1.2427316e-10 -9195065.0
1167359500000.0 -0.24772136 1.1817661e-10 -9165215.0
1170427500000.0 -0.24837242 1.1817661e-10 -9165215.0
1173495200000.0 -0.24902342 1.1817661e-10 -9165215.0
1176563400000.0 -0.24967448 1.1817661e-10 -9165215.0
1179631500000.0 -0.25032556 8.119022e-11 -11302124.0
1182699200000.0 -0.25097656 8.119022e-11 -11302124.0
1185767200000.0 -0.25162762 8.119022e-11 -11302124.0
1188835400000.0 -0.2522787 8.119022e-11 -11302124.0
1191903100000.0 -0.2529297 6.7794825e-11 -12257941.0
1194970800000.0 -0.25358066 6.7794825e-11 -12257941.0
1198039200000.0 -0.2542318 6.7794825e-11 -12257941.0
1201107000000.0 -0.2548828 6.7794825e-11 -12257941.0
1204174700000.0 -0.2555338 4.3958243e-11 -13861228.0
1207243100000.0 -0.25618494 4.3958243e-11 -13861228.0
1210310900000.0 -0.2568359 4.3958243e-11 -13861228.0
1213378600000.0 -0.25748694 4.3958243e-11 -13861228.0
1216447100000.0 -0.25813806 2.6093176e-11 -14906113.0
1219514900000.0 -0.2587891 2.6093176e-11 -14906113.0
1222582600000.0 -0.2594401 2.6093176e-11 -14906113.0
1225651000000.0 -0.26009122 2.6093176e-11 -14906113.0
1228718700000.0 -0.2607422 1.6185142e-11 -16288884.0
1231786500000.0 -0.2613932 1.6185142e-11 -16288884.0
1234854500000.0 -0.26204425 1.6185142e-11 -16288884.0
1237922600000.0 -0.26269534 1.6185142e-11 -16288884.0
1240990400000.0 -0.2633463 1.1118227e-11 -17517852.0
1244058500000.0 -0.2639974 1.1118227e-11 -17517852.0
1247126500000.0 -0.26464844 1.1118227e-11 -17517852.0
1250194200000.0 -0.26529944 1.1118227e-11 -17517852.0
1253262400000.0 -0.26595053 nan nan
1256330500000.0 -0.2666016 nan nan
1259398200000.0 -0.2672526 nan nan
1262466200000.0 -0.26790366 nan nan
1265534400000.0 -0.26855472 nan nan
1268602100000.0 -0.26920572 nan nan
1271670200000.0 -0.2698568 nan nan
1274738200000.0 -0.27050784 nan nan
1277806000000.0 -0.27115884 nan nan
1280873700000.0 -0.27180985 nan nan
1283942100000.0 -0.27246097 nan nan
1287009900000.0 -0.27311197 nan nan
1290077600000.0 -0.27376294 nan nan
1293146100000.0 -0.27441412 nan nan
1296213900000.0 -0.2750651 nan nan
1299281600000.0 -0.27571613 nan nan
1302350000000.0 -0.27636725 nan nan
1305417700000.0 -0.27701825 nan nan
1308485500000.0 -0.27766922 nan nan
1311553900000.0 -0.27832037 nan nan
1314621600000.0 -0.27897137 nan nan
1317689400000.0 -0.27962235 nan nan
1320757500000.0 -0.28027344 nan nan
1323825600000.0 -0.28092453 nan nan
1326893200000.0 -0.28157547 nan nan
1329961400000.0 -0.28222656 nan nan
1333029500000.0 -0.28287762 nan nan
1336097200000.0 -0.28352863 nan nan
1339165200000.0 -0.28417966 nan nan
1342233400000.0 -0.28483075 nan nan
1345301100000.0 -0.28548175 nan nan
1348369300000.0 -0.28613284 nan nan
1351437300000.0 -0.28678387 nan nan
1354505000000.0 -0.28743488 nan nan
1357573100000.0 -0.28808594 nan nan
1360641300000.0 -0.28873703 nan nan
1363709000000.0 -0.28938803 nan nan
1366776600000.0 -0.29003897 nan nan
1369845100000.0 -0.29069015 nan nan
1372912900000.0 -0.29134116 nan nan
1375980600000.0 -0.29199213 nan nan
1379049000000.0 -0.29264328 nan nan
1382116800000.0 -0.29329428 nan nan
1385184500000.0 -0.29394525 nan nan
1388252900000.0 -0.2945964 nan nan
1391320600000.0 -0.2952474 nan nan
1394388400000.0 -0.2958984 nan nan
1397456900000.0 -0.29654956 nan nan
1400524600000.0 -0.29720056 nan nan
1403592400000.0 -0.29785153 nan nan
1406660400000.0 -0.2985026 nan nan
1409728500000.0 -0.29915366 nan nan
1412796300000.0 -0.29980466 nan nan
1415864300000.0 -0.30045572 nan nan
1418932400000.0 -0.30110678 nan nan
1422000100000.0 -0.30175778 nan nan
1425068300000.0 -0.30240884 nan nan
1428136300000.0 -0.3030599 nan nan
1431204000000.0 -0.3037109 nan nan
1434272100000.0 -0.304362 nan nan
1437340300000.0 -0.30501306 nan nan
1440408000000.0 -0.30566406 nan nan
1443476000000.0 -0.30631512 nan nan
1446544100000.0 -0.3069662 nan nan
1449611900000.0 -0.3076172 nan nan
1452679600000.0 -0.30826816 nan nan
1455748000000.0 -0.3089193 nan nan
1458815800000.0 -0.3095703 nan nan
1461883500000.0 -0.3102213 nan nan
1464951900000.0 -0.31087244 nan nan
1468019600000.0 -0.3115234 nan nan
1471087400000.0 -0.31217444 nan nan
1474155900000.0 -0.3128256 nan nan
1477223600000.0 -0.31347656 nan nan
1480291400000.0 -0.3141276 nan nan
1483359800000.0 -0.31477872 nan nan
1486427500000.0 -0.3154297 nan nan
1489495300000.0 -0.3160807 nan nan
1492563400000.0 -0.31673178 nan nan
1495631400000.0 -0.31738284 nan nan
1498699100000.0 -0.3180338 nan nan
1501767300000.0 -0.3186849 nan nan
1504835300000.0 -0.31933597 nan nan
1507903000000.0 -0.31998697 nan nan
1510971100000.0 -0.32063803 nan nan
1514039300000.0 -0.3212891 nan nan
1517107000000.0 -0.3219401 nan nan
1520175000000.0 -0.32259116 nan nan
1523243200000.0 -0.32324222 nan nan
1526310900000.0 -0.32389322 nan nan
1529379000000.0 -0.32454428 nan nan
1532447000000.0 -0.32519534 nan nan
1535514800000.0 -0.32584634 nan nan
1538582500000.0 -0.32649735 nan nan
1541651000000.0 -0.3271485 nan nan
1544718600000.0 -0.32779947 nan nan
1547786400000.0 -0.32845047 nan nan
1550854900000.0 -0.32910162 nan nan
1553922700000.0 -0.3297526 nan nan
1556990400000.0 -0.3304036 nan nan
1560058800000.0 -0.33105475 nan nan
1563126500000.0 -0.33170575 nan nan
1566194300000.0 -0.33235672 nan nan
1569262400000.0 -0.3330078 nan nan
1572330400000.0 -0.33365887 nan nan
1575398100000.0 -0.33430985 nan nan
1578466300000.0 -0.33496094 nan nan
1581534400000.0 -0.335612 nan nan
1584602000000.0 -0.336263 nan nan
1587670200000.0 -0.33691406 nan nan
1590738300000.0 -0.33756512 nan nan
1593806000000.0 -0.33821613 nan nan
1596874000000.0 -0.3388672 nan nan
1599942200000.0 -0.33951825 nan nan
1603009900000.0 -0.34016925 nan nan
1606078000000.0 -0.3408203 nan nan
1609146000000.0 -0.3414714 nan nan
1612213800000.0 -0.34212238 nan nan
1615281500000.0 -0.34277338 nan nan
1618350000000.0 -0.34342453 nan nan
1621417800000.0 -0.3440755 nan nan
1624485400000.0 -0.3447265 nan nan
1627553900000.0 -0.34537765 nan nan
1630621700000.0 -0.34602866 nan nan
1633689400000.0 -0.34667963 nan nan
1636757800000.0 -0.34733078 nan nan
1639825500000.0 -0.34798178 nan nan
1642893300000.0 -0.34863275 nan nan
1645961700000.0 -0.3492839 nan nan
1649029400000.0 -0.3499349 nan nan
1652097200000.0 -0.3505859 nan nan
1655165300000.0 -0.35123697 nan nan
1658233400000.0 -0.35188803 nan nan
1661301200000.0 -0.35253903 nan nan
1664369200000.0 -0.3531901 nan nan
1667437300000.0 -0.35384116 nan nan
1670505000000.0 -0.35449216 nan nan
1673573200000.0 -0.35514322 nan nan
1676641200000.0 -0.3557943 nan nan
1679708900000.0 -0.35644528 nan nan
1682777000000.0 -0.35709634 nan nan
1685845000000.0 -0.35774744 nan nan
1688912800000.0 -0.3583984 nan nan
1691980900000.0 -0.3590495 nan nan
1695049000000.0 -0.35970056 nan nan
1698116800000.0 -0.36035156 nan nan
1701184500000.0 -0.36100253 nan nan
1704252900000.0 -0.3616537 nan nan
1707320700000.0 -0.3623047 nan nan
1710388400000.0 -0.36295566 nan nan
1713456800000.0 -0.3636068 nan nan
1716524500000.0 -0.3642578 nan nan
1719592300000.0 -0.3649088 nan nan
1722660800000.0 -0.36555994 nan nan
1725728400000.0 -0.36621094 nan nan
1728796200000.0 -0.36686194 nan nan
1731864700000.0 -0.3675131 nan nan
1734932400000.0 -0.36816406 nan nan
1738000200000.0 -0.36881506 nan nan
1741068200000.0 -0.36946613 nan nan
1744136300000.0 -0.3701172 nan nan
1747204000000.0 -0.3707682 nan nan
1750272200000.0 -0.37141925 nan nan
1753340200000.0 -0.37207034 nan nan
1756407900000.0 -0.3727213 nan nan
1759476000000.0 -0.3733724 nan nan
