morphology_data/1d_wb_a0.025_l4r1_00001.ecsv
# %ECSV 1.0
# ---
# datatype:
# - {name: b, datatype: float32}
# - {name: phase, datatype: float32}
# - {name: sigma, datatype: float32}
# - {name: vr, datatype: float32}
# meta: {lambda: 4, rp: 1.0, sep: 0.025, wind: b}
# schema: astropy-2.0
b phase sigma vr
[from data line 310]
-701796250000.0 0.29785156 1.5393567e-10 -6987527.5
-700262300000.0 0.29720056 1.5393567e-10 -6987527.5
-698728250000.0 0.29654947 1.6465743e-10 -6839818.0
-697194300000.0 0.29589847 1.6465743e-10 -6839818.0
-695660300000.0 0.2952474 1.6465743e-10 -6839818.0
-694126300000.0 0.29459634 1.6465743e-10 -6839818.0
-692592300000.0 0.29394528 1.7614613e-10 -6646058.0
-691058400000.0 0.29329428 1.7614613e-10 -6646058.0
-689524440000.0 0.29264325 1.7614613e-10 -6646058.0
-687990440000.0 0.2919922 1.7614613e-10 -6646058.0
-686456440000.0 0.29134116 1.8778998e-10 -6373895.5
-684922440000.0 0.2906901 1.8778998e-10 -6373895.5
-683388440000.0 0.29003903 1.8778998e-10 -6373895.5
-681854500000.0 0.28938803 1.8778998e-10 -6373895.5
-680320500000.0 0.28873697 1.9807722e-10 -6058597.0
-678786560000.0 0.28808594 1.9807722e-10 -6058597.0
-677252560000.0 0.2874349 1.9807722e-10 -6058597.0
-675718560000.0 0.28678384 1.9807722e-10 -6058597.0
-674184600000.0 0.28613284 2.0482448e-10 -5773944.5
-672650600000.0 0.28548178 2.0482448e-10 -5773944.5
-671116600000.0 0.28483072 2.0482448e-10 -5773944.5
-669582600000.0 0.28417966 2.0482448e-10 -5773944.5
-668048700000.0 0.28352866 2.0768931e-10 -5576909.5
-666514700000.0 0.2828776 2.0768931e-10 -5576909.5
-664980700000.0 0.28222656 2.0768931e-10 -5576909.5
-663446750000.0 0.28157553 2.0768931e-10 -5576909.5
-661912750000.0 0.28092447 2.0803204e-10 -5430081.5
-660378750000.0 0.28027344 2.0803204e-10 -5430081.5
-658844800000.0 0.2796224 2.0803204e-10 -5430081.5
-657310800000.0 0.27897137 2.0803204e-10 -5430081.5
-655776800000.0 0.2783203 2.0777868e-10 -5269465.5
-654242800000.0 0.27766928 2.0777868e-10 -5269465.5
-652708900000.0 0.27701825 2.0777868e-10 -5269465.5
-651174900000.0 0.2763672 2.0777868e-10 -5269465.5
-649640900000.0 0.27571613 2.0660618e-10 -5085851.0
-648106930000.0 0.2750651 2.0660618e-10 -5085851.0
-646572930000.0 0.27441406 2.0660618e-10 -5085851.0
-645038900000.0 0.273763 2.0660618e-10 -5085851.0
-643504900000.0 0.27311197 2.0673617e-10 -4875993.0
-641971000000.0 0.27246094 2.0673617e-10 -4875993.0
-640437000000.0 0.2718099 2.0673617e-10 -4875993.0
-638903000000.0 0.27115884 2.0673617e-10 -4875993.0
-637369060000.0 0.2705078 2.091805e-10 -4635188.5
-635835100000.0 0.2698568 2.091805e-10 -4635188.5
-634301100000.0 0.26920575 2.091805e-10 -4635188.5
-632767100000.0 0.2685547 2.091805e-10 -4635188.5
-631233100000.0 0.26790366 2.1271102e-10 -4395231.5
-629699100000.0 0.2672526 2.1271102e-10 -4395231.5
-628165100000.0 0.26660156 2.1271102e-10 -4395231.5
-626631200000.0 0.26595053 2.1271102e-10 -4395231.5
-625097240000.0 0.2652995 2.160907e-10 -4189605.8
-623563240000.0 0.26464844 2.160907e-10 -4189605.8
-622029240000.0 0.2639974 2.160907e-10 -4189605.8
-620495240000.0 0.26334634 2.160907e-10 -4189605.8
-618961240000.0 0.26269528 2.1644181e-10 -4041837.8
-617427240000.0 0.26204425 2.1644181e-10 -4041837.8
-615893300000.0 0.26139322 2.1644181e-10 -4041837.8
-614359400000.0 0.2607422 2.1644181e-10 -4041837.8
-612825370000.0 0.26009116 2.1205382e-10 -3971464.5
-611291370000.0 0.2594401 2.1205382e-10 -3971464.5
-609757400000.0 0.2587891 2.1205382e-10 -3971464.5
-608223400000.0 0.25813803 2.1205382e-10 -3971464.5
-606689400000.0 0.257487 2.0513256e-10 -3957578.8
-605155400000.0 0.2568359 2.0513256e-10 -3957578.8
-603621500000.0 0.2561849 2.0513256e-10 -3957578.8
-602087500000.0 0.25553384 2.0513256e-10 -3957578.8
-600553500000.0 0.2548828 1.9870441e-10 -3978841.5
-599019550000.0 0.25423178 1.9870441e-10 -3978841.5
-597485550000.0 0.25358072 1.9870441e-10 -3978841.5
-595951550000.0 0.2529297 1.9870441e-10 -3978841.5
-594417600000.0 0.25227866 1.9305021e-10 -4039367.8
-592883600000.0 0.25162762 1.9305021e-10 -4039367.8
-591349600000.0 0.25097656 1.9305021e-10 -4039367.8
-589815600000.0 0.2503255 1.9305021e-10 -4039367.8
-588281700000.0 0.24967448 1.9139822e-10 -4089239.8
-586747700000.0 0.24902344 1.9139822e-10 -4089239.8
-585213700000.0 0.24837239 1.9139822e-10 -4089239.8
-583679740000.0 0.24772136 1.9139822e-10 -4089239.8
-582145740000.0 0.2470703 1.953506e-10 -4116435.2
-580611740000.0 0.24641925 1.953506e-10 -4116435.2
-579077730000.0 0.2457682 1.953506e-10 -4116435.2
-577543800000.0 0.24511719 1.953506e-10 -4116435.2
-576009800000.0 0.24446614 2.0402832e-10 -4108143.0
-574475800000.0 0.2438151 2.0402832e-10 -4108143.0
-572941860000.0 0.24316406 2.0402832e-10 -4108143.0
-571407900000.0 0.24251305 2.0402832e-10 -4108143.0
-569873900000.0 0.241862 2.1711749e-10 -4048055.8
-568339900000.0 0.24121095 2.1711749e-10 -4048055.8
-566805900000.0 0.2405599 2.1711749e-10 -4048055.8
-565271900000.0 0.23990884 2.1711749e-10 -4048055.8
-563737900000.0 0.2392578 2.330229e-10 -3946314.0
-562204000000.0 0.23860677 2.330229e-10 -3946314.0
-560670050000.0 0.23795573 2.330229e-10 -3946314.0
-559136050000.0 0.23730469 2.330229e-10 -3946314.0
-557602050000.0 0.23665364 2.5090233e-10 -3787260.5
-556068040000.0 0.2360026 2.5090233e-10 -3787260.5
-554534040000.0 0.23535155 2.5090233e-10 -3787260.5
-553000040000.0 0.23470049 2.5090233e-10 -3787260.5
-551466100000.0 0.23404948 2.676815e-10 -3597440.0
-549932200000.0 0.23339845 2.676815e-10 -3597440.0
-548398170000.0 0.23274739 2.676815e-10 -3597440.0
-546864170000.0 0.23209634 2.676815e-10 -3597440.0
-545330200000.0 0.23144531 2.8369224e-10 -3406690.0
-543796200000.0 0.23079427 2.8369224e-10 -3406690.0
-542262200000.0 0.23014322 2.8369224e-10 -3406690.0
-540728260000.0 0.22949219 2.8369224e-10 -3406690.0
-539194300000.0 0.22884116 2.9660227e-10 -3243614.2
-537660300000.0 0.22819011 2.9660227e-10 -3243614.2
-536126300000.0 0.22753906 2.9660227e-10 -3243614.2
-534592320000.0 0.22688803 2.9660227e-10 -3243614.2
-533058360000.0 0.22623697 3.0489922e-10 -3119144.5
-531524350000.0 0.22558592 3.0489922e-10 -3119144.5
-529990400000.0 0.22493489 3.0489922e-10 -3119144.5
-528456420000.0 0.22428386 3.0489922e-10 -3119144.5
-526922400000.0 0.22363281 3.0880237e-10 -3035349.5
-525388400000.0 0.22298177 3.0880237e-10 -3035349.5
-523854480000.0 0.22233073 3.0880237e-10 -3035349.5
-522320480000.0 0.22167969 3.0880237e-10 -3035349.5
-520786480000.0 0.22102864 3.075148e-10 -2909915.5
-519252500000.0 0.22037761 3.075148e-10 -2909915.5
-517718570000.0 0.21972658 3.075148e-10 -2909915.5
-516184570000.0 0.21907552 3.075148e-10 -2909915.5
-514650570000.0 0.21842447 3.104002e-10 -2688588.2
-513116600000.0 0.21777344 3.104002e-10 -2688588.2
-511582600000.0 0.21712239 3.104002e-10 -2688588.2
-510048600000.0 0.21647134 3.104002e-10 -2688588.2
-508514660000.0 0.21582031 3.286686e-10 -2421454.2
-506980700000.0 0.21516928 3.286686e-10 -2421454.2
-505446700000.0 0.21451823 3.286686e-10 -2421454.2
-503912700000.0 0.21386719 3.286686e-10 -2421454.2
-502378730000.0 0.21321616 3.6463468e-10 -2153683.2
-500844760000.0 0.2125651 3.6463468e-10 -2153683.2
-499310760000.0 0.21191405 3.6463468e-10 -2153683.2
-497776800000.0 0.21126302 3.6463468e-10 -2153683.2
-496242820000.0 0.21061198 4.1627204e-10 -1895364.0
-494708820000.0 0.20996094 4.1627204e-10 -1895364.0
-493174820000.0 0.20930989 4.1627204e-10 -1895364.0
-491640880000.0 0.20865886 4.1627204e-10 -1895364.0
-490106880000.0 0.20800781 4.800285e-10 -1673283.4
-488572880000.0 0.20735677 4.800285e-10 -1673283.4
-487038900000.0 0.20670573 4.800285e-10 -1673283.4
-485504970000.0 0.2060547 4.800285e-10 -1673283.4
-483970970000.0 0.20540364 5.688614e-10 -1453090.9
-482436970000.0 0.2047526 5.688614e-10 -1453090.9
-480903000000.0 0.20410156 5.688614e-10 -1453090.9
-479369070000.0 0.20345053 5.688614e-10 -1453090.9
-477835000000.0 0.20279947 6.85356e-10 -1236281.9
-476301070000.0 0.20214844 6.85356e-10 -1236281.9
-474767100000.0 0.2014974 6.85356e-10 -1236281.9
-473233100000.0 0.20084636 6.85356e-10 -1236281.9
-471699100000.0 0.20019531 8.318123e-10 -1036710.0
-470165130000.0 0.19954428 8.318123e-10 -1036710.0
-468631200000.0 0.19889325 8.318123e-10 -1036710.0
-467097160000.0 0.19824217 8.318123e-10 -1036710.0
-465563200000.0 0.19759114 1.0112245e-09 -874828.75
-464029220000.0 0.19694011 1.0112245e-09 -874828.75
-462495220000.0 0.19628906 1.0112245e-09 -874828.75
-460961220000.0 0.19563802 1.0112245e-09 -874828.75
-459427280000.0 0.19498698 1.2239934e-09 -760875.2
-457893300000.0 0.19433595 1.2239934e-09 -760875.2
-456359280000.0 0.19368488 1.2239934e-09 -760875.2
-454825300000.0 0.19303386 1.2239934e-09 -760875.2
-453291380000.0 0.19238283 1.4649706e-09 -686026.1
-451757380000.0 0.19173177 1.4649706e-09 -686026.1
-450223370000.0 0.19108072 1.4649706e-09 -686026.1
-448689400000.0 0.19042969 1.4649706e-09 -686026.1
-447155440000.0 0.18977866 1.7181297e-09 -632553.25
-445621400000.0 0.1891276 1.7181297e-09 -632553.25
-444087470000.0 0.18847656 1.7181297e-09 -632553.25
-442553500000.0 0.18782553 1.7181297e-09 -632553.25
-441019500000.0 0.18717448 1.9803865e-09 -580554.25
-439485500000.0 0.18652342 1.9803865e-09 -580554.25
-437951530000.0 0.1858724 1.9803865e-09 -580554.25
-436417600000.0 0.18522137 1.9803865e-09 -580554.25
-434883530000.0 0.1845703 2.2458384e-09 -525866.75
-433349600000.0 0.18391927 2.2458384e-09 -525866.75
-431815620000.0 0.18326823 2.2458384e-09 -525866.75
-430281620000.0 0.18261719 2.2458384e-09 -525866.75
-428747700000.0 0.18196616 2.4729792e-09 -501708.38
-427213700000.0 0.18131511 2.4729792e-09 -501708.38
-425679700000.0 0.18066408 2.4729792e-09 -501708.38
-424145680000.0 0.180013 2.4729792e-09 -501708.38
-422611700000.0 0.17936198 2.7203544e-09 -474885.47
-421077780000.0 0.17871095 2.7203544e-09 -474885.47
-419543700000.0 0.17805988 2.7203544e-09 -474885.47
-418009840000.0 0.17740889 2.7203544e-09 -474885.47
-416475800000.0 0.17675781 2.9179055e-09 -458371.53
-414941770000.0 0.17610675 2.9179055e-09 -458371.53
-413407900000.0 0.17545575 2.9179055e-09 -458371.53
-411873870000.0 0.17480469 2.9179055e-09 -458371.53
-410339800000.0 0.17415361 3.1266036e-09 -454970.62
-408805930000.0 0.17350262 3.1266036e-09 -454970.62
-407271900000.0 0.17285155 3.1266036e-09 -454970.62
-405737930000.0 0.17220053 3.1266036e-09 -454970.62
-404204000000.0 0.1715495 3.3189569e-09 -451568.6
-402669930000.0 0.17089842 3.3189569e-09 -451568.6
-401136000000.0 0.17024739 3.3189569e-09 -451568.6
-399602020000.0 0.16959636 3.3189569e-09 -451568.6
-398068000000.0 0.1689453 3.5313354e-09 -459442.94
-396534120000.0 0.1682943 3.5313354e-09 -459442.94
-395000100000.0 0.16764323 3.5313354e-09 -459442.94
-393466020000.0 0.16699216 3.5313354e-09 -459442.94
-391932180000.0 0.16634117 3.7661785e-09 -485444.6
-390398100000.0 0.1656901 3.7661785e-09 -485444.6
-388864080000.0 0.16503903 3.7661785e-09 -485444.6
-387330200000.0 0.16438805 3.7661785e-09 -485444.6
-385796180000.0 0.16373697 3.9893204e-09 -520705.78
-384262200000.0 0.16308594 3.9893204e-09 -520705.78
-382728240000.0 0.1624349 3.9893204e-09 -520705.78
-381194200000.0 0.16178384 3.9893204e-09 -520705.78
-379660270000.0 0.16113281 4.20672e-09 -552101.94
-378126300000.0 0.16048178 4.20672e-09 -552101.94
-376592270000.0 0.1598307 4.20672e-09 -552101.94
-375058400000.0 0.15917972 4.20672e-09 -552101.94
-373524330000.0 0.15852864 4.432275e-09 -574638.0
-371990300000.0 0.15787758 4.432275e-09 -574638.0
-370456430000.0 0.15722659 4.432275e-09 -574638.0
-368922400000.0 0.15657552 4.432275e-09 -574638.0
-367388360000.0 0.15592445 4.6485567e-09 -581659.5
-365854500000.0 0.15527347 4.6485567e-09 -581659.5
-364320420000.0 0.15462239 4.6485567e-09 -581659.5
-362786500000.0 0.15397136 4.6485567e-09 -581659.5
-361252520000.0 0.15332033 4.881238e-09 -576749.7
-359718500000.0 0.15266925 4.881238e-09 -576749.7
-358184520000.0 0.15201822 4.881238e-09 -576749.7
-356650580000.0 0.1513672 4.881238e-09 -576749.7
-355116500000.0 0.15071613 5.140616e-09 -562882.4
-353582650000.0 0.15006512 5.140616e-09 -562882.4
-352048600000.0 0.14941406 5.140616e-09 -562882.4
-350514580000.0 0.148763 5.140616e-09 -562882.4
-348980700000.0 0.148112 5.368496e-09 -540797.3
-347446640000.0 0.14746092 5.368496e-09 -540797.3
-345912600000.0 0.14680986 5.368496e-09 -540797.3
-344378740000.0 0.14615887 5.368496e-09 -540797.3
-342844700000.0 0.1455078 5.6525136e-09 -508290.0
-341310730000.0 0.14485677 5.6525136e-09 -508290.0
-339776800000.0 0.14420575 5.6525136e-09 -508290.0
-338242730000.0 0.14355466 5.6525136e-09 -508290.0
-336708800000.0 0.14290364 5.980945e-09 -467247.88
-335174830000.0 0.14225261 5.980945e-09 -467247.88
-333640800000.0 0.14160155 5.980945e-09 -467247.88
-332106920000.0 0.14095055 5.980945e-09 -467247.88
-330572900000.0 0.14029948 6.32328e-09 -429206.4
-329038820000.0 0.13964841 6.32328e-09 -429206.4
-327504950000.0 0.1389974 6.32328e-09 -429206.4
-325970920000.0 0.13834634 6.32328e-09 -429206.4
-324436900000.0 0.13769528 6.629219e-09 -392205.1
-322903000000.0 0.1370443 6.629219e-09 -392205.1
-321368980000.0 0.13639323 6.629219e-09 -392205.1
-319835000000.0 0.13574219 6.629219e-09 -392205.1
-318301040000.0 0.13509116 6.9264683e-09 -352517.0
-316767000000.0 0.1344401 6.9264683e-09 -352517.0
-315233040000.0 0.13378905 6.9264683e-09 -352517.0
-313699100000.0 0.13313803 6.9264683e-09 -352517.0
-312165070000.0 0.13248697 7.1996045e-09 -313030.84
-310631200000.0 0.13183598 7.1996045e-09 -313030.84
-309097140000.0 0.13118489 7.1996045e-09 -313030.84
-307563100000.0 0.13053383 7.1996045e-09 -313030.84
-306029230000.0 0.12988284 7.436888e-09 -277578.0
-304495200000.0 0.12923177 7.436888e-09 -277578.0
-302961130000.0 0.12858069 7.436888e-09 -277578.0
-301427300000.0 0.12792972 7.436888e-09 -277578.0
-299893230000.0 0.12727864 7.639893e-09 -243299.5
-298359300000.0 0.12662761 7.639893e-09 -243299.5
-296825320000.0 0.12597658 7.639893e-09 -243299.5
-295291300000.0 0.1253255 7.639893e-09 -243299.5
-293757320000.0 0.12467448 7.829773e-09 -210705.17
-292223400000.0 0.12402345 7.829773e-09 -210705.17
-290689320000.0 0.123372376 7.829773e-09 -210705.17
-289155450000.0 0.12272138 7.829773e-09 -210705.17
-287621400000.0 0.12207031 7.989236e-09 -186832.23
-286087380000.0 0.12141925 7.989236e-09 -186832.23
-284553500000.0 0.12076825 7.989236e-09 -186832.23
-283019440000.0 0.12011717 7.989236e-09 -186832.23
-281485400000.0 0.11946611 8.128223e-09 -172994.19
-279951540000.0 0.118815124 8.128223e-09 -172994.19
-278417500000.0 0.118164055 8.128223e-09 -172994.19
-276883540000.0 0.11751302 8.128223e-09 -172994.19
-275349600000.0 0.11686199 8.3550145e-09 -158322.95
-273815550000.0 0.11621092 8.3550145e-09 -158322.95
-272281600000.0 0.11555989 8.3550145e-09 -158322.95
-270747630000.0 0.11490886 8.3550145e-09 -158322.95
-269213600000.0 0.11425779 8.724823e-09 -143976.08
-267679730000.0 0.113606796 8.724823e-09 -143976.08
-266145680000.0 0.11295573 8.724823e-09 -143976.08
-264611640000.0 0.11230466 8.724823e-09 -143976.08
-263077770000.0 0.11165367 9.195208e-09 -136778.53
-261543720000.0 0.1110026 9.195208e-09 -136778.53
-260009670000.0 0.11035153 9.195208e-09 -136778.53
-258475820000.0 0.10970054 9.195208e-09 -136778.53
-256941770000.0 0.10904947 9.6853965e-09 -137356.2
-255407820000.0 0.10839844 9.6853965e-09 -137356.2
-253873860000.0 0.107747406 9.6853965e-09 -137356.2
-252339810000.0 0.10709634 9.6853965e-09 -137356.2
-250805860000.0 0.106445305 1.0415834e-08 -115598.71
-249271910000.0 0.10579427 1.0415834e-08 -115598.71
-247737860000.0 0.10514321 1.0415834e-08 -115598.71
-246203990000.0 0.10449222 1.0415834e-08 -115598.71
-244669960000.0 0.10384115 1.1320423e-08 -96680.09
-243135900000.0 0.10319008 1.1320423e-08 -96680.09
-241602040000.0 0.102539085 1.1320423e-08 -96680.09
-240067990000.0 0.101888016 1.1320423e-08 -96680.09
-238533950000.0 0.10123695 1.2153794e-08 -71095.164
-237000080000.0 0.10058595 1.2153794e-08 -71095.164
-235466030000.0 0.09993488 1.2153794e-08 -71095.164
-233932080000.0 0.09928385 1.2153794e-08 -71095.164
-232398130000.0 0.09863283 1.320581e-08 -35950.527
-230864080000.0 0.09798176 1.320581e-08 -35950.527
-229330120000.0 0.09733073 1.320581e-08 -35950.527
-227796170000.0 0.096679695 1.320581e-08 -35950.527
-226262120000.0 0.096028626 1.4347695e-08 2606.97
