morphology_data/1d_wa_a0.1_l8r0.5_00001.ecsv
# %ECSV 1.0
# ---
# datatype:
# - {name: b, datatype: float32}
# - {name: phase, datatype: float32}
# - {name: sigma, datatype: float32}
# - {name: vr, datatype: float32}
# meta: {lambda: 8, rp: 0.5, sep: 0.1, wind: a}
# schema: astropy-2.0
b phase sigma vr
[from data line 610]
-966408140000.0 0.102539085 4.152592e-09 917891.75
-960271940000.0 0.101888016 4.152592e-09 917891.75
-954135800000.0 0.10123695 4.0594506e-09 1010979.7
-948000300000.0 0.10058595 4.0594506e-09 1010979.7
-941864100000.0 0.09993488 4.0594506e-09 1010979.7
-935728300000.0 0.09928385 4.0594506e-09 1010979.7
-929592500000.0 0.09863283 4.0235193e-09 917857.94
-923456300000.0 0.09798176 4.0235193e-09 917857.94
-917320500000.0 0.09733073 4.0235193e-09 917857.94
-911184700000.0 0.096679695 4.0235193e-09 917857.94
-905048500000.0 0.096028626 4.1415005e-09 932380.9
-898913000000.0 0.09537763 4.1415005e-09 932380.9
-892776900000.0 0.09472656 4.1415005e-09 932380.9
-886640700000.0 0.09407549 4.1415005e-09 932380.9
-880505200000.0 0.0934245 4.5249973e-09 1001940.5
-874369060000.0 0.09277343 4.5249973e-09 1001940.5
-868232860000.0 0.09212236 4.5249973e-09 1001940.5
-862097400000.0 0.091471374 4.5249973e-09 1001940.5
-855961240000.0 0.090820305 4.823729e-09 1200779.4
-849825370000.0 0.09016927 4.823729e-09 1200779.4
-843689560000.0 0.08951824 4.823729e-09 1200779.4
-837553400000.0 0.08886717 4.823729e-09 1200779.4
-831417550000.0 0.08821614 4.9473146e-09 1259672.5
-825281740000.0 0.08756511 4.9473146e-09 1259672.5
-819145600000.0 0.08691404 4.9473146e-09 1259672.5
-813010100000.0 0.086263046 4.9473146e-09 1259672.5
-806873900000.0 0.08561198 5.1419216e-09 1475118.2
-800737700000.0 0.08496091 5.1419216e-09 1475118.2
-794602300000.0 0.08430992 5.1419216e-09 1475118.2
-788466100000.0 0.08365885 5.1419216e-09 1475118.2
-782330300000.0 0.08300782 5.3105174e-09 1650669.2
-776194500000.0 0.08235679 5.3105174e-09 1650669.2
-770058300000.0 0.08170572 5.375698e-09 1746866.0
-763922500000.0 0.08105469 5.375698e-09 1746866.0
-757786700000.0 0.080403656 5.7189746e-09 1944254.4
-751650500000.0 0.07975259 5.7189746e-09 1944254.4
-745515000000.0 0.07910159 5.7333143e-09 2052882.8
-739378800000.0 0.07845052 5.7333143e-09 2052882.8
-733242650000.0 0.077799454 5.957249e-09 2117938.8
-727107200000.0 0.07714847 5.957249e-09 2117938.8
-720971000000.0 0.07649739 6.0499667e-09 2144733.2
-714834840000.0 0.07584633 6.0499667e-09 2144733.2
-708699360000.0 0.075195335 6.3729146e-09 2247191.2
-702563160000.0 0.07454426 6.3729146e-09 2247191.2
-696427350000.0 0.073893234 6.4498487e-09 2274511.2
-690291540000.0 0.0732422 6.4498487e-09 2274511.2
-684155340000.0 0.07259113 6.5338273e-09 2265388.2
-678019500000.0 0.0719401 6.5338273e-09 2265388.2
-671883700000.0 0.07128907 6.4584946e-09 2202060.0
-665747500000.0 0.070638 6.4584946e-09 2202060.0
-659612040000.0 0.06998701 6.534316e-09 2165496.2
-653475900000.0 0.069335945 6.534316e-09 2165496.2
-647339700000.0 0.068684876 6.5123205e-09 2141048.5
-641204200000.0 0.068033874 6.5123205e-09 2141048.5
-635068100000.0 0.06738281 6.567028e-09 2179982.0
-628931900000.0 0.06673174 6.567028e-09 2179982.0
-622796400000.0 0.06608075 6.4953563e-09 2193767.0
-616660300000.0 0.06542969 6.4953563e-09 2193767.0
-610524400000.0 0.06477865 6.9180106e-09 2336338.2
-604388600000.0 0.06412762 6.9180106e-09 2336338.2
-598252450000.0 0.063476555 7.15201e-09 2425414.8
-592116600000.0 0.062825516 7.15201e-09 2425414.8
-585980800000.0 0.062174488 8.0107325e-09 2673921.8
-579844640000.0 0.061523426 8.0107325e-09 2673921.8
-573709160000.0 0.060872428 8.104076e-09 2695908.8
-567572960000.0 0.06022136 8.104076e-09 2695908.8
-561436750000.0 0.059570286 8.69389e-09 2783063.2
-555301340000.0 0.058919296 8.69389e-09 2783063.2
-549165140000.0 0.058268227 8.70414e-09 2746445.5
-543028970000.0 0.057617158 8.70414e-09 2746445.5
-536893500000.0 0.056966167 9.2419175e-09 2830446.2
-530757320000.0 0.056315098 9.2419175e-09 2830446.2
-524621480000.0 0.055664066 9.300893e-09 2813097.0
-518485670000.0 0.055013034 9.300893e-09 2813097.0
-512349500000.0 0.05436197 9.9204325e-09 2935650.8
-506213660000.0 0.053710938 9.9204325e-09 2935650.8
-500077850000.0 0.053059906 9.910144e-09 2878928.8
-493941700000.0 0.052408837 9.910144e-09 2878928.8
-487806200000.0 0.051757842 1.0565204e-08 2968800.5
-481670040000.0 0.051106777 1.0565204e-08 2968800.5
-475533840000.0 0.050455708 1.05473195e-08 2887346.0
-469398400000.0 0.049804714 1.05473195e-08 2887346.0
-463262220000.0 0.049153645 1.0923042e-08 2875154.5
-457126020000.0 0.048502576 1.0923042e-08 2875154.5
-450990570000.0 0.047851585 1.1046424e-08 2801649.2
-444854370000.0 0.047200516 1.1046424e-08 2801649.2
-438718560000.0 0.046549484 1.1327597e-08 2742001.2
-432582750000.0 0.045898452 1.1327597e-08 2742001.2
-426446550000.0 0.045247383 1.160778e-08 2697980.5
-420310750000.0 0.04459635 1.160778e-08 2697980.5
-414174940000.0 0.043945324 1.1839977e-08 2595238.0
-408038740000.0 0.043294255 1.1839977e-08 2595238.0
-401903300000.0 0.04264326 1.2162319e-08 2549496.8
-395767100000.0 0.04199219 1.2162319e-08 2549496.8
-389630920000.0 0.041341122 1.23562796e-08 2431651.5
-383495470000.0 0.04069013 1.2517508e-08 2412575.0
-377359270000.0 0.040039062 1.2721386e-08 2385201.5
-371223100000.0 0.039387994 1.2897118e-08 2365271.2
-365087620000.0 0.038736995 1.3099383e-08 2260133.0
-358951450000.0 0.03808593 1.3290279e-08 2240423.8
-352815640000.0 0.0374349 1.3524942e-08 2212432.5
-346679800000.0 0.03678387 1.3732708e-08 2191854.8
-340543640000.0 0.0361328 1.40068e-08 2095460.6
-334407830000.0 0.035481773 1.423348e-08 2075084.5
-328272000000.0 0.034830738 1.4506796e-08 2046543.5
-322135820000.0 0.03417967 1.4754774e-08 2025247.2
-316000340000.0 0.033528678 1.5032613e-08 1919595.0
-309864170000.0 0.03287761 1.5304682e-08 1898672.9
-303728000000.0 0.03222654 1.5626835e-08 1869807.4
-297592520000.0 0.031575546 1.5926274e-08 1847924.2
-291456350000.0 0.030924477 1.615906e-08 1710262.5
-285320200000.0 0.030273411 1.6489754e-08 1689387.6
-279184700000.0 0.029622415 1.68748e-08 1660911.0
-273048520000.0 0.028971346 1.7241376e-08 1639057.1
-266912710000.0 0.028320316 1.743535e-08 1470500.2
-260776890000.0 0.027669284 1.7843329e-08 1450527.8
-254640700000.0 0.027018217 1.8311251e-08 1423395.1
-248504880000.0 0.026367186 1.8767297e-08 1402440.9
-242369050000.0 0.025716154 1.9034998e-08 1241553.8
-236232880000.0 0.025065087 1.9547262e-08 1222781.6
-230097420000.0 0.024414092 2.0127409e-08 1197314.9
-223961240000.0 0.023763025 2.0706029e-08 1177532.6
-217825070000.0 0.023111956 2.1152363e-08 1039034.2
-211689600000.0 0.022460962 2.1810203e-08 1021396.44
-205553420000.0 0.021809895 2.2548466e-08 997585.75
-199417230000.0 0.021158826 2.3302988e-08 978936.4
-193281770000.0 0.020507833 2.3824418e-08 881862.75
-187145600000.0 0.019856764 2.4677684e-08 865292.1
-181009780000.0 0.019205732 2.5630325e-08 843011.6
-174873950000.0 0.018554702 2.6623269e-08 825342.06
-168737770000.0 0.017903633 2.7637363e-08 739255.6
-162601940000.0 0.017252602 2.8804406e-08 722932.3
-156466140000.0 0.016601572 3.010606e-08 701498.0
-150329950000.0 0.015950503 3.149499e-08 684046.5
-144194490000.0 0.015299509 3.316631e-08 610021.7
-138058300000.0 0.014648439 3.4862374e-08 593377.8
-131922125000.0 0.013997372 3.676537e-08 572279.7
-125786660000.0 0.013346379 3.8849713e-08 554398.94
-119650484000.0 0.012695311 4.1179874e-08 502789.25
-113514310000.0 0.012044242 4.379593e-08 485395.34
-107378840000.0 0.011393248 4.6777814e-08 464234.44
-101242670000.0 0.01074218 5.014782e-08 445524.88
-95106840000.0 0.010091149 5.4017487e-08 405312.1
-88971020000.0 0.009440118 5.8503474e-08 386627.4
-82834840000.0 0.008789049 6.377813e-08 364885.66
-76699020000.0 0.008138019 7.001496e-08 344784.2
-70563200000.0 0.0074869874 7.797605e-08 306225.4
-64427020000.0 0.006835919 8.7290246e-08 285796.34
-58291556000.0 0.006184926 9.89634e-08 263114.28
-52155376000.0 0.0055338573 1.1393709e-07 241274.84
-46019200000.0 0.0048827888 1.337421e-07 212679.6
-39883735000.0 0.0042317957 1.6120694e-07 190098.0
-33747554000.0 0.0035807267 2.028946e-07 161777.6
-27611376000.0 0.0029296577 2.675966e-07 137452.48
-21475912000.0 0.0022786648 3.83613e-07 110353.336
-15339732000.0 0.0016275961 6.404243e-07 85517.484
-9203911000.0 0.0009765653 1.5284941e-06 59680.48
9203911000.0 -0.0009765653 1.6569577e-06 -46716.973
15339732000.0 -0.0016275961 6.680305e-07 -99901.97
21475912000.0 -0.0022786648 3.9491547e-07 -151770.44
27611376000.0 -0.0029296577 2.7353417e-07 -205214.62
33747554000.0 -0.0035807267 2.0660025e-07 -255580.28
39883735000.0 -0.0042317957 1.655261e-07 -299991.94
46019200000.0 -0.0048827888 1.3678014e-07 -348988.47
52155376000.0 -0.0055338573 1.1601412e-07 -404947.06
58291556000.0 -0.006184926 1.00507144e-07 -453736.06
64427020000.0 -0.006835919 8.846095e-08 -503292.2
70563200000.0 -0.0074869874 7.8875196e-08 -550897.2
76699020000.0 -0.008138019 7.1388506e-08 -600106.25
82834840000.0 -0.008789049 6.485247e-08 -647477.44
88971020000.0 -0.009440118 5.9343144e-08 -696348.56
95106840000.0 -0.010091149 5.4670416e-08 -742617.9
101242670000.0 -0.01074218 5.0608424e-08 -795756.6
107378840000.0 -0.011393248 4.7113925e-08 -841328.44
113514310000.0 -0.012044242 4.4028397e-08 -889034.8
119650484000.0 -0.012695311 4.1324988e-08 -933497.06
125786660000.0 -0.013346379 3.8892516e-08 -980993.3
131922125000.0 -0.013997372 3.6744552e-08 -1024377.2
138058300000.0 -0.014648439 3.4786062e-08 -1070464.5
144194490000.0 -0.015299509 3.304222e-08 -1112707.0
150329950000.0 -0.015950503 3.1602042e-08 -1143398.4
156466140000.0 -0.016601572 3.0142882e-08 -1184625.2
162601940000.0 -0.017252602 2.878062e-08 -1229234.5
168737770000.0 -0.017903633 2.7560024e-08 -1269289.9
174873950000.0 -0.018554702 2.6416119e-08 -1305991.0
181009780000.0 -0.019205732 2.538092e-08 -1344597.0
187145600000.0 -0.019856764 2.4395627e-08 -1388590.4
193281770000.0 -0.020507833 2.3507768e-08 -1426085.5
199417230000.0 -0.021158826 2.2460988e-08 -1468799.8
205553420000.0 -0.021809895 2.1704748e-08 -1504421.6
211689600000.0 -0.022460962 2.1100176e-08 -1573644.6
217825070000.0 -0.023111956 2.044078e-08 -1608680.2
223961240000.0 -0.023763025 1.97366e-08 -1619419.4
230097420000.0 -0.024414092 1.9156618e-08 -1652395.4
236232880000.0 -0.025065087 1.8841753e-08 -1727853.1
242369050000.0 -0.025716154 1.8328222e-08 -1760085.2
248504880000.0 -0.026367186 1.7633656e-08 -1752124.1
254640700000.0 -0.027018217 1.7176454e-08 -1782047.6
260776890000.0 -0.027669284 1.6955207e-08 -1841703.9
266912710000.0 -0.028320316 1.6546082e-08 -1870394.1
273048520000.0 -0.028971346 1.5997744e-08 -1877764.6
279184700000.0 -0.029622415 1.5629928e-08 -1904699.1
285320200000.0 -0.030273411 1.5417196e-08 -1947889.2
291456350000.0 -0.030924477 1.5085181e-08 -1973545.4
297592520000.0 -0.031575546 1.4689027e-08 -1996642.4
303728000000.0 -0.03222654 1.438837e-08 -2021109.0
309864170000.0 -0.03287761 1.4207567e-08 -2056902.2
316000340000.0 -0.033528678 1.393458e-08 -2080261.1
322135820000.0 -0.03417967 1.3612985e-08 -2100795.5
328272000000.0 -0.034830738 1.3364533e-08 -2123011.0
334407830000.0 -0.035481773 1.3188144e-08 -2151361.5
340543640000.0 -0.0361328 1.2961397e-08 -2172266.2
346679800000.0 -0.03678387 1.2787171e-08 -2099296.2
352815640000.0 -0.0374349 1.2579653e-08 -2117233.5
358951450000.0 -0.03808593 1.2447137e-08 -2143968.8
365087620000.0 -0.038736995 1.2256387e-08 -2160600.0
371223100000.0 -0.039387994 1.236835e-08 -1943985.8
377359270000.0 -0.040039062 1.2192439e-08 -1955549.4
383495470000.0 -0.04069013 1.2083458e-08 -1932538.9
389630920000.0 -0.041341122 1.1924158e-08 -1943476.8
395767100000.0 -0.04199219 1.1769758e-08 -1814414.2
401903300000.0 -0.04264326 1.1769758e-08 -1814414.2
408038740000.0 -0.043294255 1.1438068e-08 -1779990.2
414174940000.0 -0.043945324 1.1438068e-08 -1779990.2
420310750000.0 -0.04459635 1.094303e-08 -1848648.2
426446550000.0 -0.045247383 1.094303e-08 -1848648.2
432582750000.0 -0.045898452 1.0594938e-08 -1846046.6
438718560000.0 -0.046549484 1.0594938e-08 -1846046.6
444854370000.0 -0.047200516 1.0037338e-08 -2040311.6
450990570000.0 -0.047851585 1.0037338e-08 -2040311.6
457126020000.0 -0.048502576 9.771607e-09 -2076104.5
463262220000.0 -0.049153645 9.771607e-09 -2076104.5
469398400000.0 -0.049804714 9.37738e-09 -2343725.2
475533840000.0 -0.050455708 9.37738e-09 -2343725.2
481670040000.0 -0.051106777 9.258773e-09 -2421304.0
487806200000.0 -0.051757842 9.258773e-09 -2421304.0
493941700000.0 -0.052408837 8.980681e-09 -2656627.8
500077850000.0 -0.053059906 8.980681e-09 -2656627.8
506213660000.0 -0.053710938 8.8196765e-09 -2620943.8
512349500000.0 -0.05436197 8.8196765e-09 -2620943.8
518485670000.0 -0.055013034 8.511902e-09 -2675282.0
524621480000.0 -0.055664066 8.511902e-09 -2675282.0
530757320000.0 -0.056315098 8.3672855e-09 -2614249.0
536893500000.0 -0.056966167 8.3672855e-09 -2614249.0
543028970000.0 -0.057617158 8.1098985e-09 -2642406.2
549165140000.0 -0.058268227 8.1098985e-09 -2642406.2
555301340000.0 -0.058919296 8.00188e-09 -2580686.8
561436750000.0 -0.059570286 8.00188e-09 -2580686.8
567572960000.0 -0.06022136 7.783171e-09 -2549856.0
573709160000.0 -0.060872428 7.783171e-09 -2549856.0
579844640000.0 -0.061523426 7.720316e-09 -2502917.8
585980800000.0 -0.062174488 7.720316e-09 -2502917.8
592116600000.0 -0.062825516 7.486133e-09 -2473659.5
598252450000.0 -0.063476555 7.486133e-09 -2473659.5
604388600000.0 -0.06412762 7.4143345e-09 -2432593.2
610524400000.0 -0.06477865 7.4143345e-09 -2432593.2
616660300000.0 -0.06542969 7.311118e-09 -2416782.5
622796400000.0 -0.06608075 7.311118e-09 -2416782.5
628931900000.0 -0.06673174 7.2293207e-09 -2386299.8
635068100000.0 -0.06738281 7.2293207e-09 -2386299.8
641204200000.0 -0.068033874 7.118094e-09 -2384846.5
647339700000.0 -0.068684876 7.118094e-09 -2384846.5
653475900000.0 -0.069335945 6.981871e-09 -2372004.2
659612040000.0 -0.06998701 6.981871e-09 -2372004.2
665747500000.0 -0.070638 6.812778e-09 -2391749.2
671883700000.0 -0.07128907 6.812778e-09 -2391749.2
678019500000.0 -0.0719401 6.652974e-09 -2404212.0
684155340000.0 -0.07259113 6.652974e-09 -2404212.0
690291540000.0 -0.0732422 6.4818315e-09 -2432095.5
696427350000.0 -0.073893234 6.4818315e-09 -2432095.5
702563160000.0 -0.07454426 6.3208754e-09 -2414221.2
708699360000.0 -0.075195335 6.3208754e-09 -2414221.2
714834840000.0 -0.07584633 6.105985e-09 -2405342.5
720971000000.0 -0.07649739 6.105985e-09 -2405342.5
727107200000.0 -0.07714847 5.9230496e-09 -2396252.8
733242650000.0 -0.077799454 5.9230496e-09 -2396252.8
739378800000.0 -0.07845052 5.730119e-09 -2473266.8
745515000000.0 -0.07910159 5.730119e-09 -2473266.8
751650500000.0 -0.07975259 5.634637e-09 -2525051.5
757786700000.0 -0.080403656 5.634637e-09 -2525051.5
763922500000.0 -0.08105469 5.4649183e-09 -2552674.0
770058300000.0 -0.08170572 5.4649183e-09 -2552674.0
776194500000.0 -0.08235679 5.3352047e-09 -2540910.5
782330300000.0 -0.08300782 5.3352047e-09 -2540910.5
788466100000.0 -0.08365885 5.0668767e-09 -2697557.0
794602300000.0 -0.08430992 5.0668767e-09 -2697557.0
800737700000.0 -0.08496091 5.0668767e-09 -2697557.0
806873900000.0 -0.08561198 5.0668767e-09 -2697557.0
813010100000.0 -0.086263046 4.9269e-09 -2793362.5
819145600000.0 -0.08691404 4.9269e-09 -2793362.5
825281740000.0 -0.08756511 4.9269e-09 -2793362.5
831417550000.0 -0.08821614 4.9269e-09 -2793362.5
837553400000.0 -0.08886717 4.8697038e-09 -2828785.5
843689560000.0 -0.08951824 4.8697038e-09 -2828785.5
849825370000.0 -0.09016927 4.8697038e-09 -2828785.5
855961240000.0 -0.090820305 4.8697038e-09 -2828785.5
862097400000.0 -0.091471374 4.862143e-09 -2860875.2
868232860000.0 -0.09212236 4.862143e-09 -2860875.2
874369060000.0 -0.09277343 4.862143e-09 -2860875.2
880505200000.0 -0.0934245 4.862143e-09 -2860875.2
886640700000.0 -0.09407549 5.0232836e-09 -2914495.5
892776900000.0 -0.09472656 5.0232836e-09 -2914495.5
898913000000.0 -0.09537763 5.0232836e-09 -2914495.5
905048500000.0 -0.096028626 5.0232836e-09 -2914495.5
911184700000.0 -0.096679695 5.478558e-09 -2969793.5
917320500000.0 -0.09733073 5.478558e-09 -2969793.5
923456300000.0 -0.09798176 5.478558e-09 -2969793.5
929592500000.0 -0.09863283 5.478558e-09 -2969793.5
935728300000.0 -0.09928385 6.219123e-09 -2818374.0
