morphology_data/1d_wa_a0.1_l4r2_00001.ecsv
# %ECSV 1.0
# ---
# datatype:
# - {name: b, datatype: float32}
# - {name: phase, datatype: float32}
# - {name: sigma, datatype: float32}
# - {name: vr, datatype: float32}
# meta: {lambda: 4, rp: 2.0, sep: 0.1, wind: a}
# schema: astropy-2.0
b phase sigma vr
[from data line 977]
1310019800000.0 -0.1389974 5.8516825e-08 -488984.53
1316155300000.0 -0.13964841 5.8516825e-08 -488984.53
1322291600000.0 -0.14029948 5.8516825e-08 -488984.53
1328427700000.0 -0.14095055 5.6515752e-08 -518875.44
1334563200000.0 -0.14160155 5.6515752e-08 -518875.44
1340699300000.0 -0.14225261 5.6515752e-08 -518875.44
1346835600000.0 -0.14290369 5.6515752e-08 -518875.44
1352970900000.0 -0.14355466 5.440822e-08 -551399.25
1359107200000.0 -0.14420575 5.440822e-08 -551399.25
1365243300000.0 -0.14485681 5.440822e-08 -551399.25
1371378800000.0 -0.1455078 5.440822e-08 -551399.25
1377514300000.0 -0.1461588 5.2417782e-08 -582039.0
1383651200000.0 -0.14680995 5.2417782e-08 -582039.0
1389786600000.0 -0.14746092 5.2417782e-08 -582039.0
1395922000000.0 -0.14811192 5.2417782e-08 -582039.0
1402059000000.0 -0.14876308 5.0390668e-08 -614383.4
1408194400000.0 -0.14941406 5.0390668e-08 -614383.4
1414329900000.0 -0.15006506 5.0390668e-08 -614383.4
1420466800000.0 -0.1507162 5.0390668e-08 -614383.4
1426602300000.0 -0.1513672 4.8338002e-08 -647857.7
1432737700000.0 -0.15201817 4.8338002e-08 -647857.7
1438874600000.0 -0.15266933 4.8338002e-08 -647857.7
1445010100000.0 -0.15332033 4.8338002e-08 -647857.7
1451145600000.0 -0.15397131 4.644344e-08 -684950.3
1457281700000.0 -0.15462239 4.644344e-08 -684950.3
1463418000000.0 -0.15527347 4.644344e-08 -684950.3
1469553400000.0 -0.15592445 4.644344e-08 -684950.3
1475689600000.0 -0.15657552 4.5160363e-08 -723918.75
1481825700000.0 -0.15722659 4.5160363e-08 -723918.75
1487961200000.0 -0.15787758 4.5160363e-08 -723918.75
1494097300000.0 -0.15852864 4.5160363e-08 -723918.75
1500233600000.0 -0.15917972 4.4249806e-08 -764720.94
1506369100000.0 -0.1598307 4.4249806e-08 -764720.94
1512505200000.0 -0.16048178 4.4249806e-08 -764720.94
1518641300000.0 -0.16113284 4.4249806e-08 -764720.94
1524776800000.0 -0.16178384 4.3450598e-08 -805576.6
1530913000000.0 -0.1624349 4.3450598e-08 -805576.6
1537049200000.0 -0.16308598 4.3450598e-08 -805576.6
1543184700000.0 -0.16373697 4.3450598e-08 -805576.6
1549320200000.0 -0.16438797 4.257175e-08 -842938.44
1555457000000.0 -0.1650391 4.257175e-08 -842938.44
1561592500000.0 -0.1656901 4.257175e-08 -842938.44
1567728000000.0 -0.1663411 4.257175e-08 -842938.44
1573864900000.0 -0.16699223 4.1456374e-08 -886322.2
1580000300000.0 -0.16764323 4.1456374e-08 -886322.2
1586135800000.0 -0.16829422 4.1456374e-08 -886322.2
1592272600000.0 -0.16894537 4.1456374e-08 -886322.2
1598408100000.0 -0.16959636 4.02174e-08 -932242.94
1604543600000.0 -0.17024736 4.02174e-08 -932242.94
1610679700000.0 -0.17089842 4.02174e-08 -932242.94
1616816000000.0 -0.1715495 4.02174e-08 -932242.94
1622951500000.0 -0.17220049 3.8829505e-08 -970492.8
1629087600000.0 -0.17285155 3.8829505e-08 -970492.8
1635223700000.0 -0.17350262 3.8829505e-08 -970492.8
1641359200000.0 -0.17415361 3.8829505e-08 -970492.8
1647495500000.0 -0.17480469 3.724948e-08 -996117.9
1653631600000.0 -0.17545575 3.724948e-08 -996117.9
1659767100000.0 -0.17610675 3.724948e-08 -996117.9
1665903200000.0 -0.17675781 3.724948e-08 -996117.9
1672039400000.0 -0.17740889 3.5459887e-08 -1011842.8
1678174800000.0 -0.17805988 3.5459887e-08 -1011842.8
1684311100000.0 -0.17871095 3.5459887e-08 -1011842.8
1690447200000.0 -0.17936201 3.5459887e-08 -1011842.8
1696582700000.0 -0.180013 3.367534e-08 -1021843.56
1702718200000.0 -0.180664 3.367534e-08 -1021843.56
1708855000000.0 -0.18131514 3.367534e-08 -1021843.56
1714990500000.0 -0.18196614 3.367534e-08 -1021843.56
1721126000000.0 -0.18261713 3.188864e-08 -1034398.1
1727262900000.0 -0.18326828 3.188864e-08 -1034398.1
1733398400000.0 -0.18391927 3.188864e-08 -1034398.1
1739533800000.0 -0.18457027 3.188864e-08 -1034398.1
1745670800000.0 -0.1852214 3.014499e-08 -1053855.9
1751806100000.0 -0.1858724 3.014499e-08 -1053855.9
1757941600000.0 -0.1865234 3.014499e-08 -1053855.9
1764078500000.0 -0.18717454 3.014499e-08 -1053855.9
1770214000000.0 -0.18782553 2.8454455e-08 -1079964.0
1776349500000.0 -0.18847652 2.8454455e-08 -1079964.0
1782485600000.0 -0.1891276 2.8454455e-08 -1079964.0
1788621800000.0 -0.18977866 2.8454455e-08 -1079964.0
1794757200000.0 -0.19042966 2.6878254e-08 -1112168.0
1800893500000.0 -0.19108072 2.6878254e-08 -1112168.0
1807029600000.0 -0.1917318 2.6878254e-08 -1112168.0
1813165100000.0 -0.19238278 2.6878254e-08 -1112168.0
1819301200000.0 -0.19303386 2.5444482e-08 -1154348.5
1825437500000.0 -0.19368492 2.5444482e-08 -1154348.5
1831572900000.0 -0.19433591 2.5444482e-08 -1154348.5
1837709100000.0 -0.19498698 2.5444482e-08 -1154348.5
1843845300000.0 -0.19563805 2.4230287e-08 -1205371.8
1849980700000.0 -0.19628905 2.4230287e-08 -1205371.8
1856116900000.0 -0.19694011 2.4230287e-08 -1205371.8
1862253200000.0 -0.19759119 2.4230287e-08 -1205371.8
1868388600000.0 -0.19824217 2.3367074e-08 -1264934.2
1874524000000.0 -0.19889317 2.3367074e-08 -1264934.2
1880660900000.0 -0.19954431 2.3367074e-08 -1264934.2
1886796400000.0 -0.20019531 2.3367074e-08 -1264934.2
1892931900000.0 -0.2008463 2.2821512e-08 -1330457.6
1899068800000.0 -0.20149745 2.2821512e-08 -1330457.6
1905204300000.0 -0.20214844 2.2821512e-08 -1330457.6
1911339600000.0 -0.20279942 2.2821512e-08 -1330457.6
1917476500000.0 -0.20345058 2.2646471e-08 -1398775.6
1923612000000.0 -0.20410156 2.2646471e-08 -1398775.6
1929747500000.0 -0.20475256 2.2646471e-08 -1398775.6
1935884400000.0 -0.2054037 2.2646471e-08 -1398775.6
1942019900000.0 -0.2060547 2.2602178e-08 -1462228.0
1948155400000.0 -0.20670569 2.2602178e-08 -1462228.0
1954291500000.0 -0.20735677 2.2602178e-08 -1462228.0
1960427700000.0 -0.20800783 2.2602178e-08 -1462228.0
1966563100000.0 -0.20865881 2.2643642e-08 -1520073.6
1972699300000.0 -0.20930989 2.2643642e-08 -1520073.6
1978835500000.0 -0.20996095 2.2643642e-08 -1520073.6
1984971000000.0 -0.21061195 2.2643642e-08 -1520073.6
1991107100000.0 -0.21126302 2.273635e-08 -1570315.8
1997243300000.0 -0.21191409 2.273635e-08 -1570315.8
2003378800000.0 -0.21256508 2.273635e-08 -1570315.8
2009514900000.0 -0.21321616 2.273635e-08 -1570315.8
2015651200000.0 -0.21386722 2.2921931e-08 -1613877.8
2021786600000.0 -0.2145182 2.2921931e-08 -1613877.8
2027922800000.0 -0.21516928 2.2921931e-08 -1613877.8
2034058900000.0 -0.21582034 2.2921931e-08 -1613877.8
2040194400000.0 -0.21647134 2.3246766e-08 -1649483.9
2046329900000.0 -0.21712233 2.3246766e-08 -1649483.9
2052466800000.0 -0.21777348 2.3246766e-08 -1649483.9
2058602300000.0 -0.21842447 2.3246766e-08 -1649483.9
2064737800000.0 -0.21907547 2.369393e-08 -1681439.1
2070874600000.0 -0.2197266 2.369393e-08 -1681439.1
2077010000000.0 -0.22037761 2.369393e-08 -1681439.1
2083145500000.0 -0.2210286 2.369393e-08 -1681439.1
2089282400000.0 -0.22167975 2.4149307e-08 -1715701.8
2095417900000.0 -0.22233073 2.4149307e-08 -1715701.8
2101553400000.0 -0.22298172 2.4149307e-08 -1715701.8
2107690200000.0 -0.22363287 2.4149307e-08 -1715701.8
2113825700000.0 -0.22428386 2.4591127e-08 -1749552.1
2119961100000.0 -0.22493486 2.4591127e-08 -1749552.1
2126097400000.0 -0.22558592 2.4591127e-08 -1749552.1
2132233600000.0 -0.226237 2.4591127e-08 -1749552.1
2138369000000.0 -0.22688799 2.5009655e-08 -1783044.1
2144505200000.0 -0.22753906 2.5009655e-08 -1783044.1
2150641300000.0 -0.22819012 2.5009655e-08 -1783044.1
2156776800000.0 -0.22884111 2.5009655e-08 -1783044.1
2162913000000.0 -0.22949219 2.5419554e-08 -1813068.4
2169049200000.0 -0.23014325 2.5419554e-08 -1813068.4
2175184700000.0 -0.23079425 2.5419554e-08 -1813068.4
2181320800000.0 -0.23144531 2.5419554e-08 -1813068.4
2187457100000.0 -0.23209639 2.5741036e-08 -1840753.6
2193592400000.0 -0.23274738 2.5741036e-08 -1840753.6
2199728700000.0 -0.23339845 2.5741036e-08 -1840753.6
2205865000000.0 -0.23404953 2.5741036e-08 -1840753.6
2212000200000.0 -0.23470049 2.6028019e-08 -1867070.1
2218135700000.0 -0.23535149 2.6028019e-08 -1867070.1
2224272700000.0 -0.23600265 2.6028019e-08 -1867070.1
2230408200000.0 -0.23665364 2.6028019e-08 -1867070.1
2236543700000.0 -0.23730463 2.6348115e-08 -1885681.4
2242680500000.0 -0.23795578 2.6348115e-08 -1885681.4
2248816000000.0 -0.23860677 2.6348115e-08 -1885681.4
2254951400000.0 -0.23925777 2.6348115e-08 -1885681.4
2261088200000.0 -0.2399089 2.670869e-08 -1896032.5
2267223700000.0 -0.2405599 2.670869e-08 -1896032.5
2273359200000.0 -0.2412109 2.670869e-08 -1896032.5
2279496200000.0 -0.24186206 2.670869e-08 -1896032.5
2285631700000.0 -0.24251305 2.7112078e-08 -1893077.4
2291767000000.0 -0.243164 2.7112078e-08 -1893077.4
2297903200000.0 -0.2438151 2.7112078e-08 -1893077.4
2304039500000.0 -0.24446616 2.7112078e-08 -1893077.4
2310175000000.0 -0.24511716 2.7623038e-08 -1888453.2
2316311000000.0 -0.2457682 2.7623038e-08 -1888453.2
2322447200000.0 -0.2464193 2.7623038e-08 -1888453.2
2328582700000.0 -0.24707028 2.7623038e-08 -1888453.2
2334719000000.0 -0.24772136 2.8384333e-08 -1888921.0
2340855000000.0 -0.24837242 2.8384333e-08 -1888921.0
2346990400000.0 -0.24902342 2.8384333e-08 -1888921.0
2353126700000.0 -0.24967448 2.8384333e-08 -1888921.0
2359263000000.0 -0.25032556 2.9439486e-08 -1898860.5
2365398500000.0 -0.25097656 2.9439486e-08 -1898860.5
2371534500000.0 -0.25162762 2.9439486e-08 -1898860.5
2377670700000.0 -0.2522787 2.9439486e-08 -1898860.5
2383806200000.0 -0.2529297 3.0746662e-08 -1910192.5
2389941700000.0 -0.25358066 3.0746662e-08 -1910192.5
2396078500000.0 -0.2542318 3.0746662e-08 -1910192.5
2402214000000.0 -0.2548828 3.0746662e-08 -1910192.5
2408349400000.0 -0.2555338 3.2296374e-08 -1921001.2
2414486200000.0 -0.25618494 3.2296374e-08 -1921001.2
2420621700000.0 -0.2568359 3.2296374e-08 -1921001.2
2426757200000.0 -0.25748694 3.2296374e-08 -1921001.2
2432894200000.0 -0.25813806 3.3800415e-08 -1932980.8
2439029700000.0 -0.2587891 3.3800415e-08 -1932980.8
2445165200000.0 -0.2594401 3.3800415e-08 -1932980.8
2451302000000.0 -0.26009122 3.3800415e-08 -1932980.8
2457437500000.0 -0.2607422 3.5371187e-08 -1942863.1
2463573000000.0 -0.2613932 3.5371187e-08 -1942863.1
2469709000000.0 -0.26204425 3.5371187e-08 -1942863.1
2475845200000.0 -0.26269534 3.5371187e-08 -1942863.1
2481980700000.0 -0.2633463 3.710068e-08 -1924252.2
2488117000000.0 -0.2639974 3.710068e-08 -1924252.2
2494253000000.0 -0.26464844 3.710068e-08 -1924252.2
2500388500000.0 -0.26529944 3.710068e-08 -1924252.2
2506524700000.0 -0.26595053 3.8644846e-08 -1889659.9
2512661000000.0 -0.2666016 3.8644846e-08 -1889659.9
2518796500000.0 -0.2672526 3.8644846e-08 -1889659.9
2524932500000.0 -0.26790366 3.8644846e-08 -1889659.9
2531068700000.0 -0.26855472 4.0413244e-08 -1823550.8
2537204200000.0 -0.26920572 4.0413244e-08 -1823550.8
2543340500000.0 -0.2698568 4.0413244e-08 -1823550.8
2549476500000.0 -0.27050784 4.0413244e-08 -1823550.8
2555612000000.0 -0.27115884 4.2038067e-08 -1723671.6
2561747500000.0 -0.27180985 4.2038067e-08 -1723671.6
2567884200000.0 -0.27246097 4.2038067e-08 -1723671.6
2574019700000.0 -0.27311197 4.2038067e-08 -1723671.6
2580155200000.0 -0.27376294 4.33468e-08 -1595072.9
2586292300000.0 -0.27441412 4.33468e-08 -1595072.9
2592427700000.0 -0.2750651 4.33468e-08 -1595072.9
2598563200000.0 -0.27571613 4.33468e-08 -1595072.9
2604700000000.0 -0.27636725 4.41762e-08 -1447930.4
2610835500000.0 -0.27701825 4.41762e-08 -1447930.4
2616971000000.0 -0.27766922 4.41762e-08 -1447930.4
2623107800000.0 -0.27832037 4.41762e-08 -1447930.4
2629243200000.0 -0.27897137 4.467495e-08 -1317083.6
2635378700000.0 -0.27962235 4.467495e-08 -1317083.6
2641515000000.0 -0.28027344 4.467495e-08 -1317083.6
2647651300000.0 -0.28092453 4.467495e-08 -1317083.6
2653786500000.0 -0.28157547 4.53555e-08 -1218493.6
2659922700000.0 -0.28222656 4.53555e-08 -1218493.6
2666059000000.0 -0.28287762 4.53555e-08 -1218493.6
2672194500000.0 -0.28352863 4.53555e-08 -1218493.6
2678330500000.0 -0.28417966 4.627733e-08 -1177607.5
2684466800000.0 -0.28483075 4.627733e-08 -1177607.5
2690602200000.0 -0.28548175 4.627733e-08 -1177607.5
2696738500000.0 -0.28613284 4.627733e-08 -1177607.5
2702874500000.0 -0.28678387 4.757013e-08 -1176987.8
2709010000000.0 -0.28743488 4.757013e-08 -1176987.8
2715146300000.0 -0.28808594 4.757013e-08 -1176987.8
2721282500000.0 -0.28873703 4.757013e-08 -1176987.8
2727418000000.0 -0.28938803 4.879491e-08 -1219810.6
2733553200000.0 -0.29003897 4.879491e-08 -1219810.6
2739690300000.0 -0.29069015 4.879491e-08 -1219810.6
2745825800000.0 -0.29134116 4.879491e-08 -1219810.6
2751961200000.0 -0.29199213 5.0298368e-08 -1298437.1
2758098000000.0 -0.29264328 5.0298368e-08 -1298437.1
2764233500000.0 -0.29329428 5.0298368e-08 -1298437.1
2770369000000.0 -0.29394525 5.0298368e-08 -1298437.1
2776505800000.0 -0.2945964 5.1615153e-08 -1429685.2
2782641300000.0 -0.2952474 5.1615153e-08 -1429685.2
2788776700000.0 -0.2958984 5.1615153e-08 -1429685.2
2794913800000.0 -0.29654956 5.1615153e-08 -1429685.2
2801049300000.0 -0.29720056 5.2661996e-08 -1584484.0
2807184800000.0 -0.29785153 5.2661996e-08 -1584484.0
2813320800000.0 -0.2985026 5.2661996e-08 -1584484.0
2819457000000.0 -0.29915366 5.2661996e-08 -1584484.0
2825592500000.0 -0.29980466 5.3665886e-08 -1706965.2
2831728500000.0 -0.30045572 5.3665886e-08 -1706965.2
2837864800000.0 -0.30110678 5.3665886e-08 -1706965.2
2844000300000.0 -0.30175778 5.3665886e-08 -1706965.2
2850136500000.0 -0.30240884 5.408245e-08 -1796688.9
2856272500000.0 -0.3030599 5.408245e-08 -1796688.9
2862408000000.0 -0.3037109 5.408245e-08 -1796688.9
2868544300000.0 -0.304362 5.408245e-08 -1796688.9
2874680500000.0 -0.30501306 5.3738496e-08 -1878691.6
2880816000000.0 -0.30566406 5.3738496e-08 -1878691.6
2886952000000.0 -0.30631512 5.3738496e-08 -1878691.6
2893088300000.0 -0.3069662 5.3738496e-08 -1878691.6
2899223800000.0 -0.3076172 5.2827108e-08 -1926399.5
2905359300000.0 -0.30826816 5.2827108e-08 -1926399.5
2911496000000.0 -0.3089193 5.2827108e-08 -1926399.5
2917631500000.0 -0.3095703 5.2827108e-08 -1926399.5
2923767000000.0 -0.3102213 5.09146e-08 -1914863.9
2929903800000.0 -0.31087244 5.09146e-08 -1914863.9
2936039300000.0 -0.3115234 5.09146e-08 -1914863.9
2942174800000.0 -0.31217444 5.09146e-08 -1914863.9
2948311800000.0 -0.3128256 4.831936e-08 -1855265.5
2954447300000.0 -0.31347656 4.831936e-08 -1855265.5
2960582800000.0 -0.3141276 4.831936e-08 -1855265.5
2966719600000.0 -0.31477872 4.831936e-08 -1855265.5
2972855000000.0 -0.3154297 4.5343022e-08 -1778015.5
2978990500000.0 -0.3160807 4.5343022e-08 -1778015.5
2985126800000.0 -0.31673178 4.5343022e-08 -1778015.5
2991262800000.0 -0.31738284 4.5343022e-08 -1778015.5
2997398300000.0 -0.3180338 4.257084e-08 -1715412.0
3003534500000.0 -0.3186849 4.257084e-08 -1715412.0
3009670500000.0 -0.31933597 4.257084e-08 -1715412.0
3015806000000.0 -0.31998697 4.257084e-08 -1715412.0
3021942300000.0 -0.32063803 4.0219508e-08 -1693682.2
3028078600000.0 -0.3212891 4.0219508e-08 -1693682.2
3034214000000.0 -0.3219401 4.0219508e-08 -1693682.2
3040350000000.0 -0.32259116 4.0219508e-08 -1693682.2
3046486300000.0 -0.32324222 3.830789e-08 -1648182.0
3052621800000.0 -0.32389322 3.830789e-08 -1648182.0
3058758000000.0 -0.32454428 3.830789e-08 -1648182.0
3064894000000.0 -0.32519534 3.830789e-08 -1648182.0
3071029500000.0 -0.32584634 3.7329023e-08 -1505082.5
3077165000000.0 -0.32649735 3.7329023e-08 -1505082.5
3083302000000.0 -0.3271485 3.7329023e-08 -1505082.5
3089437300000.0 -0.32779947 3.7329023e-08 -1505082.5
3095572800000.0 -0.32845047 3.7413553e-08 -1266981.8
3101709800000.0 -0.32910162 3.7413553e-08 -1266981.8
3107845300000.0 -0.3297526 3.7413553e-08 -1266981.8
3113980800000.0 -0.3304036 3.7413553e-08 -1266981.8
3120117600000.0 -0.33105475 3.634627e-08 -1235561.4
3126253000000.0 -0.33170575 3.634627e-08 -1235561.4
3132388500000.0 -0.33235672 3.634627e-08 -1235561.4
3138524800000.0 -0.3330078 3.634627e-08 -1235561.4
3144660800000.0 -0.33365887 3.4381465e-08 -1363753.4
3150796300000.0 -0.33430985 3.4381465e-08 -1363753.4
3156932600000.0 -0.33496094 3.4381465e-08 -1363753.4
3163068800000.0 -0.335612 3.4381465e-08 -1363753.4
3169204000000.0 -0.336263 3.1801846e-08 -1642113.6
3175340300000.0 -0.33691406 3.1801846e-08 -1642113.6
