morphology_data/1d_wb_a0.025_l2r0.5_00001.ecsv
# %ECSV 1.0
# ---
# datatype:
# - {name: b, datatype: float32}
# - {name: phase, datatype: float32}
# - {name: sigma, datatype: float32}
# - {name: vr, datatype: float32}
# meta: {lambda: 2, rp: 0.5, sep: 0.025, wind: b}
# schema: astropy-2.0
b phase sigma vr
[from data line 1338]
881272100000.0 -0.37402347 5.7425325e-11 -7688857.0
882805900000.0 -0.37467447 5.7425325e-11 -7688857.0
884339970000.0 -0.37532553 5.4779296e-11 -8051809.0
885874000000.0 -0.3759766 5.4779296e-11 -8051809.0
887407900000.0 -0.3766276 5.4779296e-11 -8051809.0
888941900000.0 -0.37727866 5.4779296e-11 -8051809.0
890476000000.0 -0.37792972 5.0953963e-11 -8395120.0
892009840000.0 -0.37858072 5.0953963e-11 -8395120.0
893543700000.0 -0.37923172 5.0953963e-11 -8395120.0
895077900000.0 -0.37988284 5.0953963e-11 -8395120.0
896611800000.0 -0.38053384 4.6111715e-11 -8669502.0
898145650000.0 -0.38118485 4.6111715e-11 -8669502.0
899679900000.0 -0.381836 4.6111715e-11 -8669502.0
901213800000.0 -0.38248697 4.6111715e-11 -8669502.0
902747600000.0 -0.38313797 4.149098e-11 -8836174.0
904281850000.0 -0.38378912 4.149098e-11 -8836174.0
905815700000.0 -0.3844401 4.149098e-11 -8836174.0
907349600000.0 -0.3850911 4.149098e-11 -8836174.0
908883800000.0 -0.38574225 3.798012e-11 -8871014.0
910417660000.0 -0.38639325 3.798012e-11 -8871014.0
911951500000.0 -0.38704422 3.798012e-11 -8871014.0
913485600000.0 -0.3876953 3.798012e-11 -8871014.0
915019600000.0 -0.38834637 3.576841e-11 -8798658.0
916553470000.0 -0.38899738 3.576841e-11 -8798658.0
918087500000.0 -0.38964844 3.576841e-11 -8798658.0
919621600000.0 -0.3902995 3.576841e-11 -8798658.0
921155500000.0 -0.3909505 3.4649356e-11 -8687226.0
922689500000.0 -0.39160156 3.4649356e-11 -8687226.0
924223540000.0 -0.39225262 3.4649356e-11 -8687226.0
925757400000.0 -0.39290363 3.4649356e-11 -8687226.0
927291400000.0 -0.3935547 3.4277033e-11 -8602634.0
928825500000.0 -0.39420575 3.4277033e-11 -8602634.0
930359350000.0 -0.39485675 3.4277033e-11 -8602634.0
931893400000.0 -0.3955078 3.4277033e-11 -8602634.0
933427400000.0 -0.3961589 3.443193e-11 -8567154.0
934961300000.0 -0.39680988 3.443193e-11 -8567154.0
936495150000.0 -0.39746088 3.443193e-11 -8567154.0
938029400000.0 -0.39811203 3.443193e-11 -8567154.0
939563300000.0 -0.398763 3.5220746e-11 -8567734.0
941097160000.0 -0.399414 3.5220746e-11 -8567734.0
942631350000.0 -0.40006515 3.5220746e-11 -8567734.0
944165200000.0 -0.40071616 3.5220746e-11 -8567734.0
945699100000.0 -0.40136713 3.6791403e-11 -8585437.0
947233300000.0 -0.40201828 3.6791403e-11 -8585437.0
948767160000.0 -0.40266928 3.6791403e-11 -8585437.0
950301000000.0 -0.40332028 3.6791403e-11 -8585437.0
951835200000.0 -0.4039714 3.9199522e-11 -8603304.0
953369100000.0 -0.4046224 3.9199522e-11 -8603304.0
954903000000.0 -0.4052734 3.9199522e-11 -8603304.0
956437040000.0 -0.40592447 3.9199522e-11 -8603304.0
957971100000.0 -0.40657553 4.26415e-11 -8585070.0
959505000000.0 -0.40722653 4.26415e-11 -8585070.0
961039000000.0 -0.4078776 4.26415e-11 -8585070.0
962573040000.0 -0.40852866 4.26415e-11 -8585070.0
964106900000.0 -0.40917966 4.72022e-11 -8494444.0
965641000000.0 -0.40983072 4.72022e-11 -8494444.0
967175000000.0 -0.4104818 4.72022e-11 -8494444.0
968708850000.0 -0.41113278 4.72022e-11 -8494444.0
970242900000.0 -0.41178387 5.2532825e-11 -8346389.5
971776900000.0 -0.41243494 5.2532825e-11 -8346389.5
973310800000.0 -0.4130859 5.2532825e-11 -8346389.5
974844850000.0 -0.413737 5.2532825e-11 -8346389.5
976378900000.0 -0.41438806 5.783108e-11 -8175013.5
977912800000.0 -0.41503906 5.783108e-11 -8175013.5
979446660000.0 -0.41569003 5.783108e-11 -8175013.5
980980860000.0 -0.4163412 5.783108e-11 -8175013.5
982514700000.0 -0.4169922 6.232349e-11 -8005729.0
984048600000.0 -0.4176432 6.232349e-11 -8005729.0
985582800000.0 -0.4182943 6.232349e-11 -8005729.0
987116670000.0 -0.4189453 6.232349e-11 -8005729.0
988650540000.0 -0.4195963 6.5660796e-11 -7841520.0
990184800000.0 -0.42024744 6.5660796e-11 -7841520.0
991718700000.0 -0.42089844 6.5660796e-11 -7841520.0
993252500000.0 -0.42154944 6.5660796e-11 -7841520.0
994786740000.0 -0.4222006 6.8054624e-11 -7662445.5
996320600000.0 -0.42285156 6.8054624e-11 -7662445.5
997854500000.0 -0.42350256 6.8054624e-11 -7662445.5
999388500000.0 -0.42415363 6.8054624e-11 -7662445.5
1000922550000.0 -0.42480472 7.007083e-11 -7437077.5
1002456400000.0 -0.4254557 7.007083e-11 -7437077.5
1003990500000.0 -0.42610675 7.007083e-11 -7437077.5
1005524500000.0 -0.42675784 7.007083e-11 -7437077.5
1007058350000.0 -0.4274088 7.310765e-11 -7144414.5
1008592400000.0 -0.4280599 7.310765e-11 -7144414.5
1010126500000.0 -0.42871097 7.310765e-11 -7144414.5
1011660360000.0 -0.42936197 7.310765e-11 -7144414.5
1013194360000.0 -0.43001303 7.775484e-11 -6803209.5
1014728400000.0 -0.4306641 7.775484e-11 -6803209.5
1016262300000.0 -0.4313151 7.775484e-11 -6803209.5
1017796300000.0 -0.43196616 7.775484e-11 -6803209.5
1019330360000.0 -0.43261722 8.385723e-11 -6457264.5
1020864230000.0 -0.43326822 8.385723e-11 -6457264.5
1022398100000.0 -0.43391922 8.385723e-11 -6457264.5
1023932300000.0 -0.43457034 8.385723e-11 -6457264.5
1025466200000.0 -0.43522134 9.0874384e-11 -6132107.5
1027000040000.0 -0.43587235 9.0874384e-11 -6132107.5
1028534300000.0 -0.4365235 9.0874384e-11 -6132107.5
1030068200000.0 -0.43717447 9.0874384e-11 -6132107.5
1031602040000.0 -0.43782547 9.862061e-11 -5826627.5
1033136240000.0 -0.43847662 9.862061e-11 -5826627.5
1034670100000.0 -0.43912762 9.862061e-11 -5826627.5
1036204000000.0 -0.4397786 9.862061e-11 -5826627.5
1037738200000.0 -0.44042975 1.0679668e-10 -5537885.0
1039272050000.0 -0.44108075 1.0679668e-10 -5537885.0
1040805900000.0 -0.44173172 1.0679668e-10 -5537885.0
1042340000000.0 -0.4423828 1.0679668e-10 -5537885.0
1043874000000.0 -0.44303387 1.1552044e-10 -5295156.0
1045407860000.0 -0.44368488 1.1552044e-10 -5295156.0
1046941900000.0 -0.44433594 1.1552044e-10 -5295156.0
1048476000000.0 -0.444987 1.1552044e-10 -5295156.0
1050009860000.0 -0.445638 1.2485397e-10 -5103835.0
1051543860000.0 -0.44628906 1.2485397e-10 -5103835.0
1053077900000.0 -0.44694012 1.2485397e-10 -5103835.0
1054611800000.0 -0.44759113 1.2485397e-10 -5103835.0
1056145870000.0 -0.4482422 1.3469889e-10 -4940122.5
1057679900000.0 -0.44889325 1.3469889e-10 -4940122.5
1059213740000.0 -0.44954425 1.3469889e-10 -4940122.5
1060747800000.0 -0.4501953 1.3469889e-10 -4940122.5
1062281800000.0 -0.4508464 1.4449503e-10 -4802104.5
1063815700000.0 -0.45149738 1.4449503e-10 -4802104.5
1065349550000.0 -0.45214838 1.4449503e-10 -4802104.5
1066883800000.0 -0.45279953 1.4449503e-10 -4802104.5
1068417700000.0 -0.45345053 1.5280308e-10 -4710377.5
1069951550000.0 -0.4541015 1.5280308e-10 -4710377.5
1071485750000.0 -0.45475265 1.5280308e-10 -4710377.5
1073019600000.0 -0.45540366 1.5280308e-10 -4710377.5
1074553500000.0 -0.45605463 1.5926074e-10 -4641797.0
1076087700000.0 -0.45670578 1.5926074e-10 -4641797.0
1077621560000.0 -0.45735678 1.5926074e-10 -4641797.0
1079155400000.0 -0.45800778 1.5926074e-10 -4641797.0
1080689700000.0 -0.4586589 1.6392657e-10 -4572231.5
1082223500000.0 -0.4593099 1.6392657e-10 -4572231.5
1083757360000.0 -0.4599609 1.6392657e-10 -4572231.5
1085291400000.0 -0.46061197 1.6392657e-10 -4572231.5
1086825500000.0 -0.46126303 1.6718055e-10 -4529404.5
1088359370000.0 -0.46191403 1.6718055e-10 -4529404.5
1089893400000.0 -0.4625651 1.6718055e-10 -4529404.5
1091427430000.0 -0.46321616 1.6718055e-10 -4529404.5
1092961300000.0 -0.46386716 1.6778515e-10 -4565754.5
1094495400000.0 -0.46451822 1.6778515e-10 -4565754.5
1096029400000.0 -0.4651693 1.6778515e-10 -4565754.5
1097563240000.0 -0.46582028 1.6778515e-10 -4565754.5
1099097300000.0 -0.46647137 1.6579305e-10 -4662087.0
1100631400000.0 -0.46712244 1.6579305e-10 -4662087.0
1102165200000.0 -0.46777344 1.6579305e-10 -4662087.0
1103699200000.0 -0.4684245 1.6579305e-10 -4662087.0
1105233300000.0 -0.46907556 1.6214341e-10 -4800501.0
1106767100000.0 -0.4697265 1.6214341e-10 -4800501.0
1108301000000.0 -0.47037753 1.6214341e-10 -4800501.0
1109835300000.0 -0.4710287 1.6214341e-10 -4800501.0
1111369200000.0 -0.47167972 1.5804366e-10 -5007541.5
1112903000000.0 -0.4723307 1.5804366e-10 -5007541.5
1114437200000.0 -0.4729818 1.5804366e-10 -5007541.5
1115971100000.0 -0.47363284 1.5804366e-10 -5007541.5
1117504900000.0 -0.4742838 1.5413341e-10 -5287607.0
1119039100000.0 -0.47493497 1.5413341e-10 -5287607.0
1120573000000.0 -0.47558594 1.5413341e-10 -5287607.0
1122106900000.0 -0.47623694 1.5413341e-10 -5287607.0
1123641000000.0 -0.47688803 1.497424e-10 -5553048.0
1125175000000.0 -0.47753906 1.497424e-10 -5553048.0
1126708800000.0 -0.47819003 1.497424e-10 -5553048.0
1128242900000.0 -0.47884113 1.497424e-10 -5553048.0
1129777000000.0 -0.47949222 1.4602117e-10 -5722792.0
1131310900000.0 -0.48014325 1.4602117e-10 -5722792.0
1132844800000.0 -0.48079422 1.4602117e-10 -5722792.0
1134378900000.0 -0.48144534 1.4602117e-10 -5722792.0
1135912800000.0 -0.48209637 1.4754556e-10 -5776307.0
1137446700000.0 -0.48274735 1.4754556e-10 -5776307.0
1138980800000.0 -0.48339847 1.4754556e-10 -5776307.0
1140514800000.0 -0.48404947 1.4754556e-10 -5776307.0
1142048800000.0 -0.48470056 1.5688234e-10 -5684869.0
1143582800000.0 -0.48535156 1.5688234e-10 -5684869.0
1145116700000.0 -0.4860026 1.5688234e-10 -5684869.0
1146650800000.0 -0.48665366 1.5688234e-10 -5684869.0
1148184800000.0 -0.48730478 1.7158013e-10 -5460044.5
1149718600000.0 -0.48795572 1.7158013e-10 -5460044.5
1151252600000.0 -0.48860675 1.7158013e-10 -5460044.5
1152786800000.0 -0.48925787 1.7158013e-10 -5460044.5
1154320600000.0 -0.48990884 1.8949284e-10 -5157066.0
1155854500000.0 -0.49055988 1.8949284e-10 -5157066.0
1157388700000.0 -0.491211 1.8949284e-10 -5157066.0
1158922500000.0 -0.49186197 1.8949284e-10 -5157066.0
1160456400000.0 -0.49251297 2.1031561e-10 -4825483.5
1161990600000.0 -0.49316412 2.1031561e-10 -4825483.5
1163524400000.0 -0.49381506 2.1031561e-10 -4825483.5
1165058400000.0 -0.4944661 2.1031561e-10 -4825483.5
1166592600000.0 -0.49511725 2.3268125e-10 -4511622.0
1168126500000.0 -0.49576828 2.3268125e-10 -4511622.0
1169660300000.0 -0.49641922 2.3268125e-10 -4511622.0
1171194400000.0 -0.4970703 2.3268125e-10 -4511622.0
1172728400000.0 -0.49772137 2.5572827e-10 -4209736.5
1174262300000.0 -0.49837238 2.5572827e-10 -4209736.5
1175796300000.0 -0.49902344 2.5572827e-10 -4209736.5
1177330400000.0 -0.4996745 2.5572827e-10 -4209736.5
