morphology_data/1d_wa_a0.1_l2r1_00001.ecsv
# %ECSV 1.0
# ---
# datatype:
# - {name: b, datatype: float32}
# - {name: phase, datatype: float32}
# - {name: sigma, datatype: float32}
# - {name: vr, datatype: float32}
# meta: {lambda: 2, rp: 1.0, sep: 0.1, wind: a}
# schema: astropy-2.0
b phase sigma vr
[from data line 1306]
3316466800000.0 -0.35188803 3.7909457e-11 -15597380.0
3322602300000.0 -0.35253903 3.7909457e-11 -15597380.0
3328738300000.0 -0.3531901 3.7909457e-11 -15597380.0
3334874600000.0 -0.35384116 3.7909457e-11 -15597380.0
3341010000000.0 -0.35449216 3.6282248e-11 -15829959.0
3347146300000.0 -0.35514322 3.6282248e-11 -15829959.0
3353282300000.0 -0.3557943 3.6282248e-11 -15829959.0
3359417800000.0 -0.35644528 3.6282248e-11 -15829959.0
3365554000000.0 -0.35709634 3.6123462e-11 -15894620.0
3371690000000.0 -0.35774744 3.6123462e-11 -15894620.0
3377825600000.0 -0.3583984 3.6123462e-11 -15894620.0
3383961800000.0 -0.3590495 3.6123462e-11 -15894620.0
3390098000000.0 -0.35970056 3.5513942e-11 -15740328.0
3396233600000.0 -0.36035156 3.5513942e-11 -15740328.0
3402369000000.0 -0.36100253 3.5513942e-11 -15740328.0
3408505900000.0 -0.3616537 3.5513942e-11 -15740328.0
3414641300000.0 -0.3623047 3.631427e-11 -15657116.0
3420776800000.0 -0.36295566 3.631427e-11 -15657116.0
3426913600000.0 -0.3636068 3.631427e-11 -15657116.0
3433049000000.0 -0.3642578 3.631427e-11 -15657116.0
3439184600000.0 -0.3649088 3.7955524e-11 -15152427.0
3445321600000.0 -0.36555994 3.7955524e-11 -15152427.0
3451456800000.0 -0.36621094 3.7955524e-11 -15152427.0
3457592300000.0 -0.36686194 3.7955524e-11 -15152427.0
3463729400000.0 -0.3675131 4.0829142e-11 -14831012.0
3469864900000.0 -0.36816406 4.0829142e-11 -14831012.0
3476000300000.0 -0.36881506 4.0829142e-11 -14831012.0
3482136300000.0 -0.36946613 4.0829142e-11 -14831012.0
3488272600000.0 -0.3701172 4.4765792e-11 -14169819.0
3494408000000.0 -0.3707682 4.4765792e-11 -14169819.0
3500544400000.0 -0.37141925 4.4765792e-11 -14169819.0
3506680400000.0 -0.37207034 4.4765792e-11 -14169819.0
3512815800000.0 -0.3727213 4.5922145e-11 -14304322.0
3518952000000.0 -0.3733724 4.5922145e-11 -14304322.0
3525088400000.0 -0.37402347 4.5922145e-11 -14304322.0
3531223600000.0 -0.37467447 4.5922145e-11 -14304322.0
3537359900000.0 -0.37532553 4.508623e-11 -14551620.0
3543496000000.0 -0.3759766 4.508623e-11 -14551620.0
3549631600000.0 -0.3766276 4.508623e-11 -14551620.0
3555767600000.0 -0.37727866 4.508623e-11 -14551620.0
3561904000000.0 -0.37792972 3.7704943e-11 -15323725.0
3568039400000.0 -0.37858072 3.7704943e-11 -15323725.0
3574174800000.0 -0.37923172 3.7704943e-11 -15323725.0
3580311600000.0 -0.37988284 3.7704943e-11 -15323725.0
3586447000000.0 -0.38053384 2.8771433e-11 -16470941.0
3592582600000.0 -0.38118485 2.8771433e-11 -16470941.0
3598719600000.0 -0.381836 2.8771433e-11 -16470941.0
3604855000000.0 -0.38248697 2.8771433e-11 -16470941.0
3610990300000.0 -0.38313797 2.5668868e-11 -16771692.0
3617127400000.0 -0.38378912 2.5668868e-11 -16771692.0
3623263000000.0 -0.3844401 2.5668868e-11 -16771692.0
3629398400000.0 -0.3850911 2.5668868e-11 -16771692.0
3635535200000.0 -0.38574225 2.5217217e-11 -16676117.0
3641670600000.0 -0.38639325 2.5217217e-11 -16676117.0
3647806000000.0 -0.38704422 2.5217217e-11 -16676117.0
3653942400000.0 -0.3876953 2.5217217e-11 -16676117.0
3660078400000.0 -0.38834637 2.763018e-11 -16075484.0
3666213900000.0 -0.38899738 2.763018e-11 -16075484.0
3672350000000.0 -0.38964844 2.763018e-11 -16075484.0
3678486400000.0 -0.3902995 2.763018e-11 -16075484.0
3684622000000.0 -0.3909505 3.0256377e-11 -15384794.0
3690758000000.0 -0.39160156 3.0256377e-11 -15384794.0
3696894100000.0 -0.39225262 3.0256377e-11 -15384794.0
3703029600000.0 -0.39290363 3.0256377e-11 -15384794.0
3709165600000.0 -0.3935547 3.1859484e-11 -14766164.0
3715302000000.0 -0.39420575 3.1859484e-11 -14766164.0
3721437400000.0 -0.39485675 3.1859484e-11 -14766164.0
3727573600000.0 -0.3955078 3.1859484e-11 -14766164.0
3733709700000.0 -0.3961589 3.321001e-11 -13955064.0
3739845100000.0 -0.39680988 3.321001e-11 -13955064.0
3745980600000.0 -0.39746088 3.321001e-11 -13955064.0
3752117700000.0 -0.39811203 3.321001e-11 -13955064.0
3758253100000.0 -0.398763 3.1491712e-11 -13555573.0
3764388600000.0 -0.399414 3.1491712e-11 -13555573.0
3770525400000.0 -0.40006515 3.1491712e-11 -13555573.0
3776661000000.0 -0.40071616 3.1491712e-11 -13555573.0
3782796400000.0 -0.40136713 2.9741272e-11 -13445593.0
3788933200000.0 -0.40201828 2.9741272e-11 -13445593.0
3795068600000.0 -0.40266928 2.9741272e-11 -13445593.0
3801204000000.0 -0.40332028 2.9741272e-11 -13445593.0
3807341000000.0 -0.4039714 2.6161932e-11 -13994609.0
3813476400000.0 -0.4046224 2.6161932e-11 -13994609.0
3819612000000.0 -0.4052734 2.6161932e-11 -13994609.0
3825748100000.0 -0.40592447 2.6161932e-11 -13994609.0
3831884400000.0 -0.40657553 2.2550498e-11 -14756846.0
3838020000000.0 -0.40722653 2.2550498e-11 -14756846.0
3844156000000.0 -0.4078776 2.2550498e-11 -14756846.0
3850292200000.0 -0.40852866 2.2550498e-11 -14756846.0
3856427600000.0 -0.40917966 2.0941958e-11 -15370293.0
3862564000000.0 -0.40983072 2.0941958e-11 -15370293.0
3868700000000.0 -0.4104818 2.0941958e-11 -15370293.0
3874835400000.0 -0.41113278 2.0941958e-11 -15370293.0
3880971700000.0 -0.41178387 1.9136881e-11 -16118663.0
3887107700000.0 -0.41243494 1.9136881e-11 -16118663.0
3893243200000.0 -0.4130859 1.9136881e-11 -16118663.0
3899379400000.0 -0.413737 1.9136881e-11 -16118663.0
3905515700000.0 -0.41438806 1.7734014e-11 -16579990.0
3911651200000.0 -0.41503906 1.7734014e-11 -16579990.0
3917786600000.0 -0.41569003 1.7734014e-11 -16579990.0
3923923400000.0 -0.4163412 1.7734014e-11 -16579990.0
3930059000000.0 -0.4169922 1.65964e-11 -16891968.0
3936194400000.0 -0.4176432 1.65964e-11 -16891968.0
3942331200000.0 -0.4182943 1.65964e-11 -16891968.0
3948466700000.0 -0.4189453 1.65964e-11 -16891968.0
3954602100000.0 -0.4195963 1.5631763e-11 -17051028.0
3960739200000.0 -0.42024744 1.5631763e-11 -17051028.0
3966874700000.0 -0.42089844 1.5631763e-11 -17051028.0
3973010000000.0 -0.42154944 1.5631763e-11 -17051028.0
3979147000000.0 -0.4222006 1.4593497e-11 -17138700.0
3985282400000.0 -0.42285156 1.4593497e-11 -17138700.0
3991418000000.0 -0.42350256 1.4593497e-11 -17138700.0
3997554000000.0 -0.42415363 1.4593497e-11 -17138700.0
4003690200000.0 -0.42480472 1.3329925e-11 -17201470.0
4009825700000.0 -0.4254557 1.3329925e-11 -17201470.0
4015962000000.0 -0.42610675 1.3329925e-11 -17201470.0
4022098000000.0 -0.42675784 1.3329925e-11 -17201470.0
4028233400000.0 -0.4274088 1.180315e-11 -17316134.0
4034369700000.0 -0.4280599 1.180315e-11 -17316134.0
4040506000000.0 -0.42871097 1.180315e-11 -17316134.0
4046641400000.0 -0.42936197 1.180315e-11 -17316134.0
4052777400000.0 -0.43001303 1.0274461e-11 -17494752.0
4058913700000.0 -0.4306641 1.0274461e-11 -17494752.0
4065049200000.0 -0.4313151 1.0274461e-11 -17494752.0
4071185200000.0 -0.43196616 1.0274461e-11 -17494752.0
4077321500000.0 -0.43261722 nan nan
4083457000000.0 -0.43326822 nan nan
4089592400000.0 -0.43391922 nan nan
4095729200000.0 -0.43457034 nan nan
4101864700000.0 -0.43522134 nan nan
4108000200000.0 -0.43587235 nan nan
4114137200000.0 -0.4365235 nan nan
4120272700000.0 -0.43717447 nan nan
4126408200000.0 -0.43782547 nan nan
4132545000000.0 -0.43847662 nan nan
4138680500000.0 -0.43912762 nan nan
4144816000000.0 -0.4397786 nan nan
4150952700000.0 -0.44042975 nan nan
4157088200000.0 -0.44108075 nan nan
4163223700000.0 -0.44173172 nan nan
4169360000000.0 -0.4423828 nan nan
4175496000000.0 -0.44303387 nan nan
4181631400000.0 -0.44368488 nan nan
4187767700000.0 -0.44433594 nan nan
4193904000000.0 -0.444987 nan nan
4200039400000.0 -0.445638 nan nan
4206175500000.0 -0.44628906 nan nan
4212311700000.0 -0.44694012 nan nan
4218447200000.0 -0.44759113 nan nan
4224583500000.0 -0.4482422 nan nan
4230719500000.0 -0.44889325 nan nan
4236855000000.0 -0.44954425 nan nan
4242991200000.0 -0.4501953 nan nan
4249127200000.0 -0.4508464 nan nan
4255262700000.0 -0.45149738 nan nan
4261398200000.0 -0.45214838 nan nan
4267535200000.0 -0.45279953 nan nan
4273670700000.0 -0.45345053 nan nan
4279806200000.0 -0.4541015 nan nan
4285943000000.0 -0.45475265 nan nan
4292078500000.0 -0.45540366 nan nan
4298214000000.0 -0.45605463 nan nan
4304350700000.0 -0.45670578 nan nan
4310486200000.0 -0.45735678 nan nan
4316621700000.0 -0.45800778 nan nan
4322758800000.0 -0.4586589 nan nan
4328894000000.0 -0.4593099 nan nan
4335029500000.0 -0.4599609 nan nan
4341165700000.0 -0.46061197 nan nan
4347302000000.0 -0.46126303 nan nan
4353437500000.0 -0.46191403 nan nan
4359573500000.0 -0.4625651 nan nan
4365709700000.0 -0.46321616 nan nan
4371845200000.0 -0.46386716 nan nan
4377981500000.0 -0.46451822 nan nan
4384117500000.0 -0.4651693 nan nan
4390253000000.0 -0.46582028 nan nan
4396389200000.0 -0.46647137 nan nan
4402525500000.0 -0.46712244 nan nan
4408660700000.0 -0.46777344 nan nan
4414797000000.0 -0.4684245 nan nan
4420933000000.0 -0.46907556 nan nan
4427068500000.0 -0.4697265 nan nan
4433204000000.0 -0.47037753 nan nan
4439341000000.0 -0.4710287 nan nan
4445477000000.0 -0.47167972 nan nan
4451612000000.0 -0.4723307 nan nan
4457749000000.0 -0.4729818 nan nan
4463884500000.0 -0.47363284 nan nan
4470019700000.0 -0.4742838 nan nan
4476156500000.0 -0.47493497 nan nan
4482292000000.0 -0.47558594 nan nan
4488427500000.0 -0.47623694 nan nan
4494564000000.0 -0.47688803 nan nan
4500700000000.0 -0.47753906 nan nan
4506835000000.0 -0.47819003 nan nan
4512971500000.0 -0.47884113 nan nan
4519108000000.0 -0.47949222 nan nan
4525243500000.0 -0.48014325 nan nan
4531379000000.0 -0.48079422 nan nan
4537515500000.0 -0.48144534 nan nan
4543651000000.0 -0.48209637 nan nan
4549787000000.0 -0.48274735 nan nan
4555923000000.0 -0.48339847 nan nan
4562059000000.0 -0.48404947 nan nan
4568195300000.0 -0.48470056 nan nan
4574331000000.0 -0.48535156 nan nan
4580467000000.0 -0.4860026 nan nan
4586603000000.0 -0.48665366 nan nan
4592739300000.0 -0.48730478 nan nan
4598874500000.0 -0.48795572 nan nan
4605010000000.0 -0.48860675 nan nan
4611147000000.0 -0.48925787 nan nan
4617282000000.0 -0.48990884 nan nan
4623418000000.0 -0.49055988 nan nan
4629555000000.0 -0.491211 nan nan
4635690000000.0 -0.49186197 nan nan
4641826000000.0 -0.49251297 nan nan
4647962500000.0 -0.49316412 nan nan
4654098000000.0 -0.49381506 nan nan
4660233500000.0 -0.4944661 nan nan
4666370300000.0 -0.49511725 nan nan
4672506000000.0 -0.49576828 nan nan
4678641000000.0 -0.49641922 nan nan
4684777500000.0 -0.4970703 nan nan
4690914000000.0 -0.49772137 nan nan
4697049000000.0 -0.49837238 nan nan
4703185300000.0 -0.49902344 nan nan
4709321500000.0 -0.4996745 nan nan
