morphology_data/1d_wb_a0.025_l2r1_00001.ecsv
# %ECSV 1.0
# ---
# datatype:
# - {name: b, datatype: float32}
# - {name: phase, datatype: float32}
# - {name: sigma, datatype: float32}
# - {name: vr, datatype: float32}
# meta: {lambda: 2, rp: 1.0, sep: 0.025, wind: b}
# schema: astropy-2.0
b phase sigma vr
[from data line 311]
-700262300000.0 0.29720056 2.6264624e-10 -6387575.5
-698728250000.0 0.29654947 2.6563166e-10 -6279870.5
-697194300000.0 0.29589847 2.6563166e-10 -6279870.5
-695660300000.0 0.2952474 2.6563166e-10 -6279870.5
-694126300000.0 0.29459634 2.6563166e-10 -6279870.5
-692592300000.0 0.29394528 2.5795455e-10 -6344906.0
-691058400000.0 0.29329428 2.5795455e-10 -6344906.0
-689524440000.0 0.29264325 2.5795455e-10 -6344906.0
-687990440000.0 0.2919922 2.5795455e-10 -6344906.0
-686456440000.0 0.29134116 2.264468e-10 -6838602.5
-684922440000.0 0.2906901 2.264468e-10 -6838602.5
-683388440000.0 0.29003903 2.264468e-10 -6838602.5
-681854500000.0 0.28938803 2.264468e-10 -6838602.5
-680320500000.0 0.28873697 1.7822058e-10 -7348019.5
-678786560000.0 0.28808594 1.7822058e-10 -7348019.5
-677252560000.0 0.2874349 1.7822058e-10 -7348019.5
-675718560000.0 0.28678384 1.7822058e-10 -7348019.5
-674184600000.0 0.28613284 1.4009408e-10 -7121496.0
-672650600000.0 0.28548178 1.4009408e-10 -7121496.0
-671116600000.0 0.28483072 1.4009408e-10 -7121496.0
-669582600000.0 0.28417966 1.4009408e-10 -7121496.0
-668048700000.0 0.28352866 1.2366586e-10 -6618200.5
-666514700000.0 0.2828776 1.2366586e-10 -6618200.5
-664980700000.0 0.28222656 1.2366586e-10 -6618200.5
-663446750000.0 0.28157553 1.2366586e-10 -6618200.5
-661912750000.0 0.28092447 1.2106977e-10 -6319534.5
-660378750000.0 0.28027344 1.2106977e-10 -6319534.5
-658844800000.0 0.2796224 1.2106977e-10 -6319534.5
-657310800000.0 0.27897137 1.2106977e-10 -6319534.5
-655776800000.0 0.2783203 1.2468146e-10 -6216340.0
-654242800000.0 0.27766928 1.2468146e-10 -6216340.0
-652708900000.0 0.27701825 1.2468146e-10 -6216340.0
-651174900000.0 0.2763672 1.2468146e-10 -6216340.0
-649640900000.0 0.27571613 1.3153584e-10 -6159080.0
-648106930000.0 0.2750651 1.3153584e-10 -6159080.0
-646572930000.0 0.27441406 1.3153584e-10 -6159080.0
-645038900000.0 0.273763 1.3153584e-10 -6159080.0
-643504900000.0 0.27311197 1.4125767e-10 -6069095.0
-641971000000.0 0.27246094 1.4125767e-10 -6069095.0
-640437000000.0 0.2718099 1.4125767e-10 -6069095.0
-638903000000.0 0.27115884 1.4125767e-10 -6069095.0
-637369060000.0 0.2705078 1.5374707e-10 -5935345.5
-635835100000.0 0.2698568 1.5374707e-10 -5935345.5
-634301100000.0 0.26920575 1.5374707e-10 -5935345.5
-632767100000.0 0.2685547 1.5374707e-10 -5935345.5
-631233100000.0 0.26790366 1.6855609e-10 -5771062.0
-629699100000.0 0.2672526 1.6855609e-10 -5771062.0
-628165100000.0 0.26660156 1.6855609e-10 -5771062.0
-626631200000.0 0.26595053 1.6855609e-10 -5771062.0
-625097240000.0 0.2652995 1.8476351e-10 -5607400.0
-623563240000.0 0.26464844 1.8476351e-10 -5607400.0
-622029240000.0 0.2639974 1.8476351e-10 -5607400.0
-620495240000.0 0.26334634 1.8476351e-10 -5607400.0
-618961240000.0 0.26269528 2.0274185e-10 -5455321.0
-617427240000.0 0.26204425 2.0274185e-10 -5455321.0
-615893300000.0 0.26139322 2.0274185e-10 -5455321.0
-614359400000.0 0.2607422 2.0274185e-10 -5455321.0
-612825370000.0 0.26009116 2.2243293e-10 -5319680.5
-611291370000.0 0.2594401 2.2243293e-10 -5319680.5
-609757400000.0 0.2587891 2.2243293e-10 -5319680.5
-608223400000.0 0.25813803 2.2243293e-10 -5319680.5
-606689400000.0 0.257487 2.4516017e-10 -5188369.0
-605155400000.0 0.2568359 2.4516017e-10 -5188369.0
-603621500000.0 0.2561849 2.4516017e-10 -5188369.0
-602087500000.0 0.25553384 2.4516017e-10 -5188369.0
-600553500000.0 0.2548828 2.707303e-10 -5051526.5
-599019550000.0 0.25423178 2.707303e-10 -5051526.5
-597485550000.0 0.25358072 2.707303e-10 -5051526.5
-595951550000.0 0.2529297 2.707303e-10 -5051526.5
-594417600000.0 0.25227866 2.9848649e-10 -4897044.0
-592883600000.0 0.25162762 2.9848649e-10 -4897044.0
-591349600000.0 0.25097656 2.9848649e-10 -4897044.0
-589815600000.0 0.2503255 2.9848649e-10 -4897044.0
-588281700000.0 0.24967448 3.2883324e-10 -4708002.5
-586747700000.0 0.24902344 3.2883324e-10 -4708002.5
-585213700000.0 0.24837239 3.2883324e-10 -4708002.5
-583679740000.0 0.24772136 3.2883324e-10 -4708002.5
-582145740000.0 0.2470703 3.6086106e-10 -4482193.5
-580611740000.0 0.24641925 3.6086106e-10 -4482193.5
-579077730000.0 0.2457682 3.6086106e-10 -4482193.5
-577543800000.0 0.24511719 3.6086106e-10 -4482193.5
-576009800000.0 0.24446614 3.9859793e-10 -4214013.0
-574475800000.0 0.2438151 3.9859793e-10 -4214013.0
-572941860000.0 0.24316406 3.9859793e-10 -4214013.0
-571407900000.0 0.24251305 3.9859793e-10 -4214013.0
-569873900000.0 0.241862 4.4194698e-10 -3917092.8
-568339900000.0 0.24121095 4.4194698e-10 -3917092.8
-566805900000.0 0.2405599 4.4194698e-10 -3917092.8
-565271900000.0 0.23990884 4.4194698e-10 -3917092.8
-563737900000.0 0.2392578 4.923005e-10 -3605150.8
-562204000000.0 0.23860677 4.923005e-10 -3605150.8
-560670050000.0 0.23795573 4.923005e-10 -3605150.8
-559136050000.0 0.23730469 4.923005e-10 -3605150.8
-557602050000.0 0.23665364 5.4762667e-10 -3302858.5
-556068040000.0 0.2360026 5.4762667e-10 -3302858.5
-554534040000.0 0.23535155 5.4762667e-10 -3302858.5
-553000040000.0 0.23470049 5.4762667e-10 -3302858.5
-551466100000.0 0.23404948 6.120303e-10 -3009594.0
-549932200000.0 0.23339845 6.120303e-10 -3009594.0
-548398170000.0 0.23274739 6.120303e-10 -3009594.0
-546864170000.0 0.23209634 6.120303e-10 -3009594.0
-545330200000.0 0.23144531 6.887066e-10 -2728186.0
-543796200000.0 0.23079427 6.887066e-10 -2728186.0
-542262200000.0 0.23014322 6.887066e-10 -2728186.0
-540728260000.0 0.22949219 6.887066e-10 -2728186.0
-539194300000.0 0.22884116 7.8272777e-10 -2454243.2
-537660300000.0 0.22819011 7.8272777e-10 -2454243.2
-536126300000.0 0.22753906 7.8272777e-10 -2454243.2
-534592320000.0 0.22688803 7.8272777e-10 -2454243.2
-533058360000.0 0.22623697 9.0344127e-10 -2192942.5
-531524350000.0 0.22558592 9.0344127e-10 -2192942.5
-529990400000.0 0.22493489 9.0344127e-10 -2192942.5
-528456420000.0 0.22428386 9.0344127e-10 -2192942.5
-526922400000.0 0.22363281 1.0514785e-09 -1958907.5
-525388400000.0 0.22298177 1.0514785e-09 -1958907.5
-523854480000.0 0.22233073 1.0514785e-09 -1958907.5
-522320480000.0 0.22167969 1.0514785e-09 -1958907.5
-520786480000.0 0.22102864 1.2234592e-09 -1758712.6
-519252500000.0 0.22037761 1.2234592e-09 -1758712.6
-517718570000.0 0.21972658 1.2234592e-09 -1758712.6
-516184570000.0 0.21907552 1.2234592e-09 -1758712.6
-514650570000.0 0.21842447 1.4122767e-09 -1594682.6
-513116600000.0 0.21777344 1.4122767e-09 -1594682.6
-511582600000.0 0.21712239 1.4122767e-09 -1594682.6
-510048600000.0 0.21647134 1.4122767e-09 -1594682.6
-508514660000.0 0.21582031 1.6053222e-09 -1461376.4
-506980700000.0 0.21516928 1.6053222e-09 -1461376.4
-505446700000.0 0.21451823 1.6053222e-09 -1461376.4
-503912700000.0 0.21386719 1.6053222e-09 -1461376.4
-502378730000.0 0.21321616 1.7909364e-09 -1352122.9
-500844760000.0 0.2125651 1.7909364e-09 -1352122.9
-499310760000.0 0.21191405 1.7909364e-09 -1352122.9
-497776800000.0 0.21126302 1.7909364e-09 -1352122.9
-496242820000.0 0.21061198 1.962935e-09 -1258264.0
-494708820000.0 0.20996094 1.962935e-09 -1258264.0
-493174820000.0 0.20930989 1.962935e-09 -1258264.0
-491640880000.0 0.20865886 1.962935e-09 -1258264.0
-490106880000.0 0.20800781 2.1079032e-09 -1177591.0
-488572880000.0 0.20735677 2.1079032e-09 -1177591.0
-487038900000.0 0.20670573 2.1079032e-09 -1177591.0
-485504970000.0 0.2060547 2.1079032e-09 -1177591.0
-483970970000.0 0.20540364 2.2239612e-09 -1104977.0
-482436970000.0 0.2047526 2.2239612e-09 -1104977.0
-480903000000.0 0.20410156 2.2239612e-09 -1104977.0
-479369070000.0 0.20345053 2.2239612e-09 -1104977.0
-477835000000.0 0.20279947 2.313947e-09 -1034221.2
-476301070000.0 0.20214844 2.313947e-09 -1034221.2
-474767100000.0 0.2014974 2.313947e-09 -1034221.2
-473233100000.0 0.20084636 2.313947e-09 -1034221.2
-471699100000.0 0.20019531 2.3739326e-09 -970363.7
-470165130000.0 0.19954428 2.3739326e-09 -970363.7
-468631200000.0 0.19889325 2.3739326e-09 -970363.7
-467097160000.0 0.19824217 2.3739326e-09 -970363.7
-465563200000.0 0.19759114 2.4107378e-09 -918292.25
-464029220000.0 0.19694011 2.4107378e-09 -918292.25
-462495220000.0 0.19628906 2.4107378e-09 -918292.25
-460961220000.0 0.19563802 2.4107378e-09 -918292.25
-459427280000.0 0.19498698 2.4283544e-09 -882868.56
-457893300000.0 0.19433595 2.4283544e-09 -882868.56
-456359280000.0 0.19368488 2.4283544e-09 -882868.56
-454825300000.0 0.19303386 2.4283544e-09 -882868.56
-453291380000.0 0.19238283 2.4378044e-09 -857721.1
-451757380000.0 0.19173177 2.4378044e-09 -857721.1
-450223370000.0 0.19108072 2.4378044e-09 -857721.1
-448689400000.0 0.19042969 2.4378044e-09 -857721.1
-447155440000.0 0.18977866 2.439815e-09 -853478.9
-445621400000.0 0.1891276 2.439815e-09 -853478.9
-444087470000.0 0.18847656 2.439815e-09 -853478.9
-442553500000.0 0.18782553 2.439815e-09 -853478.9
-441019500000.0 0.18717448 2.4366464e-09 -848162.7
-439485500000.0 0.18652342 2.4366464e-09 -848162.7
-437951530000.0 0.1858724 2.4366464e-09 -848162.7
-436417600000.0 0.18522137 2.4366464e-09 -848162.7
-434883530000.0 0.1845703 2.4382756e-09 -828970.4
-433349600000.0 0.18391927 2.4382756e-09 -828970.4
-431815620000.0 0.18326823 2.4382756e-09 -828970.4
-430281620000.0 0.18261719 2.4382756e-09 -828970.4
-428747700000.0 0.18196616 2.4457585e-09 -798999.06
-427213700000.0 0.18131511 2.4457585e-09 -798999.06
-425679700000.0 0.18066408 2.4457585e-09 -798999.06
-424145680000.0 0.180013 2.4457585e-09 -798999.06
-422611700000.0 0.17936198 2.4697657e-09 -772202.94
-421077780000.0 0.17871095 2.4697657e-09 -772202.94
-419543700000.0 0.17805988 2.4697657e-09 -772202.94
-418009840000.0 0.17740889 2.4697657e-09 -772202.94
-416475800000.0 0.17675781 2.509605e-09 -729087.6
-414941770000.0 0.17610675 2.509605e-09 -729087.6
-413407900000.0 0.17545575 2.509605e-09 -729087.6
-411873870000.0 0.17480469 2.509605e-09 -729087.6
-410339800000.0 0.17415361 2.539165e-09 -679070.3
-408805930000.0 0.17350262 2.539165e-09 -679070.3
-407271900000.0 0.17285155 2.539165e-09 -679070.3
-405737930000.0 0.17220053 2.539165e-09 -679070.3
-404204000000.0 0.1715495 2.5723872e-09 -615529.3
-402669930000.0 0.17089842 2.5723872e-09 -615529.3
-401136000000.0 0.17024739 2.5723872e-09 -615529.3
-399602020000.0 0.16959636 2.5723872e-09 -615529.3
-398068000000.0 0.1689453 2.6245703e-09 -539902.06
-396534120000.0 0.1682943 2.6245703e-09 -539902.06
-395000100000.0 0.16764323 2.6245703e-09 -539902.06
-393466020000.0 0.16699216 2.6245703e-09 -539902.06
-391932180000.0 0.16634117 2.6557245e-09 -468141.06
-390398100000.0 0.1656901 2.6557245e-09 -468141.06
-388864080000.0 0.16503903 2.6557245e-09 -468141.06
-387330200000.0 0.16438805 2.6557245e-09 -468141.06
-385796180000.0 0.16373697 2.6978866e-09 -395843.5
-384262200000.0 0.16308594 2.6978866e-09 -395843.5
-382728240000.0 0.1624349 2.6978866e-09 -395843.5
-381194200000.0 0.16178384 2.6978866e-09 -395843.5
-379660270000.0 0.16113281 2.752825e-09 -315707.94
-378126300000.0 0.16048178 2.752825e-09 -315707.94
-376592270000.0 0.1598307 2.752825e-09 -315707.94
-375058400000.0 0.15917972 2.752825e-09 -315707.94
-373524330000.0 0.15852864 2.7947429e-09 -257785.44
-371990300000.0 0.15787758 2.7947429e-09 -257785.44
-370456430000.0 0.15722659 2.7947429e-09 -257785.44
-368922400000.0 0.15657552 2.7947429e-09 -257785.44
-367388360000.0 0.15592445 2.8853142e-09 -188072.22
-365854500000.0 0.15527347 2.8853142e-09 -188072.22
-364320420000.0 0.15462239 2.8853142e-09 -188072.22
-362786500000.0 0.15397136 2.8853142e-09 -188072.22
-361252520000.0 0.15332033 2.9567297e-09 -117374.2
-359718500000.0 0.15266925 2.9567297e-09 -117374.2
-358184520000.0 0.15201822 2.9567297e-09 -117374.2
-356650580000.0 0.1513672 2.9567297e-09 -117374.2
-355116500000.0 0.15071613 3.0971568e-09 -31629.893
-353582650000.0 0.15006512 3.0971568e-09 -31629.893
-352048600000.0 0.14941406 3.0971568e-09 -31629.893
-350514580000.0 0.148763 3.0971568e-09 -31629.893
-348980700000.0 0.148112 3.2432739e-09 49083.133
-347446640000.0 0.14746092 3.2432739e-09 49083.133
-345912600000.0 0.14680986 3.2432739e-09 49083.133
-344378740000.0 0.14615887 3.2432739e-09 49083.133
-342844700000.0 0.1455078 3.4082923e-09 126567.1
-341310730000.0 0.14485677 3.4082923e-09 126567.1
-339776800000.0 0.14420575 3.4082923e-09 126567.1
-338242730000.0 0.14355466 3.4082923e-09 126567.1
-336708800000.0 0.14290364 3.6294743e-09 220641.19
-335174830000.0 0.14225261 3.6294743e-09 220641.19
-333640800000.0 0.14160155 3.6294743e-09 220641.19
-332106920000.0 0.14095055 3.6294743e-09 220641.19
-330572900000.0 0.14029948 3.826032e-09 302683.34
-329038820000.0 0.13964841 3.826032e-09 302683.34
-327504950000.0 0.1389974 3.826032e-09 302683.34
-325970920000.0 0.13834634 3.826032e-09 302683.34
-324436900000.0 0.13769528 4.1161816e-09 398934.1
-322903000000.0 0.1370443 4.1161816e-09 398934.1
-321368980000.0 0.13639323 4.1161816e-09 398934.1
-319835000000.0 0.13574219 4.1161816e-09 398934.1
-318301040000.0 0.13509116 4.409253e-09 456166.22
-316767000000.0 0.1344401 4.409253e-09 456166.22
-315233040000.0 0.13378905 4.409253e-09 456166.22
-313699100000.0 0.13313803 4.409253e-09 456166.22
-312165070000.0 0.13248697 4.784776e-09 481392.6
-310631200000.0 0.13183598 4.784776e-09 481392.6
-309097140000.0 0.13118489 4.784776e-09 481392.6
-307563100000.0 0.13053383 4.784776e-09 481392.6
-306029230000.0 0.12988284 5.1048454e-09 415124.16
-304495200000.0 0.12923177 5.1048454e-09 415124.16
-302961130000.0 0.12858069 5.1048454e-09 415124.16
-301427300000.0 0.12792972 5.1048454e-09 415124.16
-299893230000.0 0.12727864 5.4229137e-09 298472.16
-298359300000.0 0.12662761 5.4229137e-09 298472.16
-296825320000.0 0.12597658 5.4229137e-09 298472.16
-295291300000.0 0.1253255 5.4229137e-09 298472.16
-293757320000.0 0.12467448 5.7337064e-09 143351.58
-292223400000.0 0.12402345 5.7337064e-09 143351.58
-290689320000.0 0.123372376 5.7337064e-09 143351.58
-289155450000.0 0.12272138 5.7337064e-09 143351.58
-287621400000.0 0.12207031 6.2078254e-09 -53205.035
-286087380000.0 0.12141925 6.2078254e-09 -53205.035
-284553500000.0 0.12076825 6.2078254e-09 -53205.035
-283019440000.0 0.12011717 6.2078254e-09 -53205.035
-281485400000.0 0.11946611 6.940317e-09 -277987.7
-279951540000.0 0.118815124 6.940317e-09 -277987.7
-278417500000.0 0.118164055 6.940317e-09 -277987.7
-276883540000.0 0.11751302 6.940317e-09 -277987.7
-275349600000.0 0.11686199 7.3687207e-09 -594140.3
-273815550000.0 0.11621092 7.3687207e-09 -594140.3
-272281600000.0 0.11555989 7.3687207e-09 -594140.3
-270747630000.0 0.11490886 7.3687207e-09 -594140.3
-269213600000.0 0.11425779 6.7087558e-09 -1103849.2
-267679730000.0 0.113606796 6.7087558e-09 -1103849.2
-266145680000.0 0.11295573 6.7087558e-09 -1103849.2
-264611640000.0 0.11230466 6.7087558e-09 -1103849.2
-263077770000.0 0.11165367 5.2920646e-09 -1865202.1
-261543720000.0 0.1110026 5.2920646e-09 -1865202.1
-260009670000.0 0.11035153 5.2920646e-09 -1865202.1
-258475820000.0 0.10970054 5.2920646e-09 -1865202.1
-256941770000.0 0.10904947 3.816048e-09 -2609630.0
-255407820000.0 0.10839844 3.816048e-09 -2609630.0
-253873860000.0 0.107747406 3.816048e-09 -2609630.0
-252339810000.0 0.10709634 3.816048e-09 -2609630.0
-250805860000.0 0.106445305 3.0874017e-09 -2515617.5
-249271910000.0 0.10579427 3.0874017e-09 -2515617.5
-247737860000.0 0.10514321 3.0874017e-09 -2515617.5
-246203990000.0 0.10449222 3.0874017e-09 -2515617.5
-244669960000.0 0.10384115 3.042602e-09 -2264273.0
-243135900000.0 0.10319008 3.042602e-09 -2264273.0
-241602040000.0 0.102539085 3.042602e-09 -2264273.0
-240067990000.0 0.101888016 3.042602e-09 -2264273.0
-238533950000.0 0.10123695 3.138406e-09 -2288254.0
-237000080000.0 0.10058595 3.138406e-09 -2288254.0
-235466030000.0 0.09993488 3.138406e-09 -2288254.0
-233932080000.0 0.09928385 3.138406e-09 -2288254.0
-232398130000.0 0.09863283 3.3015488e-09 -2268140.2
-230864080000.0 0.09798176 3.3015488e-09 -2268140.2
-229330120000.0 0.09733073 3.3015488e-09 -2268140.2
-227796170000.0 0.096679695 3.3015488e-09 -2268140.2
-226262120000.0 0.096028626 3.5363887e-09 -2177798.8
-224728250000.0 0.09537763 3.5363887e-09 -2177798.8
