morphology_data/1d_wb_a0.05_l2r0.5_00001.ecsv
# %ECSV 1.0
# ---
# datatype:
# - {name: b, datatype: float32}
# - {name: phase, datatype: float32}
# - {name: sigma, datatype: float32}
# - {name: vr, datatype: float32}
# meta: {lambda: 2, rp: 0.5, sep: 0.05, wind: b}
# schema: astropy-2.0
b phase sigma vr
[from data line 662]
-323669850000.0 0.068684876 9.333994e-10 -2100215.2
-320602100000.0 0.068033874 9.333994e-10 -2100215.2
-317534040000.0 0.06738281 9.795863e-10 -2157101.8
-314465940000.0 0.06673174 9.795863e-10 -2157101.8
-311398200000.0 0.06608075 1.0593331e-09 -1992478.9
-308330140000.0 0.06542969 1.0593331e-09 -1992478.9
-305262200000.0 0.06477865 1.1093956e-09 -1820764.9
-302194300000.0 0.06412762 1.1093956e-09 -1820764.9
-299126230000.0 0.063476555 1.1058707e-09 -1746039.1
-296058300000.0 0.062825516 1.1058707e-09 -1746039.1
-292990400000.0 0.062174488 1.0398202e-09 -1955595.4
-289922320000.0 0.061523426 1.0398202e-09 -1955595.4
-286854580000.0 0.060872428 8.7784985e-10 -2893415.5
-283786480000.0 0.06022136 8.7784985e-10 -2893415.5
-280718380000.0 0.059570286 6.5951866e-10 -4566190.0
-277650670000.0 0.058919296 6.5951866e-10 -4566190.0
-274582570000.0 0.058268227 5.420711e-10 -5451461.0
-271514480000.0 0.057617158 5.420711e-10 -5451461.0
-268446740000.0 0.056966167 5.168215e-10 -5768692.5
-265378660000.0 0.056315098 5.168215e-10 -5768692.5
-262310740000.0 0.055664066 5.395989e-10 -5589542.5
-259242840000.0 0.055013034 5.395989e-10 -5589542.5
-256174750000.0 0.05436197 5.692923e-10 -5271056.0
-253106830000.0 0.053710938 5.692923e-10 -5271056.0
-250038930000.0 0.053059906 6.17678e-10 -5003430.5
-246970840000.0 0.052408837 6.17678e-10 -5003430.5
-243903100000.0 0.051757842 6.370743e-10 -4654367.5
-240835020000.0 0.051106777 6.370743e-10 -4654367.5
-237766920000.0 0.050455708 6.7732775e-10 -4229430.0
-234699200000.0 0.049804714 6.7732775e-10 -4229430.0
-231631110000.0 0.049153645 7.111659e-10 -3430822.2
-228563010000.0 0.048502576 7.111659e-10 -3430822.2
-225495290000.0 0.047851585 7.7455375e-10 -2806479.8
-222427190000.0 0.047200516 7.7455375e-10 -2806479.8
-219359280000.0 0.046549484 8.2998464e-10 -2167838.8
-216291380000.0 0.045898452 8.2998464e-10 -2167838.8
-213223280000.0 0.045247383 8.764008e-10 -1858476.5
-210155370000.0 0.04459635 8.764008e-10 -1858476.5
-207087470000.0 0.043945324 8.812898e-10 -1569488.5
-204019370000.0 0.043294255 8.812898e-10 -1569488.5
-200951640000.0 0.04264326 8.818276e-10 -1765859.2
-197883540000.0 0.04199219 8.818276e-10 -1765859.2
-194815460000.0 0.041341122 7.655093e-10 -2308416.0
-191747740000.0 0.04069013 6.7866146e-10 -2943089.2
-188679630000.0 0.040039062 6.5495154e-10 -3159023.2
-185611550000.0 0.039387994 6.563315e-10 -3187486.0
-182543810000.0 0.038736995 7.063436e-10 -3054036.5
-179475730000.0 0.03808593 8.1365914e-10 -2500574.2
-176407820000.0 0.0374349 9.337346e-10 -1884324.8
-173339900000.0 0.03678387 9.952299e-10 -1509688.5
-170271820000.0 0.0361328 9.766006e-10 -1694036.5
-167203910000.0 0.035481773 9.12311e-10 -1993110.4
-164136000000.0 0.034830738 8.5553975e-10 -2279732.5
-161067910000.0 0.03417967 8.546507e-10 -2194325.5
-158000170000.0 0.033528678 8.915486e-10 -2198027.0
-154932080000.0 0.03287761 9.529557e-10 -1859482.6
-151864000000.0 0.03222654 1.04292e-09 -1618949.5
-148796260000.0 0.031575546 1.1489293e-09 -1096803.5
-145728180000.0 0.030924477 1.315377e-09 -823665.8
-142660100000.0 0.030273411 1.4845161e-09 -483566.53
-139592350000.0 0.029622415 1.4887691e-09 -503334.7
-136524260000.0 0.028971346 1.4360921e-09 -562246.06
-133456355000.0 0.028320316 1.4165272e-09 -892020.25
-130388440000.0 0.027669284 1.415042e-09 -933254.3
-127320350000.0 0.027018217 1.4815502e-09 -992891.7
-124252440000.0 0.026367186 1.5758822e-09 -722669.3
-121184530000.0 0.025716154 1.6100659e-09 -911297.44
-118116440000.0 0.025065087 1.6646768e-09 -1050356.2
-115048710000.0 0.024414092 1.6770108e-09 -1419736.4
-111980620000.0 0.023763025 1.6505373e-09 -1461973.2
-108912530000.0 0.023111956 1.6678724e-09 -1654987.5
-105844800000.0 0.022460962 1.6918229e-09 -1842662.9
-102776710000.0 0.021809895 1.6758697e-09 -2143741.8
-99708620000.0 0.021158826 1.6547442e-09 -2110200.0
-96640885000.0 0.020507833 1.6939916e-09 -2072312.4
-93572800000.0 0.019856764 1.7921951e-09 -1731415.9
-90504890000.0 0.019205732 1.9785418e-09 -1363258.2
-87436980000.0 0.018554702 1.9083752e-09 -1637296.4
-84368880000.0 0.017903633 1.83006e-09 -1880548.6
-81300970000.0 0.017252602 1.850651e-09 -1911269.8
-78233070000.0 0.016601572 1.9039685e-09 -1872284.2
-75164975000.0 0.015950503 1.978127e-09 -1763325.9
-72097240000.0 0.015299509 2.1046591e-09 -1536145.8
-69029150000.0 0.014648439 2.3293159e-09 -1158633.5
-65961062000.0 0.013997372 2.6704265e-09 -464089.34
-62893330000.0 0.013346379 2.8743599e-09 -186833.16
-59825242000.0 0.012695311 2.9759732e-09 -178376.48
-56757154000.0 0.012044242 3.0255785e-09 -433287.4
-53689420000.0 0.011393248 3.1003018e-09 -499937.12
-50621334000.0 0.01074218 3.3379661e-09 -352194.44
-47553420000.0 0.010091149 3.590893e-09 33025.72
-44485510000.0 0.009440118 3.9798067e-09 200702.97
-41417420000.0 0.008789049 4.4293142e-09 497704.97
-38349510000.0 0.008138019 4.7147544e-09 461618.94
-35281600000.0 0.0074869874 4.9959277e-09 276138.9
-32213510000.0 0.006835919 5.313869e-09 15044.543
-29145778000.0 0.006184926 5.813466e-09 -150723.9
-26077688000.0 0.0055338573 6.255343e-09 -272615.25
-23009600000.0 0.0048827888 7.151364e-09 -147728.3
-19941868000.0 0.0042317957 8.545538e-09 -21119.477
-16873777000.0 0.0035807267 1.02971605e-08 -84199.22
-13805688000.0 0.0029296577 1.3170991e-08 -65421.3
-10737956000.0 0.0022786648 1.796381e-08 -44589.38
-7669866000.0 0.0016275961 2.759585e-08 -2931.205
-4601955300.0 0.0009765653 5.4027666e-08 -5926.1084
4601955300.0 -0.0009765653 6.081858e-08 -103679.3
7669866000.0 -0.0016275961 2.9496817e-08 -218735.52
10737956000.0 -0.0022786648 1.8685904e-08 -372027.25
13805688000.0 -0.0029296577 1.3377382e-08 -522338.9
16873777000.0 -0.0035807267 1.0344392e-08 -646430.44
19941868000.0 -0.0042317957 8.378231e-09 -798004.44
23009600000.0 -0.0048827888 7.022988e-09 -942295.2
26077688000.0 -0.0055338573 6.114319e-09 -1019406.0
29145778000.0 -0.006184926 5.4451674e-09 -1019650.9
32213510000.0 -0.006835919 4.8672186e-09 -1192278.8
35281600000.0 -0.0074869874 4.2381165e-09 -1576875.9
38349510000.0 -0.008138019 3.807666e-09 -1890779.4
41417420000.0 -0.008789049 3.443879e-09 -2094155.9
44485510000.0 -0.009440118 3.191171e-09 -2471479.0
47553420000.0 -0.010091149 2.912954e-09 -2714415.5
50621334000.0 -0.01074218 2.7680809e-09 -3024163.0
53689420000.0 -0.011393248 2.6329434e-09 -3180148.2
56757154000.0 -0.012044242 2.5988365e-09 -3359309.5
59825242000.0 -0.012695311 2.527514e-09 -3497141.8
62893330000.0 -0.013346379 2.4103615e-09 -3653061.0
65961062000.0 -0.013997372 2.3823719e-09 -3759227.2
69029150000.0 -0.014648439 2.3194655e-09 -3573577.8
72097240000.0 -0.015299509 2.3759887e-09 -3303185.5
75164975000.0 -0.015950503 2.21037e-09 -3541063.8
78233070000.0 -0.016601572 2.1789934e-09 -3696704.5
81300970000.0 -0.017252602 2.1160034e-09 -3680797.5
84368880000.0 -0.017903633 2.0682929e-09 -3877330.0
87436980000.0 -0.018554702 2.0988757e-09 -4027011.5
90504890000.0 -0.019205732 2.0516189e-09 -4151897.2
93572800000.0 -0.019856764 1.9280433e-09 -4273506.0
96640885000.0 -0.020507833 2.0025894e-09 -4202489.0
99708620000.0 -0.021158826 2.0994197e-09 -4109795.0
102776710000.0 -0.021809895 2.3519848e-09 -3693458.0
105844800000.0 -0.022460962 2.2585769e-09 -3868215.8
108912530000.0 -0.023111956 2.186821e-09 -3891240.2
111980620000.0 -0.023763025 2.318008e-09 -3882765.5
115048710000.0 -0.024414092 2.627586e-09 -4106658.2
118116440000.0 -0.025065087 2.6000677e-09 -4292662.5
121184530000.0 -0.025716154 3.5149728e-09 -4446105.5
124252440000.0 -0.026367186 2.1505704e-09 -4259638.5
127320350000.0 -0.027018217 1.7209583e-09 -4296250.5
130388440000.0 -0.027669284 1.4860289e-09 -4104984.0
133456355000.0 -0.028320316 1.3035851e-09 -4169059.5
136524260000.0 -0.028971346 1.1350564e-09 -4626961.0
139592350000.0 -0.029622415 9.900019e-10 -5065870.5
142660100000.0 -0.030273411 8.0666507e-10 -5075535.5
145728180000.0 -0.030924477 6.8780714e-10 -3950608.2
148796260000.0 -0.031575546 6.622844e-10 -2704405.5
151864000000.0 -0.03222654 5.6091864e-10 -3279689.5
154932080000.0 -0.03287761 4.5905071e-10 -4163617.0
158000170000.0 -0.033528678 4.136073e-10 -4447674.5
161067910000.0 -0.03417967 4.0680115e-10 -4341952.0
164136000000.0 -0.034830738 4.2666234e-10 -4576456.0
167203910000.0 -0.035481773 4.2673914e-10 -4933475.0
170271820000.0 -0.0361328 3.6909195e-10 -5319769.5
173339900000.0 -0.03678387 2.886761e-10 -5150959.0
176407820000.0 -0.0374349 2.5779506e-10 -4812232.5
179475730000.0 -0.03808593 2.483653e-10 -5000898.0
182543810000.0 -0.038736995 2.0163127e-10 -5573102.5
185611550000.0 -0.039387994 1.0419065e-10 -6952988.0
188679630000.0 -0.040039062 1.8902041e-11 -9469958.0
191747740000.0 -0.04069013 nan nan
194815460000.0 -0.041341122 nan nan
197883540000.0 -0.04199219 nan nan
200951640000.0 -0.04264326 nan nan
204019370000.0 -0.043294255 nan nan
207087470000.0 -0.043945324 nan nan
210155370000.0 -0.04459635 nan nan
213223280000.0 -0.045247383 nan nan
216291380000.0 -0.045898452 nan nan
219359280000.0 -0.046549484 nan nan
222427190000.0 -0.047200516 nan nan
225495290000.0 -0.047851585 nan nan
228563010000.0 -0.048502576 nan nan
231631110000.0 -0.049153645 nan nan
234699200000.0 -0.049804714 nan nan
237766920000.0 -0.050455708 nan nan
240835020000.0 -0.051106777 nan nan
243903100000.0 -0.051757842 nan nan
246970840000.0 -0.052408837 nan nan
250038930000.0 -0.053059906 nan nan
253106830000.0 -0.053710938 nan nan
256174750000.0 -0.05436197 nan nan
259242840000.0 -0.055013034 nan nan
262310740000.0 -0.055664066 nan nan
265378660000.0 -0.056315098 nan nan
268446740000.0 -0.056966167 nan nan
271514480000.0 -0.057617158 nan nan
274582570000.0 -0.058268227 nan nan
277650670000.0 -0.058919296 nan nan
280718380000.0 -0.059570286 nan nan
283786480000.0 -0.06022136 nan nan
286854580000.0 -0.060872428 nan nan
289922320000.0 -0.061523426 nan nan
292990400000.0 -0.062174488 nan nan
296058300000.0 -0.062825516 nan nan
299126230000.0 -0.063476555 nan nan
302194300000.0 -0.06412762 nan nan
305262200000.0 -0.06477865 nan nan
308330140000.0 -0.06542969 nan nan
311398200000.0 -0.06608075 nan nan
314465940000.0 -0.06673174 nan nan
317534040000.0 -0.06738281 nan nan
320602100000.0 -0.068033874 nan nan
323669850000.0 -0.068684876 nan nan
326737950000.0 -0.069335945 nan nan
329806020000.0 -0.06998701 nan nan
332873760000.0 -0.070638 nan nan
335941860000.0 -0.07128907 nan nan
339009770000.0 -0.0719401 nan nan
342077670000.0 -0.07259113 nan nan
345145770000.0 -0.0732422 nan nan
348213670000.0 -0.073893234 nan nan
351281580000.0 -0.07454426 nan nan
354349680000.0 -0.075195335 nan nan
357417420000.0 -0.07584633 nan nan
360485500000.0 -0.07649739 nan nan
363553600000.0 -0.07714847 nan nan
366621330000.0 -0.077799454 nan nan
369689400000.0 -0.07845052 nan nan
372757500000.0 -0.07910159 nan nan
375825240000.0 -0.07975259 nan nan
378893340000.0 -0.080403656 nan nan
381961240000.0 -0.08105469 nan nan
385029140000.0 -0.08170572 nan nan
388097250000.0 -0.08235679 nan nan
391165150000.0 -0.08300782 nan nan
394233050000.0 -0.08365885 nan nan
397301150000.0 -0.08430992 nan nan
400368860000.0 -0.08496091 nan nan
403436960000.0 -0.08561198 nan nan
406505060000.0 -0.086263046 nan nan
409572800000.0 -0.08691404 nan nan
412640870000.0 -0.08756511 nan nan
415708770000.0 -0.08821614 nan nan
418776700000.0 -0.08886717 nan nan
421844780000.0 -0.08951824 nan nan
424912680000.0 -0.09016927 nan nan
427980620000.0 -0.090820305 nan nan
431048700000.0 -0.091471374 nan nan
434116430000.0 -0.09212236 nan nan
437184530000.0 -0.09277343 nan nan
440252600000.0 -0.0934245 nan nan
443320340000.0 -0.09407549 nan nan
446388440000.0 -0.09472656 nan nan
449456500000.0 -0.09537763 nan nan
452524240000.0 -0.096028626 nan nan
455592350000.0 -0.096679695 nan nan
458660250000.0 -0.09733073 nan nan
461728150000.0 -0.09798176 nan nan
464796250000.0 -0.09863283 nan nan
467864160000.0 -0.09928385 nan nan
470932060000.0 -0.09993488 nan nan
474000160000.0 -0.10058595 nan nan
477067900000.0 -0.10123695 nan nan
480135970000.0 -0.101888016 nan nan
483204070000.0 -0.102539085 nan nan
486271800000.0 -0.10319008 nan nan
489339900000.0 -0.10384115 nan nan
492407980000.0 -0.10449222 nan nan
495475720000.0 -0.10514321 nan nan
498543820000.0 -0.10579427 nan nan
501611720000.0 -0.106445305 nan nan
504679630000.0 -0.10709634 nan nan
507747730000.0 -0.107747406 nan nan
510815630000.0 -0.10839844 nan nan
513883540000.0 -0.10904947 nan nan
516951640000.0 -0.10970054 nan nan
520019350000.0 -0.11035153 nan nan
523087450000.0 -0.1110026 nan nan
526155550000.0 -0.11165367 nan nan
529223300000.0 -0.11230466 nan nan
532291350000.0 -0.11295573 nan nan
535359460000.0 -0.113606796 nan nan
538427200000.0 -0.11425779 nan nan
541495260000.0 -0.11490886 nan nan
544563200000.0 -0.11555989 nan nan
547631100000.0 -0.11621092 nan nan
550699200000.0 -0.11686199 nan nan
553767100000.0 -0.11751302 nan nan
556835000000.0 -0.118164055 nan nan
559903100000.0 -0.118815124 nan nan
562970800000.0 -0.11946611 nan nan
566038900000.0 -0.12011717 nan nan
569107000000.0 -0.12076825 nan nan
572174760000.0 -0.12141925 nan nan
575242800000.0 -0.12207031 nan nan
578310900000.0 -0.12272138 nan nan
581378640000.0 -0.123372376 nan nan
584446800000.0 -0.12402345 nan nan
587514640000.0 -0.12467448 nan nan
590582600000.0 -0.1253255 nan nan
593650650000.0 -0.12597658 nan nan
596718600000.0 -0.12662761 nan nan
599786460000.0 -0.12727864 nan nan
602854600000.0 -0.12792972 nan nan
605922260000.0 -0.12858069 nan nan
608990400000.0 -0.12923177 nan nan
612058460000.0 -0.12988284 nan nan
615126200000.0 -0.13053383 nan nan
618194300000.0 -0.13118489 nan nan
621262400000.0 -0.13183598 nan nan
624330150000.0 -0.13248697 nan nan
627398200000.0 -0.13313803 nan nan
630466100000.0 -0.13378905 nan nan
633534000000.0 -0.1344401 nan nan
636602100000.0 -0.13509116 nan nan
639670000000.0 -0.13574219 nan nan
642737960000.0 -0.13639323 nan nan
645806000000.0 -0.1370443 nan nan
648873800000.0 -0.13769528 nan nan
651941840000.0 -0.13834634 nan nan
655009900000.0 -0.1389974 nan nan
658077650000.0 -0.13964841 nan nan
661145800000.0 -0.14029948 nan nan
664213850000.0 -0.14095055 nan nan
667281600000.0 -0.14160155 nan nan
670349660000.0 -0.14225261 nan nan
673417800000.0 -0.14290369 nan nan
676485460000.0 -0.14355466 nan nan
679553600000.0 -0.14420575 nan nan
682621670000.0 -0.14485681 nan nan
685689400000.0 -0.1455078 nan nan
688757150000.0 -0.1461588 nan nan
691825600000.0 -0.14680995 nan nan
694893300000.0 -0.14746092 nan nan
697961000000.0 -0.14811192 nan nan
701029500000.0 -0.14876308 nan nan
704097200000.0 -0.14941406 nan nan
707164960000.0 -0.15006506 nan nan
710233400000.0 -0.1507162 nan nan
713301160000.0 -0.1513672 nan nan
716368840000.0 -0.15201817 nan nan
719437300000.0 -0.15266933 nan nan
722505040000.0 -0.15332033 nan nan
725572800000.0 -0.15397131 nan nan
728640850000.0 -0.15462239 nan nan
731709000000.0 -0.15527347 nan nan
734776700000.0 -0.15592445 nan nan
737844800000.0 -0.15657552 nan nan
740912860000.0 -0.15722659 nan nan
743980600000.0 -0.15787758 nan nan
747048670000.0 -0.15852864 nan nan
750116800000.0 -0.15917972 nan nan
753184540000.0 -0.1598307 nan nan
756252600000.0 -0.16048178 nan nan
759320700000.0 -0.16113284 nan nan
762388400000.0 -0.16178384 nan nan
765456500000.0 -0.1624349 nan nan
768524600000.0 -0.16308598 nan nan
771592360000.0 -0.16373697 nan nan
774660100000.0 -0.16438797 nan nan
777728500000.0 -0.1650391 nan nan
780796200000.0 -0.1656901 nan nan
783864000000.0 -0.1663411 nan nan
786932430000.0 -0.16699223 nan nan
790000200000.0 -0.16764323 nan nan
793067900000.0 -0.16829422 nan nan
796136300000.0 -0.16894537 nan nan
799204050000.0 -0.16959636 nan nan
802271800000.0 -0.17024736 nan nan
805339860000.0 -0.17089842 nan nan
808408000000.0 -0.1715495 nan nan
811475700000.0 -0.17220049 nan nan
814543800000.0 -0.17285155 nan nan
817611870000.0 -0.17350262 nan nan
820679600000.0 -0.17415361 nan nan
823747740000.0 -0.17480469 nan nan
826815800000.0 -0.17545575 nan nan
829883550000.0 -0.17610675 nan nan
