morphology_data/1d_wa_a0.05_l4r2_00001.ecsv
# %ECSV 1.0
# ---
# datatype:
# - {name: b, datatype: float32}
# - {name: phase, datatype: float32}
# - {name: sigma, datatype: float32}
# - {name: vr, datatype: float32}
# meta: {lambda: 4, rp: 2.0, sep: 0.05, wind: a}
# schema: astropy-2.0
b phase sigma vr
[from data line 315]
-1388252600000.0 0.29459634 1.37371545e-08 580062.7
-1385184600000.0 0.29394528 1.3879126e-08 571900.1
-1382116800000.0 0.29329428 1.3879126e-08 571900.1
-1379048900000.0 0.29264325 1.3879126e-08 571900.1
-1375980900000.0 0.2919922 1.3879126e-08 571900.1
-1372912900000.0 0.29134116 1.388767e-08 573248.7
-1369844900000.0 0.2906901 1.388767e-08 573248.7
-1366776900000.0 0.29003903 1.388767e-08 573248.7
-1363709000000.0 0.28938803 1.388767e-08 573248.7
-1360641000000.0 0.28873697 1.4073602e-08 570167.75
-1357573100000.0 0.28808594 1.4073602e-08 570167.75
-1354505100000.0 0.2874349 1.4073602e-08 570167.75
-1351437100000.0 0.28678384 1.4073602e-08 570167.75
-1348369300000.0 0.28613284 1.4156645e-08 563817.06
-1345301300000.0 0.28548178 1.4156645e-08 563817.06
-1342233200000.0 0.28483072 1.4156645e-08 563817.06
-1339165200000.0 0.28417966 1.4156645e-08 563817.06
-1336097400000.0 0.28352866 1.4368569e-08 553124.0
-1333029400000.0 0.2828776 1.4368569e-08 553124.0
-1329961400000.0 0.28222656 1.4368569e-08 553124.0
-1326893500000.0 0.28157553 1.4368569e-08 553124.0
-1323825500000.0 0.28092447 1.4387517e-08 551075.56
-1320757500000.0 0.28027344 1.4387517e-08 551075.56
-1317689600000.0 0.2796224 1.4387517e-08 551075.56
-1314621600000.0 0.27897137 1.4387517e-08 551075.56
-1311553600000.0 0.2783203 1.4593729e-08 551223.4
-1308485600000.0 0.27766928 1.4593729e-08 551223.4
-1305417700000.0 0.27701825 1.4593729e-08 551223.4
-1302349700000.0 0.2763672 1.4593729e-08 551223.4
-1299281700000.0 0.27571613 1.4735188e-08 547736.56
-1296213900000.0 0.2750651 1.4735188e-08 547736.56
-1293145900000.0 0.27441406 1.4735188e-08 547736.56
-1290077900000.0 0.273763 1.4735188e-08 547736.56
-1287009900000.0 0.27311197 1.48932155e-08 542103.8
-1283942000000.0 0.27246094 1.48932155e-08 542103.8
-1280874000000.0 0.2718099 1.48932155e-08 542103.8
-1277806000000.0 0.27115884 1.48932155e-08 542103.8
-1274738100000.0 0.2705078 1.4914614e-08 535835.5
-1271670200000.0 0.2698568 1.4914614e-08 535835.5
-1268602200000.0 0.26920575 1.4914614e-08 535835.5
-1265534200000.0 0.2685547 1.4914614e-08 535835.5
-1262466200000.0 0.26790366 1.4929064e-08 538789.6
-1259398200000.0 0.2672526 1.4929064e-08 538789.6
-1256330200000.0 0.26660156 1.4929064e-08 538789.6
-1253262400000.0 0.26595053 1.4929064e-08 538789.6
-1250194500000.0 0.2652995 1.4969451e-08 536221.75
-1247126500000.0 0.26464844 1.4969451e-08 536221.75
-1244058500000.0 0.2639974 1.4969451e-08 536221.75
-1240990500000.0 0.26334634 1.4969451e-08 536221.75
-1237922500000.0 0.26269528 1.512941e-08 541750.5
-1234854500000.0 0.26204425 1.512941e-08 541750.5
-1231786600000.0 0.26139322 1.512941e-08 541750.5
-1228718700000.0 0.2607422 1.512941e-08 541750.5
-1225650700000.0 0.26009116 1.5212548e-08 542809.2
-1222582700000.0 0.2594401 1.5212548e-08 542809.2
-1219514900000.0 0.2587891 1.5212548e-08 542809.2
-1216446900000.0 0.25813803 1.5212548e-08 542809.2
-1213378900000.0 0.257487 1.5269416e-08 552623.5
-1210310900000.0 0.2568359 1.5269416e-08 552623.5
-1207243000000.0 0.2561849 1.5269416e-08 552623.5
-1204175000000.0 0.25553384 1.5269416e-08 552623.5
-1201107000000.0 0.2548828 1.5251276e-08 554680.94
-1198039100000.0 0.25423178 1.5251276e-08 554680.94
-1194971100000.0 0.25358072 1.5251276e-08 554680.94
-1191903100000.0 0.2529297 1.5251276e-08 554680.94
-1188835200000.0 0.25227866 1.5279479e-08 561574.7
-1185767200000.0 0.25162762 1.5279479e-08 561574.7
-1182699200000.0 0.25097656 1.5279479e-08 561574.7
-1179631200000.0 0.2503255 1.5279479e-08 561574.7
-1176563400000.0 0.24967448 1.5391599e-08 556230.06
-1173495300000.0 0.24902344 1.5391599e-08 556230.06
-1170427300000.0 0.24837239 1.5391599e-08 556230.06
-1167359500000.0 0.24772136 1.5391599e-08 556230.06
-1164291500000.0 0.2470703 1.5502966e-08 564226.56
-1161223500000.0 0.24641925 1.5502966e-08 564226.56
-1158155500000.0 0.2457682 1.5502966e-08 564226.56
-1155087600000.0 0.24511719 1.5502966e-08 564226.56
-1152019600000.0 0.24446614 1.5626531e-08 566326.9
-1148951600000.0 0.2438151 1.5626531e-08 566326.9
-1145883700000.0 0.24316406 1.5626531e-08 566326.9
-1142815900000.0 0.24251305 1.5626531e-08 566326.9
-1139747800000.0 0.241862 1.566854e-08 591637.2
-1136679800000.0 0.24121095 1.566854e-08 591637.2
-1133611800000.0 0.2405599 1.566854e-08 591637.2
-1130543800000.0 0.23990884 1.566854e-08 591637.2
-1127475800000.0 0.2392578 1.5756738e-08 602504.5
-1124408000000.0 0.23860677 1.5756738e-08 602504.5
-1121340100000.0 0.23795573 1.5756738e-08 602504.5
-1118272100000.0 0.23730469 1.5756738e-08 602504.5
-1115204100000.0 0.23665364 1.5900628e-08 613995.56
-1112136100000.0 0.2360026 1.5900628e-08 613995.56
-1109068100000.0 0.23535155 1.5900628e-08 613995.56
-1106000100000.0 0.23470049 1.5900628e-08 613995.56
-1102932200000.0 0.23404948 1.6201277e-08 599740.56
-1099864300000.0 0.23339845 1.6201277e-08 599740.56
-1096796340000.0 0.23274739 1.6201277e-08 599740.56
-1093728340000.0 0.23209634 1.6201277e-08 599740.56
-1090660400000.0 0.23144531 1.644404e-08 599903.0
-1087592400000.0 0.23079427 1.644404e-08 599903.0
-1084524400000.0 0.23014322 1.644404e-08 599903.0
-1081456500000.0 0.22949219 1.644404e-08 599903.0
-1078388600000.0 0.22884116 1.6671649e-08 596359.06
-1075320600000.0 0.22819011 1.6671649e-08 596359.06
-1072252600000.0 0.22753906 1.6671649e-08 596359.06
-1069184650000.0 0.22688803 1.6671649e-08 596359.06
-1066116700000.0 0.22623697 1.6727427e-08 619780.9
-1063048700000.0 0.22558592 1.6727427e-08 619780.9
-1059980800000.0 0.22493489 1.6727427e-08 619780.9
-1056912830000.0 0.22428386 1.6727427e-08 619780.9
-1053844800000.0 0.22363281 1.6846196e-08 619090.2
-1050776800000.0 0.22298177 1.6846196e-08 619090.2
-1047708960000.0 0.22233073 1.6846196e-08 619090.2
-1044640960000.0 0.22167969 1.6846196e-08 619090.2
-1041572950000.0 0.22102864 1.7109896e-08 624099.75
-1038505000000.0 0.22037761 1.7109896e-08 624099.75
-1035437150000.0 0.21972658 1.7109896e-08 624099.75
-1032369140000.0 0.21907552 1.7109896e-08 624099.75
-1029301140000.0 0.21842447 1.7439953e-08 610635.3
-1026233200000.0 0.21777344 1.7439953e-08 610635.3
-1023165200000.0 0.21712239 1.7439953e-08 610635.3
-1020097200000.0 0.21647134 1.7439953e-08 610635.3
-1017029300000.0 0.21582031 1.7620005e-08 618610.5
-1013961400000.0 0.21516928 1.7620005e-08 618610.5
-1010893400000.0 0.21451823 1.7620005e-08 618610.5
-1007825400000.0 0.21386719 1.7620005e-08 618610.5
-1004757450000.0 0.21321616 1.7809896e-08 616078.9
-1001689500000.0 0.2125651 1.7809896e-08 616078.9
-998621500000.0 0.21191405 1.7809896e-08 616078.9
-995553600000.0 0.21126302 1.7809896e-08 616078.9
-992485640000.0 0.21061198 1.8110658e-08 626133.6
-989417640000.0 0.20996094 1.8110658e-08 626133.6
-986349630000.0 0.20930989 1.8110658e-08 626133.6
-983281760000.0 0.20865886 1.8110658e-08 626133.6
-980213760000.0 0.20800781 1.867913e-08 622787.25
-977145760000.0 0.20735677 1.867913e-08 622787.25
-974077800000.0 0.20670573 1.867913e-08 622787.25
-971009950000.0 0.2060547 1.867913e-08 622787.25
-967941950000.0 0.20540364 1.9088473e-08 637417.56
-964873950000.0 0.2047526 1.9088473e-08 637417.56
-961806000000.0 0.20410156 1.9088473e-08 637417.56
-958738140000.0 0.20345053 1.9088473e-08 637417.56
-955670000000.0 0.20279947 1.9528517e-08 625833.5
-952602100000.0 0.20214844 1.9528517e-08 625833.5
-949534200000.0 0.2014974 1.9528517e-08 625833.5
-946466200000.0 0.20084636 1.9528517e-08 625833.5
-943398200000.0 0.20019531 2.0033688e-08 636591.2
-940330250000.0 0.19954428 2.0033688e-08 636591.2
-937262400000.0 0.19889325 2.0033688e-08 636591.2
-934194300000.0 0.19824217 2.0033688e-08 636591.2
-931126400000.0 0.19759114 2.0674713e-08 634120.56
-928058440000.0 0.19694011 2.0674713e-08 634120.56
-924990440000.0 0.19628906 2.0674713e-08 634120.56
-921922440000.0 0.19563802 2.0674713e-08 634120.56
-918854570000.0 0.19498698 2.1055591e-08 654478.5
-915786600000.0 0.19433595 2.1055591e-08 654478.5
-912718560000.0 0.19368488 2.1055591e-08 654478.5
-909650600000.0 0.19303386 2.1055591e-08 654478.5
-906582750000.0 0.19238283 2.1287283e-08 635808.94
-903514750000.0 0.19173177 2.1287283e-08 635808.94
-900446750000.0 0.19108072 2.1287283e-08 635808.94
-897378800000.0 0.19042969 2.1287283e-08 635808.94
-894310900000.0 0.18977866 2.1605326e-08 630978.7
-891242800000.0 0.1891276 2.1605326e-08 630978.7
-888174940000.0 0.18847656 2.1605326e-08 630978.7
-885107000000.0 0.18782553 2.1605326e-08 630978.7
-882039000000.0 0.18717448 2.205943e-08 613293.4
-878971000000.0 0.18652342 2.205943e-08 613293.4
-875903060000.0 0.1858724 2.205943e-08 613293.4
-872835200000.0 0.18522137 2.205943e-08 613293.4
-869767050000.0 0.1845703 2.2412543e-08 623390.0
-866699200000.0 0.18391927 2.2412543e-08 623390.0
-863631250000.0 0.18326823 2.2412543e-08 623390.0
-860563240000.0 0.18261719 2.2412543e-08 623390.0
-857495400000.0 0.18196616 2.2517861e-08 595229.56
-854427400000.0 0.18131511 2.2517861e-08 595229.56
-851359400000.0 0.18066408 2.2517861e-08 595229.56
-848291360000.0 0.180013 2.2517861e-08 595229.56
-845223400000.0 0.17936198 2.2700696e-08 577064.0
-842155560000.0 0.17871095 2.2700696e-08 577064.0
-839087400000.0 0.17805988 2.2700696e-08 577064.0
-836019700000.0 0.17740889 2.2700696e-08 577064.0
-832951600000.0 0.17675781 2.3020167e-08 547757.4
-829883550000.0 0.17610675 2.3020167e-08 547757.4
-826815800000.0 0.17545575 2.3020167e-08 547757.4
-823747740000.0 0.17480469 2.3020167e-08 547757.4
-820679600000.0 0.17415361 2.3192245e-08 550899.94
-817611870000.0 0.17350262 2.3192245e-08 550899.94
-814543800000.0 0.17285155 2.3192245e-08 550899.94
-811475860000.0 0.17220053 2.3192245e-08 550899.94
-808408000000.0 0.1715495 2.3320512e-08 526124.44
-805339860000.0 0.17089842 2.3320512e-08 526124.44
-802272000000.0 0.17024739 2.3320512e-08 526124.44
-799204050000.0 0.16959636 2.3320512e-08 526124.44
-796136000000.0 0.1689453 2.3331825e-08 511602.28
-793068240000.0 0.1682943 2.3331825e-08 511602.28
-790000200000.0 0.16764323 2.3331825e-08 511602.28
-786932040000.0 0.16699216 2.3331825e-08 511602.28
-783864370000.0 0.16634117 2.3623679e-08 475711.44
-780796200000.0 0.1656901 2.3623679e-08 475711.44
-777728160000.0 0.16503903 2.3623679e-08 475711.44
-774660400000.0 0.16438805 2.3623679e-08 475711.44
-771592360000.0 0.16373697 2.3980222e-08 454231.0
-768524400000.0 0.16308594 2.3980222e-08 454231.0
-765456500000.0 0.1624349 2.3980222e-08 454231.0
-762388400000.0 0.16178384 2.3980222e-08 454231.0
-759320540000.0 0.16113281 2.434362e-08 431673.44
-756252600000.0 0.16048178 2.434362e-08 431673.44
-753184540000.0 0.1598307 2.434362e-08 431673.44
-750116800000.0 0.15917972 2.434362e-08 431673.44
-747048670000.0 0.15852864 2.4597659e-08 408541.78
-743980600000.0 0.15787758 2.4597659e-08 408541.78
-740912860000.0 0.15722659 2.4597659e-08 408541.78
-737844800000.0 0.15657552 2.4597659e-08 408541.78
-734776700000.0 0.15592445 2.4724278e-08 381467.47
-731709000000.0 0.15527347 2.4724278e-08 381467.47
-728640850000.0 0.15462239 2.4724278e-08 381467.47
-725573000000.0 0.15397136 2.4724278e-08 381467.47
-722505040000.0 0.15332033 2.4721693e-08 353816.22
-719437000000.0 0.15266925 2.4721693e-08 353816.22
-716369040000.0 0.15201822 2.4721693e-08 353816.22
-713301160000.0 0.1513672 2.4721693e-08 353816.22
-710233000000.0 0.15071613 2.4779547e-08 330189.1
-707165300000.0 0.15006512 2.4779547e-08 330189.1
-704097200000.0 0.14941406 2.4779547e-08 330189.1
-701029150000.0 0.148763 2.4779547e-08 330189.1
-697961400000.0 0.148112 2.4812222e-08 304688.47
-694893300000.0 0.14746092 2.4812222e-08 304688.47
-691825200000.0 0.14680986 2.4812222e-08 304688.47
-688757500000.0 0.14615887 2.4812222e-08 304688.47
-685689400000.0 0.1455078 2.4898304e-08 280191.22
-682621500000.0 0.14485677 2.4898304e-08 280191.22
-679553600000.0 0.14420575 2.4898304e-08 280191.22
-676485460000.0 0.14355466 2.4898304e-08 280191.22
-673417600000.0 0.14290364 2.5045354e-08 257694.19
-670349660000.0 0.14225261 2.5045354e-08 257694.19
-667281600000.0 0.14160155 2.5045354e-08 257694.19
-664213850000.0 0.14095055 2.5045354e-08 257694.19
-661145800000.0 0.14029948 2.507139e-08 234908.3
-658077650000.0 0.13964841 2.507139e-08 234908.3
-655009900000.0 0.1389974 2.507139e-08 234908.3
-651941840000.0 0.13834634 2.507139e-08 234908.3
-648873800000.0 0.13769528 2.5052488e-08 215245.05
-645806000000.0 0.1370443 2.5052488e-08 215245.05
-642737960000.0 0.13639323 2.5052488e-08 215245.05
-639670000000.0 0.13574219 2.5052488e-08 215245.05
-636602100000.0 0.13509116 2.4967859e-08 198052.11
-633534000000.0 0.1344401 2.4967859e-08 198052.11
-630466100000.0 0.13378905 2.4967859e-08 198052.11
-627398200000.0 0.13313803 2.4967859e-08 198052.11
-624330150000.0 0.13248697 2.483062e-08 178625.55
-621262400000.0 0.13183598 2.483062e-08 178625.55
-618194300000.0 0.13118489 2.483062e-08 178625.55
-615126200000.0 0.13053383 2.483062e-08 178625.55
-612058460000.0 0.12988284 2.473478e-08 161509.55
-608990400000.0 0.12923177 2.473478e-08 161509.55
-605922260000.0 0.12858069 2.473478e-08 161509.55
-602854600000.0 0.12792972 2.473478e-08 161509.55
-599786460000.0 0.12727864 2.4591264e-08 136474.56
-596718600000.0 0.12662761 2.4591264e-08 136474.56
-593650650000.0 0.12597658 2.4591264e-08 136474.56
-590582600000.0 0.1253255 2.4591264e-08 136474.56
-587514640000.0 0.12467448 2.4527479e-08 106481.97
-584446800000.0 0.12402345 2.4527479e-08 106481.97
-581378640000.0 0.123372376 2.4527479e-08 106481.97
-578310900000.0 0.12272138 2.4527479e-08 106481.97
-575242800000.0 0.12207031 2.4628664e-08 85683.01
-572174760000.0 0.12141925 2.4628664e-08 85683.01
-569107000000.0 0.12076825 2.4628664e-08 85683.01
-566038900000.0 0.12011717 2.4628664e-08 85683.01
-562970800000.0 0.11946611 2.468659e-08 68064.54
-559903100000.0 0.118815124 2.468659e-08 68064.54
-556835000000.0 0.118164055 2.468659e-08 68064.54
-553767100000.0 0.11751302 2.468659e-08 68064.54
-550699200000.0 0.11686199 2.479545e-08 56770.96
-547631100000.0 0.11621092 2.479545e-08 56770.96
-544563200000.0 0.11555989 2.479545e-08 56770.96
-541495260000.0 0.11490886 2.479545e-08 56770.96
-538427200000.0 0.11425779 2.4876773e-08 48431.76
-535359460000.0 0.113606796 2.4876773e-08 48431.76
-532291350000.0 0.11295573 2.4876773e-08 48431.76
-529223300000.0 0.11230466 2.4876773e-08 48431.76
-526155550000.0 0.11165367 2.5106445e-08 53346.76
-523087450000.0 0.1110026 2.5106445e-08 53346.76
-520019350000.0 0.11035153 2.5106445e-08 53346.76
-516951640000.0 0.10970054 2.5106445e-08 53346.76
-513883540000.0 0.10904947 2.518372e-08 48271.605
-510815630000.0 0.10839844 2.518372e-08 48271.605
-507747730000.0 0.107747406 2.518372e-08 48271.605
-504679630000.0 0.10709634 2.518372e-08 48271.605
-501611720000.0 0.106445305 2.538199e-08 35847.676
-498543820000.0 0.10579427 2.538199e-08 35847.676
-495475720000.0 0.10514321 2.538199e-08 35847.676
-492407980000.0 0.10449222 2.538199e-08 35847.676
-489339900000.0 0.10384115 2.5707845e-08 24109.33
-486271800000.0 0.10319008 2.5707845e-08 24109.33
-483204070000.0 0.102539085 2.5707845e-08 24109.33
-480135970000.0 0.101888016 2.5707845e-08 24109.33
-477067900000.0 0.10123695 2.647034e-08 31840.725
-474000160000.0 0.10058595 2.647034e-08 31840.725
-470932060000.0 0.09993488 2.647034e-08 31840.725
-467864160000.0 0.09928385 2.647034e-08 31840.725
-464796250000.0 0.09863283 2.7491804e-08 55206.29
-461728150000.0 0.09798176 2.7491804e-08 55206.29
-458660250000.0 0.09733073 2.7491804e-08 55206.29
-455592350000.0 0.096679695 2.7491804e-08 55206.29
-452524240000.0 0.096028626 2.8721495e-08 103101.77
-449456500000.0 0.09537763 2.8721495e-08 103101.77
-446388440000.0 0.09472656 2.8721495e-08 103101.77
-443320340000.0 0.09407549 2.8721495e-08 103101.77
-440252600000.0 0.0934245 2.9343557e-08 126622.875
-437184530000.0 0.09277343 2.9343557e-08 126622.875
-434116430000.0 0.09212236 2.9343557e-08 126622.875
-431048700000.0 0.091471374 2.9343557e-08 126622.875
-427980620000.0 0.090820305 2.9867987e-08 128731.234
-424912680000.0 0.09016927 2.9867987e-08 128731.234
