morphology_data/1d_wa_a0.05_l4r0.5_00001.ecsv
# %ECSV 1.0
# ---
# datatype:
# - {name: b, datatype: float32}
# - {name: phase, datatype: float32}
# - {name: sigma, datatype: float32}
# - {name: vr, datatype: float32}
# meta: {lambda: 4, rp: 0.5, sep: 0.05, wind: a}
# schema: astropy-2.0
b phase sigma vr
[from data line 1252]
1492563400000.0 -0.31673178 9.956837e-09 -999903.06
1495631400000.0 -0.31738284 9.956837e-09 -999903.06
1498699100000.0 -0.3180338 1.0378661e-08 -987770.94
1501767300000.0 -0.3186849 1.0378661e-08 -987770.94
1504835300000.0 -0.31933597 1.0378661e-08 -987770.94
1507903000000.0 -0.31998697 1.0378661e-08 -987770.94
1510971100000.0 -0.32063803 1.052524e-08 -1043744.1
1514039300000.0 -0.3212891 1.052524e-08 -1043744.1
1517107000000.0 -0.3219401 1.052524e-08 -1043744.1
1520175000000.0 -0.32259116 1.052524e-08 -1043744.1
1523243200000.0 -0.32324222 1.0617904e-08 -1030225.94
1526310900000.0 -0.32389322 1.0617904e-08 -1030225.94
1529379000000.0 -0.32454428 1.0617904e-08 -1030225.94
1532447000000.0 -0.32519534 1.0617904e-08 -1030225.94
1535514800000.0 -0.32584634 1.0808333e-08 -1108170.1
1538582500000.0 -0.32649735 1.0808333e-08 -1108170.1
1541651000000.0 -0.3271485 1.0808333e-08 -1108170.1
1544718600000.0 -0.32779947 1.0808333e-08 -1108170.1
1547786400000.0 -0.32845047 1.0469368e-08 -1198558.9
1550854900000.0 -0.32910162 1.0469368e-08 -1198558.9
1553922700000.0 -0.3297526 1.0469368e-08 -1198558.9
1556990400000.0 -0.3304036 1.0469368e-08 -1198558.9
1560058800000.0 -0.33105475 1.064423e-08 -1287894.2
1563126500000.0 -0.33170575 1.064423e-08 -1287894.2
1566194300000.0 -0.33235672 1.064423e-08 -1287894.2
1569262400000.0 -0.3330078 1.064423e-08 -1287894.2
1572330400000.0 -0.33365887 9.851095e-09 -1496096.4
1575398100000.0 -0.33430985 9.851095e-09 -1496096.4
1578466300000.0 -0.33496094 9.851095e-09 -1496096.4
1581534400000.0 -0.335612 9.851095e-09 -1496096.4
1584602000000.0 -0.336263 9.8985895e-09 -1596459.0
1587670200000.0 -0.33691406 9.8985895e-09 -1596459.0
1590738300000.0 -0.33756512 9.8985895e-09 -1596459.0
1593806000000.0 -0.33821613 9.8985895e-09 -1596459.0
1596874000000.0 -0.3388672 8.959201e-09 -1864361.9
1599942200000.0 -0.33951825 8.959201e-09 -1864361.9
1603009900000.0 -0.34016925 8.959201e-09 -1864361.9
1606078000000.0 -0.3408203 8.959201e-09 -1864361.9
1609146000000.0 -0.3414714 8.827108e-09 -1982754.0
1612213800000.0 -0.34212238 8.827108e-09 -1982754.0
1615281500000.0 -0.34277338 8.827108e-09 -1982754.0
1618350000000.0 -0.34342453 8.827108e-09 -1982754.0
1621417800000.0 -0.3440755 8.095971e-09 -2267838.0
1624485400000.0 -0.3447265 8.095971e-09 -2267838.0
1627553900000.0 -0.34537765 8.095971e-09 -2267838.0
1630621700000.0 -0.34602866 8.095971e-09 -2267838.0
1633689400000.0 -0.34667963 7.831094e-09 -2412739.2
1636757800000.0 -0.34733078 7.831094e-09 -2412739.2
1639825500000.0 -0.34798178 7.831094e-09 -2412739.2
1642893300000.0 -0.34863275 7.831094e-09 -2412739.2
1645961700000.0 -0.3492839 7.4037585e-09 -2675572.2
1649029400000.0 -0.3499349 7.4037585e-09 -2675572.2
1652097200000.0 -0.3505859 7.4037585e-09 -2675572.2
1655165300000.0 -0.35123697 7.4037585e-09 -2675572.2
1658233400000.0 -0.35188803 7.18468e-09 -2802730.0
1661301200000.0 -0.35253903 7.18468e-09 -2802730.0
1664369200000.0 -0.3531901 7.18468e-09 -2802730.0
1667437300000.0 -0.35384116 7.18468e-09 -2802730.0
1670505000000.0 -0.35449216 7.044861e-09 -2970805.5
1673573200000.0 -0.35514322 7.044861e-09 -2970805.5
1676641200000.0 -0.3557943 7.044861e-09 -2970805.5
1679708900000.0 -0.35644528 7.044861e-09 -2970805.5
1682777000000.0 -0.35709634 6.944977e-09 -3030347.0
1685845000000.0 -0.35774744 6.944977e-09 -3030347.0
1688912800000.0 -0.3583984 6.944977e-09 -3030347.0
1691980900000.0 -0.3590495 6.944977e-09 -3030347.0
1695049000000.0 -0.35970056 6.9478725e-09 -3088092.2
1698116800000.0 -0.36035156 6.9478725e-09 -3088092.2
1701184500000.0 -0.36100253 6.9478725e-09 -3088092.2
1704252900000.0 -0.3616537 6.9478725e-09 -3088092.2
1707320700000.0 -0.3623047 6.8918324e-09 -3103975.8
1710388400000.0 -0.36295566 6.8918324e-09 -3103975.8
1713456800000.0 -0.3636068 6.8918324e-09 -3103975.8
1716524500000.0 -0.3642578 6.8918324e-09 -3103975.8
1719592300000.0 -0.3649088 6.947489e-09 -3094207.5
1722660800000.0 -0.36555994 6.947489e-09 -3094207.5
1725728400000.0 -0.36621094 6.947489e-09 -3094207.5
1728796200000.0 -0.36686194 6.947489e-09 -3094207.5
1731864700000.0 -0.3675131 6.9339587e-09 -3074056.2
1734932400000.0 -0.36816406 6.9339587e-09 -3074056.2
1738000200000.0 -0.36881506 6.9339587e-09 -3074056.2
1741068200000.0 -0.36946613 6.9339587e-09 -3074056.2
1744136300000.0 -0.3701172 7.068453e-09 -3003632.2
1747204000000.0 -0.3707682 7.068453e-09 -3003632.2
1750272200000.0 -0.37141925 7.068453e-09 -3003632.2
1753340200000.0 -0.37207034 7.068453e-09 -3003632.2
1756407900000.0 -0.3727213 7.0852595e-09 -2942189.0
1759476000000.0 -0.3733724 7.0852595e-09 -2942189.0
1762544200000.0 -0.37402347 7.0852595e-09 -2942189.0
1765611800000.0 -0.37467447 7.0852595e-09 -2942189.0
1768679900000.0 -0.37532553 7.274167e-09 -2813846.8
1771748000000.0 -0.3759766 7.274167e-09 -2813846.8
1774815800000.0 -0.3766276 7.274167e-09 -2813846.8
1777883800000.0 -0.37727866 7.274167e-09 -2813846.8
1780952000000.0 -0.37792972 7.2848714e-09 -2725439.2
1784019700000.0 -0.37858072 7.2848714e-09 -2725439.2
1787087400000.0 -0.37923172 7.2848714e-09 -2725439.2
1790155800000.0 -0.37988284 7.2848714e-09 -2725439.2
1793223600000.0 -0.38053384 7.476001e-09 -2581278.8
1796291300000.0 -0.38118485 7.476001e-09 -2581278.8
1799359800000.0 -0.381836 7.476001e-09 -2581278.8
1802427600000.0 -0.38248697 7.476001e-09 -2581278.8
1805495200000.0 -0.38313797 7.465293e-09 -2505627.2
1808563700000.0 -0.38378912 7.465293e-09 -2505627.2
1811631400000.0 -0.3844401 7.465293e-09 -2505627.2
1814699200000.0 -0.3850911 7.465293e-09 -2505627.2
1817767600000.0 -0.38574225 7.599388e-09 -2366641.8
1820835300000.0 -0.38639325 7.599388e-09 -2366641.8
1823903000000.0 -0.38704422 7.599388e-09 -2366641.8
1826971200000.0 -0.3876953 7.599388e-09 -2366641.8
1830039200000.0 -0.38834637 7.566104e-09 -2284946.8
1833106900000.0 -0.38899738 7.566104e-09 -2284946.8
1836175000000.0 -0.38964844 7.566104e-09 -2284946.8
1839243200000.0 -0.3902995 7.566104e-09 -2284946.8
1842311000000.0 -0.3909505 7.624505e-09 -2171143.2
1845379000000.0 -0.39160156 7.624505e-09 -2171143.2
1848447100000.0 -0.39225262 7.624505e-09 -2171143.2
1851514800000.0 -0.39290363 7.624505e-09 -2171143.2
1854582800000.0 -0.3935547 7.540055e-09 -2096909.4
1857651000000.0 -0.39420575 7.540055e-09 -2096909.4
1860718700000.0 -0.39485675 7.540055e-09 -2096909.4
1863786800000.0 -0.3955078 7.540055e-09 -2096909.4
1866854800000.0 -0.3961589 7.472749e-09 -1986258.9
1869922600000.0 -0.39680988 7.472749e-09 -1986258.9
1872990300000.0 -0.39746088 7.472749e-09 -1986258.9
1876058800000.0 -0.39811203 7.472749e-09 -1986258.9
1879126600000.0 -0.398763 7.261918e-09 -1936493.2
1882194300000.0 -0.399414 7.261918e-09 -1936493.2
1885262700000.0 -0.40006515 7.261918e-09 -1936493.2
1888330400000.0 -0.40071616 7.261918e-09 -1936493.2
1891398200000.0 -0.40136713 7.0482034e-09 -1900590.0
1894466600000.0 -0.40201828 7.0482034e-09 -1900590.0
1897534300000.0 -0.40266928 7.0482034e-09 -1900590.0
1900602000000.0 -0.40332028 7.0482034e-09 -1900590.0
1903670500000.0 -0.4039714 6.8278463e-09 -1929536.8
1906738200000.0 -0.4046224 6.8278463e-09 -1929536.8
1909806000000.0 -0.4052734 6.8278463e-09 -1929536.8
1912874100000.0 -0.40592447 6.8278463e-09 -1929536.8
1915942200000.0 -0.40657553 6.668962e-09 -1904964.1
1919010000000.0 -0.40722653 6.668962e-09 -1904964.1
1922078000000.0 -0.4078776 6.668962e-09 -1904964.1
1925146100000.0 -0.40852866 6.668962e-09 -1904964.1
1928213800000.0 -0.40917966 6.5396626e-09 -1931847.6
1931282000000.0 -0.40983072 6.5396626e-09 -1931847.6
1934350000000.0 -0.4104818 6.5396626e-09 -1931847.6
1937417700000.0 -0.41113278 6.5396626e-09 -1931847.6
1940485800000.0 -0.41178387 6.379495e-09 -1894791.2
1943553800000.0 -0.41243494 6.379495e-09 -1894791.2
1946621600000.0 -0.4130859 6.379495e-09 -1894791.2
1949689700000.0 -0.413737 6.379495e-09 -1894791.2
1952757800000.0 -0.41438806 6.225371e-09 -1923085.4
1955825600000.0 -0.41503906 6.225371e-09 -1923085.4
1958893300000.0 -0.41569003 6.225371e-09 -1923085.4
1961961700000.0 -0.4163412 6.225371e-09 -1923085.4
1965029500000.0 -0.4169922 6.0258736e-09 -1868083.8
1968097200000.0 -0.4176432 6.0258736e-09 -1868083.8
1971165600000.0 -0.4182943 6.0258736e-09 -1868083.8
1974233300000.0 -0.4189453 6.0258736e-09 -1868083.8
1977301100000.0 -0.4195963 5.892195e-09 -1893912.0
1980369600000.0 -0.42024744 5.892195e-09 -1893912.0
1983437300000.0 -0.42089844 5.892195e-09 -1893912.0
1986505000000.0 -0.42154944 5.892195e-09 -1893912.0
1989573500000.0 -0.4222006 5.7198433e-09 -1812642.2
1992641200000.0 -0.42285156 5.7198433e-09 -1812642.2
1995709000000.0 -0.42350256 5.7198433e-09 -1812642.2
1998777000000.0 -0.42415363 5.7198433e-09 -1812642.2
2001845100000.0 -0.42480472 5.6241523e-09 -1823043.2
2004912800000.0 -0.4254557 5.6241523e-09 -1823043.2
2007981000000.0 -0.42610675 5.6241523e-09 -1823043.2
2011049000000.0 -0.42675784 5.6241523e-09 -1823043.2
2014116700000.0 -0.4274088 5.4527423e-09 -1746213.5
2017184800000.0 -0.4280599 5.4527423e-09 -1746213.5
2020253000000.0 -0.42871097 5.4527423e-09 -1746213.5
2023320700000.0 -0.42936197 5.4527423e-09 -1746213.5
2026388700000.0 -0.43001303 5.3775526e-09 -1739896.5
2029456900000.0 -0.4306641 5.3775526e-09 -1739896.5
2032524600000.0 -0.4313151 5.3775526e-09 -1739896.5
2035592600000.0 -0.43196616 5.3775526e-09 -1739896.5
2038660700000.0 -0.43261722 5.2147184e-09 -1724484.1
2041728500000.0 -0.43326822 5.2147184e-09 -1724484.1
2044796200000.0 -0.43391922 5.2147184e-09 -1724484.1
2047864600000.0 -0.43457034 5.2147184e-09 -1724484.1
2050932300000.0 -0.43522134 5.166886e-09 -1717695.4
2054000100000.0 -0.43587235 5.166886e-09 -1717695.4
2057068600000.0 -0.4365235 5.166886e-09 -1717695.4
2060136300000.0 -0.43717447 5.166886e-09 -1717695.4
2063204100000.0 -0.43782547 5.009567e-09 -1764562.2
2066272500000.0 -0.43847662 5.009567e-09 -1764562.2
2069340200000.0 -0.43912762 5.009567e-09 -1764562.2
2072408000000.0 -0.4397786 5.009567e-09 -1764562.2
2075476400000.0 -0.44042975 4.986437e-09 -1752564.1
2078544100000.0 -0.44108075 4.986437e-09 -1752564.1
2081611800000.0 -0.44173172 4.986437e-09 -1752564.1
2084680000000.0 -0.4423828 4.986437e-09 -1752564.1
2087748000000.0 -0.44303387 4.850132e-09 -1815575.4
2090815700000.0 -0.44368488 4.850132e-09 -1815575.4
2093883900000.0 -0.44433594 4.850132e-09 -1815575.4
2096952000000.0 -0.444987 4.850132e-09 -1815575.4
2100019700000.0 -0.445638 4.873381e-09 -1780593.2
2103087700000.0 -0.44628906 4.873381e-09 -1780593.2
2106155900000.0 -0.44694012 4.873381e-09 -1780593.2
2109223600000.0 -0.44759113 4.873381e-09 -1780593.2
2112291700000.0 -0.4482422 4.832022e-09 -1802069.8
2115359700000.0 -0.44889325 4.832022e-09 -1802069.8
2118427500000.0 -0.44954425 4.832022e-09 -1802069.8
2121495600000.0 -0.4501953 4.832022e-09 -1802069.8
2124563600000.0 -0.4508464 4.8771964e-09 -1752872.8
2127631400000.0 -0.45149738 4.8771964e-09 -1752872.8
2130699100000.0 -0.45214838 4.8771964e-09 -1752872.8
2133767600000.0 -0.45279953 4.8771964e-09 -1752872.8
2136835400000.0 -0.45345053 4.945599e-09 -1725600.0
2139903100000.0 -0.4541015 4.945599e-09 -1725600.0
2142971500000.0 -0.45475265 4.945599e-09 -1725600.0
2146039200000.0 -0.45540366 4.945599e-09 -1725600.0
2149107000000.0 -0.45605463 5.003812e-09 -1677315.2
2152175400000.0 -0.45670578 5.003812e-09 -1677315.2
2155243100000.0 -0.45735678 5.003812e-09 -1677315.2
2158310900000.0 -0.45800778 5.003812e-09 -1677315.2
2161379400000.0 -0.4586589 5.1560893e-09 -1598797.9
2164447000000.0 -0.4593099 5.1560893e-09 -1598797.9
2167514700000.0 -0.4599609 5.1560893e-09 -1598797.9
2170582900000.0 -0.46061197 5.1560893e-09 -1598797.9
2173651000000.0 -0.46126303 5.203918e-09 -1556869.4
2176718700000.0 -0.46191403 5.203918e-09 -1556869.4
2179786700000.0 -0.4625651 5.203918e-09 -1556869.4
2182854900000.0 -0.46321616 5.203918e-09 -1556869.4
2185922600000.0 -0.46386716 5.4658567e-09 -1435383.2
2188990700000.0 -0.46451822 5.4658567e-09 -1435383.2
2192058700000.0 -0.4651693 5.4658567e-09 -1435383.2
2195126500000.0 -0.46582028 5.4658567e-09 -1435383.2
2198194600000.0 -0.46647137 5.4961404e-09 -1403260.5
2201262800000.0 -0.46712244 5.4961404e-09 -1403260.5
2204330400000.0 -0.46777344 5.4961404e-09 -1403260.5
2207398500000.0 -0.4684245 5.4961404e-09 -1403260.5
2210466600000.0 -0.46907556 5.8451457e-09 -1260271.6
2213534200000.0 -0.4697265 5.8451457e-09 -1260271.6
2216602000000.0 -0.47037753 5.8451457e-09 -1260271.6
2219670500000.0 -0.4710287 5.8451457e-09 -1260271.6
2222738400000.0 -0.47167972 5.876524e-09 -1231040.0
2225806000000.0 -0.4723307 5.876524e-09 -1231040.0
2228874400000.0 -0.4729818 5.876524e-09 -1231040.0
2231942300000.0 -0.47363284 5.876524e-09 -1231040.0
2235009900000.0 -0.4742838 6.089336e-09 -1078260.2
2238078300000.0 -0.47493497 6.089336e-09 -1078260.2
2241146000000.0 -0.47558594 6.089336e-09 -1078260.2
2244213700000.0 -0.47623694 6.089336e-09 -1078260.2
2247282000000.0 -0.47688803 6.103613e-09 -1027497.3
2250350000000.0 -0.47753906 6.103613e-09 -1027497.3
2253417600000.0 -0.47819003 6.103613e-09 -1027497.3
2256485700000.0 -0.47884113 6.103613e-09 -1027497.3
2259554000000.0 -0.47949222 6.184658e-09 -851750.2
2262621700000.0 -0.48014325 6.184658e-09 -851750.2
2265689600000.0 -0.48079422 6.184658e-09 -851750.2
2268757800000.0 -0.48144534 6.184658e-09 -851750.2
2271825600000.0 -0.48209637 6.2363643e-09 -797748.25
2274893500000.0 -0.48274735 6.2363643e-09 -797748.25
2277961600000.0 -0.48339847 6.2363643e-09 -797748.25
2281029500000.0 -0.48404947 6.2363643e-09 -797748.25
2284097600000.0 -0.48470056 6.2624292e-09 -708986.1
2287165500000.0 -0.48535156 6.2624292e-09 -708986.1
2290233400000.0 -0.4860026 6.2624292e-09 -708986.1
2293301500000.0 -0.48665366 6.2624292e-09 -708986.1
2296369600000.0 -0.48730478 6.279697e-09 -730343.06
2299437300000.0 -0.48795572 6.279697e-09 -730343.06
2302505000000.0 -0.48860675 6.279697e-09 -730343.06
2305573500000.0 -0.48925787 6.279697e-09 -730343.06
2308641000000.0 -0.48990884 6.265292e-09 -740996.06
2311709000000.0 -0.49055988 6.265292e-09 -740996.06
2314777400000.0 -0.491211 6.265292e-09 -740996.06
2317845000000.0 -0.49186197 6.265292e-09 -740996.06
2320913000000.0 -0.49251297 6.3289187e-09 -781953.1
2323981300000.0 -0.49316412 6.3289187e-09 -781953.1
2327049000000.0 -0.49381506 6.3289187e-09 -781953.1
2330116800000.0 -0.4944661 6.3289187e-09 -781953.1
2333185100000.0 -0.49511725 6.4025367e-09 -802787.3
2336253000000.0 -0.49576828 6.4025367e-09 -802787.3
2339320600000.0 -0.49641922 6.4025367e-09 -802787.3
2342388800000.0 -0.4970703 6.4025367e-09 -802787.3
2345457000000.0 -0.49772137 6.505663e-09 -820091.3
2348524500000.0 -0.49837238 6.505663e-09 -820091.3
2351592600000.0 -0.49902344 6.505663e-09 -820091.3
2354660800000.0 -0.4996745 6.505663e-09 -820091.3
