morphology_data/1d_wa_a0.025_l2r0.5_00001.ecsv
# %ECSV 1.0
# ---
# datatype:
# - {name: b, datatype: float32}
# - {name: phase, datatype: float32}
# - {name: sigma, datatype: float32}
# - {name: vr, datatype: float32}
# meta: {lambda: 2, rp: 0.5, sep: 0.025, wind: a}
# schema: astropy-2.0
b phase sigma vr
-1177330300000.0 0.49967447 3.3604992e-09 1435164.5
-1175796300000.0 0.49902344 3.3604992e-09 1435164.5
-1174262400000.0 0.4983724 3.3604992e-09 1435164.5
-1172728300000.0 0.49772134 3.3604992e-09 1435164.5
-1171194400000.0 0.4970703 3.7586916e-09 1556423.9
-1169660400000.0 0.49641928 3.7586916e-09 1556423.9
-1168126500000.0 0.49576828 3.7586916e-09 1556423.9
-1166592400000.0 0.4951172 3.7586916e-09 1556423.9
-1165058500000.0 0.4944662 4.1921675e-09 1586700.0
-1163524400000.0 0.49381506 4.1921675e-09 1586700.0
-1161990500000.0 0.4931641 4.1921675e-09 1586700.0
-1160456400000.0 0.49251297 4.1921675e-09 1586700.0
-1158922500000.0 0.49186197 4.6366395e-09 1561881.8
-1157388600000.0 0.49121094 4.6366395e-09 1561881.8
-1155854500000.0 0.49055988 4.6366395e-09 1561881.8
-1154320600000.0 0.48990884 4.6366395e-09 1561881.8
-1152786600000.0 0.4892578 5.024469e-09 1559641.8
-1151252600000.0 0.48860675 5.024469e-09 1559641.8
-1149718600000.0 0.48795572 5.024469e-09 1559641.8
-1148184700000.0 0.4873047 5.024469e-09 1559641.8
-1146650800000.0 0.48665366 5.3323137e-09 1599113.6
-1145116700000.0 0.4860026 5.3323137e-09 1599113.6
-1143582800000.0 0.48535156 5.3323137e-09 1599113.6
-1142048800000.0 0.48470056 5.3323137e-09 1599113.6
-1140514800000.0 0.48404947 5.537956e-09 1673235.4
-1138980800000.0 0.48339847 5.537956e-09 1673235.4
-1137446700000.0 0.48274735 5.537956e-09 1673235.4
-1135912800000.0 0.48209637 5.537956e-09 1673235.4
-1134378700000.0 0.48144525 5.708156e-09 1770434.8
-1132844800000.0 0.48079422 5.708156e-09 1770434.8
-1131310900000.0 0.48014325 5.708156e-09 1770434.8
-1129776800000.0 0.47949213 5.708156e-09 1770434.8
-1128242900000.0 0.47884113 5.9240226e-09 1876993.0
-1126709000000.0 0.4781901 5.9240226e-09 1876993.0
-1125175000000.0 0.47753906 5.9240226e-09 1876993.0
-1123640900000.0 0.476888 5.9240226e-09 1876993.0
-1122107000000.0 0.47623697 6.141958e-09 1976360.2
-1120573000000.0 0.47558594 6.141958e-09 1976360.2
-1119039100000.0 0.47493497 6.141958e-09 1976360.2
-1117505000000.0 0.47428384 6.141958e-09 1976360.2
-1115971100000.0 0.47363284 6.314912e-09 2037632.4
-1114437000000.0 0.47298175 6.314912e-09 2037632.4
-1112903100000.0 0.47233072 6.314912e-09 2037632.4
-1111369200000.0 0.47167972 6.314912e-09 2037632.4
-1109835100000.0 0.47102863 6.4164714e-09 2069468.2
-1108301200000.0 0.47037762 6.4164714e-09 2069468.2
-1106767100000.0 0.4697265 6.4164714e-09 2069468.2
-1105233200000.0 0.46907553 6.4164714e-09 2069468.2
-1103699200000.0 0.4684245 6.478685e-09 2090760.5
-1102165200000.0 0.46777344 6.478685e-09 2090760.5
-1100631200000.0 0.4671224 6.478685e-09 2090760.5
-1099097300000.0 0.46647137 6.478685e-09 2090760.5
-1097563400000.0 0.46582034 6.5172983e-09 2114981.5
-1096029300000.0 0.46516925 6.5172983e-09 2114981.5
-1094495400000.0 0.46451822 6.5172983e-09 2114981.5
-1092961400000.0 0.4638672 6.5172983e-09 2114981.5
-1091427400000.0 0.46321613 6.581625e-09 2133089.8
-1089893400000.0 0.4625651 6.581625e-09 2133089.8
-1088359400000.0 0.46191406 6.581625e-09 2133089.8
-1086825370000.0 0.461263 6.581625e-09 2133089.8
-1085291400000.0 0.46061197 6.6549397e-09 2138496.8
-1083757500000.0 0.45996094 6.6549397e-09 2138496.8
-1082223500000.0 0.4593099 6.6549397e-09 2138496.8
-1080689500000.0 0.45865884 6.6549397e-09 2138496.8
-1079155560000.0 0.4580078 6.738765e-09 2148379.2
-1077621560000.0 0.45735678 6.738765e-09 2148379.2
-1076087600000.0 0.45670575 6.738765e-09 2148379.2
-1074553550000.0 0.4560547 6.738765e-09 2148379.2
-1073019600000.0 0.45540366 6.7845747e-09 2187281.5
-1071485700000.0 0.45475262 6.7845747e-09 2187281.5
-1069951600000.0 0.45410153 6.7845747e-09 2187281.5
-1068417700000.0 0.45345053 6.7845747e-09 2187281.5
-1066883700000.0 0.4527995 6.777677e-09 2259661.5
-1065349700000.0 0.4521484 6.777677e-09 2259661.5
-1063815700000.0 0.45149738 6.777677e-09 2259661.5
-1062281740000.0 0.45084634 6.777677e-09 2259661.5
-1060747800000.0 0.4501953 6.723205e-09 2364854.8
-1059213740000.0 0.44954425 6.723205e-09 2364854.8
-1057679800000.0 0.44889322 6.723205e-09 2364854.8
-1056145870000.0 0.4482422 6.723205e-09 2364854.8
-1054611870000.0 0.44759116 6.677105e-09 2471586.5
-1053077860000.0 0.4469401 6.677105e-09 2471586.5
-1051543860000.0 0.44628906 6.677105e-09 2471586.5
-1050009900000.0 0.44563803 6.677105e-09 2471586.5
-1048475860000.0 0.44498697 6.6534582e-09 2552248.5
-1046941900000.0 0.44433594 6.6534582e-09 2552248.5
-1045408000000.0 0.4436849 6.6534582e-09 2552248.5
-1043873900000.0 0.44303384 6.6534582e-09 2552248.5
-1042340000000.0 0.4423828 6.6237673e-09 2626352.5
-1040806000000.0 0.44173178 6.6237673e-09 2626352.5
-1039272050000.0 0.44108075 6.6237673e-09 2626352.5
-1037738000000.0 0.44042966 6.6237673e-09 2626352.5
-1036204050000.0 0.43977866 6.6434604e-09 2734838.0
-1034670100000.0 0.43912762 6.6434604e-09 2734838.0
-1033136200000.0 0.4384766 6.6434604e-09 2734838.0
-1031602100000.0 0.4378255 6.6434604e-09 2734838.0
-1030068200000.0 0.43717447 6.7126855e-09 2861826.5
-1028534200000.0 0.43652344 6.7126855e-09 2861826.5
-1027000200000.0 0.43587238 6.7126855e-09 2861826.5
-1025466200000.0 0.43522134 6.7126855e-09 2861826.5
-1023932240000.0 0.4345703 6.772299e-09 2976887.0
-1022398200000.0 0.43391925 6.772299e-09 2976887.0
-1020864230000.0 0.43326822 6.772299e-09 2976887.0
-1019330300000.0 0.4326172 6.772299e-09 2976887.0
-1017796300000.0 0.43196616 6.741035e-09 3020075.5
-1016262300000.0 0.4313151 6.741035e-09 3020075.5
-1014728300000.0 0.43066406 6.741035e-09 3020075.5
-1013194360000.0 0.43001303 6.741035e-09 3020075.5
-1011660400000.0 0.429362 6.562135e-09 2931465.0
-1010126360000.0 0.42871094 6.562135e-09 2931465.0
-1008592400000.0 0.4280599 6.562135e-09 2931465.0
-1007058500000.0 0.42740887 6.562135e-09 2931465.0
-1005524400000.0 0.42675778 6.334378e-09 2780535.8
-1003990500000.0 0.42610675 6.334378e-09 2780535.8
-1002456500000.0 0.42545575 6.334378e-09 2780535.8
-1000922500000.0 0.42480466 6.334378e-09 2780535.8
-999388500000.0 0.42415363 6.218828e-09 2629253.0
-997854540000.0 0.4235026 6.218828e-09 2629253.0
-996320600000.0 0.42285156 6.218828e-09 2629253.0
-994786600000.0 0.42220053 6.218828e-09 2629253.0
-993252600000.0 0.42154947 6.2190453e-09 2517699.5
-991718700000.0 0.42089844 6.2190453e-09 2517699.5
-990184700000.0 0.4202474 6.2190453e-09 2517699.5
-988650700000.0 0.41959634 6.2190453e-09 2517699.5
-987116670000.0 0.4189453 6.28444e-09 2440923.5
-985582700000.0 0.41829428 6.28444e-09 2440923.5
-984048660000.0 0.41764322 6.28444e-09 2440923.5
-982514700000.0 0.4169922 6.28444e-09 2440923.5
-980980800000.0 0.41634116 6.3403562e-09 2376936.0
-979446700000.0 0.4156901 6.3403562e-09 2376936.0
-977912860000.0 0.4150391 6.3403562e-09 2376936.0
-976378800000.0 0.41438803 6.3403562e-09 2376936.0
-974844800000.0 0.41373694 6.351499e-09 2308494.0
-973310900000.0 0.41308597 6.351499e-09 2308494.0
-971776850000.0 0.41243488 6.351499e-09 2308494.0
-970242900000.0 0.41178387 6.351499e-09 2308494.0
-968709000000.0 0.41113284 6.327392e-09 2248417.5
-967174900000.0 0.41048175 6.327392e-09 2248417.5
-965641000000.0 0.40983072 6.327392e-09 2248417.5
-964107000000.0 0.4091797 6.327392e-09 2248417.5
-962573000000.0 0.40852863 6.327152e-09 2195794.5
-961039000000.0 0.4078776 6.327152e-09 2195794.5
-959505040000.0 0.40722656 6.327152e-09 2195794.5
-957971000000.0 0.4065755 6.327152e-09 2195794.5
-956437100000.0 0.4059245 6.3346968e-09 2179447.2
-954903100000.0 0.40527344 6.3346968e-09 2179447.2
-953369030000.0 0.40462238 6.3346968e-09 2179447.2
-951835160000.0 0.40397137 6.3346968e-09 2179447.2
-950301100000.0 0.4033203 6.399065e-09 2216722.8
-948767160000.0 0.40266928 6.399065e-09 2216722.8
-947233200000.0 0.40201825 6.399065e-09 2216722.8
-945699160000.0 0.4013672 6.399065e-09 2216722.8
-944165200000.0 0.40071616 6.5879746e-09 2251806.8
-942631300000.0 0.40006512 6.5879746e-09 2251806.8
-941097200000.0 0.39941403 6.5879746e-09 2251806.8
-939563300000.0 0.398763 6.5879746e-09 2251806.8
-938029300000.0 0.39811197 6.8709154e-09 2258452.8
-936495300000.0 0.3974609 6.8709154e-09 2258452.8
-934961400000.0 0.39680994 6.8709154e-09 2258452.8
-933427350000.0 0.39615884 6.8709154e-09 2258452.8
-931893400000.0 0.3955078 7.192268e-09 2242935.2
-930359400000.0 0.39485678 7.192268e-09 2242935.2
-928825400000.0 0.39420572 7.192268e-09 2242935.2
-927291400000.0 0.3935547 7.192268e-09 2242935.2
-925757500000.0 0.39290366 7.557615e-09 2201550.8
-924223500000.0 0.3922526 7.557615e-09 2201550.8
-922689500000.0 0.39160156 7.557615e-09 2201550.8
-921155530000.0 0.39095053 7.557615e-09 2201550.8
-919621500000.0 0.39029947 7.8493745e-09 2168074.0
-918087500000.0 0.38964844 7.8493745e-09 2168074.0
-916553600000.0 0.3889974 7.8493745e-09 2168074.0
-915019500000.0 0.38834634 7.8493745e-09 2168074.0
-913485660000.0 0.38769534 7.99284e-09 2181446.5
-911951600000.0 0.38704428 7.99284e-09 2181446.5
-910417660000.0 0.38639325 7.99284e-09 2181446.5
-908883700000.0 0.38574222 7.99284e-09 2181446.5
-907349660000.0 0.38509113 7.95588e-09 2247942.8
-905815700000.0 0.3844401 7.95588e-09 2247942.8
-904281700000.0 0.3837891 7.95588e-09 2247942.8
-902747700000.0 0.383138 7.95588e-09 2247942.8
-901213800000.0 0.38248697 7.900011e-09 2297167.5
-899679800000.0 0.38183594 7.900011e-09 2297167.5
-898145800000.0 0.38118488 7.900011e-09 2297167.5
-896611800000.0 0.38053384 7.900011e-09 2297167.5
-895077840000.0 0.3798828 7.911354e-09 2279216.0
-893543800000.0 0.37923175 7.911354e-09 2279216.0
-892009900000.0 0.37858075 7.911354e-09 2279216.0
-890475900000.0 0.3779297 7.911354e-09 2279216.0
-888941900000.0 0.37727866 7.946263e-09 2232627.5
-887408000000.0 0.37662762 7.946263e-09 2232627.5
-885873900000.0 0.37597656 7.946263e-09 2232627.5
-884339970000.0 0.37532553 7.946263e-09 2232627.5
-882806000000.0 0.3746745 7.979917e-09 2160922.8
-881271960000.0 0.37402344 7.979917e-09 2160922.8
-879738000000.0 0.3733724 7.979917e-09 2160922.8
-878204100000.0 0.37272137 7.979917e-09 2160922.8
-876670000000.0 0.37207028 7.988979e-09 2094575.5
-875136100000.0 0.37141925 7.988979e-09 2094575.5
-873602100000.0 0.37076822 7.988979e-09 2094575.5
-872068100000.0 0.37011716 7.988979e-09 2094575.5
-870534200000.0 0.3694662 7.984529e-09 2027679.8
-869000150000.0 0.3688151 7.984529e-09 2027679.8
-867466200000.0 0.36816406 7.984529e-09 2027679.8
-865932200000.0 0.36751303 7.984529e-09 2027679.8
-864398200000.0 0.36686197 7.981041e-09 1984135.0
-862864200000.0 0.36621094 7.981041e-09 1984135.0
-861330300000.0 0.3655599 7.981041e-09 1984135.0
-859796200000.0 0.36490884 7.981041e-09 1984135.0
-858262300000.0 0.3642578 8.038877e-09 1976556.5
-856728340000.0 0.36360678 8.038877e-09 1976556.5
-855194300000.0 0.36295572 8.038877e-09 1976556.5
-853660340000.0 0.3623047 8.038877e-09 1976556.5
-852126400000.0 0.36165366 8.241633e-09 2014534.1
-850592330000.0 0.3610026 8.241633e-09 2014534.1
-849058460000.0 0.3603516 8.241633e-09 2014534.1
-847524400000.0 0.35970053 8.241633e-09 2014534.1
-845990460000.0 0.3590495 8.619763e-09 2117461.8
-844456500000.0 0.35839847 8.619763e-09 2117461.8
-842922460000.0 0.35774738 8.619763e-09 2117461.8
-841388500000.0 0.35709634 8.619763e-09 2117461.8
-839854500000.0 0.3564453 9.13861e-09 2278419.0
-838320500000.0 0.35579425 9.13861e-09 2278419.0
-836786600000.0 0.35514322 9.13861e-09 2278419.0
-835252600000.0 0.3544922 9.13861e-09 2278419.0
-833718600000.0 0.35384113 9.752992e-09 2439887.5
-832184600000.0 0.3531901 9.752992e-09 2439887.5
-830650650000.0 0.35253906 9.752992e-09 2439887.5
-829116600000.0 0.351888 9.752992e-09 2439887.5
-827582700000.0 0.351237 1.0452897e-08 2580017.0
-826048700000.0 0.35058594 1.0452897e-08 2580017.0
-824514700000.0 0.3499349 1.0452897e-08 2580017.0
-822980800000.0 0.34928387 1.0452897e-08 2580017.0
-821446700000.0 0.3486328 1.11209175e-08 2686666.2
-819912800000.0 0.34798178 1.11209175e-08 2686666.2
-818378830000.0 0.34733075 1.11209175e-08 2686666.2
-816844800000.0 0.3466797 1.11209175e-08 2686666.2
-815310800000.0 0.34602866 1.1676311e-08 2735390.8
-813776900000.0 0.34537762 1.1676311e-08 2735390.8
-812242800000.0 0.34472653 1.1676311e-08 2735390.8
-810708900000.0 0.3440755 1.1676311e-08 2735390.8
-809174900000.0 0.34342447 1.2122586e-08 2731053.5
-807640900000.0 0.3427734 1.2122586e-08 2731053.5
-806107000000.0 0.3421224 1.2122586e-08 2731053.5
-804572950000.0 0.34147134 1.2122586e-08 2731053.5
-803039000000.0 0.3408203 1.23661135e-08 2698208.0
-801505000000.0 0.34016928 1.23661135e-08 2698208.0
-799971000000.0 0.33951822 1.23661135e-08 2698208.0
-798437000000.0 0.3388672 1.23661135e-08 2698208.0
-796903100000.0 0.33821616 1.2446081e-08 2626632.0
-795369000000.0 0.3375651 1.2446081e-08 2626632.0
-793835100000.0 0.33691406 1.2446081e-08 2626632.0
-792301140000.0 0.33626303 1.2446081e-08 2626632.0
-790767100000.0 0.33561197 1.2439445e-08 2517657.8
-789233140000.0 0.33496094 1.2439445e-08 2517657.8
-787699200000.0 0.3343099 1.2439445e-08 2517657.8
-786165200000.0 0.33365887 1.2439445e-08 2517657.8
-784631200000.0 0.3330078 1.2296306e-08 2373888.2
-783097200000.0 0.33235678 1.2296306e-08 2373888.2
-781563270000.0 0.33170575 1.2296306e-08 2373888.2
-780029300000.0 0.33105472 1.2296306e-08 2373888.2
-778495260000.0 0.33040363 1.22270425e-08 2198576.5
-776961300000.0 0.3297526 1.22270425e-08 2198576.5
-775427300000.0 0.32910156 1.22270425e-08 2198576.5
-773893300000.0 0.3284505 1.22270425e-08 2198576.5
-772359300000.0 0.32779947 1.2193083e-08 2005856.0
-770825400000.0 0.32714844 1.2193083e-08 2005856.0
-769291400000.0 0.32649738 1.2193083e-08 2005856.0
-767757400000.0 0.32584634 1.2193083e-08 2005856.0
-766223450000.0 0.3251953 1.2195979e-08 1806920.0
-764689500000.0 0.32454428 1.2195979e-08 1806920.0
-763155450000.0 0.32389322 1.2195979e-08 1806920.0
-761621500000.0 0.3232422 1.2195979e-08 1806920.0
-760087500000.0 0.32259116 1.21500445e-08 1581076.5
-758553600000.0 0.32194012 1.21500445e-08 1581076.5
-757019500000.0 0.32128906 1.21500445e-08 1581076.5
-755485600000.0 0.32063803 1.21500445e-08 1581076.5
-753951640000.0 0.319987 1.19787265e-08 1362414.1
-752417600000.0 0.31933594 1.19787265e-08 1362414.1
-750883640000.0 0.3186849 1.19787265e-08 1362414.1
-749349700000.0 0.31803387 1.19787265e-08 1362414.1
-747815700000.0 0.31738284 1.1677379e-08 1161185.4
-746281700000.0 0.31673178 1.1677379e-08 1161185.4
-744747700000.0 0.31608072 1.1677379e-08 1161185.4
-743213760000.0 0.3154297 1.1677379e-08 1161185.4
-741679700000.0 0.31477863 1.1287421e-08 943247.8
-740145760000.0 0.3141276 1.1287421e-08 943247.8
-738611800000.0 0.31347656 1.1287421e-08 943247.8
-737077800000.0 0.31282553 1.1287421e-08 943247.8
-735543800000.0 0.31217447 1.0840587e-08 751128.94
-734009800000.0 0.3115234 1.0840587e-08 751128.94
-732475900000.0 0.3108724 1.0840587e-08 751128.94
-730941800000.0 0.3102213 1.0840587e-08 751128.94
-729407900000.0 0.3095703 1.0480246e-08 568223.0
-727873950000.0 0.30891928 1.0480246e-08 568223.0
-726339940000.0 0.30826822 1.0480246e-08 568223.0
-724805940000.0 0.3076172 1.0480246e-08 568223.0
-723272000000.0 0.30696616 1.0203478e-08 413326.38
-721738000000.0 0.30631512 1.0203478e-08 413326.38
-720204000000.0 0.30566406 1.0203478e-08 413326.38
-718670000000.0 0.30501303 1.0203478e-08 413326.38
-717136100000.0 0.304362 1.0015201e-08 281505.3
-715602100000.0 0.30371094 1.0015201e-08 281505.3
-714068070000.0 0.30305988 1.0015201e-08 281505.3
-712534100000.0 0.30240884 1.0015201e-08 281505.3
-711000100000.0 0.3017578 9.886243e-09 176232.97
-709466100000.0 0.30110675 9.886243e-09 176232.97
-707932100000.0 0.30045572 9.886243e-09 176232.97
-706398200000.0 0.2998047 9.886243e-09 176232.97
-704864200000.0 0.29915366 9.774353e-09 72758.78
-703330200000.0 0.2985026 9.774353e-09 72758.78
-701796250000.0 0.29785156 9.774353e-09 72758.78
-700262300000.0 0.29720056 9.774353e-09 72758.78
-698728250000.0 0.29654947 9.689022e-09 -70676.64
-697194300000.0 0.29589847 9.689022e-09 -70676.64
-695660300000.0 0.2952474 9.689022e-09 -70676.64
-694126300000.0 0.29459634 9.689022e-09 -70676.64
