morphology_data/1d_wb_a0.05_l4r1_00001.ecsv
# %ECSV 1.0
# ---
# datatype:
# - {name: b, datatype: float32}
# - {name: phase, datatype: float32}
# - {name: sigma, datatype: float32}
# - {name: vr, datatype: float32}
# meta: {lambda: 4, rp: 1.0, sep: 0.05, wind: b}
# schema: astropy-2.0
b phase sigma vr
[from data line 664]
-317534040000.0 0.06738281 1.5897091e-09 -2656953.0
-314465940000.0 0.06673174 1.5897091e-09 -2656953.0
-311398200000.0 0.06608075 1.5589039e-09 -2631865.0
-308330140000.0 0.06542969 1.5589039e-09 -2631865.0
-305262200000.0 0.06477865 1.5460117e-09 -2618287.8
-302194300000.0 0.06412762 1.5460117e-09 -2618287.8
-299126230000.0 0.063476555 1.5313479e-09 -2601372.0
-296058300000.0 0.062825516 1.5313479e-09 -2601372.0
-292990400000.0 0.062174488 1.5751197e-09 -2522842.5
-289922320000.0 0.061523426 1.5751197e-09 -2522842.5
-286854580000.0 0.060872428 1.6517673e-09 -2421229.5
-283786480000.0 0.06022136 1.6517673e-09 -2421229.5
-280718380000.0 0.059570286 1.7913021e-09 -2268553.2
-277650670000.0 0.058919296 1.7913021e-09 -2268553.2
-274582570000.0 0.058268227 1.9856932e-09 -2084070.0
-271514480000.0 0.057617158 1.9856932e-09 -2084070.0
-268446740000.0 0.056966167 2.1152873e-09 -2029964.8
-265378660000.0 0.056315098 2.1152873e-09 -2029964.8
-262310740000.0 0.055664066 2.1410589e-09 -2142192.8
-259242840000.0 0.055013034 2.1410589e-09 -2142192.8
-256174750000.0 0.05436197 2.1127615e-09 -2226574.5
-253106830000.0 0.053710938 2.1127615e-09 -2226574.5
-250038930000.0 0.053059906 2.0918496e-09 -2230146.8
-246970840000.0 0.052408837 2.0918496e-09 -2230146.8
-243903100000.0 0.051757842 2.0340747e-09 -2268039.2
-240835020000.0 0.051106777 2.0340747e-09 -2268039.2
-237766920000.0 0.050455708 1.963913e-09 -2346716.2
-234699200000.0 0.049804714 1.963913e-09 -2346716.2
-231631110000.0 0.049153645 1.925341e-09 -2393148.5
-228563010000.0 0.048502576 1.925341e-09 -2393148.5
-225495290000.0 0.047851585 1.9933264e-09 -2258132.2
-222427190000.0 0.047200516 1.9933264e-09 -2258132.2
-219359280000.0 0.046549484 2.2067854e-09 -1867139.8
-216291380000.0 0.045898452 2.2067854e-09 -1867139.8
-213223280000.0 0.045247383 2.5576232e-09 -1312203.9
-210155370000.0 0.04459635 2.5576232e-09 -1312203.9
-207087470000.0 0.043945324 3.062628e-09 -727839.5
-204019370000.0 0.043294255 3.062628e-09 -727839.5
-200951640000.0 0.04264326 3.5473562e-09 -332346.03
-197883540000.0 0.04199219 3.5473562e-09 -332346.03
-194815460000.0 0.041341122 3.9124033e-09 -145417.56
-191747740000.0 0.04069013 3.888101e-09 -146911.19
-188679630000.0 0.040039062 3.9323735e-09 -144525.66
-185611550000.0 0.039387994 3.91975e-09 -119512.65
-182543810000.0 0.038736995 3.9294417e-09 -128696.44
-179475730000.0 0.03808593 3.924609e-09 -67200.25
-176407820000.0 0.0374349 4.000978e-09 11839.628
-173339900000.0 0.03678387 4.0538644e-09 145395.25
-170271820000.0 0.0361328 3.9861927e-09 152587.94
-167203910000.0 0.035481773 3.845409e-09 107257.58
-164136000000.0 0.034830738 3.7657806e-09 33250.227
-161067910000.0 0.03417967 3.7260355e-09 33784.992
-158000170000.0 0.033528678 3.8160985e-09 51136.61
-154932080000.0 0.03287761 4.00372e-09 214058.67
-151864000000.0 0.03222654 4.2300554e-09 382903.97
-148796260000.0 0.031575546 4.3692094e-09 395794.8
-145728180000.0 0.030924477 4.4302486e-09 346840.06
-142660100000.0 0.030273411 4.6136197e-09 397922.72
-139592350000.0 0.029622415 4.8198583e-09 409701.34
-136524260000.0 0.028971346 5.012681e-09 423052.2
-133456355000.0 0.028320316 5.105534e-09 374530.34
-130388440000.0 0.027669284 5.0838813e-09 307208.53
-127320350000.0 0.027018217 4.9355635e-09 187979.72
-124252440000.0 0.026367186 4.7318696e-09 113306.52
-121184530000.0 0.025716154 4.6635327e-09 -6608.679
-118116440000.0 0.025065087 4.652568e-09 -35495.633
-115048710000.0 0.024414092 4.7019544e-09 -72570.58
-111980620000.0 0.023763025 4.7261697e-09 -72723.516
-108912530000.0 0.023111956 4.824215e-09 -132260.45
-105844800000.0 0.022460962 4.9485998e-09 -161738.4
-102776710000.0 0.021809895 5.1420495e-09 -207424.12
-99708620000.0 0.021158826 5.237954e-09 -163056.94
-96640885000.0 0.020507833 5.4711236e-09 -171758.58
-93572800000.0 0.019856764 5.61802e-09 -148508.88
-90504890000.0 0.019205732 5.9099436e-09 -147331.36
-87436980000.0 0.018554702 6.2706427e-09 -25438.393
-84368880000.0 0.017903633 6.7692554e-09 66469.766
-81300970000.0 0.017252602 7.170694e-09 186603.4
-78233070000.0 0.016601572 7.6609075e-09 257258.69
-75164975000.0 0.015950503 8.080402e-09 354399.6
-72097240000.0 0.015299509 8.541691e-09 337392.16
-69029150000.0 0.014648439 8.80788e-09 315838.12
-65961062000.0 0.013997372 9.148971e-09 237083.27
-62893330000.0 0.013346379 9.431082e-09 187783.36
-59825242000.0 0.012695311 9.876483e-09 121351.92
-56757154000.0 0.012044242 1.0340006e-08 89086.984
-53689420000.0 0.011393248 1.0998324e-08 88922.766
-50621334000.0 0.01074218 1.16964145e-08 83529.65
-47553420000.0 0.010091149 1.2552611e-08 107781.164
-44485510000.0 0.009440118 1.3466543e-08 84889.195
-41417420000.0 0.008789049 1.4509717e-08 86654.87
-38349510000.0 0.008138019 1.5814855e-08 66024.336
-35281600000.0 0.0074869874 1.7453146e-08 72786.734
-32213510000.0 0.006835919 1.9541085e-08 68950.55
-29145778000.0 0.006184926 2.2097748e-08 85999.336
-26077688000.0 0.0055338573 2.557314e-08 83615.43
-23009600000.0 0.0048827888 3.0255908e-08 97406.24
-19941868000.0 0.0042317957 3.700675e-08 93487.734
-16873777000.0 0.0035807267 4.7308593e-08 93341.02
-13805688000.0 0.0029296577 6.509387e-08 83208.9
-10737956000.0 0.0022786648 1.00764694e-07 71661.1
-7669866000.0 0.0016275961 1.9891057e-07 32570.398
7669866000.0 -0.0016275961 2.2371079e-07 -81646.836
10737956000.0 -0.0022786648 1.0839932e-07 -185817.55
13805688000.0 -0.0029296577 6.921566e-08 -260206.53
16873777000.0 -0.0035807267 5.0424347e-08 -325648.75
19941868000.0 -0.0042317957 3.9785288e-08 -355002.1
23009600000.0 -0.0048827888 3.29225e-08 -384970.53
26077688000.0 -0.0055338573 2.8069561e-08 -364737.44
29145778000.0 -0.006184926 2.3976536e-08 -464816.75
32213510000.0 -0.006835919 2.1124798e-08 -509768.56
35281600000.0 -0.0074869874 1.8914953e-08 -579831.1
38349510000.0 -0.008138019 1.7623886e-08 -534213.1
41417420000.0 -0.008789049 1.6334072e-08 -563790.7
44485510000.0 -0.009440118 1.5671478e-08 -455231.28
47553420000.0 -0.010091149 1.4890157e-08 -441614.5
50621334000.0 -0.01074218 1.4653972e-08 -302948.88
53689420000.0 -0.011393248 1.40297765e-08 -348721.28
56757154000.0 -0.012044242 1.37260985e-08 -311823.5
59825242000.0 -0.012695311 1.33637865e-08 -340618.9
62893330000.0 -0.013346379 1.3546162e-08 -217813.98
65961062000.0 -0.013997372 1.3279296e-08 -204421.56
69029150000.0 -0.014648439 1.3263362e-08 -80480.984
72097240000.0 -0.015299509 1.27833415e-08 -87244.3
75164975000.0 -0.015950503 1.2583796e-08 -22847.525
78233070000.0 -0.016601572 1.2184325e-08 -68366.61
81300970000.0 -0.017252602 1.25865185e-08 25166.428
84368880000.0 -0.017903633 1.2566197e-08 -4653.4272
87436980000.0 -0.018554702 1.3708982e-08 250980.11
90504890000.0 -0.019205732 1.3977104e-08 152600.9
93572800000.0 -0.019856764 1.5920389e-08 425236.9
96640885000.0 -0.020507833 1.5706652e-08 385368.9
99708620000.0 -0.021158826 1.522616e-08 780925.9
102776710000.0 -0.021809895 1.3274099e-08 1227557.9
105844800000.0 -0.022460962 1.2425458e-08 1373224.8
108912530000.0 -0.023111956 1.24524835e-08 1440168.9
111980620000.0 -0.023763025 1.1905419e-08 1312395.6
115048710000.0 -0.024414092 1.25007515e-08 1334314.6
118116440000.0 -0.025065087 1.1573812e-08 1279724.4
121184530000.0 -0.025716154 1.2590833e-08 1346979.2
124252440000.0 -0.026367186 1.086123e-08 1410136.9
127320350000.0 -0.027018217 9.9027e-09 1565543.8
130388440000.0 -0.027669284 8.573484e-09 1660431.6
133456355000.0 -0.028320316 8.369477e-09 1805752.0
136524260000.0 -0.028971346 8.58239e-09 2082255.9
139592350000.0 -0.029622415 9.150554e-09 2049750.9
142660100000.0 -0.030273411 9.762073e-09 2045399.2
145728180000.0 -0.030924477 9.9667865e-09 2016358.1
148796260000.0 -0.031575546 1.0670714e-08 2092849.5
151864000000.0 -0.03222654 1.06670575e-08 2054733.8
154932080000.0 -0.03287761 1.1016305e-08 2044342.0
158000170000.0 -0.033528678 1.0711699e-08 2007886.0
161067910000.0 -0.03417967 1.0016888e-08 1876974.0
164136000000.0 -0.034830738 9.677763e-09 1889365.9
167203910000.0 -0.035481773 8.472312e-09 1556468.4
170271820000.0 -0.0361328 8.2184375e-09 1545660.1
173339900000.0 -0.03678387 7.1519306e-09 1006074.06
176407820000.0 -0.0374349 7.168169e-09 912179.94
179475730000.0 -0.03808593 7.061476e-09 738024.75
182543810000.0 -0.038736995 7.132289e-09 722449.0
185611550000.0 -0.039387994 7.1854425e-09 816421.44
188679630000.0 -0.040039062 7.1479933e-09 899372.0
191747740000.0 -0.04069013 7.450713e-09 1122464.4
194815460000.0 -0.041341122 7.327726e-09 1159548.6
197883540000.0 -0.04199219 8.074196e-09 1421821.2
200951640000.0 -0.04264326 8.074196e-09 1421821.2
204019370000.0 -0.043294255 8.464325e-09 1509746.4
207087470000.0 -0.043945324 8.464325e-09 1509746.4
210155370000.0 -0.04459635 8.732455e-09 1479724.5
213223280000.0 -0.045247383 8.732455e-09 1479724.5
216291380000.0 -0.045898452 8.8435534e-09 1449393.8
219359280000.0 -0.046549484 8.8435534e-09 1449393.8
222427190000.0 -0.047200516 8.643682e-09 1510066.0
225495290000.0 -0.047851585 8.643682e-09 1510066.0
228563010000.0 -0.048502576 8.411838e-09 1608976.9
231631110000.0 -0.049153645 8.411838e-09 1608976.9
234699200000.0 -0.049804714 8.383005e-09 1747565.5
237766920000.0 -0.050455708 8.383005e-09 1747565.5
240835020000.0 -0.051106777 8.622469e-09 1932028.2
243903100000.0 -0.051757842 8.622469e-09 1932028.2
246970840000.0 -0.052408837 9.179411e-09 2140191.0
250038930000.0 -0.053059906 9.179411e-09 2140191.0
253106830000.0 -0.053710938 9.640632e-09 2242322.0
256174750000.0 -0.05436197 9.640632e-09 2242322.0
259242840000.0 -0.055013034 9.812745e-09 2185477.2
262310740000.0 -0.055664066 9.812745e-09 2185477.2
265378660000.0 -0.056315098 9.6965875e-09 1964974.0
268446740000.0 -0.056966167 9.6965875e-09 1964974.0
271514480000.0 -0.057617158 9.5830535e-09 1718406.8
274582570000.0 -0.058268227 9.5830535e-09 1718406.8
277650670000.0 -0.058919296 9.546934e-09 1500823.4
280718380000.0 -0.059570286 9.546934e-09 1500823.4
283786480000.0 -0.06022136 9.4762935e-09 1351234.6
286854580000.0 -0.060872428 9.4762935e-09 1351234.6
289922320000.0 -0.061523426 9.596414e-09 1248481.0
292990400000.0 -0.062174488 9.596414e-09 1248481.0
296058300000.0 -0.062825516 9.851743e-09 1128176.5
299126230000.0 -0.063476555 9.851743e-09 1128176.5
302194300000.0 -0.06412762 9.9719815e-09 1018721.44
305262200000.0 -0.06477865 9.9719815e-09 1018721.44
308330140000.0 -0.06542969 9.840407e-09 973203.06
311398200000.0 -0.06608075 9.840407e-09 973203.06
314465940000.0 -0.06673174 9.254299e-09 954060.4
317534040000.0 -0.06738281 9.254299e-09 954060.4
320602100000.0 -0.068033874 8.238531e-09 923972.94
323669850000.0 -0.068684876 8.238531e-09 923972.94
326737950000.0 -0.069335945 7.295353e-09 837316.94
329806020000.0 -0.06998701 7.295353e-09 837316.94
332873760000.0 -0.070638 6.754401e-09 735931.5
335941860000.0 -0.07128907 6.754401e-09 735931.5
339009770000.0 -0.0719401 6.4978067e-09 675500.3
342077670000.0 -0.07259113 6.4978067e-09 675500.3
345145770000.0 -0.0732422 6.5248704e-09 673672.4
348213670000.0 -0.073893234 6.5248704e-09 673672.4
351281580000.0 -0.07454426 6.6886923e-09 717545.6
354349680000.0 -0.075195335 6.6886923e-09 717545.6
357417420000.0 -0.07584633 6.9567356e-09 776234.6
360485500000.0 -0.07649739 6.9567356e-09 776234.6
363553600000.0 -0.07714847 7.2070367e-09 781621.7
366621330000.0 -0.077799454 7.2070367e-09 781621.7
369689400000.0 -0.07845052 7.3434996e-09 744451.6
372757500000.0 -0.07910159 7.3434996e-09 744451.6
375825240000.0 -0.07975259 7.3070026e-09 667199.25
378893340000.0 -0.080403656 7.3070026e-09 667199.25
381961240000.0 -0.08105469 7.0987407e-09 562525.8
385029140000.0 -0.08170572 7.0987407e-09 562525.8
388097250000.0 -0.08235679 6.3631322e-09 356070.78
391165150000.0 -0.08300782 6.3631322e-09 356070.78
394233050000.0 -0.08365885 7.24161e-09 607846.6
397301150000.0 -0.08430992 7.24161e-09 607846.6
400368860000.0 -0.08496091 7.24161e-09 607846.6
403436960000.0 -0.08561198 7.24161e-09 607846.6
406505060000.0 -0.086263046 6.580724e-09 471875.4
409572800000.0 -0.08691404 6.580724e-09 471875.4
412640870000.0 -0.08756511 6.580724e-09 471875.4
415708770000.0 -0.08821614 6.580724e-09 471875.4
418776700000.0 -0.08886717 6.9014376e-09 577617.25
421844780000.0 -0.08951824 6.9014376e-09 577617.25
424912680000.0 -0.09016927 6.9014376e-09 577617.25
427980620000.0 -0.090820305 6.9014376e-09 577617.25
431048700000.0 -0.091471374 7.496666e-09 710263.7
434116430000.0 -0.09212236 7.496666e-09 710263.7
437184530000.0 -0.09277343 7.496666e-09 710263.7
440252600000.0 -0.0934245 7.496666e-09 710263.7
443320340000.0 -0.09407549 7.493784e-09 584694.94
446388440000.0 -0.09472656 7.493784e-09 584694.94
449456500000.0 -0.09537763 7.493784e-09 584694.94
452524240000.0 -0.096028626 7.493784e-09 584694.94
455592350000.0 -0.096679695 7.043942e-09 453531.66
458660250000.0 -0.09733073 7.043942e-09 453531.66
461728150000.0 -0.09798176 7.043942e-09 453531.66
464796250000.0 -0.09863283 7.043942e-09 453531.66
467864160000.0 -0.09928385 6.8636825e-09 438047.44
470932060000.0 -0.09993488 6.8636825e-09 438047.44
474000160000.0 -0.10058595 6.8636825e-09 438047.44
477067900000.0 -0.10123695 6.8636825e-09 438047.44
480135970000.0 -0.101888016 7.139245e-09 421919.5
483204070000.0 -0.102539085 7.139245e-09 421919.5
486271800000.0 -0.10319008 7.139245e-09 421919.5
489339900000.0 -0.10384115 7.139245e-09 421919.5
492407980000.0 -0.10449222 7.786077e-09 500758.6
495475720000.0 -0.10514321 7.786077e-09 500758.6
498543820000.0 -0.10579427 7.786077e-09 500758.6
501611720000.0 -0.106445305 7.786077e-09 500758.6
504679630000.0 -0.10709634 8.827123e-09 695832.3
507747730000.0 -0.107747406 8.827123e-09 695832.3
510815630000.0 -0.10839844 8.827123e-09 695832.3
513883540000.0 -0.10904947 8.827123e-09 695832.3
516951640000.0 -0.10970054 9.624563e-09 756637.3
520019350000.0 -0.11035153 9.624563e-09 756637.3
523087450000.0 -0.1110026 9.624563e-09 756637.3
526155550000.0 -0.11165367 9.624563e-09 756637.3
529223300000.0 -0.11230466 1.01187005e-08 662442.94
532291350000.0 -0.11295573 1.01187005e-08 662442.94
535359460000.0 -0.113606796 1.01187005e-08 662442.94
538427200000.0 -0.11425779 1.01187005e-08 662442.94
541495260000.0 -0.11490886 1.03084465e-08 541928.75
544563200000.0 -0.11555989 1.03084465e-08 541928.75
547631100000.0 -0.11621092 1.03084465e-08 541928.75
550699200000.0 -0.11686199 1.03084465e-08 541928.75
553767100000.0 -0.11751302 1.0034642e-08 411997.4
556835000000.0 -0.118164055 1.0034642e-08 411997.4
559903100000.0 -0.118815124 1.0034642e-08 411997.4
562970800000.0 -0.11946611 1.0034642e-08 411997.4
566038900000.0 -0.12011717 9.519087e-09 208597.92
569107000000.0 -0.12076825 9.519087e-09 208597.92
572174760000.0 -0.12141925 9.519087e-09 208597.92
575242800000.0 -0.12207031 9.519087e-09 208597.92
578310900000.0 -0.12272138 8.855546e-09 -43575.27
581378640000.0 -0.123372376 8.855546e-09 -43575.27
584446800000.0 -0.12402345 8.855546e-09 -43575.27
587514640000.0 -0.12467448 8.855546e-09 -43575.27
590582600000.0 -0.1253255 8.188289e-09 -340340.97
593650650000.0 -0.12597658 8.188289e-09 -340340.97
596718600000.0 -0.12662761 8.188289e-09 -340340.97
599786460000.0 -0.12727864 8.188289e-09 -340340.97
602854600000.0 -0.12792972 7.8020905e-09 -617050.1
605922260000.0 -0.12858069 7.8020905e-09 -617050.1
608990400000.0 -0.12923177 7.8020905e-09 -617050.1
612058460000.0 -0.12988284 7.8020905e-09 -617050.1
615126200000.0 -0.13053383 7.625946e-09 -821427.8
618194300000.0 -0.13118489 7.625946e-09 -821427.8
621262400000.0 -0.13183598 7.625946e-09 -821427.8
624330150000.0 -0.13248697 7.625946e-09 -821427.8
627398200000.0 -0.13313803 7.4518764e-09 -923804.4
630466100000.0 -0.13378905 7.4518764e-09 -923804.4
633534000000.0 -0.1344401 7.4518764e-09 -923804.4
636602100000.0 -0.13509116 7.4518764e-09 -923804.4
639670000000.0 -0.13574219 7.225393e-09 -920345.7
642737960000.0 -0.13639323 7.225393e-09 -920345.7
645806000000.0 -0.1370443 7.225393e-09 -920345.7
648873800000.0 -0.13769528 7.225393e-09 -920345.7
