morphology_data/1d_wa_a0.1_l2r1_00001.ecsv
# %ECSV 1.0
# ---
# datatype:
# - {name: b, datatype: float32}
# - {name: phase, datatype: float32}
# - {name: sigma, datatype: float32}
# - {name: vr, datatype: float32}
# meta: {lambda: 2, rp: 1.0, sep: 0.1, wind: a}
# schema: astropy-2.0
b phase sigma vr
-4709321000000.0 0.49967447 nan nan
-4703185300000.0 0.49902344 nan nan
-4697049500000.0 0.4983724 nan nan
-4690913300000.0 0.49772134 nan nan
-4684777500000.0 0.4970703 nan nan
-4678642000000.0 0.49641928 nan nan
-4672506000000.0 0.49576828 nan nan
-4666370000000.0 0.4951172 nan nan
-4660234000000.0 0.4944662 nan nan
-4654098000000.0 0.49381506 nan nan
-4647962000000.0 0.4931641 nan nan
-4641826000000.0 0.49251297 nan nan
-4635690000000.0 0.49186197 nan nan
-4629554300000.0 0.49121094 nan nan
-4623418000000.0 0.49055988 nan nan
-4617282000000.0 0.48990884 nan nan
-4611146500000.0 0.4892578 nan nan
-4605010000000.0 0.48860675 nan nan
-4598874500000.0 0.48795572 nan nan
-4592739000000.0 0.4873047 nan nan
-4586603000000.0 0.48665366 nan nan
-4580467000000.0 0.4860026 nan nan
-4574331000000.0 0.48535156 nan nan
-4568195300000.0 0.48470056 nan nan
-4562059000000.0 0.48404947 nan nan
-4555923000000.0 0.48339847 nan nan
-4549787000000.0 0.48274735 nan nan
-4543651000000.0 0.48209637 nan nan
-4537515000000.0 0.48144525 nan nan
-4531379000000.0 0.48079422 nan nan
-4525243500000.0 0.48014325 nan nan
-4519107000000.0 0.47949213 nan nan
-4512971500000.0 0.47884113 nan nan
-4506836000000.0 0.4781901 nan nan
-4500700000000.0 0.47753906 nan nan
-4494563700000.0 0.476888 nan nan
-4488428000000.0 0.47623697 nan nan
-4482292000000.0 0.47558594 nan nan
-4476156500000.0 0.47493497 nan nan
-4470020000000.0 0.47428384 nan nan
-4463884500000.0 0.47363284 nan nan
-4457748000000.0 0.47298175 nan nan
-4451612500000.0 0.47233072 nan nan
-4445477000000.0 0.47167972 nan nan
-4439340500000.0 0.47102863 nan nan
-4433205000000.0 0.47037762 nan nan
-4427068500000.0 0.4697265 nan nan
-4420932700000.0 0.46907553 nan nan
-4414797000000.0 0.4684245 nan nan
-4408660700000.0 0.46777344 nan nan
-4402525000000.0 0.4671224 nan nan
-4396389200000.0 0.46647137 nan nan
-4390253500000.0 0.46582034 nan nan
-4384117200000.0 0.46516925 nan nan
-4377981500000.0 0.46451822 nan nan
-4371845500000.0 0.4638672 nan nan
-4365709500000.0 0.46321613 nan nan
-4359573500000.0 0.4625651 nan nan
-4353437700000.0 0.46191406 nan nan
-4347301500000.0 0.461263 nan nan
-4341165700000.0 0.46061197 nan nan
-4335030000000.0 0.45996094 nan nan
-4328894000000.0 0.4593099 nan nan
-4322758000000.0 0.45865884 nan nan
-4316622200000.0 0.4580078 nan nan
-4310486200000.0 0.45735678 nan nan
-4304350500000.0 0.45670575 nan nan
-4298214200000.0 0.4560547 nan nan
-4292078500000.0 0.45540366 nan nan
-4285942700000.0 0.45475262 nan nan
-4279806500000.0 0.45410153 nan nan
-4273670700000.0 0.45345053 nan nan
-4267534700000.0 0.4527995 nan nan
-4261398700000.0 0.4521484 nan nan
-4255262700000.0 0.45149738 nan nan
-4249127000000.0 0.45084634 nan nan
-4242991200000.0 0.4501953 nan nan
-4236855000000.0 0.44954425 nan nan
-4230719200000.0 0.44889322 nan nan
-4224583500000.0 0.4482422 nan nan
-4218447500000.0 0.44759116 nan nan
-4212311500000.0 0.4469401 nan nan
-4206175500000.0 0.44628906 nan nan
-4200039700000.0 0.44563803 nan nan
-4193903400000.0 0.44498697 nan nan
-4187767700000.0 0.44433594 nan nan
-4181632000000.0 0.4436849 nan nan
-4175495700000.0 0.44303384 nan nan
-4169360000000.0 0.4423828 nan nan
-4163224000000.0 0.44173178 nan nan
-4157088200000.0 0.44108075 nan nan
-4150952000000.0 0.44042966 nan nan
-4144816200000.0 0.43977866 nan nan
-4138680500000.0 0.43912762 nan nan
-4132544700000.0 0.4384766 nan nan
-4126408400000.0 0.4378255 nan nan
-4120272700000.0 0.43717447 nan nan
-4114136700000.0 0.43652344 nan nan
-4108000700000.0 0.43587238 nan nan
-4101864700000.0 0.43522134 nan nan
-4095729000000.0 0.4345703 nan nan
-4089592700000.0 0.43391925 nan nan
-4083457000000.0 0.43326822 nan nan
-4077321200000.0 0.4326172 nan nan
-4071185200000.0 0.43196616 nan nan
-4065049200000.0 0.4313151 nan nan
-4058913200000.0 0.43066406 nan nan
-4052777400000.0 0.43001303 nan nan
-4046641700000.0 0.429362 nan nan
-4040505400000.0 0.42871094 nan nan
-4034369700000.0 0.4280599 nan nan
-4028234000000.0 0.42740887 nan nan
-4022097700000.0 0.42675778 nan nan
-4015962000000.0 0.42610675 nan nan
-4009826000000.0 0.42545575 nan nan
-4003690000000.0 0.42480466 nan nan
-3997554000000.0 0.42415363 nan nan
-3991418200000.0 0.4235026 nan nan
-3985282400000.0 0.42285156 nan nan
-3979146400000.0 0.42220053 nan nan
-3973010400000.0 0.42154947 nan nan
-3966874700000.0 0.42089844 nan nan
-3960738700000.0 0.4202474 nan nan
-3954602700000.0 0.41959634 nan nan
-3948466700000.0 0.4189453 nan nan
-3942331000000.0 0.41829428 nan nan
-3936194700000.0 0.41764322 nan nan
-3930059000000.0 0.4169922 nan nan
-3923923200000.0 0.41634116 nan nan
-3917787000000.0 0.4156901 nan nan
-3911651400000.0 0.4150391 nan nan
-3905515200000.0 0.41438803 nan nan
-3899379200000.0 0.41373694 nan nan
-3893243700000.0 0.41308597 nan nan
-3887107400000.0 0.41243488 nan nan
-3880971700000.0 0.41178387 nan nan
-3874836000000.0 0.41113284 nan nan
-3868699700000.0 0.41048175 nan nan
-3862564000000.0 0.40983072 nan nan
-3856428000000.0 0.4091797 nan nan
-3850292000000.0 0.40852863 nan nan
-3844156000000.0 0.4078776 nan nan
-3838020200000.0 0.40722656 nan nan
-3831884000000.0 0.4065755 nan nan
-3825748400000.0 0.4059245 nan nan
-3819612400000.0 0.40527344 nan nan
-3813476100000.0 0.40462238 nan nan
-3807340700000.0 0.40397137 nan nan
-3801204400000.0 0.4033203 nan nan
-3795068600000.0 0.40266928 nan nan
-3788933000000.0 0.40201825 nan nan
-3782796600000.0 0.4013672 nan nan
-3776661000000.0 0.40071616 nan nan
-3770525200000.0 0.40006512 nan nan
-3764389000000.0 0.39941403 nan nan
-3758253100000.0 0.398763 nan nan
-3752117100000.0 0.39811197 nan nan
-3745981100000.0 0.3974609 nan nan
-3739845700000.0 0.39680994 nan nan
-3733709400000.0 0.39615884 nan nan
-3727573600000.0 0.3955078 nan nan
-3721437600000.0 0.39485678 nan nan
-3715301600000.0 0.39420572 nan nan
-3709165600000.0 0.3935547 nan nan
-3703030000000.0 0.39290366 nan nan
-3696894000000.0 0.3922526 nan nan
-3690758000000.0 0.39160156 nan nan
-3684622100000.0 0.39095053 nan nan
-3678486000000.0 0.39029947 nan nan
-3672350000000.0 0.38964844 nan nan
-3666214400000.0 0.3889974 nan nan
-3660078000000.0 0.38834634 nan nan
-3653942600000.0 0.38769534 nan nan
-3647806400000.0 0.38704428 nan nan
-3641670600000.0 0.38639325 nan nan
-3635535000000.0 0.38574222 nan nan
-3629398600000.0 0.38509113 nan nan
-3623263000000.0 0.3844401 nan nan
-3617127000000.0 0.3837891 nan nan
-3610991000000.0 0.383138 nan nan
-3604855000000.0 0.38248697 nan nan
-3598719000000.0 0.38183594 nan nan
-3592583000000.0 0.38118488 nan nan
-3586447000000.0 0.38053384 nan nan
-3580311400000.0 0.3798828 nan nan
-3574175000000.0 0.37923175 nan nan
-3568039600000.0 0.37858075 nan nan
-3561903600000.0 0.3779297 nan nan
-3555767600000.0 0.37727866 nan nan
-3549632000000.0 0.37662762 nan nan
-3543495600000.0 0.37597656 nan nan
-3537359900000.0 0.37532553 nan nan
-3531224000000.0 0.3746745 nan nan
-3525087900000.0 0.37402344 nan nan
-3518952000000.0 0.3733724 nan nan
-3512816400000.0 0.37272137 nan nan
-3506680000000.0 0.37207028 nan nan
-3500544400000.0 0.37141925 nan nan
-3494408400000.0 0.37076822 nan nan
-3488272400000.0 0.37011716 nan nan
-3482137000000.0 0.3694662 nan nan
-3476000600000.0 0.3688151 nan nan
-3469864900000.0 0.36816406 nan nan
-3463728900000.0 0.36751303 nan nan
-3457592900000.0 0.36686197 nan nan
-3451456800000.0 0.36621094 nan nan
-3445321000000.0 0.3655599 nan nan
-3439184800000.0 0.36490884 nan nan
-3433049000000.0 0.3642578 nan nan
-3426913400000.0 0.36360678 nan nan
-3420777000000.0 0.36295572 nan nan
-3414641300000.0 0.3623047 nan nan
-3408505600000.0 0.36165366 nan nan
-3402369300000.0 0.3610026 nan nan
-3396233900000.0 0.3603516 nan nan
-3390097600000.0 0.35970053 nan nan
-3383961800000.0 0.3590495 nan nan
-3377826000000.0 0.35839847 nan nan
-3371689800000.0 0.35774738 nan nan
-3365554000000.0 0.35709634 nan nan
-3359418000000.0 0.3564453 nan nan
-3353282000000.0 0.35579425 nan nan
-3347146300000.0 0.35514322 nan nan
-3341010300000.0 0.3544922 nan nan
-3334874300000.0 0.35384113 nan nan
-3328738300000.0 0.3531901 nan nan
-3322602600000.0 0.35253906 nan nan
-3316466300000.0 0.351888 nan nan
-3310330800000.0 0.351237 nan nan
-3304194800000.0 0.35058594 nan nan
-3298058800000.0 0.3499349 nan nan
-3291923000000.0 0.34928387 nan nan
-3285786800000.0 0.3486328 nan nan
-3279651000000.0 0.34798178 nan nan
-3273515300000.0 0.34733075 nan nan
-3267379000000.0 0.3466797 nan nan
-3261243300000.0 0.34602866 nan nan
-3255107600000.0 0.34537762 nan nan
-3248971300000.0 0.34472653 nan nan
-3242835600000.0 0.3440755 nan nan
-3236699600000.0 0.34342447 nan nan
-3230563600000.0 0.3427734 nan nan
-3224428000000.0 0.3421224 nan nan
-3218291800000.0 0.34147134 nan nan
-3212156000000.0 0.3408203 nan nan
-3206020000000.0 0.34016928 nan nan
-3199884000000.0 0.33951822 nan nan
-3193748000000.0 0.3388672 nan nan
-3187612300000.0 0.33821616 nan nan
-3181476000000.0 0.3375651 nan nan
-3175340300000.0 0.33691406 nan nan
-3169204600000.0 0.33626303 nan nan
-3163068300000.0 0.33561197 nan nan
-3156932600000.0 0.33496094 nan nan
-3150796800000.0 0.3343099 nan nan
-3144660800000.0 0.33365887 nan nan
-3138524800000.0 0.3330078 nan nan
-3132388800000.0 0.33235678 nan nan
-3126253000000.0 0.33170575 nan nan
-3120117300000.0 0.33105472 nan nan
-3113981000000.0 0.33040363 nan nan
-3107845300000.0 0.3297526 nan nan
-3101709300000.0 0.32910156 nan nan
-3095573300000.0 0.3284505 nan nan
-3089437300000.0 0.32779947 1.0922621e-11 -23478780.0
-3083301600000.0 0.32714844 1.0922621e-11 -23478780.0
-3077165500000.0 0.32649738 1.0922621e-11 -23478780.0
-3071029500000.0 0.32584634 1.0922621e-11 -23478780.0
-3064893800000.0 0.3251953 1.0513278e-11 -23530042.0
-3058758000000.0 0.32454428 1.0513278e-11 -23530042.0
-3052621800000.0 0.32389322 1.0513278e-11 -23530042.0
-3046486000000.0 0.3232422 1.0513278e-11 -23530042.0
-3040350000000.0 0.32259116 1.1778855e-11 -23254746.0
-3034214300000.0 0.32194012 1.1778855e-11 -23254746.0
-3028078000000.0 0.32128906 1.1778855e-11 -23254746.0
-3021942300000.0 0.32063803 1.1778855e-11 -23254746.0
-3015806600000.0 0.319987 1.1151373e-11 -23233908.0
-3009670300000.0 0.31933594 1.1151373e-11 -23233908.0
-3003534500000.0 0.3186849 1.1151373e-11 -23233908.0
-2997398800000.0 0.31803387 1.1151373e-11 -23233908.0
-2991262800000.0 0.31738284 1.2564311e-11 -22699448.0
-2985126800000.0 0.31673178 1.2564311e-11 -22699448.0
-2978990800000.0 0.31608072 1.2564311e-11 -22699448.0
-2972855000000.0 0.3154297 1.2564311e-11 -22699448.0
-2966718800000.0 0.31477863 1.38151695e-11 -22643960.0
-2960583000000.0 0.3141276 1.38151695e-11 -22643960.0
-2954447300000.0 0.31347656 1.38151695e-11 -22643960.0
-2948311300000.0 0.31282553 1.38151695e-11 -22643960.0
-2942175300000.0 0.31217447 1.7373557e-11 -22027988.0
-2936039300000.0 0.3115234 1.7373557e-11 -22027988.0
-2929903500000.0 0.3108724 1.7373557e-11 -22027988.0
-2923767300000.0 0.3102213 1.7373557e-11 -22027988.0
-2917631500000.0 0.3095703 2.1386275e-11 -21509712.0
-2911495800000.0 0.30891928 2.1386275e-11 -21509712.0
-2905359800000.0 0.30826822 2.1386275e-11 -21509712.0
-2899223800000.0 0.3076172 2.1386275e-11 -21509712.0
-2893088000000.0 0.30696616 2.5661206e-11 -20875756.0
-2886952000000.0 0.30631512 2.5661206e-11 -20875756.0
-2880816000000.0 0.30566406 2.5661206e-11 -20875756.0
-2874680000000.0 0.30501303 2.5661206e-11 -20875756.0
-2868544300000.0 0.304362 2.8028841e-11 -20648984.0
-2862408300000.0 0.30371094 2.8028841e-11 -20648984.0
-2856272300000.0 0.30305988 2.8028841e-11 -20648984.0
-2850136500000.0 0.30240884 2.8028841e-11 -20648984.0
-2844000500000.0 0.3017578 3.0182735e-11 -20529020.0
-2837864500000.0 0.30110675 3.0182735e-11 -20529020.0
-2831728500000.0 0.30045572 3.0182735e-11 -20529020.0
-2825592800000.0 0.2998047 3.0182735e-11 -20529020.0
-2819456800000.0 0.29915366 3.0642863e-11 -20717510.0
-2813320800000.0 0.2985026 3.0642863e-11 -20717510.0
-2807185000000.0 0.29785156 3.0642863e-11 -20717510.0
-2801049300000.0 0.29720056 3.0642863e-11 -20717510.0
-2794913000000.0 0.29654947 3.1991673e-11 -20671144.0
-2788777300000.0 0.29589847 3.1991673e-11 -20671144.0
-2782641300000.0 0.2952474 3.1991673e-11 -20671144.0
-2776505300000.0 0.29459634 3.1991673e-11 -20671144.0
-2770369200000.0 0.29394528 3.0844462e-11 -20594102.0
-2764233500000.0 0.29329428 3.0844462e-11 -20594102.0
-2758097800000.0 0.29264325 3.0844462e-11 -20594102.0
-2751961800000.0 0.2919922 3.0844462e-11 -20594102.0
-2745825800000.0 0.29134116 3.220792e-11 -19135298.0
-2739689800000.0 0.2906901 3.220792e-11 -19135298.0
-2733553700000.0 0.29003903 3.220792e-11 -19135298.0
-2727418000000.0 0.28938803 3.220792e-11 -19135298.0
-2721282000000.0 0.28873697 3.3412995e-11 -18540292.0
-2715146300000.0 0.28808594 3.3412995e-11 -18540292.0
-2709010300000.0 0.2874349 3.3412995e-11 -18540292.0
-2702874200000.0 0.28678384 3.3412995e-11 -18540292.0
-2696738500000.0 0.28613284 3.4018694e-11 -18185008.0
-2690602500000.0 0.28548178 3.4018694e-11 -18185008.0
-2684466500000.0 0.28483072 3.4018694e-11 -18185008.0
-2678330500000.0 0.28417966 3.4018694e-11 -18185008.0
-2672194700000.0 0.28352866 3.428765e-11 -18177402.0
-2666058700000.0 0.2828776 3.428765e-11 -18177402.0
-2659922700000.0 0.28222656 3.428765e-11 -18177402.0
-2653787000000.0 0.28157553 3.428765e-11 -18177402.0
-2647651000000.0 0.28092447 3.4137436e-11 -18319962.0
-2641515000000.0 0.28027344 3.4137436e-11 -18319962.0
-2635379200000.0 0.2796224 3.4137436e-11 -18319962.0
-2629243200000.0 0.27897137 3.4137436e-11 -18319962.0
-2623107200000.0 0.2783203 3.330974e-11 -18458502.0
-2616971200000.0 0.27766928 3.330974e-11 -18458502.0
-2610835500000.0 0.27701825 3.330974e-11 -18458502.0
-2604699500000.0 0.2763672 3.330974e-11 -18458502.0
-2598563500000.0 0.27571613 3.969873e-11 -16652705.0
-2592427700000.0 0.2750651 3.969873e-11 -16652705.0
-2586291700000.0 0.27441406 3.969873e-11 -16652705.0
-2580155700000.0 0.273763 3.969873e-11 -16652705.0
-2574019700000.0 0.27311197 3.982345e-11 -16667749.0
-2567884000000.0 0.27246094 3.982345e-11 -16667749.0
-2561748000000.0 0.2718099 3.982345e-11 -16667749.0
-2555612000000.0 0.27115884 3.982345e-11 -16667749.0
-2549476200000.0 0.2705078 6.26286e-11 -13355635.0
-2543340500000.0 0.2698568 6.26286e-11 -13355635.0
-2537204500000.0 0.26920575 6.26286e-11 -13355635.0
-2531068500000.0 0.2685547 6.26286e-11 -13355635.0
-2524932500000.0 0.26790366 6.403688e-11 -13653485.0
-2518796500000.0 0.2672526 6.403688e-11 -13653485.0
-2512660500000.0 0.26660156 6.403688e-11 -13653485.0
-2506524700000.0 0.26595053 6.403688e-11 -13653485.0
-2500389000000.0 0.2652995 1.0504319e-10 -10909627.0
-2494253000000.0 0.26464844 1.0504319e-10 -10909627.0
-2488117000000.0 0.2639974 1.0504319e-10 -10909627.0
-2481981000000.0 0.26334634 1.0504319e-10 -10909627.0
-2475845000000.0 0.26269528 1.0264551e-10 -10941122.0
-2469709000000.0 0.26204425 1.0264551e-10 -10941122.0
-2463573200000.0 0.26139322 1.0264551e-10 -10941122.0
-2457437500000.0 0.2607422 1.0264551e-10 -10941122.0
-2451301500000.0 0.26009116 1.5196393e-10 -8358487.5
-2445165500000.0 0.2594401 1.5196393e-10 -8358487.5
-2439029700000.0 0.2587891 1.5196393e-10 -8358487.5
-2432893700000.0 0.25813803 1.5196393e-10 -8358487.5
-2426757700000.0 0.257487 1.4689841e-10 -7812718.5
-2420621700000.0 0.2568359 1.4689841e-10 -7812718.5
-2414486000000.0 0.2561849 1.4689841e-10 -7812718.5
-2408350000000.0 0.25553384 1.4689841e-10 -7812718.5
-2402214000000.0 0.2548828 2.097322e-10 -6401041.5
-2396078200000.0 0.25423178 2.097322e-10 -6401041.5
-2389942200000.0 0.25358072 2.097322e-10 -6401041.5
-2383806200000.0 0.2529297 2.097322e-10 -6401041.5
-2377670500000.0 0.25227866 2.1046474e-10 -6436969.5
-2371534500000.0 0.25162762 2.1046474e-10 -6436969.5
-2365398500000.0 0.25097656 2.1046474e-10 -6436969.5
-2359262400000.0 0.2503255 2.1046474e-10 -6436969.5
-2353126700000.0 0.24967448 2.6687e-10 -5564296.0
-2346990700000.0 0.24902344 2.6687e-10 -5564296.0
-2340854700000.0 0.24837239 2.6687e-10 -5564296.0
-2334719000000.0 0.24772136 2.6687e-10 -5564296.0
