morphology_data/1d_wb_a0.025_l2r1_00001.ecsv
# %ECSV 1.0
# ---
# datatype:
# - {name: b, datatype: float32}
# - {name: phase, datatype: float32}
# - {name: sigma, datatype: float32}
# - {name: vr, datatype: float32}
# meta: {lambda: 2, rp: 1.0, sep: 0.025, wind: b}
# schema: astropy-2.0
b phase sigma vr
[from data line 955]
302961130000.0 -0.12858069 nan nan
304495200000.0 -0.12923177 nan nan
306029230000.0 -0.12988284 nan nan
307563100000.0 -0.13053383 nan nan
309097140000.0 -0.13118489 nan nan
310631200000.0 -0.13183598 nan nan
312165070000.0 -0.13248697 nan nan
313699100000.0 -0.13313803 nan nan
315233040000.0 -0.13378905 nan nan
316767000000.0 -0.1344401 nan nan
318301040000.0 -0.13509116 nan nan
319835000000.0 -0.13574219 nan nan
321368980000.0 -0.13639323 nan nan
322903000000.0 -0.1370443 nan nan
324436900000.0 -0.13769528 nan nan
325970920000.0 -0.13834634 nan nan
327504950000.0 -0.1389974 nan nan
329038820000.0 -0.13964841 nan nan
330572900000.0 -0.14029948 nan nan
332106920000.0 -0.14095055 nan nan
333640800000.0 -0.14160155 nan nan
335174830000.0 -0.14225261 nan nan
336708900000.0 -0.14290369 nan nan
338242730000.0 -0.14355466 nan nan
339776800000.0 -0.14420575 nan nan
341310830000.0 -0.14485681 nan nan
342844700000.0 -0.1455078 nan nan
344378570000.0 -0.1461588 nan nan
345912800000.0 -0.14680995 nan nan
347446640000.0 -0.14746092 nan nan
348980500000.0 -0.14811192 nan nan
350514740000.0 -0.14876308 nan nan
352048600000.0 -0.14941406 nan nan
353582480000.0 -0.15006506 nan nan
355116700000.0 -0.1507162 nan nan
356650580000.0 -0.1513672 nan nan
358184420000.0 -0.15201817 nan nan
359718650000.0 -0.15266933 nan nan
361252520000.0 -0.15332033 nan nan
362786400000.0 -0.15397131 nan nan
364320420000.0 -0.15462239 nan nan
365854500000.0 -0.15527347 nan nan
367388360000.0 -0.15592445 nan nan
368922400000.0 -0.15657552 nan nan
370456430000.0 -0.15722659 nan nan
371990300000.0 -0.15787758 nan nan
373524330000.0 -0.15852864 nan nan
375058400000.0 -0.15917972 nan nan
376592270000.0 -0.1598307 nan nan
378126300000.0 -0.16048178 nan nan
379660340000.0 -0.16113284 nan nan
381194200000.0 -0.16178384 nan nan
382728240000.0 -0.1624349 nan nan
384262300000.0 -0.16308598 nan nan
385796180000.0 -0.16373697 nan nan
387330050000.0 -0.16438797 nan nan
388864250000.0 -0.1650391 nan nan
390398100000.0 -0.1656901 nan nan
391932000000.0 -0.1663411 nan nan
393466220000.0 -0.16699223 nan nan
395000100000.0 -0.16764323 nan nan
396533960000.0 -0.16829422 nan nan
398068150000.0 -0.16894537 nan nan
399602020000.0 -0.16959636 nan nan
401135900000.0 -0.17024736 nan nan
402669930000.0 -0.17089842 nan nan
404204000000.0 -0.1715495 nan nan
405737870000.0 -0.17220049 nan nan
407271900000.0 -0.17285155 nan nan
408805930000.0 -0.17350262 nan nan
410339800000.0 -0.17415361 nan nan
411873870000.0 -0.17480469 nan nan
413407900000.0 -0.17545575 nan nan
414941770000.0 -0.17610675 nan nan
416475800000.0 -0.17675781 nan nan
418009840000.0 -0.17740889 nan nan
419543700000.0 -0.17805988 nan nan
421077780000.0 -0.17871095 nan nan
422611800000.0 -0.17936201 nan nan
424145680000.0 -0.180013 nan nan
425679550000.0 -0.180664 nan nan
427213750000.0 -0.18131514 nan nan
428747620000.0 -0.18196614 nan nan
430281500000.0 -0.18261713 nan nan
431815720000.0 -0.18326828 nan nan
433349600000.0 -0.18391927 nan nan
434883460000.0 -0.18457027 nan nan
436417700000.0 -0.1852214 nan nan
437951530000.0 -0.1858724 nan nan
439485400000.0 -0.1865234 nan nan
441019630000.0 -0.18717454 nan nan
442553500000.0 -0.18782553 nan nan
444087370000.0 -0.18847652 nan nan
445621400000.0 -0.1891276 nan nan
447155440000.0 -0.18977866 nan nan
448689300000.0 -0.19042966 nan nan
450223370000.0 -0.19108072 nan nan
451757400000.0 -0.1917318 nan nan
453291280000.0 -0.19238278 nan nan
454825300000.0 -0.19303386 nan nan
456359380000.0 -0.19368492 nan nan
457893200000.0 -0.19433591 nan nan
459427280000.0 -0.19498698 nan nan
460961320000.0 -0.19563805 nan nan
462495200000.0 -0.19628905 nan nan
464029220000.0 -0.19694011 nan nan
465563300000.0 -0.19759119 nan nan
467097160000.0 -0.19824217 nan nan
468631000000.0 -0.19889317 nan nan
470165230000.0 -0.19954431 nan nan
471699100000.0 -0.20019531 nan nan
473232970000.0 -0.2008463 nan nan
474767200000.0 -0.20149745 nan nan
476301070000.0 -0.20214844 nan nan
477834900000.0 -0.20279942 nan nan
479369130000.0 -0.20345058 nan nan
480903000000.0 -0.20410156 nan nan
482436870000.0 -0.20475256 nan nan
483971100000.0 -0.2054037 nan nan
485504970000.0 -0.2060547 nan nan
487038840000.0 -0.20670569 nan nan
488572880000.0 -0.20735677 nan nan
490106900000.0 -0.20800783 nan nan
491640780000.0 -0.20865881 nan nan
493174820000.0 -0.20930989 nan nan
494708880000.0 -0.20996095 nan nan
496242750000.0 -0.21061195 nan nan
497776800000.0 -0.21126302 nan nan
499310820000.0 -0.21191409 nan nan
500844700000.0 -0.21256508 nan nan
502378730000.0 -0.21321616 nan nan
503912800000.0 -0.21386722 nan nan
505446660000.0 -0.2145182 nan nan
506980700000.0 -0.21516928 nan nan
508514730000.0 -0.21582034 nan nan
510048600000.0 -0.21647134 nan nan
511582470000.0 -0.21712233 nan nan
513116700000.0 -0.21777348 nan nan
514650570000.0 -0.21842447 nan nan
516184440000.0 -0.21907547 nan nan
517718640000.0 -0.2197266 nan nan
519252500000.0 -0.22037761 nan nan
520786380000.0 -0.2210286 nan nan
522320600000.0 -0.22167975 nan nan
523854480000.0 -0.22233073 nan nan
525388350000.0 -0.22298172 nan nan
526922550000.0 -0.22363287 nan nan
528456420000.0 -0.22428386 nan nan
529990300000.0 -0.22493486 nan nan
531524350000.0 -0.22558592 nan nan
533058400000.0 -0.226237 nan nan
534592260000.0 -0.22688799 nan nan
536126300000.0 -0.22753906 nan nan
537660330000.0 -0.22819012 nan nan
539194200000.0 -0.22884111 nan nan
540728260000.0 -0.22949219 nan nan
542262300000.0 -0.23014325 nan nan
543796170000.0 -0.23079425 nan nan
545330200000.0 -0.23144531 nan nan
546864270000.0 -0.23209639 nan nan
548398100000.0 -0.23274738 nan nan
549932200000.0 -0.23339845 nan nan
551466240000.0 -0.23404953 nan nan
553000040000.0 -0.23470049 nan nan
554533900000.0 -0.23535149 nan nan
556068200000.0 -0.23600265 nan nan
557602050000.0 -0.23665364 nan nan
559135900000.0 -0.23730463 nan nan
560670100000.0 -0.23795578 nan nan
562204000000.0 -0.23860677 nan nan
563737850000.0 -0.23925777 nan nan
565272050000.0 -0.2399089 nan nan
566805900000.0 -0.2405599 nan nan
568339800000.0 -0.2412109 nan nan
569874060000.0 -0.24186206 nan nan
571407900000.0 -0.24251305 nan nan
572941700000.0 -0.243164 nan nan
574475800000.0 -0.2438151 nan nan
576009860000.0 -0.24446616 nan nan
577543730000.0 -0.24511716 nan nan
579077730000.0 -0.2457682 nan nan
580611800000.0 -0.2464193 nan nan
582145700000.0 -0.24707028 nan nan
583679740000.0 -0.24772136 nan nan
585213740000.0 -0.24837242 nan nan
586747600000.0 -0.24902342 nan nan
588281700000.0 -0.24967448 nan nan
589815740000.0 -0.25032556 nan nan
591349600000.0 -0.25097656 nan nan
592883600000.0 -0.25162762 nan nan
594417700000.0 -0.2522787 nan nan
595951550000.0 -0.2529297 nan nan
597485400000.0 -0.25358066 nan nan
599019600000.0 -0.2542318 nan nan
600553500000.0 -0.2548828 nan nan
602087360000.0 -0.2555338 nan nan
603621560000.0 -0.25618494 nan nan
605155400000.0 -0.2568359 nan nan
606689300000.0 -0.25748694 nan nan
608223560000.0 -0.25813806 nan nan
609757400000.0 -0.2587891 nan nan
611291300000.0 -0.2594401 nan nan
612825500000.0 -0.26009122 nan nan
614359400000.0 -0.2607422 nan nan
615893240000.0 -0.2613932 nan nan
617427240000.0 -0.26204425 nan nan
618961300000.0 -0.26269534 nan nan
620495200000.0 -0.2633463 nan nan
622029240000.0 -0.2639974 nan nan
623563240000.0 -0.26464844 nan nan
625097100000.0 -0.26529944 nan nan
626631200000.0 -0.26595053 1.4361453e-11 -9951452.0
628165250000.0 -0.2666016 1.4361453e-11 -9951452.0
629699100000.0 -0.2672526 1.4361453e-11 -9951452.0
631233100000.0 -0.26790366 1.4361453e-11 -9951452.0
632767200000.0 -0.26855472 2.2531537e-11 -9127700.0
634301050000.0 -0.26920572 2.2531537e-11 -9127700.0
635835100000.0 -0.2698568 2.2531537e-11 -9127700.0
637369100000.0 -0.27050784 2.2531537e-11 -9127700.0
638903000000.0 -0.27115884 3.212111e-11 -8342577.0
640436860000.0 -0.27180985 3.212111e-11 -8342577.0
641971060000.0 -0.27246097 3.212111e-11 -8342577.0
643504900000.0 -0.27311197 3.212111e-11 -8342577.0
645038800000.0 -0.27376294 4.2638185e-11 -7603293.5
646573060000.0 -0.27441412 4.2638185e-11 -7603293.5
648106930000.0 -0.2750651 4.2638185e-11 -7603293.5
649640800000.0 -0.27571613 4.2638185e-11 -7603293.5
651175000000.0 -0.27636725 5.358516e-11 -6930802.0
652708900000.0 -0.27701825 5.358516e-11 -6930802.0
654242740000.0 -0.27766922 5.358516e-11 -6930802.0
655776940000.0 -0.27832037 5.358516e-11 -6930802.0
657310800000.0 -0.27897137 6.456993e-11 -6372533.5
658844700000.0 -0.27962235 6.456993e-11 -6372533.5
660378750000.0 -0.28027344 6.456993e-11 -6372533.5
661912800000.0 -0.28092453 6.456993e-11 -6372533.5
663446600000.0 -0.28157547 7.5264316e-11 -5949356.5
664980700000.0 -0.28222656 7.5264316e-11 -5949356.5
666514750000.0 -0.28287762 7.5264316e-11 -5949356.5
668048600000.0 -0.28352863 7.5264316e-11 -5949356.5
669582600000.0 -0.28417966 8.5329833e-11 -5636989.0
671116700000.0 -0.28483075 8.5329833e-11 -5636989.0
672650560000.0 -0.28548175 8.5329833e-11 -5636989.0
674184600000.0 -0.28613284 8.5329833e-11 -5636989.0
675718600000.0 -0.28678387 9.418072e-11 -5388712.0
677252500000.0 -0.28743488 9.418072e-11 -5388712.0
678786560000.0 -0.28808594 9.418072e-11 -5388712.0
680320600000.0 -0.28873703 9.418072e-11 -5388712.0
681854500000.0 -0.28938803 1.0110367e-10 -5163190.0
683388300000.0 -0.29003897 1.0110367e-10 -5163190.0
684922600000.0 -0.29069015 1.0110367e-10 -5163190.0
686456440000.0 -0.29134116 1.0110367e-10 -5163190.0
687990300000.0 -0.29199213 1.0569751e-10 -4953333.0
689524500000.0 -0.29264328 1.0569751e-10 -4953333.0
691058400000.0 -0.29329428 1.0569751e-10 -4953333.0
692592250000.0 -0.29394525 1.0569751e-10 -4953333.0
694126440000.0 -0.2945964 1.08181006e-10 -4787010.0
695660300000.0 -0.2952474 1.08181006e-10 -4787010.0
697194200000.0 -0.2958984 1.08181006e-10 -4787010.0
698728450000.0 -0.29654956 1.08181006e-10 -4787010.0
700262300000.0 -0.29720056 1.0897026e-10 -4704058.0
701796200000.0 -0.29785153 1.0897026e-10 -4704058.0
703330200000.0 -0.2985026 1.0897026e-10 -4704058.0
704864260000.0 -0.29915366 1.0897026e-10 -4704058.0
706398100000.0 -0.29980466 1.06770516e-10 -4714785.0
707932100000.0 -0.30045572 1.06770516e-10 -4714785.0
709466200000.0 -0.30110678 1.06770516e-10 -4714785.0
711000060000.0 -0.30175778 1.06770516e-10 -4714785.0
712534100000.0 -0.30240884 9.850287e-11 -4782621.5
714068100000.0 -0.3030599 9.850287e-11 -4782621.5
715602000000.0 -0.3037109 9.850287e-11 -4782621.5
717136100000.0 -0.304362 9.850287e-11 -4782621.5
718670140000.0 -0.30501306 8.615891e-11 -4865681.5
720204000000.0 -0.30566406 8.615891e-11 -4865681.5
721738000000.0 -0.30631512 8.615891e-11 -4865681.5
723272100000.0 -0.3069662 8.615891e-11 -4865681.5
724805940000.0 -0.3076172 7.501185e-11 -4983428.0
726339800000.0 -0.30826816 7.501185e-11 -4983428.0
727874000000.0 -0.3089193 7.501185e-11 -4983428.0
729407900000.0 -0.3095703 7.501185e-11 -4983428.0
730941750000.0 -0.3102213 6.7214574e-11 -5099804.5
732475950000.0 -0.31087244 6.7214574e-11 -5099804.5
734009800000.0 -0.3115234 6.7214574e-11 -5099804.5
735543700000.0 -0.31217444 6.7214574e-11 -5099804.5
737077950000.0 -0.3128256 6.2114494e-11 -5185894.5
738611800000.0 -0.31347656 6.2114494e-11 -5185894.5
740145700000.0 -0.3141276 6.2114494e-11 -5185894.5
741679900000.0 -0.31477872 6.2114494e-11 -5185894.5
743213760000.0 -0.3154297 5.825321e-11 -5265873.5
744747600000.0 -0.3160807 5.825321e-11 -5265873.5
746281700000.0 -0.31673178 5.825321e-11 -5265873.5
747815700000.0 -0.31738284 5.825321e-11 -5265873.5
749349600000.0 -0.3180338 5.423483e-11 -5372953.5
750883640000.0 -0.3186849 5.423483e-11 -5372953.5
752417640000.0 -0.31933597 5.423483e-11 -5372953.5
753951500000.0 -0.31998697 5.423483e-11 -5372953.5
755485600000.0 -0.32063803 4.8777753e-11 -5546538.0
757019640000.0 -0.3212891 4.8777753e-11 -5546538.0
758553500000.0 -0.3219401 4.8777753e-11 -5546538.0
760087500000.0 -0.32259116 4.8777753e-11 -5546538.0
761621600000.0 -0.32324222 4.1817935e-11 -5793197.5
763155450000.0 -0.32389322 4.1817935e-11 -5793197.5
764689500000.0 -0.32454428 4.1817935e-11 -5793197.5
766223500000.0 -0.32519534 4.1817935e-11 -5793197.5
767757400000.0 -0.32584634 3.4617604e-11 -6075635.0
769291260000.0 -0.32649735 3.4617604e-11 -6075635.0
770825500000.0 -0.3271485 3.4617604e-11 -6075635.0
772359300000.0 -0.32779947 3.4617604e-11 -6075635.0
773893200000.0 -0.32845047 2.8401498e-11 -6356216.0
775427460000.0 -0.32910162 2.8401498e-11 -6356216.0
776961300000.0 -0.3297526 2.8401498e-11 -6356216.0
778495200000.0 -0.3304036 2.8401498e-11 -6356216.0
780029400000.0 -0.33105475 2.379791e-11 -6625780.5
781563270000.0 -0.33170575 2.379791e-11 -6625780.5
783097140000.0 -0.33235672 2.379791e-11 -6625780.5
784631200000.0 -0.3330078 2.379791e-11 -6625780.5
786165200000.0 -0.33365887 2.0680466e-11 -6904552.5
787699100000.0 -0.33430985 2.0680466e-11 -6904552.5
789233140000.0 -0.33496094 2.0680466e-11 -6904552.5
790767200000.0 -0.335612 2.0680466e-11 -6904552.5
792301000000.0 -0.336263 1.8327529e-11 -7236042.5
793835100000.0 -0.33691406 1.8327529e-11 -7236042.5
795369140000.0 -0.33756512 1.8327529e-11 -7236042.5
796903000000.0 -0.33821613 1.8327529e-11 -7236042.5
798437000000.0 -0.3388672 1.6043104e-11 -7668391.5
799971100000.0 -0.33951825 1.6043104e-11 -7668391.5
801504950000.0 -0.34016925 1.6043104e-11 -7668391.5
803039000000.0 -0.3408203 1.6043104e-11 -7668391.5
804573000000.0 -0.3414714 1.36802765e-11 -8211054.5
806106900000.0 -0.34212238 1.36802765e-11 -8211054.5
807640760000.0 -0.34277338 1.36802765e-11 -8211054.5
809175000000.0 -0.34342453 1.36802765e-11 -8211054.5
810708900000.0 -0.3440755 1.1300682e-11 -8807955.0
812242700000.0 -0.3447265 1.1300682e-11 -8807955.0
813776960000.0 -0.34537765 1.1300682e-11 -8807955.0
815310800000.0 -0.34602866 1.1300682e-11 -8807955.0
816844700000.0 -0.34667963 nan nan
818378900000.0 -0.34733078 nan nan
819912800000.0 -0.34798178 nan nan
821446640000.0 -0.34863275 nan nan
822980840000.0 -0.3492839 nan nan
824514700000.0 -0.3499349 nan nan
826048600000.0 -0.3505859 nan nan
827582640000.0 -0.35123697 nan nan
829116700000.0 -0.35188803 nan nan
830650600000.0 -0.35253903 nan nan
832184600000.0 -0.3531901 nan nan
833718650000.0 -0.35384116 nan nan
835252500000.0 -0.35449216 nan nan
836786600000.0 -0.35514322 nan nan
838320600000.0 -0.3557943 nan nan
839854460000.0 -0.35644528 nan nan
841388500000.0 -0.35709634 nan nan
842922500000.0 -0.35774744 nan nan
844456400000.0 -0.3583984 nan nan
845990460000.0 -0.3590495 nan nan
847524500000.0 -0.35970056 1.37608475e-11 -9147871.0
849058400000.0 -0.36035156 1.37608475e-11 -9147871.0
850592300000.0 -0.36100253 1.37608475e-11 -9147871.0
852126470000.0 -0.3616537 1.37608475e-11 -9147871.0
853660340000.0 -0.3623047 2.2352564e-11 -9046782.0
855194200000.0 -0.36295566 2.2352564e-11 -9046782.0
856728400000.0 -0.3636068 2.2352564e-11 -9046782.0
858262300000.0 -0.3642578 2.2352564e-11 -9046782.0
859796140000.0 -0.3649088 3.3897093e-11 -8620293.0
861330400000.0 -0.36555994 3.3897093e-11 -8620293.0
862864200000.0 -0.36621094 3.3897093e-11 -8620293.0
864398100000.0 -0.36686194 3.3897093e-11 -8620293.0
865932350000.0 -0.3675131 4.5952388e-11 -8035693.5
867466200000.0 -0.36816406 4.5952388e-11 -8035693.5
869000100000.0 -0.36881506 4.5952388e-11 -8035693.5
870534100000.0 -0.36946613 4.5952388e-11 -8035693.5
872068150000.0 -0.3701172 5.632389e-11 -7536787.0
873602000000.0 -0.3707682 5.632389e-11 -7536787.0
875136100000.0 -0.37141925 5.632389e-11 -7536787.0
876670100000.0 -0.37207034 5.632389e-11 -7536787.0
878203960000.0 -0.3727213 6.380428e-11 -7203492.5
879738000000.0 -0.3733724 6.380428e-11 -7203492.5
881272100000.0 -0.37402347 6.380428e-11 -7203492.5
882805900000.0 -0.37467447 6.380428e-11 -7203492.5
884339970000.0 -0.37532553 6.828649e-11 -7012709.5
885874000000.0 -0.3759766 6.828649e-11 -7012709.5
887407900000.0 -0.3766276 6.828649e-11 -7012709.5
888941900000.0 -0.37727866 6.828649e-11 -7012709.5
890476000000.0 -0.37792972 7.0396175e-11 -6916678.0
892009840000.0 -0.37858072 7.0396175e-11 -6916678.0
