morphology_data/1d_wa_a0.05_l4r0.5_00001.ecsv
# %ECSV 1.0
# ---
# datatype:
# - {name: b, datatype: float32}
# - {name: phase, datatype: float32}
# - {name: sigma, datatype: float32}
# - {name: vr, datatype: float32}
# meta: {lambda: 4, rp: 0.5, sep: 0.05, wind: a}
# schema: astropy-2.0
b phase sigma vr
[from data line 939]
532291350000.0 -0.11295573 2.5540206e-08 -156546.4
535359460000.0 -0.113606796 2.5540206e-08 -156546.4
538427200000.0 -0.11425779 2.5540206e-08 -156546.4
541495260000.0 -0.11490886 2.962447e-08 -338776.03
544563200000.0 -0.11555989 2.962447e-08 -338776.03
547631100000.0 -0.11621092 2.962447e-08 -338776.03
550699200000.0 -0.11686199 2.962447e-08 -338776.03
553767100000.0 -0.11751302 3.310602e-08 -468037.7
556835000000.0 -0.118164055 3.310602e-08 -468037.7
559903100000.0 -0.118815124 3.310602e-08 -468037.7
562970800000.0 -0.11946611 3.310602e-08 -468037.7
566038900000.0 -0.12011717 3.5054146e-08 -485715.88
569107000000.0 -0.12076825 3.5054146e-08 -485715.88
572174760000.0 -0.12141925 3.5054146e-08 -485715.88
575242800000.0 -0.12207031 3.5054146e-08 -485715.88
578310900000.0 -0.12272138 3.5651155e-08 -414506.6
581378640000.0 -0.123372376 3.5651155e-08 -414506.6
584446800000.0 -0.12402345 3.5651155e-08 -414506.6
587514640000.0 -0.12467448 3.5651155e-08 -414506.6
590582600000.0 -0.1253255 3.5517957e-08 -347456.53
593650650000.0 -0.12597658 3.5517957e-08 -347456.53
596718600000.0 -0.12662761 3.5517957e-08 -347456.53
599786460000.0 -0.12727864 3.5517957e-08 -347456.53
602854600000.0 -0.12792972 3.5505472e-08 -294360.47
605922260000.0 -0.12858069 3.5505472e-08 -294360.47
608990400000.0 -0.12923177 3.5505472e-08 -294360.47
612058460000.0 -0.12988284 3.5505472e-08 -294360.47
615126200000.0 -0.13053383 3.532614e-08 -157585.67
618194300000.0 -0.13118489 3.532614e-08 -157585.67
621262400000.0 -0.13183598 3.532614e-08 -157585.67
624330150000.0 -0.13248697 3.532614e-08 -157585.67
627398200000.0 -0.13313803 3.459255e-08 49347.17
630466100000.0 -0.13378905 3.459255e-08 49347.17
633534000000.0 -0.1344401 3.459255e-08 49347.17
636602100000.0 -0.13509116 3.459255e-08 49347.17
639670000000.0 -0.13574219 3.1872517e-08 275136.66
642737960000.0 -0.13639323 3.1872517e-08 275136.66
645806000000.0 -0.1370443 3.1872517e-08 275136.66
648873800000.0 -0.13769528 3.1872517e-08 275136.66
651941840000.0 -0.13834634 2.856158e-08 423042.62
655009900000.0 -0.1389974 2.856158e-08 423042.62
658077650000.0 -0.13964841 2.856158e-08 423042.62
661145800000.0 -0.14029948 2.856158e-08 423042.62
664213850000.0 -0.14095055 2.521053e-08 479121.94
667281600000.0 -0.14160155 2.521053e-08 479121.94
670349660000.0 -0.14225261 2.521053e-08 479121.94
673417800000.0 -0.14290369 2.521053e-08 479121.94
676485460000.0 -0.14355466 2.2145915e-08 496581.28
679553600000.0 -0.14420575 2.2145915e-08 496581.28
682621670000.0 -0.14485681 2.2145915e-08 496581.28
685689400000.0 -0.1455078 2.2145915e-08 496581.28
688757150000.0 -0.1461588 1.9721005e-08 484805.0
691825600000.0 -0.14680995 1.9721005e-08 484805.0
694893300000.0 -0.14746092 1.9721005e-08 484805.0
697961000000.0 -0.14811192 1.9721005e-08 484805.0
701029500000.0 -0.14876308 1.7862295e-08 471771.38
704097200000.0 -0.14941406 1.7862295e-08 471771.38
707164960000.0 -0.15006506 1.7862295e-08 471771.38
710233400000.0 -0.1507162 1.7862295e-08 471771.38
713301160000.0 -0.1513672 1.658758e-08 478789.47
716368840000.0 -0.15201817 1.658758e-08 478789.47
719437300000.0 -0.15266933 1.658758e-08 478789.47
722505040000.0 -0.15332033 1.658758e-08 478789.47
725572800000.0 -0.15397131 1.5586428e-08 483822.4
728640850000.0 -0.15462239 1.5586428e-08 483822.4
731709000000.0 -0.15527347 1.5586428e-08 483822.4
734776700000.0 -0.15592445 1.5586428e-08 483822.4
737844800000.0 -0.15657552 1.4759208e-08 479333.1
740912860000.0 -0.15722659 1.4759208e-08 479333.1
743980600000.0 -0.15787758 1.4759208e-08 479333.1
747048670000.0 -0.15852864 1.4759208e-08 479333.1
750116800000.0 -0.15917972 1.403358e-08 457129.8
753184540000.0 -0.1598307 1.403358e-08 457129.8
756252600000.0 -0.16048178 1.403358e-08 457129.8
759320700000.0 -0.16113284 1.403358e-08 457129.8
762388400000.0 -0.16178384 1.33496725e-08 420206.34
765456500000.0 -0.1624349 1.33496725e-08 420206.34
768524600000.0 -0.16308598 1.33496725e-08 420206.34
771592360000.0 -0.16373697 1.33496725e-08 420206.34
774660100000.0 -0.16438797 1.2761057e-08 349803.34
777728500000.0 -0.1650391 1.2761057e-08 349803.34
780796200000.0 -0.1656901 1.2761057e-08 349803.34
783864000000.0 -0.1663411 1.2761057e-08 349803.34
786932430000.0 -0.16699223 1.2195895e-08 228683.12
790000200000.0 -0.16764323 1.2195895e-08 228683.12
793067900000.0 -0.16829422 1.2195895e-08 228683.12
796136300000.0 -0.16894537 1.2195895e-08 228683.12
799204050000.0 -0.16959636 1.1755259e-08 177253.88
802271800000.0 -0.17024736 1.1755259e-08 177253.88
805339860000.0 -0.17089842 1.1755259e-08 177253.88
808408000000.0 -0.1715495 1.1755259e-08 177253.88
811475700000.0 -0.17220049 1.1307556e-08 83092.42
814543800000.0 -0.17285155 1.1307556e-08 83092.42
817611870000.0 -0.17350262 1.1307556e-08 83092.42
820679600000.0 -0.17415361 1.1307556e-08 83092.42
823747740000.0 -0.17480469 1.09458504e-08 64599.367
826815800000.0 -0.17545575 1.09458504e-08 64599.367
829883550000.0 -0.17610675 1.09458504e-08 64599.367
832951600000.0 -0.17675781 1.09458504e-08 64599.367
836019700000.0 -0.17740889 1.0571508e-08 16772.428
839087400000.0 -0.17805988 1.0571508e-08 16772.428
842155560000.0 -0.17871095 1.0571508e-08 16772.428
845223600000.0 -0.17936201 1.0571508e-08 16772.428
848291360000.0 -0.180013 1.0337169e-08 16516.582
851359100000.0 -0.180664 1.0337169e-08 16516.582
854427500000.0 -0.18131514 1.0337169e-08 16516.582
857495240000.0 -0.18196614 1.0337169e-08 16516.582
860563000000.0 -0.18261713 1.0044332e-08 -25035.584
863631440000.0 -0.18326828 1.0044332e-08 -25035.584
866699200000.0 -0.18391927 1.0044332e-08 -25035.584
869766900000.0 -0.18457027 1.0044332e-08 -25035.584
872835400000.0 -0.1852214 9.870082e-09 -10394.092
875903060000.0 -0.1858724 9.870082e-09 -10394.092
878970800000.0 -0.1865234 9.870082e-09 -10394.092
882039260000.0 -0.18717454 9.870082e-09 -10394.092
885107000000.0 -0.18782553 9.650916e-09 -47169.496
888174740000.0 -0.18847652 9.650916e-09 -47169.496
891242800000.0 -0.1891276 9.650916e-09 -47169.496
894310900000.0 -0.18977866 9.650916e-09 -47169.496
897378600000.0 -0.19042966 9.525573e-09 790.5255
900446750000.0 -0.19108072 9.525573e-09 790.5255
903514800000.0 -0.1917318 9.525573e-09 790.5255
906582560000.0 -0.19238278 9.525573e-09 790.5255
909650600000.0 -0.19303386 9.320931e-09 -10925.361
912718760000.0 -0.19368492 9.320931e-09 -10925.361
915786400000.0 -0.19433591 9.320931e-09 -10925.361
918854570000.0 -0.19498698 9.320931e-09 -10925.361
921922630000.0 -0.19563805 9.244307e-09 61483.863
924990400000.0 -0.19628905 9.244307e-09 61483.863
928058440000.0 -0.19694011 9.244307e-09 61483.863
931126600000.0 -0.19759119 9.244307e-09 61483.863
934194300000.0 -0.19824217 9.0849905e-09 65568.71
937262000000.0 -0.19889317 9.0849905e-09 65568.71
940330450000.0 -0.19954431 9.0849905e-09 65568.71
943398200000.0 -0.20019531 9.0849905e-09 65568.71
946465900000.0 -0.2008463 8.880499e-09 95794.46
949534400000.0 -0.20149745 8.880499e-09 95794.46
952602100000.0 -0.20214844 8.880499e-09 95794.46
955669800000.0 -0.20279942 8.880499e-09 95794.46
958738300000.0 -0.20345058 8.582723e-09 71585.13
961806000000.0 -0.20410156 8.582723e-09 71585.13
964873750000.0 -0.20475256 8.582723e-09 71585.13
967942200000.0 -0.2054037 8.582723e-09 71585.13
971009950000.0 -0.2060547 8.37772e-09 63120.113
974077700000.0 -0.20670569 8.37772e-09 63120.113
977145760000.0 -0.20735677 8.37772e-09 63120.113
980213800000.0 -0.20800783 8.37772e-09 63120.113
983281570000.0 -0.20865881 8.094069e-09 38034.49
986349630000.0 -0.20930989 8.094069e-09 38034.49
989417770000.0 -0.20996095 8.094069e-09 38034.49
992485500000.0 -0.21061195 8.094069e-09 38034.49
995553600000.0 -0.21126302 7.94515e-09 10735.824
998621640000.0 -0.21191409 7.94515e-09 10735.824
1001689400000.0 -0.21256508 7.94515e-09 10735.824
1004757450000.0 -0.21321616 7.94515e-09 10735.824
1007825600000.0 -0.21386722 7.701039e-09 -9272.061
1010893300000.0 -0.2145182 7.701039e-09 -9272.061
1013961400000.0 -0.21516928 7.701039e-09 -9272.061
1017029460000.0 -0.21582034 7.701039e-09 -9272.061
1020097200000.0 -0.21647134 7.546033e-09 -41468.11
1023164940000.0 -0.21712233 7.546033e-09 -41468.11
1026233400000.0 -0.21777348 7.546033e-09 -41468.11
1029301140000.0 -0.21842447 7.546033e-09 -41468.11
1032368900000.0 -0.21907547 7.274787e-09 -54586.094
1035437300000.0 -0.2197266 7.274787e-09 -54586.094
1038505000000.0 -0.22037761 7.274787e-09 -54586.094
1041572760000.0 -0.2210286 7.274787e-09 -54586.094
1044641200000.0 -0.22167975 7.093896e-09 -89030.734
1047708960000.0 -0.22233073 7.093896e-09 -89030.734
1050776700000.0 -0.22298172 7.093896e-09 -89030.734
1053845100000.0 -0.22363287 7.093896e-09 -89030.734
1056912830000.0 -0.22428386 6.7354864e-09 -91252.234
1059980600000.0 -0.22493486 6.7354864e-09 -91252.234
1063048700000.0 -0.22558592 6.7354864e-09 -91252.234
1066116800000.0 -0.226237 6.7354864e-09 -91252.234
1069184500000.0 -0.22688799 6.552962e-09 -128881.8
1072252600000.0 -0.22753906 6.552962e-09 -128881.8
1075320650000.0 -0.22819012 6.552962e-09 -128881.8
1078388400000.0 -0.22884111 6.552962e-09 -128881.8
1081456500000.0 -0.22949219 6.193459e-09 -146941.28
1084524600000.0 -0.23014325 6.193459e-09 -146941.28
1087592330000.0 -0.23079425 6.193459e-09 -146941.28
1090660400000.0 -0.23144531 6.193459e-09 -146941.28
1093728530000.0 -0.23209639 6.0526295e-09 -199744.45
1096796200000.0 -0.23274738 6.0526295e-09 -199744.45
1099864300000.0 -0.23339845 6.0526295e-09 -199744.45
1102932500000.0 -0.23404953 6.0526295e-09 -199744.45
1106000100000.0 -0.23470049 5.7746505e-09 -228355.81
1109067800000.0 -0.23535149 5.7746505e-09 -228355.81
1112136400000.0 -0.23600265 5.7746505e-09 -228355.81
1115204100000.0 -0.23665364 5.7746505e-09 -228355.81
1118271800000.0 -0.23730463 5.649411e-09 -274217.9
1121340200000.0 -0.23795578 5.649411e-09 -274217.9
1124408000000.0 -0.23860677 5.649411e-09 -274217.9
1127475700000.0 -0.23925777 5.649411e-09 -274217.9
1130544100000.0 -0.2399089 5.4144014e-09 -319929.84
1133611800000.0 -0.2405599 5.4144014e-09 -319929.84
1136679600000.0 -0.2412109 5.4144014e-09 -319929.84
1139748100000.0 -0.24186206 5.4144014e-09 -319929.84
1142815900000.0 -0.24251305 5.3355547e-09 -357862.75
1145883500000.0 -0.243164 5.3355547e-09 -357862.75
1148951600000.0 -0.2438151 5.3355547e-09 -357862.75
1152019700000.0 -0.24446616 5.3355547e-09 -357862.75
1155087500000.0 -0.24511716 5.1460356e-09 -389503.53
1158155500000.0 -0.2457682 5.1460356e-09 -389503.53
1161223600000.0 -0.2464193 5.1460356e-09 -389503.53
1164291300000.0 -0.24707028 5.1460356e-09 -389503.53
1167359500000.0 -0.24772136 5.033253e-09 -421941.38
1170427500000.0 -0.24837242 5.033253e-09 -421941.38
1173495200000.0 -0.24902342 5.033253e-09 -421941.38
1176563400000.0 -0.24967448 5.033253e-09 -421941.38
1179631500000.0 -0.25032556 4.911281e-09 -463744.56
1182699200000.0 -0.25097656 4.911281e-09 -463744.56
1185767200000.0 -0.25162762 4.911281e-09 -463744.56
1188835400000.0 -0.2522787 4.911281e-09 -463744.56
1191903100000.0 -0.2529297 4.8640314e-09 -479654.66
1194970800000.0 -0.25358066 4.8640314e-09 -479654.66
1198039200000.0 -0.2542318 4.8640314e-09 -479654.66
1201107000000.0 -0.2548828 4.8640314e-09 -479654.66
1204174700000.0 -0.2555338 4.810202e-09 -502013.38
1207243100000.0 -0.25618494 4.810202e-09 -502013.38
1210310900000.0 -0.2568359 4.810202e-09 -502013.38
1213378600000.0 -0.25748694 4.810202e-09 -502013.38
1216447100000.0 -0.25813806 4.7704667e-09 -485353.78
1219514900000.0 -0.2587891 4.7704667e-09 -485353.78
1222582600000.0 -0.2594401 4.7704667e-09 -485353.78
1225651000000.0 -0.26009122 4.7704667e-09 -485353.78
1228718700000.0 -0.2607422 4.7788418e-09 -475327.88
1231786500000.0 -0.2613932 4.7788418e-09 -475327.88
1234854500000.0 -0.26204425 4.7788418e-09 -475327.88
1237922600000.0 -0.26269534 4.7788418e-09 -475327.88
1240990400000.0 -0.2633463 4.8417834e-09 -433274.94
1244058500000.0 -0.2639974 4.8417834e-09 -433274.94
1247126500000.0 -0.26464844 4.8417834e-09 -433274.94
1250194200000.0 -0.26529944 4.8417834e-09 -433274.94
1253262400000.0 -0.26595053 5.0063056e-09 -430628.53
1256330500000.0 -0.2666016 5.0063056e-09 -430628.53
1259398200000.0 -0.2672526 5.0063056e-09 -430628.53
1262466200000.0 -0.26790366 5.0063056e-09 -430628.53
1265534400000.0 -0.26855472 5.1160614e-09 -405903.97
1268602100000.0 -0.26920572 5.1160614e-09 -405903.97
1271670200000.0 -0.2698568 5.1160614e-09 -405903.97
1274738200000.0 -0.27050784 5.1160614e-09 -405903.97
1277806000000.0 -0.27115884 5.394896e-09 -383472.0
1280873700000.0 -0.27180985 5.394896e-09 -383472.0
1283942100000.0 -0.27246097 5.394896e-09 -383472.0
1287009900000.0 -0.27311197 5.394896e-09 -383472.0
1290077600000.0 -0.27376294 5.4896065e-09 -373449.28
1293146100000.0 -0.27441412 5.4896065e-09 -373449.28
1296213900000.0 -0.2750651 5.4896065e-09 -373449.28
1299281600000.0 -0.27571613 5.4896065e-09 -373449.28
1302350000000.0 -0.27636725 5.8158913e-09 -338478.03
1305417700000.0 -0.27701825 5.8158913e-09 -338478.03
1308485500000.0 -0.27766922 5.8158913e-09 -338478.03
1311553900000.0 -0.27832037 5.8158913e-09 -338478.03
1314621600000.0 -0.27897137 5.8593623e-09 -318853.5
1317689400000.0 -0.27962235 5.8593623e-09 -318853.5
1320757500000.0 -0.28027344 5.8593623e-09 -318853.5
1323825600000.0 -0.28092453 5.8593623e-09 -318853.5
1326893200000.0 -0.28157547 6.267848e-09 -292421.47
1329961400000.0 -0.28222656 6.267848e-09 -292421.47
1333029500000.0 -0.28287762 6.267848e-09 -292421.47
1336097200000.0 -0.28352863 6.267848e-09 -292421.47
1339165200000.0 -0.28417966 6.3075785e-09 -296155.8
1342233400000.0 -0.28483075 6.3075785e-09 -296155.8
1345301100000.0 -0.28548175 6.3075785e-09 -296155.8
1348369300000.0 -0.28613284 6.3075785e-09 -296155.8
1351437300000.0 -0.28678387 6.805177e-09 -285539.56
1354505000000.0 -0.28743488 6.805177e-09 -285539.56
1357573100000.0 -0.28808594 6.805177e-09 -285539.56
1360641300000.0 -0.28873703 6.805177e-09 -285539.56
1363709000000.0 -0.28938803 6.8555015e-09 -317420.88
1366776600000.0 -0.29003897 6.8555015e-09 -317420.88
1369845100000.0 -0.29069015 6.8555015e-09 -317420.88
1372912900000.0 -0.29134116 6.8555015e-09 -317420.88
1375980600000.0 -0.29199213 7.4372664e-09 -384306.5
1379049000000.0 -0.29264328 7.4372664e-09 -384306.5
1382116800000.0 -0.29329428 7.4372664e-09 -384306.5
1385184500000.0 -0.29394525 7.4372664e-09 -384306.5
1388252900000.0 -0.2945964 7.4653865e-09 -432743.34
1391320600000.0 -0.2952474 7.4653865e-09 -432743.34
1394388400000.0 -0.2958984 7.4653865e-09 -432743.34
1397456900000.0 -0.29654956 7.4653865e-09 -432743.34
1400524600000.0 -0.29720056 8.116432e-09 -551742.94
1403592400000.0 -0.29785153 8.116432e-09 -551742.94
1406660400000.0 -0.2985026 8.116432e-09 -551742.94
1409728500000.0 -0.29915366 8.116432e-09 -551742.94
1412796300000.0 -0.29980466 8.206669e-09 -608322.3
1415864300000.0 -0.30045572 8.206669e-09 -608322.3
1418932400000.0 -0.30110678 8.206669e-09 -608322.3
1422000100000.0 -0.30175778 8.206669e-09 -608322.3
1425068300000.0 -0.30240884 8.697617e-09 -741393.56
1428136300000.0 -0.3030599 8.697617e-09 -741393.56
1431204000000.0 -0.3037109 8.697617e-09 -741393.56
1434272100000.0 -0.304362 8.697617e-09 -741393.56
1437340300000.0 -0.30501306 8.796791e-09 -799621.9
1440408000000.0 -0.30566406 8.796791e-09 -799621.9
1443476000000.0 -0.30631512 8.796791e-09 -799621.9
1446544100000.0 -0.3069662 8.796791e-09 -799621.9
1449611900000.0 -0.3076172 9.208063e-09 -871481.7
1452679600000.0 -0.30826816 9.208063e-09 -871481.7
1455748000000.0 -0.3089193 9.208063e-09 -871481.7
1458815800000.0 -0.3095703 9.208063e-09 -871481.7
1461883500000.0 -0.3102213 9.310778e-09 -927614.7
1464951900000.0 -0.31087244 9.310778e-09 -927614.7
1468019600000.0 -0.3115234 9.310778e-09 -927614.7
1471087400000.0 -0.31217444 9.310778e-09 -927614.7
1474155900000.0 -0.3128256 9.826678e-09 -949295.9
1477223600000.0 -0.31347656 9.826678e-09 -949295.9
1480291400000.0 -0.3141276 9.826678e-09 -949295.9
1483359800000.0 -0.31477872 9.826678e-09 -949295.9
1486427500000.0 -0.3154297 9.956837e-09 -999903.06
