morphology_data/1d_wa_a0.05_l2r2_00001.ecsv
# %ECSV 1.0
# ---
# datatype:
# - {name: b, datatype: float32}
# - {name: phase, datatype: float32}
# - {name: sigma, datatype: float32}
# - {name: vr, datatype: float32}
# meta: {lambda: 2, rp: 2.0, sep: 0.05, wind: a}
# schema: astropy-2.0
b phase sigma vr
[from data line 933]
538427200000.0 -0.11425779 6.1429056e-08 -113799.35
541495260000.0 -0.11490886 6.404599e-08 -112636.0
544563200000.0 -0.11555989 6.404599e-08 -112636.0
547631100000.0 -0.11621092 6.404599e-08 -112636.0
550699200000.0 -0.11686199 6.404599e-08 -112636.0
553767100000.0 -0.11751302 6.6052685e-08 -121105.086
556835000000.0 -0.118164055 6.6052685e-08 -121105.086
559903100000.0 -0.118815124 6.6052685e-08 -121105.086
562970800000.0 -0.11946611 6.6052685e-08 -121105.086
566038900000.0 -0.12011717 6.860601e-08 -140195.69
569107000000.0 -0.12076825 6.860601e-08 -140195.69
572174760000.0 -0.12141925 6.860601e-08 -140195.69
575242800000.0 -0.12207031 6.860601e-08 -140195.69
578310900000.0 -0.12272138 6.894897e-08 -179191.72
581378640000.0 -0.123372376 6.894897e-08 -179191.72
584446800000.0 -0.12402345 6.894897e-08 -179191.72
587514640000.0 -0.12467448 6.894897e-08 -179191.72
590582600000.0 -0.1253255 6.7688546e-08 -225824.34
593650650000.0 -0.12597658 6.7688546e-08 -225824.34
596718600000.0 -0.12662761 6.7688546e-08 -225824.34
599786460000.0 -0.12727864 6.7688546e-08 -225824.34
602854600000.0 -0.12792972 6.553811e-08 -278998.16
605922260000.0 -0.12858069 6.553811e-08 -278998.16
608990400000.0 -0.12923177 6.553811e-08 -278998.16
612058460000.0 -0.12988284 6.553811e-08 -278998.16
615126200000.0 -0.13053383 6.331381e-08 -338908.34
618194300000.0 -0.13118489 6.331381e-08 -338908.34
621262400000.0 -0.13183598 6.331381e-08 -338908.34
624330150000.0 -0.13248697 6.331381e-08 -338908.34
627398200000.0 -0.13313803 6.1119394e-08 -405395.22
630466100000.0 -0.13378905 6.1119394e-08 -405395.22
633534000000.0 -0.1344401 6.1119394e-08 -405395.22
636602100000.0 -0.13509116 6.1119394e-08 -405395.22
639670000000.0 -0.13574219 5.8696976e-08 -468072.34
642737960000.0 -0.13639323 5.8696976e-08 -468072.34
645806000000.0 -0.1370443 5.8696976e-08 -468072.34
648873800000.0 -0.13769528 5.8696976e-08 -468072.34
651941840000.0 -0.13834634 5.6482662e-08 -525272.94
655009900000.0 -0.1389974 5.6482662e-08 -525272.94
658077650000.0 -0.13964841 5.6482662e-08 -525272.94
661145800000.0 -0.14029948 5.6482662e-08 -525272.94
664213850000.0 -0.14095055 5.3987215e-08 -576425.25
667281600000.0 -0.14160155 5.3987215e-08 -576425.25
670349660000.0 -0.14225261 5.3987215e-08 -576425.25
673417800000.0 -0.14290369 5.3987215e-08 -576425.25
676485460000.0 -0.14355466 5.1406182e-08 -627247.8
679553600000.0 -0.14420575 5.1406182e-08 -627247.8
682621670000.0 -0.14485681 5.1406182e-08 -627247.8
685689400000.0 -0.1455078 5.1406182e-08 -627247.8
688757150000.0 -0.1461588 4.9091472e-08 -676874.1
691825600000.0 -0.14680995 4.9091472e-08 -676874.1
694893300000.0 -0.14746092 4.9091472e-08 -676874.1
697961000000.0 -0.14811192 4.9091472e-08 -676874.1
701029500000.0 -0.14876308 4.690235e-08 -722727.8
704097200000.0 -0.14941406 4.690235e-08 -722727.8
707164960000.0 -0.15006506 4.690235e-08 -722727.8
710233400000.0 -0.1507162 4.690235e-08 -722727.8
713301160000.0 -0.1513672 4.4896478e-08 -770500.75
716368840000.0 -0.15201817 4.4896478e-08 -770500.75
719437300000.0 -0.15266933 4.4896478e-08 -770500.75
722505040000.0 -0.15332033 4.4896478e-08 -770500.75
725572800000.0 -0.15397131 4.342241e-08 -809394.25
728640850000.0 -0.15462239 4.342241e-08 -809394.25
731709000000.0 -0.15527347 4.342241e-08 -809394.25
734776700000.0 -0.15592445 4.342241e-08 -809394.25
737844800000.0 -0.15657552 4.1804302e-08 -840569.25
740912860000.0 -0.15722659 4.1804302e-08 -840569.25
743980600000.0 -0.15787758 4.1804302e-08 -840569.25
747048670000.0 -0.15852864 4.1804302e-08 -840569.25
750116800000.0 -0.15917972 4.0465025e-08 -869691.1
753184540000.0 -0.1598307 4.0465025e-08 -869691.1
756252600000.0 -0.16048178 4.0465025e-08 -869691.1
759320700000.0 -0.16113284 4.0465025e-08 -869691.1
762388400000.0 -0.16178384 3.9209127e-08 -896323.1
765456500000.0 -0.1624349 3.9209127e-08 -896323.1
768524600000.0 -0.16308598 3.9209127e-08 -896323.1
771592360000.0 -0.16373697 3.9209127e-08 -896323.1
774660100000.0 -0.16438797 3.7888288e-08 -919796.4
777728500000.0 -0.1650391 3.7888288e-08 -919796.4
780796200000.0 -0.1656901 3.7888288e-08 -919796.4
783864000000.0 -0.1663411 3.7888288e-08 -919796.4
786932430000.0 -0.16699223 3.3425096e-08 -1014799.6
790000200000.0 -0.16764323 3.3425096e-08 -1014799.6
793067900000.0 -0.16829422 3.3425096e-08 -1014799.6
796136300000.0 -0.16894537 3.3425096e-08 -1014799.6
799204050000.0 -0.16959636 3.2616647e-08 -1034342.8
802271800000.0 -0.17024736 3.2616647e-08 -1034342.8
805339860000.0 -0.17089842 3.2616647e-08 -1034342.8
808408000000.0 -0.1715495 3.2616647e-08 -1034342.8
811475700000.0 -0.17220049 3.128208e-08 -1084911.5
814543800000.0 -0.17285155 3.128208e-08 -1084911.5
817611870000.0 -0.17350262 3.128208e-08 -1084911.5
820679600000.0 -0.17415361 3.128208e-08 -1084911.5
823747740000.0 -0.17480469 3.0513114e-08 -1098350.1
826815800000.0 -0.17545575 3.0513114e-08 -1098350.1
829883550000.0 -0.17610675 3.0513114e-08 -1098350.1
832951600000.0 -0.17675781 3.0513114e-08 -1098350.1
836019700000.0 -0.17740889 2.947795e-08 -1160742.8
839087400000.0 -0.17805988 2.947795e-08 -1160742.8
842155560000.0 -0.17871095 2.947795e-08 -1160742.8
845223600000.0 -0.17936201 2.947795e-08 -1160742.8
848291360000.0 -0.180013 2.8883735e-08 -1176427.5
851359100000.0 -0.180664 2.8883735e-08 -1176427.5
854427500000.0 -0.18131514 2.8883735e-08 -1176427.5
857495240000.0 -0.18196614 2.8883735e-08 -1176427.5
860563000000.0 -0.18261713 2.8035593e-08 -1255762.4
863631440000.0 -0.18326828 2.8035593e-08 -1255762.4
866699200000.0 -0.18391927 2.8035593e-08 -1255762.4
869766900000.0 -0.18457027 2.8035593e-08 -1255762.4
872835400000.0 -0.1852214 2.7369754e-08 -1278900.8
875903060000.0 -0.1858724 2.7369754e-08 -1278900.8
878970800000.0 -0.1865234 2.7369754e-08 -1278900.8
882039260000.0 -0.18717454 2.7369754e-08 -1278900.8
885107000000.0 -0.18782553 2.6504438e-08 -1361733.8
888174740000.0 -0.18847652 2.6504438e-08 -1361733.8
891242800000.0 -0.1891276 2.6504438e-08 -1361733.8
894310900000.0 -0.18977866 2.6504438e-08 -1361733.8
897378600000.0 -0.19042966 2.5843342e-08 -1377641.2
900446750000.0 -0.19108072 2.5843342e-08 -1377641.2
903514800000.0 -0.1917318 2.5843342e-08 -1377641.2
906582560000.0 -0.19238278 2.5843342e-08 -1377641.2
909650600000.0 -0.19303386 2.483539e-08 -1457019.8
912718760000.0 -0.19368492 2.483539e-08 -1457019.8
915786400000.0 -0.19433591 2.483539e-08 -1457019.8
918854570000.0 -0.19498698 2.483539e-08 -1457019.8
921922630000.0 -0.19563805 2.4226438e-08 -1463628.6
924990400000.0 -0.19628905 2.4226438e-08 -1463628.6
928058440000.0 -0.19694011 2.4226438e-08 -1463628.6
931126600000.0 -0.19759119 2.4226438e-08 -1463628.6
934194300000.0 -0.19824217 2.3358178e-08 -1529258.8
937262000000.0 -0.19889317 2.3358178e-08 -1529258.8
940330450000.0 -0.19954431 2.3358178e-08 -1529258.8
943398200000.0 -0.20019531 2.3358178e-08 -1529258.8
946465900000.0 -0.2008463 2.2952754e-08 -1523617.5
949534400000.0 -0.20149745 2.2952754e-08 -1523617.5
952602100000.0 -0.20214844 2.2952754e-08 -1523617.5
955669800000.0 -0.20279942 2.2952754e-08 -1523617.5
958738300000.0 -0.20345058 2.225788e-08 -1573996.0
961806000000.0 -0.20410156 2.225788e-08 -1573996.0
964873750000.0 -0.20475256 2.225788e-08 -1573996.0
967942200000.0 -0.2054037 2.225788e-08 -1573996.0
971009950000.0 -0.2060547 2.2021633e-08 -1559158.5
974077700000.0 -0.20670569 2.2021633e-08 -1559158.5
977145760000.0 -0.20735677 2.2021633e-08 -1559158.5
980213800000.0 -0.20800783 2.2021633e-08 -1559158.5
983281570000.0 -0.20865881 2.1545105e-08 -1594478.4
986349630000.0 -0.20930989 2.1545105e-08 -1594478.4
989417770000.0 -0.20996095 2.1545105e-08 -1594478.4
992485500000.0 -0.21061195 2.1545105e-08 -1594478.4
995553600000.0 -0.21126302 2.1494849e-08 -1576814.6
998621640000.0 -0.21191409 2.1494849e-08 -1576814.6
1001689400000.0 -0.21256508 2.1494849e-08 -1576814.6
1004757450000.0 -0.21321616 2.1494849e-08 -1576814.6
1007825600000.0 -0.21386722 2.122562e-08 -1605687.6
1010893300000.0 -0.2145182 2.122562e-08 -1605687.6
1013961400000.0 -0.21516928 2.122562e-08 -1605687.6
1017029460000.0 -0.21582034 2.122562e-08 -1605687.6
1020097200000.0 -0.21647134 2.1335644e-08 -1592381.6
1023164940000.0 -0.21712233 2.1335644e-08 -1592381.6
1026233400000.0 -0.21777348 2.1335644e-08 -1592381.6
1029301140000.0 -0.21842447 2.1335644e-08 -1592381.6
1032368900000.0 -0.21907547 2.1355325e-08 -1618300.0
1035437300000.0 -0.2197266 2.1355325e-08 -1618300.0
1038505000000.0 -0.22037761 2.1355325e-08 -1618300.0
1041572760000.0 -0.2210286 2.1355325e-08 -1618300.0
1044641200000.0 -0.22167975 2.165512e-08 -1608756.6
1047708960000.0 -0.22233073 2.165512e-08 -1608756.6
1050776700000.0 -0.22298172 2.165512e-08 -1608756.6
1053845100000.0 -0.22363287 2.165512e-08 -1608756.6
1056912830000.0 -0.22428386 2.1975984e-08 -1630087.5
1059980600000.0 -0.22493486 2.1975984e-08 -1630087.5
1063048700000.0 -0.22558592 2.1975984e-08 -1630087.5
1066116800000.0 -0.226237 2.1975984e-08 -1630087.5
1069184500000.0 -0.22688799 2.2570331e-08 -1625262.9
1072252600000.0 -0.22753906 2.2570331e-08 -1625262.9
1075320650000.0 -0.22819012 2.2570331e-08 -1625262.9
1078388400000.0 -0.22884111 2.2570331e-08 -1625262.9
1081456500000.0 -0.22949219 2.3226391e-08 -1650618.0
1084524600000.0 -0.23014325 2.3226391e-08 -1650618.0
1087592330000.0 -0.23079425 2.3226391e-08 -1650618.0
1090660400000.0 -0.23144531 2.3226391e-08 -1650618.0
1093728530000.0 -0.23209639 2.4044777e-08 -1652107.2
1096796200000.0 -0.23274738 2.4044777e-08 -1652107.2
1099864300000.0 -0.23339845 2.4044777e-08 -1652107.2
1102932500000.0 -0.23404953 2.4044777e-08 -1652107.2
1106000100000.0 -0.23470049 2.4944478e-08 -1676844.0
1109067800000.0 -0.23535149 2.4944478e-08 -1676844.0
1112136400000.0 -0.23600265 2.4944478e-08 -1676844.0
1115204100000.0 -0.23665364 2.4944478e-08 -1676844.0
1118271800000.0 -0.23730463 2.5861686e-08 -1680342.4
1121340200000.0 -0.23795578 2.5861686e-08 -1680342.4
1124408000000.0 -0.23860677 2.5861686e-08 -1680342.4
1127475700000.0 -0.23925777 2.5861686e-08 -1680342.4
1130544100000.0 -0.2399089 2.6889145e-08 -1703459.8
1133611800000.0 -0.2405599 2.6889145e-08 -1703459.8
1136679600000.0 -0.2412109 2.6889145e-08 -1703459.8
1139748100000.0 -0.24186206 2.6889145e-08 -1703459.8
1142815900000.0 -0.24251305 2.7880816e-08 -1702337.2
1145883500000.0 -0.243164 2.7880816e-08 -1702337.2
1148951600000.0 -0.2438151 2.7880816e-08 -1702337.2
1152019700000.0 -0.24446616 2.7880816e-08 -1702337.2
1155087500000.0 -0.24511716 2.8894796e-08 -1705969.5
1158155500000.0 -0.2457682 2.8894796e-08 -1705969.5
1161223600000.0 -0.2464193 2.8894796e-08 -1705969.5
1164291300000.0 -0.24707028 2.8894796e-08 -1705969.5
1167359500000.0 -0.24772136 2.9824577e-08 -1682640.4
1170427500000.0 -0.24837242 2.9824577e-08 -1682640.4
1173495200000.0 -0.24902342 2.9824577e-08 -1682640.4
1176563400000.0 -0.24967448 2.9824577e-08 -1682640.4
1179631500000.0 -0.25032556 3.0556222e-08 -1672843.8
1182699200000.0 -0.25097656 3.0556222e-08 -1672843.8
1185767200000.0 -0.25162762 3.0556222e-08 -1672843.8
1188835400000.0 -0.2522787 3.0556222e-08 -1672843.8
1191903100000.0 -0.2529297 3.0977816e-08 -1647067.0
1194970800000.0 -0.25358066 3.0977816e-08 -1647067.0
1198039200000.0 -0.2542318 3.0977816e-08 -1647067.0
1201107000000.0 -0.2548828 3.0977816e-08 -1647067.0
1204174700000.0 -0.2555338 3.0996112e-08 -1655229.1
1207243100000.0 -0.25618494 3.0996112e-08 -1655229.1
1210310900000.0 -0.2568359 3.0996112e-08 -1655229.1
1213378600000.0 -0.25748694 3.0996112e-08 -1655229.1
1216447100000.0 -0.25813806 3.0847957e-08 -1656976.6
1219514900000.0 -0.2587891 3.0847957e-08 -1656976.6
1222582600000.0 -0.2594401 3.0847957e-08 -1656976.6
1225651000000.0 -0.26009122 3.0847957e-08 -1656976.6
1228718700000.0 -0.2607422 3.0673316e-08 -1692150.2
1231786500000.0 -0.2613932 3.0673316e-08 -1692150.2
1234854500000.0 -0.26204425 3.0673316e-08 -1692150.2
1237922600000.0 -0.26269534 3.0673316e-08 -1692150.2
1240990400000.0 -0.2633463 3.0681193e-08 -1709327.9
1244058500000.0 -0.2639974 3.0681193e-08 -1709327.9
1247126500000.0 -0.26464844 3.0681193e-08 -1709327.9
1250194200000.0 -0.26529944 3.0681193e-08 -1709327.9
1253262400000.0 -0.26595053 3.0776842e-08 -1746461.9
1256330500000.0 -0.2666016 3.0776842e-08 -1746461.9
1259398200000.0 -0.2672526 3.0776842e-08 -1746461.9
1262466200000.0 -0.26790366 3.0776842e-08 -1746461.9
1265534400000.0 -0.26855472 3.106175e-08 -1761577.8
1268602100000.0 -0.26920572 3.106175e-08 -1761577.8
1271670200000.0 -0.2698568 3.106175e-08 -1761577.8
1274738200000.0 -0.27050784 3.106175e-08 -1761577.8
1277806000000.0 -0.27115884 3.152333e-08 -1793146.9
1280873700000.0 -0.27180985 3.152333e-08 -1793146.9
1283942100000.0 -0.27246097 3.152333e-08 -1793146.9
1287009900000.0 -0.27311197 3.152333e-08 -1793146.9
1290077600000.0 -0.27376294 3.227876e-08 -1811491.5
1293146100000.0 -0.27441412 3.227876e-08 -1811491.5
1296213900000.0 -0.2750651 3.227876e-08 -1811491.5
1299281600000.0 -0.27571613 3.227876e-08 -1811491.5
1302350000000.0 -0.27636725 3.321721e-08 -1860852.1
1305417700000.0 -0.27701825 3.321721e-08 -1860852.1
1308485500000.0 -0.27766922 3.321721e-08 -1860852.1
1311553900000.0 -0.27832037 3.321721e-08 -1860852.1
1314621600000.0 -0.27897137 3.4482106e-08 -1902485.0
1317689400000.0 -0.27962235 3.4482106e-08 -1902485.0
1320757500000.0 -0.28027344 3.4482106e-08 -1902485.0
1323825600000.0 -0.28092453 3.4482106e-08 -1902485.0
1326893200000.0 -0.28157547 3.631107e-08 -1989554.9
1329961400000.0 -0.28222656 3.631107e-08 -1989554.9
1333029500000.0 -0.28287762 3.631107e-08 -1989554.9
1336097200000.0 -0.28352863 3.631107e-08 -1989554.9
1339165200000.0 -0.28417966 3.8357186e-08 -2060275.0
1342233400000.0 -0.28483075 3.8357186e-08 -2060275.0
1345301100000.0 -0.28548175 3.8357186e-08 -2060275.0
1348369300000.0 -0.28613284 3.8357186e-08 -2060275.0
1351437300000.0 -0.28678387 4.1296143e-08 -2207426.5
1354505000000.0 -0.28743488 4.1296143e-08 -2207426.5
1357573100000.0 -0.28808594 4.1296143e-08 -2207426.5
1360641300000.0 -0.28873703 4.1296143e-08 -2207426.5
1363709000000.0 -0.28938803 4.4125247e-08 -2324447.5
1366776600000.0 -0.29003897 4.4125247e-08 -2324447.5
1369845100000.0 -0.29069015 4.4125247e-08 -2324447.5
1372912900000.0 -0.29134116 4.4125247e-08 -2324447.5
1375980600000.0 -0.29199213 4.748926e-08 -2519316.5
1379049000000.0 -0.29264328 4.748926e-08 -2519316.5
1382116800000.0 -0.29329428 4.748926e-08 -2519316.5
1385184500000.0 -0.29394525 4.748926e-08 -2519316.5
1388252900000.0 -0.2945964 5.004529e-08 -2661415.5
1391320600000.0 -0.2952474 5.004529e-08 -2661415.5
1394388400000.0 -0.2958984 5.004529e-08 -2661415.5
1397456900000.0 -0.29654956 5.004529e-08 -2661415.5
1400524600000.0 -0.29720056 5.207602e-08 -2798049.2
1403592400000.0 -0.29785153 5.207602e-08 -2798049.2
1406660400000.0 -0.2985026 5.207602e-08 -2798049.2
1409728500000.0 -0.29915366 5.207602e-08 -2798049.2
1412796300000.0 -0.29980466 5.332489e-08 -2913271.8
1415864300000.0 -0.30045572 5.332489e-08 -2913271.8
1418932400000.0 -0.30110678 5.332489e-08 -2913271.8
1422000100000.0 -0.30175778 5.332489e-08 -2913271.8
1425068300000.0 -0.30240884 5.379269e-08 -2989057.8
1428136300000.0 -0.3030599 5.379269e-08 -2989057.8
1431204000000.0 -0.3037109 5.379269e-08 -2989057.8
1434272100000.0 -0.304362 5.379269e-08 -2989057.8
1437340300000.0 -0.30501306 5.3741488e-08 -3034975.5
1440408000000.0 -0.30566406 5.3741488e-08 -3034975.5
1443476000000.0 -0.30631512 5.3741488e-08 -3034975.5
1446544100000.0 -0.3069662 5.3741488e-08 -3034975.5
1449611900000.0 -0.3076172 5.3173963e-08 -3024921.5
1452679600000.0 -0.30826816 5.3173963e-08 -3024921.5
1455748000000.0 -0.3089193 5.3173963e-08 -3024921.5
1458815800000.0 -0.3095703 5.3173963e-08 -3024921.5
1461883500000.0 -0.3102213 5.2824994e-08 -3013644.8
1464951900000.0 -0.31087244 5.2824994e-08 -3013644.8
1468019600000.0 -0.3115234 5.2824994e-08 -3013644.8
1471087400000.0 -0.31217444 5.2824994e-08 -3013644.8
1474155900000.0 -0.3128256 5.0735466e-08 -2937038.2
1477223600000.0 -0.31347656 5.0735466e-08 -2937038.2
1480291400000.0 -0.3141276 5.0735466e-08 -2937038.2
