morphology_data/1d_wa_a0.05_l2r2_00001.ecsv
# %ECSV 1.0
# ---
# datatype:
# - {name: b, datatype: float32}
# - {name: phase, datatype: float32}
# - {name: sigma, datatype: float32}
# - {name: vr, datatype: float32}
# meta: {lambda: 2, rp: 2.0, sep: 0.05, wind: a}
# schema: astropy-2.0
b phase sigma vr
[from data line 309]
-1406660400000.0 0.2985026 5.0014206e-09 -377267.16
-1403592500000.0 0.29785156 5.0014206e-09 -377267.16
-1400524600000.0 0.29720056 5.0014206e-09 -377267.16
-1397456500000.0 0.29654947 5.003178e-09 -376356.94
-1394388600000.0 0.29589847 5.003178e-09 -376356.94
-1391320600000.0 0.2952474 5.003178e-09 -376356.94
-1388252600000.0 0.29459634 5.003178e-09 -376356.94
-1385184600000.0 0.29394528 5.098816e-09 -402983.06
-1382116800000.0 0.29329428 5.098816e-09 -402983.06
-1379048900000.0 0.29264325 5.098816e-09 -402983.06
-1375980900000.0 0.2919922 5.098816e-09 -402983.06
-1372912900000.0 0.29134116 5.1000484e-09 -390345.9
-1369844900000.0 0.2906901 5.1000484e-09 -390345.9
-1366776900000.0 0.29003903 5.1000484e-09 -390345.9
-1363709000000.0 0.28938803 5.1000484e-09 -390345.9
-1360641000000.0 0.28873697 5.1807234e-09 -413924.12
-1357573100000.0 0.28808594 5.1807234e-09 -413924.12
-1354505100000.0 0.2874349 5.1807234e-09 -413924.12
-1351437100000.0 0.28678384 5.1807234e-09 -413924.12
-1348369300000.0 0.28613284 5.183981e-09 -403361.12
-1345301300000.0 0.28548178 5.183981e-09 -403361.12
-1342233200000.0 0.28483072 5.183981e-09 -403361.12
-1339165200000.0 0.28417966 5.183981e-09 -403361.12
-1336097400000.0 0.28352866 5.2542815e-09 -425134.5
-1333029400000.0 0.2828776 5.2542815e-09 -425134.5
-1329961400000.0 0.28222656 5.2542815e-09 -425134.5
-1326893500000.0 0.28157553 5.2542815e-09 -425134.5
-1323825500000.0 0.28092447 5.2673967e-09 -410118.9
-1320757500000.0 0.28027344 5.2673967e-09 -410118.9
-1317689600000.0 0.2796224 5.2673967e-09 -410118.9
-1314621600000.0 0.27897137 5.2673967e-09 -410118.9
-1311553600000.0 0.2783203 5.36469e-09 -416125.8
-1308485600000.0 0.27766928 5.36469e-09 -416125.8
-1305417700000.0 0.27701825 5.36469e-09 -416125.8
-1302349700000.0 0.2763672 5.36469e-09 -416125.8
-1299281700000.0 0.27571613 5.3702953e-09 -399583.88
-1296213900000.0 0.2750651 5.3702953e-09 -399583.88
-1293145900000.0 0.27441406 5.3702953e-09 -399583.88
-1290077900000.0 0.273763 5.3702953e-09 -399583.88
-1287009900000.0 0.27311197 5.4412554e-09 -409558.0
-1283942000000.0 0.27246094 5.4412554e-09 -409558.0
-1280874000000.0 0.2718099 5.4412554e-09 -409558.0
-1277806000000.0 0.27115884 5.4412554e-09 -409558.0
-1274738100000.0 0.2705078 5.4706084e-09 -397150.25
-1271670200000.0 0.2698568 5.4706084e-09 -397150.25
-1268602200000.0 0.26920575 5.4706084e-09 -397150.25
-1265534200000.0 0.2685547 5.4706084e-09 -397150.25
-1262466200000.0 0.26790366 5.5628075e-09 -406639.47
-1259398200000.0 0.2672526 5.5628075e-09 -406639.47
-1256330200000.0 0.26660156 5.5628075e-09 -406639.47
-1253262400000.0 0.26595053 5.5628075e-09 -406639.47
-1250194500000.0 0.2652995 5.579366e-09 -393026.5
-1247126500000.0 0.26464844 5.579366e-09 -393026.5
-1244058500000.0 0.2639974 5.579366e-09 -393026.5
-1240990500000.0 0.26334634 5.579366e-09 -393026.5
-1237922500000.0 0.26269528 5.6997265e-09 -401562.8
-1234854500000.0 0.26204425 5.6997265e-09 -401562.8
-1231786600000.0 0.26139322 5.6997265e-09 -401562.8
-1228718700000.0 0.2607422 5.6997265e-09 -401562.8
-1225650700000.0 0.26009116 5.681957e-09 -399251.78
-1222582700000.0 0.2594401 5.681957e-09 -399251.78
-1219514900000.0 0.2587891 5.681957e-09 -399251.78
-1216446900000.0 0.25813803 5.681957e-09 -399251.78
-1213378900000.0 0.257487 5.800475e-09 -413464.22
-1210310900000.0 0.2568359 5.800475e-09 -413464.22
-1207243000000.0 0.2561849 5.800475e-09 -413464.22
-1204175000000.0 0.25553384 5.800475e-09 -413464.22
-1201107000000.0 0.2548828 5.7955125e-09 -410532.16
-1198039100000.0 0.25423178 5.7955125e-09 -410532.16
-1194971100000.0 0.25358072 5.7955125e-09 -410532.16
-1191903100000.0 0.2529297 5.7955125e-09 -410532.16
-1188835200000.0 0.25227866 5.904826e-09 -416913.44
-1185767200000.0 0.25162762 5.904826e-09 -416913.44
-1182699200000.0 0.25097656 5.904826e-09 -416913.44
-1179631200000.0 0.2503255 5.904826e-09 -416913.44
-1176563400000.0 0.24967448 5.910844e-09 -410280.94
-1173495300000.0 0.24902344 5.910844e-09 -410280.94
-1170427300000.0 0.24837239 5.910844e-09 -410280.94
-1167359500000.0 0.24772136 5.910844e-09 -410280.94
-1164291500000.0 0.2470703 5.994916e-09 -421850.72
-1161223500000.0 0.24641925 5.994916e-09 -421850.72
-1158155500000.0 0.2457682 5.994916e-09 -421850.72
-1155087600000.0 0.24511719 5.994916e-09 -421850.72
-1152019600000.0 0.24446614 6.0157146e-09 -428858.4
-1148951600000.0 0.2438151 6.0157146e-09 -428858.4
-1145883700000.0 0.24316406 6.0157146e-09 -428858.4
-1142815900000.0 0.24251305 6.0157146e-09 -428858.4
-1139747800000.0 0.241862 6.148362e-09 -426798.03
-1136679800000.0 0.24121095 6.148362e-09 -426798.03
-1133611800000.0 0.2405599 6.148362e-09 -426798.03
-1130543800000.0 0.23990884 6.148362e-09 -426798.03
-1127475800000.0 0.2392578 6.234779e-09 -422953.5
-1124408000000.0 0.23860677 6.234779e-09 -422953.5
-1121340100000.0 0.23795573 6.234779e-09 -422953.5
-1118272100000.0 0.23730469 6.234779e-09 -422953.5
-1115204100000.0 0.23665364 6.328356e-09 -422807.22
-1112136100000.0 0.2360026 6.328356e-09 -422807.22
-1109068100000.0 0.23535155 6.328356e-09 -422807.22
-1106000100000.0 0.23470049 6.328356e-09 -422807.22
-1102932200000.0 0.23404948 6.437462e-09 -423054.84
-1099864300000.0 0.23339845 6.437462e-09 -423054.84
-1096796340000.0 0.23274739 6.437462e-09 -423054.84
-1093728340000.0 0.23209634 6.437462e-09 -423054.84
-1090660400000.0 0.23144531 6.6836083e-09 -415567.03
-1087592400000.0 0.23079427 6.6836083e-09 -415567.03
-1084524400000.0 0.23014322 6.6836083e-09 -415567.03
-1081456500000.0 0.22949219 6.6836083e-09 -415567.03
-1078388600000.0 0.22884116 6.8877446e-09 -411008.06
-1075320600000.0 0.22819011 6.8877446e-09 -411008.06
-1072252600000.0 0.22753906 6.8877446e-09 -411008.06
-1069184650000.0 0.22688803 6.8877446e-09 -411008.06
-1066116700000.0 0.22623697 7.104541e-09 -398202.34
-1063048700000.0 0.22558592 7.104541e-09 -398202.34
-1059980800000.0 0.22493489 7.104541e-09 -398202.34
-1056912830000.0 0.22428386 7.104541e-09 -398202.34
-1053844800000.0 0.22363281 7.3475444e-09 -394565.88
-1050776800000.0 0.22298177 7.3475444e-09 -394565.88
-1047708960000.0 0.22233073 7.3475444e-09 -394565.88
-1044640960000.0 0.22167969 7.3475444e-09 -394565.88
-1041572950000.0 0.22102864 7.778226e-09 -404847.8
-1038505000000.0 0.22037761 7.778226e-09 -404847.8
-1035437150000.0 0.21972658 7.778226e-09 -404847.8
-1032369140000.0 0.21907552 7.778226e-09 -404847.8
-1029301140000.0 0.21842447 8.2311935e-09 -417837.25
-1026233200000.0 0.21777344 8.2311935e-09 -417837.25
-1023165200000.0 0.21712239 8.2311935e-09 -417837.25
-1020097200000.0 0.21647134 8.2311935e-09 -417837.25
-1017029300000.0 0.21582031 8.8198435e-09 -441328.25
-1013961400000.0 0.21516928 8.8198435e-09 -441328.25
-1010893400000.0 0.21451823 8.8198435e-09 -441328.25
-1007825400000.0 0.21386719 8.8198435e-09 -441328.25
-1004757450000.0 0.21321616 9.414155e-09 -481086.12
-1001689500000.0 0.2125651 9.414155e-09 -481086.12
-998621500000.0 0.21191405 9.414155e-09 -481086.12
-995553600000.0 0.21126302 9.414155e-09 -481086.12
-992485640000.0 0.21061198 1.0028291e-08 -513954.0
-989417640000.0 0.20996094 1.0028291e-08 -513954.0
-986349630000.0 0.20930989 1.0028291e-08 -513954.0
-983281760000.0 0.20865886 1.0028291e-08 -513954.0
-980213760000.0 0.20800781 1.0653996e-08 -534862.0
-977145760000.0 0.20735677 1.0653996e-08 -534862.0
-974077800000.0 0.20670573 1.0653996e-08 -534862.0
-971009950000.0 0.2060547 1.0653996e-08 -534862.0
-967941950000.0 0.20540364 1.1059009e-08 -540250.25
-964873950000.0 0.2047526 1.1059009e-08 -540250.25
-961806000000.0 0.20410156 1.1059009e-08 -540250.25
-958738140000.0 0.20345053 1.1059009e-08 -540250.25
-955670000000.0 0.20279947 1.1361901e-08 -543102.06
-952602100000.0 0.20214844 1.1361901e-08 -543102.06
-949534200000.0 0.2014974 1.1361901e-08 -543102.06
-946466200000.0 0.20084636 1.1361901e-08 -543102.06
-943398200000.0 0.20019531 1.1695825e-08 -550323.44
-940330250000.0 0.19954428 1.1695825e-08 -550323.44
-937262400000.0 0.19889325 1.1695825e-08 -550323.44
-934194300000.0 0.19824217 1.1695825e-08 -550323.44
-931126400000.0 0.19759114 1.1932164e-08 -544994.6
-928058440000.0 0.19694011 1.1932164e-08 -544994.6
-924990440000.0 0.19628906 1.1932164e-08 -544994.6
-921922440000.0 0.19563802 1.1932164e-08 -544994.6
-918854570000.0 0.19498698 1.2068129e-08 -533205.25
-915786600000.0 0.19433595 1.2068129e-08 -533205.25
-912718560000.0 0.19368488 1.2068129e-08 -533205.25
-909650600000.0 0.19303386 1.2068129e-08 -533205.25
-906582750000.0 0.19238283 1.2171304e-08 -532625.2
-903514750000.0 0.19173177 1.2171304e-08 -532625.2
-900446750000.0 0.19108072 1.2171304e-08 -532625.2
-897378800000.0 0.19042969 1.2171304e-08 -532625.2
-894310900000.0 0.18977866 1.2351543e-08 -527538.3
-891242800000.0 0.1891276 1.2351543e-08 -527538.3
-888174940000.0 0.18847656 1.2351543e-08 -527538.3
-885107000000.0 0.18782553 1.2351543e-08 -527538.3
-882039000000.0 0.18717448 1.25356205e-08 -513340.16
-878971000000.0 0.18652342 1.25356205e-08 -513340.16
-875903060000.0 0.1858724 1.25356205e-08 -513340.16
-872835200000.0 0.18522137 1.25356205e-08 -513340.16
-869767050000.0 0.1845703 1.2491044e-08 -497840.72
-866699200000.0 0.18391927 1.2491044e-08 -497840.72
-863631250000.0 0.18326823 1.2491044e-08 -497840.72
-860563240000.0 0.18261719 1.2491044e-08 -497840.72
-857495400000.0 0.18196616 1.25382735e-08 -496842.5
-854427400000.0 0.18131511 1.25382735e-08 -496842.5
-851359400000.0 0.18066408 1.25382735e-08 -496842.5
-848291360000.0 0.180013 1.25382735e-08 -496842.5
-845223400000.0 0.17936198 1.2520572e-08 -466642.22
-842155560000.0 0.17871095 1.2520572e-08 -466642.22
-839087400000.0 0.17805988 1.2520572e-08 -466642.22
-836019700000.0 0.17740889 1.2520572e-08 -466642.22
-832951600000.0 0.17675781 1.2505305e-08 -432737.88
-829883550000.0 0.17610675 1.2505305e-08 -432737.88
-826815800000.0 0.17545575 1.2505305e-08 -432737.88
-823747740000.0 0.17480469 1.2505305e-08 -432737.88
-820679600000.0 0.17415361 1.2498297e-08 -399254.88
-817611870000.0 0.17350262 1.2498297e-08 -399254.88
-814543800000.0 0.17285155 1.2498297e-08 -399254.88
-811475860000.0 0.17220053 1.2498297e-08 -399254.88
-808408000000.0 0.1715495 1.2471653e-08 -354993.88
-805339860000.0 0.17089842 1.2471653e-08 -354993.88
-802272000000.0 0.17024739 1.2471653e-08 -354993.88
-799204050000.0 0.16959636 1.2471653e-08 -354993.88
-796136000000.0 0.1689453 1.256566e-08 -291732.12
-793068240000.0 0.1682943 1.256566e-08 -291732.12
-790000200000.0 0.16764323 1.256566e-08 -291732.12
-786932040000.0 0.16699216 1.256566e-08 -291732.12
-783864370000.0 0.16634117 1.24955974e-08 -252294.72
-780796200000.0 0.1656901 1.24955974e-08 -252294.72
-777728160000.0 0.16503903 1.24955974e-08 -252294.72
-774660400000.0 0.16438805 1.24955974e-08 -252294.72
-771592360000.0 0.16373697 1.24875e-08 -189800.48
-768524400000.0 0.16308594 1.24875e-08 -189800.48
-765456500000.0 0.1624349 1.24875e-08 -189800.48
-762388400000.0 0.16178384 1.24875e-08 -189800.48
-759320540000.0 0.16113281 1.25683375e-08 -113638.18
-756252600000.0 0.16048178 1.25683375e-08 -113638.18
-753184540000.0 0.1598307 1.25683375e-08 -113638.18
-750116800000.0 0.15917972 1.25683375e-08 -113638.18
-747048670000.0 0.15852864 1.2427218e-08 -90940.23
-743980600000.0 0.15787758 1.2427218e-08 -90940.23
-740912860000.0 0.15722659 1.2427218e-08 -90940.23
-737844800000.0 0.15657552 1.2427218e-08 -90940.23
-734776700000.0 0.15592445 1.24311e-08 -54837.68
-731709000000.0 0.15527347 1.24311e-08 -54837.68
-728640850000.0 0.15462239 1.24311e-08 -54837.68
-725573000000.0 0.15397136 1.24311e-08 -54837.68
-722505040000.0 0.15332033 1.2350676e-08 -8179.336
-719437000000.0 0.15266925 1.2350676e-08 -8179.336
-716369040000.0 0.15201822 1.2350676e-08 -8179.336
-713301160000.0 0.1513672 1.2350676e-08 -8179.336
-710233000000.0 0.15071613 1.2183578e-08 -8367.584
-707165300000.0 0.15006512 1.2183578e-08 -8367.584
-704097200000.0 0.14941406 1.2183578e-08 -8367.584
-701029150000.0 0.148763 1.2183578e-08 -8367.584
-697961400000.0 0.148112 1.2143973e-08 19608.807
-694893300000.0 0.14746092 1.2143973e-08 19608.807
-691825200000.0 0.14680986 1.2143973e-08 19608.807
-688757500000.0 0.14615887 1.2143973e-08 19608.807
-685689400000.0 0.1455078 1.2229612e-08 76297.484
-682621500000.0 0.14485677 1.2229612e-08 76297.484
-679553600000.0 0.14420575 1.2229612e-08 76297.484
-676485460000.0 0.14355466 1.2229612e-08 76297.484
-673417600000.0 0.14290364 1.2243678e-08 106690.336
-670349660000.0 0.14225261 1.2243678e-08 106690.336
-667281600000.0 0.14160155 1.2243678e-08 106690.336
-664213850000.0 0.14095055 1.2243678e-08 106690.336
-661145800000.0 0.14029948 1.2404081e-08 139904.44
-658077650000.0 0.13964841 1.2404081e-08 139904.44
-655009900000.0 0.1389974 1.2404081e-08 139904.44
-651941840000.0 0.13834634 1.2404081e-08 139904.44
-648873800000.0 0.13769528 1.2662685e-08 193358.28
-645806000000.0 0.1370443 1.2662685e-08 193358.28
-642737960000.0 0.13639323 1.2662685e-08 193358.28
-639670000000.0 0.13574219 1.2662685e-08 193358.28
-636602100000.0 0.13509116 1.2735349e-08 220920.67
-633534000000.0 0.1344401 1.2735349e-08 220920.67
-630466100000.0 0.13378905 1.2735349e-08 220920.67
-627398200000.0 0.13313803 1.2735349e-08 220920.67
-624330150000.0 0.13248697 1.3045764e-08 239873.55
-621262400000.0 0.13183598 1.3045764e-08 239873.55
-618194300000.0 0.13118489 1.3045764e-08 239873.55
-615126200000.0 0.13053383 1.3045764e-08 239873.55
-612058460000.0 0.12988284 1.3198363e-08 286674.34
-608990400000.0 0.12923177 1.3198363e-08 286674.34
-605922260000.0 0.12858069 1.3198363e-08 286674.34
-602854600000.0 0.12792972 1.3198363e-08 286674.34
-599786460000.0 0.12727864 1.3358537e-08 311262.97
-596718600000.0 0.12662761 1.3358537e-08 311262.97
-593650650000.0 0.12597658 1.3358537e-08 311262.97
-590582600000.0 0.1253255 1.3358537e-08 311262.97
-587514640000.0 0.12467448 1.3591617e-08 357253.6
-584446800000.0 0.12402345 1.3591617e-08 357253.6
-581378640000.0 0.123372376 1.3591617e-08 357253.6
-578310900000.0 0.12272138 1.3591617e-08 357253.6
-575242800000.0 0.12207031 1.3886808e-08 406798.97
-572174760000.0 0.12141925 1.3886808e-08 406798.97
-569107000000.0 0.12076825 1.3886808e-08 406798.97
-566038900000.0 0.12011717 1.3886808e-08 406798.97
-562970800000.0 0.11946611 1.3908627e-08 414508.72
-559903100000.0 0.118815124 1.3908627e-08 414508.72
-556835000000.0 0.118164055 1.3908627e-08 414508.72
-553767100000.0 0.11751302 1.3908627e-08 414508.72
-550699200000.0 0.11686199 1.40961065e-08 448152.62
-547631100000.0 0.11621092 1.40961065e-08 448152.62
-544563200000.0 0.11555989 1.40961065e-08 448152.62
-541495260000.0 0.11490886 1.40961065e-08 448152.62
-538427200000.0 0.11425779 1.4135866e-08 462905.5
-535359460000.0 0.113606796 1.4135866e-08 462905.5
-532291350000.0 0.11295573 1.4135866e-08 462905.5
-529223300000.0 0.11230466 1.4135866e-08 462905.5
-526155550000.0 0.11165367 1.4290738e-08 485866.6
-523087450000.0 0.1110026 1.4290738e-08 485866.6
-520019350000.0 0.11035153 1.4290738e-08 485866.6
-516951640000.0 0.10970054 1.4290738e-08 485866.6
-513883540000.0 0.10904947 1.44525325e-08 503771.4
-510815630000.0 0.10839844 1.44525325e-08 503771.4
-507747730000.0 0.107747406 1.44525325e-08 503771.4
-504679630000.0 0.10709634 1.44525325e-08 503771.4
-501611720000.0 0.106445305 1.4605031e-08 506663.53
-498543820000.0 0.10579427 1.4605031e-08 506663.53
-495475720000.0 0.10514321 1.4605031e-08 506663.53
-492407980000.0 0.10449222 1.4605031e-08 506663.53
-489339900000.0 0.10384115 1.48446e-08 520636.7
-486271800000.0 0.10319008 1.48446e-08 520636.7
-483204070000.0 0.102539085 1.48446e-08 520636.7
-480135970000.0 0.101888016 1.48446e-08 520636.7
-477067900000.0 0.10123695 1.5157013e-08 528318.5
-474000160000.0 0.10058595 1.5157013e-08 528318.5
-470932060000.0 0.09993488 1.5157013e-08 528318.5
-467864160000.0 0.09928385 1.5157013e-08 528318.5
-464796250000.0 0.09863283 1.541328e-08 557068.94
-461728150000.0 0.09798176 1.541328e-08 557068.94
-458660250000.0 0.09733073 1.541328e-08 557068.94
