morphology_data/1d_wa_a0.1_l4r0.5_00001.ecsv
# %ECSV 1.0
# ---
# datatype:
# - {name: b, datatype: float32}
# - {name: phase, datatype: float32}
# - {name: sigma, datatype: float32}
# - {name: vr, datatype: float32}
# meta: {lambda: 4, rp: 0.5, sep: 0.1, wind: a}
# schema: astropy-2.0
b phase sigma vr
-4709321000000.0 0.49967447 1.1594724e-10 -15013046.0
-4703185300000.0 0.49902344 1.1594724e-10 -15013046.0
-4697049500000.0 0.4983724 1.1594724e-10 -15013046.0
-4690913300000.0 0.49772134 1.1594724e-10 -15013046.0
-4684777500000.0 0.4970703 1.2059898e-10 -15173903.0
-4678642000000.0 0.49641928 1.2059898e-10 -15173903.0
-4672506000000.0 0.49576828 1.2059898e-10 -15173903.0
-4666370000000.0 0.4951172 1.2059898e-10 -15173903.0
-4660234000000.0 0.4944662 1.2644677e-10 -15346415.0
-4654098000000.0 0.49381506 1.2644677e-10 -15346415.0
-4647962000000.0 0.4931641 1.2644677e-10 -15346415.0
-4641826000000.0 0.49251297 1.2644677e-10 -15346415.0
-4635690000000.0 0.49186197 1.3359094e-10 -15452539.0
-4629554300000.0 0.49121094 1.3359094e-10 -15452539.0
-4623418000000.0 0.49055988 1.3359094e-10 -15452539.0
-4617282000000.0 0.48990884 1.3359094e-10 -15452539.0
-4611146500000.0 0.4892578 1.4134223e-10 -15451893.0
-4605010000000.0 0.48860675 1.4134223e-10 -15451893.0
-4598874500000.0 0.48795572 1.4134223e-10 -15451893.0
-4592739000000.0 0.4873047 1.4134223e-10 -15451893.0
-4586603000000.0 0.48665366 1.4835305e-10 -15318681.0
-4580467000000.0 0.4860026 1.4835305e-10 -15318681.0
-4574331000000.0 0.48535156 1.4835305e-10 -15318681.0
-4568195300000.0 0.48470056 1.4835305e-10 -15318681.0
-4562059000000.0 0.48404947 1.5390038e-10 -15111128.0
-4555923000000.0 0.48339847 1.5390038e-10 -15111128.0
-4549787000000.0 0.48274735 1.5390038e-10 -15111128.0
-4543651000000.0 0.48209637 1.5390038e-10 -15111128.0
-4537515000000.0 0.48144525 1.5750223e-10 -14890578.0
-4531379000000.0 0.48079422 1.5750223e-10 -14890578.0
-4525243500000.0 0.48014325 1.5750223e-10 -14890578.0
-4519107000000.0 0.47949213 1.5750223e-10 -14890578.0
-4512971500000.0 0.47884113 1.5759401e-10 -14685128.0
-4506836000000.0 0.4781901 1.5759401e-10 -14685128.0
-4500700000000.0 0.47753906 1.5759401e-10 -14685128.0
-4494563700000.0 0.476888 1.5759401e-10 -14685128.0
-4488428000000.0 0.47623697 1.5552544e-10 -14515091.0
-4482292000000.0 0.47558594 1.5552544e-10 -14515091.0
-4476156500000.0 0.47493497 1.5552544e-10 -14515091.0
-4470020000000.0 0.47428384 1.5552544e-10 -14515091.0
-4463884500000.0 0.47363284 1.5205205e-10 -14353780.0
-4457748000000.0 0.47298175 1.5205205e-10 -14353780.0
-4451612500000.0 0.47233072 1.5205205e-10 -14353780.0
-4445477000000.0 0.47167972 1.5205205e-10 -14353780.0
-4439340500000.0 0.47102863 1.5030552e-10 -14235895.0
-4433205000000.0 0.47037762 1.5030552e-10 -14235895.0
-4427068500000.0 0.4697265 1.5030552e-10 -14235895.0
-4420932700000.0 0.46907553 1.5030552e-10 -14235895.0
-4414797000000.0 0.4684245 1.4863301e-10 -14115293.0
-4408660700000.0 0.46777344 1.4863301e-10 -14115293.0
-4402525000000.0 0.4671224 1.4863301e-10 -14115293.0
-4396389200000.0 0.46647137 1.4863301e-10 -14115293.0
-4390253500000.0 0.46582034 1.4800187e-10 -13989697.0
-4384117200000.0 0.46516925 1.4800187e-10 -13989697.0
-4377981500000.0 0.46451822 1.4800187e-10 -13989697.0
-4371845500000.0 0.4638672 1.4800187e-10 -13989697.0
-4365709500000.0 0.46321613 1.4710026e-10 -13842336.0
-4359573500000.0 0.4625651 1.4710026e-10 -13842336.0
-4353437700000.0 0.46191406 1.4710026e-10 -13842336.0
-4347301500000.0 0.461263 1.4710026e-10 -13842336.0
-4341165700000.0 0.46061197 1.46406e-10 -13685112.0
-4335030000000.0 0.45996094 1.46406e-10 -13685112.0
-4328894000000.0 0.4593099 1.46406e-10 -13685112.0
-4322758000000.0 0.45865884 1.46406e-10 -13685112.0
-4316622200000.0 0.4580078 1.4530842e-10 -13526936.0
-4310486200000.0 0.45735678 1.4530842e-10 -13526936.0
-4304350500000.0 0.45670575 1.4530842e-10 -13526936.0
-4298214200000.0 0.4560547 1.4530842e-10 -13526936.0
-4292078500000.0 0.45540366 1.4423845e-10 -13399940.0
-4285942700000.0 0.45475262 1.4423845e-10 -13399940.0
-4279806500000.0 0.45410153 1.4423845e-10 -13399940.0
-4273670700000.0 0.45345053 1.4423845e-10 -13399940.0
-4267534700000.0 0.4527995 1.425749e-10 -13306494.0
-4261398700000.0 0.4521484 1.425749e-10 -13306494.0
-4255262700000.0 0.45149738 1.425749e-10 -13306494.0
-4249127000000.0 0.45084634 1.425749e-10 -13306494.0
-4242991200000.0 0.4501953 1.4098293e-10 -13252533.0
-4236855000000.0 0.44954425 1.4098293e-10 -13252533.0
-4230719200000.0 0.44889322 1.4098293e-10 -13252533.0
-4224583500000.0 0.4482422 1.4098293e-10 -13252533.0
-4218447500000.0 0.44759116 1.3907844e-10 -13226783.0
-4212311500000.0 0.4469401 1.3907844e-10 -13226783.0
-4206175500000.0 0.44628906 1.3907844e-10 -13226783.0
-4200039700000.0 0.44563803 1.3907844e-10 -13226783.0
-4193903400000.0 0.44498697 1.3709599e-10 -13223616.0
-4187767700000.0 0.44433594 1.3709599e-10 -13223616.0
-4181632000000.0 0.4436849 1.3709599e-10 -13223616.0
-4175495700000.0 0.44303384 1.3709599e-10 -13223616.0
-4169360000000.0 0.4423828 1.3530661e-10 -13248876.0
-4163224000000.0 0.44173178 1.3530661e-10 -13248876.0
-4157088200000.0 0.44108075 1.3530661e-10 -13248876.0
-4150952000000.0 0.44042966 1.3530661e-10 -13248876.0
-4144816200000.0 0.43977866 1.3286518e-10 -13281520.0
-4138680500000.0 0.43912762 1.3286518e-10 -13281520.0
-4132544700000.0 0.4384766 1.3286518e-10 -13281520.0
-4126408400000.0 0.4378255 1.3286518e-10 -13281520.0
-4120272700000.0 0.43717447 1.3057933e-10 -13327698.0
-4114136700000.0 0.43652344 1.3057933e-10 -13327698.0
-4108000700000.0 0.43587238 1.3057933e-10 -13327698.0
-4101864700000.0 0.43522134 1.3057933e-10 -13327698.0
-4095729000000.0 0.4345703 1.2746049e-10 -13373254.0
-4089592700000.0 0.43391925 1.2746049e-10 -13373254.0
-4083457000000.0 0.43326822 1.2746049e-10 -13373254.0
-4077321200000.0 0.4326172 1.2746049e-10 -13373254.0
-4071185200000.0 0.43196616 1.2439465e-10 -13431991.0
-4065049200000.0 0.4313151 1.2439465e-10 -13431991.0
-4058913200000.0 0.43066406 1.2439465e-10 -13431991.0
-4052777400000.0 0.43001303 1.2439465e-10 -13431991.0
-4046641700000.0 0.429362 1.2049045e-10 -13463281.0
-4040505400000.0 0.42871094 1.2049045e-10 -13463281.0
-4034369700000.0 0.4280599 1.2049045e-10 -13463281.0
-4028234000000.0 0.42740887 1.2049045e-10 -13463281.0
-4022097700000.0 0.42675778 1.1603296e-10 -13499381.0
-4015962000000.0 0.42610675 1.1603296e-10 -13499381.0
-4009826000000.0 0.42545575 1.1603296e-10 -13499381.0
-4003690000000.0 0.42480466 1.1603296e-10 -13499381.0
-3997554000000.0 0.42415363 1.1138718e-10 -13514653.0
-3991418200000.0 0.4235026 1.1138718e-10 -13514653.0
-3985282400000.0 0.42285156 1.1138718e-10 -13514653.0
-3979146400000.0 0.42220053 1.1138718e-10 -13514653.0
-3973010400000.0 0.42154947 1.07051056e-10 -13572116.0
-3966874700000.0 0.42089844 1.07051056e-10 -13572116.0
-3960738700000.0 0.4202474 1.07051056e-10 -13572116.0
-3954602700000.0 0.41959634 1.07051056e-10 -13572116.0
-3948466700000.0 0.4189453 1.0422121e-10 -13610770.0
-3942331000000.0 0.41829428 1.0422121e-10 -13610770.0
-3936194700000.0 0.41764322 1.0422121e-10 -13610770.0
-3930059000000.0 0.4169922 1.0422121e-10 -13610770.0
-3923923200000.0 0.41634116 1.01748124e-10 -13649132.0
-3917787000000.0 0.4156901 1.01748124e-10 -13649132.0
-3911651400000.0 0.4150391 1.01748124e-10 -13649132.0
-3905515200000.0 0.41438803 1.01748124e-10 -13649132.0
-3899379200000.0 0.41373694 1.0109726e-10 -13647201.0
-3893243700000.0 0.41308597 1.0109726e-10 -13647201.0
-3887107400000.0 0.41243488 1.0109726e-10 -13647201.0
-3880971700000.0 0.41178387 1.0109726e-10 -13647201.0
-3874836000000.0 0.41113284 1.0199524e-10 -13551143.0
-3868699700000.0 0.41048175 1.0199524e-10 -13551143.0
-3862564000000.0 0.40983072 1.0199524e-10 -13551143.0
-3856428000000.0 0.4091797 1.0199524e-10 -13551143.0
-3850292000000.0 0.40852863 1.05693024e-10 -13412447.0
-3844156000000.0 0.4078776 1.05693024e-10 -13412447.0
-3838020200000.0 0.40722656 1.05693024e-10 -13412447.0
-3831884000000.0 0.4065755 1.05693024e-10 -13412447.0
-3825748400000.0 0.4059245 1.1532402e-10 -13016000.0
-3819612400000.0 0.40527344 1.1532402e-10 -13016000.0
-3813476100000.0 0.40462238 1.1532402e-10 -13016000.0
-3807340700000.0 0.40397137 1.1532402e-10 -13016000.0
-3801204400000.0 0.4033203 1.2634012e-10 -12536158.0
-3795068600000.0 0.40266928 1.2634012e-10 -12536158.0
-3788933000000.0 0.40201825 1.2634012e-10 -12536158.0
-3782796600000.0 0.4013672 1.2634012e-10 -12536158.0
-3776661000000.0 0.40071616 1.4392121e-10 -11839593.0
-3770525200000.0 0.40006512 1.4392121e-10 -11839593.0
-3764389000000.0 0.39941403 1.4392121e-10 -11839593.0
-3758253100000.0 0.398763 1.4392121e-10 -11839593.0
-3752117100000.0 0.39811197 1.4771398e-10 -11624872.0
-3745981100000.0 0.3974609 1.4771398e-10 -11624872.0
-3739845700000.0 0.39680994 1.4771398e-10 -11624872.0
-3733709400000.0 0.39615884 1.4771398e-10 -11624872.0
-3727573600000.0 0.3955078 1.529319e-10 -11514802.0
-3721437600000.0 0.39485678 1.529319e-10 -11514802.0
-3715301600000.0 0.39420572 1.529319e-10 -11514802.0
-3709165600000.0 0.3935547 1.529319e-10 -11514802.0
-3703030000000.0 0.39290366 1.5156153e-10 -11511027.0
-3696894000000.0 0.3922526 1.5156153e-10 -11511027.0
-3690758000000.0 0.39160156 1.5156153e-10 -11511027.0
-3684622100000.0 0.39095053 1.5156153e-10 -11511027.0
-3678486000000.0 0.39029947 1.5211116e-10 -11668810.0
-3672350000000.0 0.38964844 1.5211116e-10 -11668810.0
-3666214400000.0 0.3889974 1.5211116e-10 -11668810.0
-3660078000000.0 0.38834634 1.5211116e-10 -11668810.0
-3653942600000.0 0.38769534 1.4448744e-10 -11826692.0
-3647806400000.0 0.38704428 1.4448744e-10 -11826692.0
-3641670600000.0 0.38639325 1.4448744e-10 -11826692.0
-3635535000000.0 0.38574222 1.4448744e-10 -11826692.0
-3629398600000.0 0.38509113 1.457408e-10 -12052281.0
-3623263000000.0 0.3844401 1.457408e-10 -12052281.0
-3617127000000.0 0.3837891 1.457408e-10 -12052281.0
-3610991000000.0 0.383138 1.457408e-10 -12052281.0
-3604855000000.0 0.38248697 1.3858971e-10 -12165751.0
-3598719000000.0 0.38183594 1.3858971e-10 -12165751.0
-3592583000000.0 0.38118488 1.3858971e-10 -12165751.0
-3586447000000.0 0.38053384 1.3858971e-10 -12165751.0
-3580311400000.0 0.3798828 1.508195e-10 -12054456.0
-3574175000000.0 0.37923175 1.508195e-10 -12054456.0
-3568039600000.0 0.37858075 1.508195e-10 -12054456.0
-3561903600000.0 0.3779297 1.508195e-10 -12054456.0
-3555767600000.0 0.37727866 1.4871532e-10 -12007316.0
-3549632000000.0 0.37662762 1.4871532e-10 -12007316.0
-3543495600000.0 0.37597656 1.4871532e-10 -12007316.0
-3537359900000.0 0.37532553 1.4871532e-10 -12007316.0
-3531224000000.0 0.3746745 1.692237e-10 -11717455.0
-3525087900000.0 0.37402344 1.692237e-10 -11717455.0
-3518952000000.0 0.3733724 1.692237e-10 -11717455.0
-3512816400000.0 0.37272137 1.692237e-10 -11717455.0
-3506680000000.0 0.37207028 1.6899218e-10 -11562402.0
-3500544400000.0 0.37141925 1.6899218e-10 -11562402.0
-3494408400000.0 0.37076822 1.6899218e-10 -11562402.0
-3488272400000.0 0.37011716 1.6899218e-10 -11562402.0
-3482137000000.0 0.3694662 1.9222929e-10 -11224504.0
-3476000600000.0 0.3688151 1.9222929e-10 -11224504.0
-3469864900000.0 0.36816406 1.9222929e-10 -11224504.0
-3463728900000.0 0.36751303 1.9222929e-10 -11224504.0
-3457592900000.0 0.36686197 1.9315644e-10 -10978024.0
-3451456800000.0 0.36621094 1.9315644e-10 -10978024.0
-3445321000000.0 0.3655599 1.9315644e-10 -10978024.0
-3439184800000.0 0.36490884 1.9315644e-10 -10978024.0
-3433049000000.0 0.3642578 2.1727552e-10 -10427262.0
-3426913400000.0 0.36360678 2.1727552e-10 -10427262.0
-3420777000000.0 0.36295572 2.1727552e-10 -10427262.0
-3414641300000.0 0.3623047 2.1727552e-10 -10427262.0
-3408505600000.0 0.36165366 2.1365457e-10 -10184635.0
-3402369300000.0 0.3610026 2.1365457e-10 -10184635.0
-3396233900000.0 0.3603516 2.1365457e-10 -10184635.0
-3390097600000.0 0.35970053 2.1365457e-10 -10184635.0
-3383961800000.0 0.3590495 2.3223372e-10 -9573994.0
-3377826000000.0 0.35839847 2.3223372e-10 -9573994.0
-3371689800000.0 0.35774738 2.3223372e-10 -9573994.0
-3365554000000.0 0.35709634 2.3223372e-10 -9573994.0
-3359418000000.0 0.3564453 2.3112402e-10 -9510242.0
-3353282000000.0 0.35579425 2.3112402e-10 -9510242.0
-3347146300000.0 0.35514322 2.3112402e-10 -9510242.0
-3341010300000.0 0.3544922 2.3112402e-10 -9510242.0
-3334874300000.0 0.35384113 2.5536415e-10 -8863251.0
-3328738300000.0 0.3531901 2.5536415e-10 -8863251.0
-3322602600000.0 0.35253906 2.5536415e-10 -8863251.0
-3316466300000.0 0.351888 2.5536415e-10 -8863251.0
-3310330800000.0 0.351237 2.6492647e-10 -8877337.0
-3304194800000.0 0.35058594 2.6492647e-10 -8877337.0
-3298058800000.0 0.3499349 2.6492647e-10 -8877337.0
-3291923000000.0 0.34928387 2.6492647e-10 -8877337.0
-3285786800000.0 0.3486328 2.9960875e-10 -8041961.0
-3279651000000.0 0.34798178 2.9960875e-10 -8041961.0
-3273515300000.0 0.34733075 2.9960875e-10 -8041961.0
-3267379000000.0 0.3466797 2.9960875e-10 -8041961.0
-3261243300000.0 0.34602866 3.1369463e-10 -7953014.5
-3255107600000.0 0.34537762 3.1369463e-10 -7953014.5
-3248971300000.0 0.34472653 3.1369463e-10 -7953014.5
-3242835600000.0 0.3440755 3.1369463e-10 -7953014.5
-3236699600000.0 0.34342447 3.611977e-10 -7028701.5
-3230563600000.0 0.3427734 3.611977e-10 -7028701.5
-3224428000000.0 0.3421224 3.611977e-10 -7028701.5
-3218291800000.0 0.34147134 3.611977e-10 -7028701.5
-3212156000000.0 0.3408203 3.7332246e-10 -7065539.0
-3206020000000.0 0.34016928 3.7332246e-10 -7065539.0
-3199884000000.0 0.33951822 3.7332246e-10 -7065539.0
-3193748000000.0 0.3388672 3.7332246e-10 -7065539.0
-3187612300000.0 0.33821616 4.2438358e-10 -6504206.5
-3181476000000.0 0.3375651 4.2438358e-10 -6504206.5
-3175340300000.0 0.33691406 4.2438358e-10 -6504206.5
-3169204600000.0 0.33626303 4.2438358e-10 -6504206.5
-3163068300000.0 0.33561197 4.451591e-10 -6550423.5
-3156932600000.0 0.33496094 4.451591e-10 -6550423.5
-3150796800000.0 0.3343099 4.451591e-10 -6550423.5
-3144660800000.0 0.33365887 4.451591e-10 -6550423.5
-3138524800000.0 0.3330078 4.8432774e-10 -6241668.0
-3132388800000.0 0.33235678 4.8432774e-10 -6241668.0
-3126253000000.0 0.33170575 4.8432774e-10 -6241668.0
-3120117300000.0 0.33105472 4.8432774e-10 -6241668.0
-3113981000000.0 0.33040363 5.207091e-10 -5937800.5
-3107845300000.0 0.3297526 5.207091e-10 -5937800.5
-3101709300000.0 0.32910156 5.207091e-10 -5937800.5
-3095573300000.0 0.3284505 5.207091e-10 -5937800.5
-3089437300000.0 0.32779947 5.2051097e-10 -5882183.0
-3083301600000.0 0.32714844 5.2051097e-10 -5882183.0
-3077165500000.0 0.32649738 5.2051097e-10 -5882183.0
-3071029500000.0 0.32584634 5.2051097e-10 -5882183.0
-3064893800000.0 0.3251953 5.352957e-10 -5685529.5
-3058758000000.0 0.32454428 5.352957e-10 -5685529.5
-3052621800000.0 0.32389322 5.352957e-10 -5685529.5
-3046486000000.0 0.3232422 5.352957e-10 -5685529.5
-3040350000000.0 0.32259116 4.9223087e-10 -5953380.5
-3034214300000.0 0.32194012 4.9223087e-10 -5953380.5
-3028078000000.0 0.32128906 4.9223087e-10 -5953380.5
-3021942300000.0 0.32063803 4.9223087e-10 -5953380.5
-3015806600000.0 0.319987 4.6845744e-10 -5933526.0
-3009670300000.0 0.31933594 4.6845744e-10 -5933526.0
-3003534500000.0 0.3186849 4.6845744e-10 -5933526.0
-2997398800000.0 0.31803387 4.6845744e-10 -5933526.0
-2991262800000.0 0.31738284 4.1565162e-10 -6103401.0
-2985126800000.0 0.31673178 4.1565162e-10 -6103401.0
-2978990800000.0 0.31608072 4.1565162e-10 -6103401.0
-2972855000000.0 0.3154297 4.1565162e-10 -6103401.0
-2966718800000.0 0.31477863 4.04836e-10 -5899198.5
-2960583000000.0 0.3141276 4.04836e-10 -5899198.5
-2954447300000.0 0.31347656 4.04836e-10 -5899198.5
-2948311300000.0 0.31282553 4.04836e-10 -5899198.5
-2942175300000.0 0.31217447 4.4784373e-10 -5425147.0
-2936039300000.0 0.3115234 4.4784373e-10 -5425147.0
-2929903500000.0 0.3108724 4.4784373e-10 -5425147.0
-2923767300000.0 0.3102213 4.4784373e-10 -5425147.0
-2917631500000.0 0.3095703 4.689792e-10 -5366938.5
-2911495800000.0 0.30891928 4.689792e-10 -5366938.5
-2905359800000.0 0.30826822 4.689792e-10 -5366938.5
-2899223800000.0 0.3076172 4.689792e-10 -5366938.5
-2893088000000.0 0.30696616 5.0255045e-10 -5366554.5
-2886952000000.0 0.30631512 5.0255045e-10 -5366554.5
-2880816000000.0 0.30566406 5.0255045e-10 -5366554.5
-2874680000000.0 0.30501303 5.0255045e-10 -5366554.5
