morphology_data/1d_wa_a0.05_l2r1_00001.ecsv
# %ECSV 1.0
# ---
# datatype:
# - {name: b, datatype: float32}
# - {name: phase, datatype: float32}
# - {name: sigma, datatype: float32}
# - {name: vr, datatype: float32}
# meta: {lambda: 2, rp: 1.0, sep: 0.05, wind: a}
# schema: astropy-2.0
b phase sigma vr
[from data line 308]
-1409728400000.0 0.29915366 3.943686e-09 -880281.94
-1406660400000.0 0.2985026 3.943686e-09 -880281.94
-1403592500000.0 0.29785156 3.943686e-09 -880281.94
-1400524600000.0 0.29720056 3.943686e-09 -880281.94
-1397456500000.0 0.29654947 3.881123e-09 -908107.44
-1394388600000.0 0.29589847 3.881123e-09 -908107.44
-1391320600000.0 0.2952474 3.881123e-09 -908107.44
-1388252600000.0 0.29459634 3.881123e-09 -908107.44
-1385184600000.0 0.29394528 3.8139167e-09 -923986.7
-1382116800000.0 0.29329428 3.8139167e-09 -923986.7
-1379048900000.0 0.29264325 3.8139167e-09 -923986.7
-1375980900000.0 0.2919922 3.8139167e-09 -923986.7
-1372912900000.0 0.29134116 3.686898e-09 -994596.8
-1369844900000.0 0.2906901 3.686898e-09 -994596.8
-1366776900000.0 0.29003903 3.686898e-09 -994596.8
-1363709000000.0 0.28938803 3.686898e-09 -994596.8
-1360641000000.0 0.28873697 3.6084358e-09 -1046744.3
-1357573100000.0 0.28808594 3.6084358e-09 -1046744.3
-1354505100000.0 0.2874349 3.6084358e-09 -1046744.3
-1351437100000.0 0.28678384 3.6084358e-09 -1046744.3
-1348369300000.0 0.28613284 3.3697067e-09 -1315589.6
-1345301300000.0 0.28548178 3.3697067e-09 -1315589.6
-1342233200000.0 0.28483072 3.3697067e-09 -1315589.6
-1339165200000.0 0.28417966 3.3697067e-09 -1315589.6
-1336097400000.0 0.28352866 3.3154972e-09 -1423013.9
-1333029400000.0 0.2828776 3.3154972e-09 -1423013.9
-1329961400000.0 0.28222656 3.3154972e-09 -1423013.9
-1326893500000.0 0.28157553 3.3154972e-09 -1423013.9
-1323825500000.0 0.28092447 2.994073e-09 -1764066.4
-1320757500000.0 0.28027344 2.994073e-09 -1764066.4
-1317689600000.0 0.2796224 2.994073e-09 -1764066.4
-1314621600000.0 0.27897137 2.994073e-09 -1764066.4
-1311553600000.0 0.2783203 2.9584781e-09 -1878068.9
-1308485600000.0 0.27766928 2.9584781e-09 -1878068.9
-1305417700000.0 0.27701825 2.9584781e-09 -1878068.9
-1302349700000.0 0.2763672 2.9584781e-09 -1878068.9
-1299281700000.0 0.27571613 2.8421057e-09 -1944219.6
-1296213900000.0 0.2750651 2.8421057e-09 -1944219.6
-1293145900000.0 0.27441406 2.8421057e-09 -1944219.6
-1290077900000.0 0.273763 2.8421057e-09 -1944219.6
-1287009900000.0 0.27311197 2.8359075e-09 -1990144.6
-1283942000000.0 0.27246094 2.8359075e-09 -1990144.6
-1280874000000.0 0.2718099 2.8359075e-09 -1990144.6
-1277806000000.0 0.27115884 2.8359075e-09 -1990144.6
-1274738100000.0 0.2705078 2.8356657e-09 -1985503.5
-1271670200000.0 0.2698568 2.8356657e-09 -1985503.5
-1268602200000.0 0.26920575 2.8356657e-09 -1985503.5
-1265534200000.0 0.2685547 2.8356657e-09 -1985503.5
-1262466200000.0 0.26790366 2.8640792e-09 -2024067.6
-1259398200000.0 0.2672526 2.8640792e-09 -2024067.6
-1256330200000.0 0.26660156 2.8640792e-09 -2024067.6
-1253262400000.0 0.26595053 2.8640792e-09 -2024067.6
-1250194500000.0 0.2652995 2.8863119e-09 -2015249.4
-1247126500000.0 0.26464844 2.8863119e-09 -2015249.4
-1244058500000.0 0.2639974 2.8863119e-09 -2015249.4
-1240990500000.0 0.26334634 2.8863119e-09 -2015249.4
-1237922500000.0 0.26269528 2.922049e-09 -2068290.2
-1234854500000.0 0.26204425 2.922049e-09 -2068290.2
-1231786600000.0 0.26139322 2.922049e-09 -2068290.2
-1228718700000.0 0.2607422 2.922049e-09 -2068290.2
-1225650700000.0 0.26009116 2.9379015e-09 -2062856.4
-1222582700000.0 0.2594401 2.9379015e-09 -2062856.4
-1219514900000.0 0.2587891 2.9379015e-09 -2062856.4
-1216446900000.0 0.25813803 2.9379015e-09 -2062856.4
-1213378900000.0 0.257487 2.974296e-09 -2088941.8
-1210310900000.0 0.2568359 2.974296e-09 -2088941.8
-1207243000000.0 0.2561849 2.974296e-09 -2088941.8
-1204175000000.0 0.25553384 2.974296e-09 -2088941.8
-1201107000000.0 0.2548828 2.9708782e-09 -2056313.4
-1198039100000.0 0.25423178 2.9708782e-09 -2056313.4
-1194971100000.0 0.25358072 2.9708782e-09 -2056313.4
-1191903100000.0 0.2529297 2.9708782e-09 -2056313.4
-1188835200000.0 0.25227866 2.9845895e-09 -2022228.4
-1185767200000.0 0.25162762 2.9845895e-09 -2022228.4
-1182699200000.0 0.25097656 2.9845895e-09 -2022228.4
-1179631200000.0 0.2503255 2.9845895e-09 -2022228.4
-1176563400000.0 0.24967448 2.9798783e-09 -1975493.6
-1173495300000.0 0.24902344 2.9798783e-09 -1975493.6
-1170427300000.0 0.24837239 2.9798783e-09 -1975493.6
-1167359500000.0 0.24772136 2.9798783e-09 -1975493.6
-1164291500000.0 0.2470703 2.9807912e-09 -1906579.9
-1161223500000.0 0.24641925 2.9807912e-09 -1906579.9
-1158155500000.0 0.2457682 2.9807912e-09 -1906579.9
-1155087600000.0 0.24511719 2.9807912e-09 -1906579.9
-1152019600000.0 0.24446614 2.9560758e-09 -1859094.9
-1148951600000.0 0.2438151 2.9560758e-09 -1859094.9
-1145883700000.0 0.24316406 2.9560758e-09 -1859094.9
-1142815900000.0 0.24251305 2.9560758e-09 -1859094.9
-1139747800000.0 0.241862 2.949876e-09 -1786942.2
-1136679800000.0 0.24121095 2.949876e-09 -1786942.2
-1133611800000.0 0.2405599 2.949876e-09 -1786942.2
-1130543800000.0 0.23990884 2.949876e-09 -1786942.2
-1127475800000.0 0.2392578 2.9235685e-09 -1733931.0
-1124408000000.0 0.23860677 2.9235685e-09 -1733931.0
-1121340100000.0 0.23795573 2.9235685e-09 -1733931.0
-1118272100000.0 0.23730469 2.9235685e-09 -1733931.0
-1115204100000.0 0.23665364 2.8821776e-09 -1713867.2
-1112136100000.0 0.2360026 2.8821776e-09 -1713867.2
-1109068100000.0 0.23535155 2.8821776e-09 -1713867.2
-1106000100000.0 0.23470049 2.8821776e-09 -1713867.2
-1102932200000.0 0.23404948 2.8187022e-09 -1730396.6
-1099864300000.0 0.23339845 2.8187022e-09 -1730396.6
-1096796340000.0 0.23274739 2.8187022e-09 -1730396.6
-1093728340000.0 0.23209634 2.8187022e-09 -1730396.6
-1090660400000.0 0.23144531 2.7451872e-09 -1761596.1
-1087592400000.0 0.23079427 2.7451872e-09 -1761596.1
-1084524400000.0 0.23014322 2.7451872e-09 -1761596.1
-1081456500000.0 0.22949219 2.7451872e-09 -1761596.1
-1078388600000.0 0.22884116 2.6778595e-09 -1787695.1
-1075320600000.0 0.22819011 2.6778595e-09 -1787695.1
-1072252600000.0 0.22753906 2.6778595e-09 -1787695.1
-1069184650000.0 0.22688803 2.6778595e-09 -1787695.1
-1066116700000.0 0.22623697 2.6190068e-09 -1818851.5
-1063048700000.0 0.22558592 2.6190068e-09 -1818851.5
-1059980800000.0 0.22493489 2.6190068e-09 -1818851.5
-1056912830000.0 0.22428386 2.6190068e-09 -1818851.5
-1053844800000.0 0.22363281 2.572634e-09 -1838260.1
-1050776800000.0 0.22298177 2.572634e-09 -1838260.1
-1047708960000.0 0.22233073 2.572634e-09 -1838260.1
-1044640960000.0 0.22167969 2.572634e-09 -1838260.1
-1041572950000.0 0.22102864 2.544938e-09 -1825055.0
-1038505000000.0 0.22037761 2.544938e-09 -1825055.0
-1035437150000.0 0.21972658 2.544938e-09 -1825055.0
-1032369140000.0 0.21907552 2.544938e-09 -1825055.0
-1029301140000.0 0.21842447 2.5300637e-09 -1814328.2
-1026233200000.0 0.21777344 2.5300637e-09 -1814328.2
-1023165200000.0 0.21712239 2.5300637e-09 -1814328.2
-1020097200000.0 0.21647134 2.5300637e-09 -1814328.2
-1017029300000.0 0.21582031 2.5222693e-09 -1786245.1
-1013961400000.0 0.21516928 2.5222693e-09 -1786245.1
-1010893400000.0 0.21451823 2.5222693e-09 -1786245.1
-1007825400000.0 0.21386719 2.5222693e-09 -1786245.1
-1004757450000.0 0.21321616 2.5310092e-09 -1717169.0
-1001689500000.0 0.2125651 2.5310092e-09 -1717169.0
-998621500000.0 0.21191405 2.5310092e-09 -1717169.0
-995553600000.0 0.21126302 2.5310092e-09 -1717169.0
-992485640000.0 0.21061198 2.5663147e-09 -1601707.2
-989417640000.0 0.20996094 2.5663147e-09 -1601707.2
-986349630000.0 0.20930989 2.5663147e-09 -1601707.2
-983281760000.0 0.20865886 2.5663147e-09 -1601707.2
-980213760000.0 0.20800781 2.6112896e-09 -1467518.0
-977145760000.0 0.20735677 2.6112896e-09 -1467518.0
-974077800000.0 0.20670573 2.6112896e-09 -1467518.0
-971009950000.0 0.2060547 2.6112896e-09 -1467518.0
-967941950000.0 0.20540364 2.6790268e-09 -1255505.4
-964873950000.0 0.2047526 2.6790268e-09 -1255505.4
-961806000000.0 0.20410156 2.6790268e-09 -1255505.4
-958738140000.0 0.20345053 2.6790268e-09 -1255505.4
-955670000000.0 0.20279947 2.75626e-09 -1089736.1
-952602100000.0 0.20214844 2.75626e-09 -1089736.1
-949534200000.0 0.2014974 2.75626e-09 -1089736.1
-946466200000.0 0.20084636 2.75626e-09 -1089736.1
-943398200000.0 0.20019531 2.7814908e-09 -1026430.4
-940330250000.0 0.19954428 2.7814908e-09 -1026430.4
-937262400000.0 0.19889325 2.7814908e-09 -1026430.4
-934194300000.0 0.19824217 2.7814908e-09 -1026430.4
-931126400000.0 0.19759114 2.7932097e-09 -1071226.1
-928058440000.0 0.19694011 2.7932097e-09 -1071226.1
-924990440000.0 0.19628906 2.7932097e-09 -1071226.1
-921922440000.0 0.19563802 2.7932097e-09 -1071226.1
-918854570000.0 0.19498698 2.7862237e-09 -1080880.5
-915786600000.0 0.19433595 2.7862237e-09 -1080880.5
-912718560000.0 0.19368488 2.7862237e-09 -1080880.5
-909650600000.0 0.19303386 2.7862237e-09 -1080880.5
-906582750000.0 0.19238283 2.816122e-09 -1046137.56
-903514750000.0 0.19173177 2.816122e-09 -1046137.56
-900446750000.0 0.19108072 2.816122e-09 -1046137.56
-897378800000.0 0.19042969 2.816122e-09 -1046137.56
-894310900000.0 0.18977866 2.8542617e-09 -944566.9
-891242800000.0 0.1891276 2.8542617e-09 -944566.9
-888174940000.0 0.18847656 2.8542617e-09 -944566.9
-885107000000.0 0.18782553 2.8542617e-09 -944566.9
-882039000000.0 0.18717448 2.9315768e-09 -837882.44
-878971000000.0 0.18652342 2.9315768e-09 -837882.44
-875903060000.0 0.1858724 2.9315768e-09 -837882.44
-872835200000.0 0.18522137 2.9315768e-09 -837882.44
-869767050000.0 0.1845703 2.9667317e-09 -756306.94
-866699200000.0 0.18391927 2.9667317e-09 -756306.94
-863631250000.0 0.18326823 2.9667317e-09 -756306.94
-860563240000.0 0.18261719 2.9667317e-09 -756306.94
-857495400000.0 0.18196616 3.0341687e-09 -712363.8
-854427400000.0 0.18131511 3.0341687e-09 -712363.8
-851359400000.0 0.18066408 3.0341687e-09 -712363.8
-848291360000.0 0.180013 3.0341687e-09 -712363.8
-845223400000.0 0.17936198 3.0847362e-09 -644235.2
-842155560000.0 0.17871095 3.0847362e-09 -644235.2
-839087400000.0 0.17805988 3.0847362e-09 -644235.2
-836019700000.0 0.17740889 3.0847362e-09 -644235.2
-832951600000.0 0.17675781 3.1978151e-09 -588193.3
-829883550000.0 0.17610675 3.1978151e-09 -588193.3
-826815800000.0 0.17545575 3.1978151e-09 -588193.3
-823747740000.0 0.17480469 3.1978151e-09 -588193.3
-820679600000.0 0.17415361 3.2706344e-09 -512139.88
-817611870000.0 0.17350262 3.2706344e-09 -512139.88
-814543800000.0 0.17285155 3.2706344e-09 -512139.88
-811475860000.0 0.17220053 3.2706344e-09 -512139.88
-808408000000.0 0.1715495 3.4088725e-09 -424869.6
-805339860000.0 0.17089842 3.4088725e-09 -424869.6
-802272000000.0 0.17024739 3.4088725e-09 -424869.6
-799204050000.0 0.16959636 3.4088725e-09 -424869.6
-796136000000.0 0.1689453 3.4704974e-09 -311258.7
-793068240000.0 0.1682943 3.4704974e-09 -311258.7
-790000200000.0 0.16764323 3.4704974e-09 -311258.7
-786932040000.0 0.16699216 3.4704974e-09 -311258.7
-783864370000.0 0.16634117 3.6038952e-09 -224037.98
-780796200000.0 0.1656901 3.6038952e-09 -224037.98
-777728160000.0 0.16503903 3.6038952e-09 -224037.98
-774660400000.0 0.16438805 3.6038952e-09 -224037.98
-771592360000.0 0.16373697 3.6892311e-09 -138798.67
-768524400000.0 0.16308594 3.6892311e-09 -138798.67
-765456500000.0 0.1624349 3.6892311e-09 -138798.67
-762388400000.0 0.16178384 3.6892311e-09 -138798.67
-759320540000.0 0.16113281 3.7422216e-09 -142702.4
-756252600000.0 0.16048178 3.7422216e-09 -142702.4
-753184540000.0 0.1598307 3.7422216e-09 -142702.4
-750116800000.0 0.15917972 3.7422216e-09 -142702.4
-747048670000.0 0.15852864 3.8174477e-09 -188019.67
-743980600000.0 0.15787758 3.8174477e-09 -188019.67
-740912860000.0 0.15722659 3.8174477e-09 -188019.67
-737844800000.0 0.15657552 3.8174477e-09 -188019.67
-734776700000.0 0.15592445 3.8786396e-09 -246327.06
-731709000000.0 0.15527347 3.8786396e-09 -246327.06
-728640850000.0 0.15462239 3.8786396e-09 -246327.06
-725573000000.0 0.15397136 3.8786396e-09 -246327.06
-722505040000.0 0.15332033 3.9281405e-09 -287906.03
-719437000000.0 0.15266925 3.9281405e-09 -287906.03
-716369040000.0 0.15201822 3.9281405e-09 -287906.03
-713301160000.0 0.1513672 3.9281405e-09 -287906.03
-710233000000.0 0.15071613 3.978497e-09 -280857.6
-707165300000.0 0.15006512 3.978497e-09 -280857.6
-704097200000.0 0.14941406 3.978497e-09 -280857.6
-701029150000.0 0.148763 3.978497e-09 -280857.6
-697961400000.0 0.148112 4.0227466e-09 -222348.64
-694893300000.0 0.14746092 4.0227466e-09 -222348.64
-691825200000.0 0.14680986 4.0227466e-09 -222348.64
-688757500000.0 0.14615887 4.0227466e-09 -222348.64
-685689400000.0 0.1455078 4.0552095e-09 -127680.6
-682621500000.0 0.14485677 4.0552095e-09 -127680.6
-679553600000.0 0.14420575 4.0552095e-09 -127680.6
-676485460000.0 0.14355466 4.0552095e-09 -127680.6
-673417600000.0 0.14290364 4.074929e-09 9203.784
-670349660000.0 0.14225261 4.074929e-09 9203.784
-667281600000.0 0.14160155 4.074929e-09 9203.784
-664213850000.0 0.14095055 4.074929e-09 9203.784
-661145800000.0 0.14029948 4.1040913e-09 144734.22
-658077650000.0 0.13964841 4.1040913e-09 144734.22
-655009900000.0 0.1389974 4.1040913e-09 144734.22
-651941840000.0 0.13834634 4.1040913e-09 144734.22
-648873800000.0 0.13769528 4.1340864e-09 275714.1
-645806000000.0 0.1370443 4.1340864e-09 275714.1
-642737960000.0 0.13639323 4.1340864e-09 275714.1
-639670000000.0 0.13574219 4.1340864e-09 275714.1
-636602100000.0 0.13509116 4.1986596e-09 401803.94
-633534000000.0 0.1344401 4.1986596e-09 401803.94
-630466100000.0 0.13378905 4.1986596e-09 401803.94
-627398200000.0 0.13313803 4.1986596e-09 401803.94
-624330150000.0 0.13248697 4.2628976e-09 542145.9
-621262400000.0 0.13183598 4.2628976e-09 542145.9
-618194300000.0 0.13118489 4.2628976e-09 542145.9
-615126200000.0 0.13053383 4.2628976e-09 542145.9
-612058460000.0 0.12988284 4.312144e-09 744531.4
-608990400000.0 0.12923177 4.312144e-09 744531.4
-605922260000.0 0.12858069 4.312144e-09 744531.4
-602854600000.0 0.12792972 4.312144e-09 744531.4
-599786460000.0 0.12727864 4.3894195e-09 1031606.8
-596718600000.0 0.12662761 4.3894195e-09 1031606.8
-593650650000.0 0.12597658 4.3894195e-09 1031606.8
-590582600000.0 0.1253255 4.3894195e-09 1031606.8
-587514640000.0 0.12467448 4.5983137e-09 1472947.8
-584446800000.0 0.12402345 4.5983137e-09 1472947.8
-581378640000.0 0.123372376 4.5983137e-09 1472947.8
-578310900000.0 0.12272138 4.5983137e-09 1472947.8
-575242800000.0 0.12207031 4.9350044e-09 2030499.0
-572174760000.0 0.12141925 4.9350044e-09 2030499.0
-569107000000.0 0.12076825 4.9350044e-09 2030499.0
-566038900000.0 0.12011717 4.9350044e-09 2030499.0
-562970800000.0 0.11946611 5.3889755e-09 2589296.5
-559903100000.0 0.118815124 5.3889755e-09 2589296.5
-556835000000.0 0.118164055 5.3889755e-09 2589296.5
-553767100000.0 0.11751302 5.3889755e-09 2589296.5
-550699200000.0 0.11686199 5.61929e-09 2877797.8
-547631100000.0 0.11621092 5.61929e-09 2877797.8
-544563200000.0 0.11555989 5.61929e-09 2877797.8
-541495260000.0 0.11490886 5.61929e-09 2877797.8
-538427200000.0 0.11425779 5.624665e-09 2906882.5
-535359460000.0 0.113606796 5.624665e-09 2906882.5
-532291350000.0 0.11295573 5.624665e-09 2906882.5
-529223300000.0 0.11230466 5.624665e-09 2906882.5
-526155550000.0 0.11165367 5.5260996e-09 2739146.5
-523087450000.0 0.1110026 5.5260996e-09 2739146.5
-520019350000.0 0.11035153 5.5260996e-09 2739146.5
-516951640000.0 0.10970054 5.5260996e-09 2739146.5
-513883540000.0 0.10904947 5.533112e-09 2578793.8
-510815630000.0 0.10839844 5.533112e-09 2578793.8
-507747730000.0 0.107747406 5.533112e-09 2578793.8
-504679630000.0 0.10709634 5.533112e-09 2578793.8
-501611720000.0 0.106445305 5.714215e-09 2528730.5
-498543820000.0 0.10579427 5.714215e-09 2528730.5
-495475720000.0 0.10514321 5.714215e-09 2528730.5
-492407980000.0 0.10449222 5.714215e-09 2528730.5
-489339900000.0 0.10384115 6.055945e-09 2627476.5
-486271800000.0 0.10319008 6.055945e-09 2627476.5
-483204070000.0 0.102539085 6.055945e-09 2627476.5
-480135970000.0 0.101888016 6.055945e-09 2627476.5
-477067900000.0 0.10123695 6.5681958e-09 2716593.0
-474000160000.0 0.10058595 6.5681958e-09 2716593.0
-470932060000.0 0.09993488 6.5681958e-09 2716593.0
-467864160000.0 0.09928385 6.5681958e-09 2716593.0
-464796250000.0 0.09863283 7.0416464e-09 2724670.8
