morphology_data/1d_wa_a0.025_l2r2_00001.ecsv
# %ECSV 1.0
# ---
# datatype:
# - {name: b, datatype: float32}
# - {name: phase, datatype: float32}
# - {name: sigma, datatype: float32}
# - {name: vr, datatype: float32}
# meta: {lambda: 2, rp: 2.0, sep: 0.025, wind: a}
# schema: astropy-2.0
b phase sigma vr
[from data line 948]
304495200000.0 -0.12923177 1.4199647e-07 -842154.06
306029230000.0 -0.12988284 1.4199647e-07 -842154.06
307563100000.0 -0.13053383 1.4263226e-07 -915616.56
309097140000.0 -0.13118489 1.4263226e-07 -915616.56
310631200000.0 -0.13183598 1.4263226e-07 -915616.56
312165070000.0 -0.13248697 1.4263226e-07 -915616.56
313699100000.0 -0.13313803 1.4202242e-07 -996737.56
315233040000.0 -0.13378905 1.4202242e-07 -996737.56
316767000000.0 -0.1344401 1.4202242e-07 -996737.56
318301040000.0 -0.13509116 1.4202242e-07 -996737.56
319835000000.0 -0.13574219 1.410917e-07 -1079180.9
321368980000.0 -0.13639323 1.410917e-07 -1079180.9
322903000000.0 -0.1370443 1.410917e-07 -1079180.9
324436900000.0 -0.13769528 1.410917e-07 -1079180.9
325970920000.0 -0.13834634 1.3921124e-07 -1149686.6
327504950000.0 -0.1389974 1.3921124e-07 -1149686.6
329038820000.0 -0.13964841 1.3921124e-07 -1149686.6
330572900000.0 -0.14029948 1.3921124e-07 -1149686.6
332106920000.0 -0.14095055 1.3479766e-07 -1208090.1
333640800000.0 -0.14160155 1.3479766e-07 -1208090.1
335174830000.0 -0.14225261 1.3479766e-07 -1208090.1
336708900000.0 -0.14290369 1.3479766e-07 -1208090.1
338242730000.0 -0.14355466 1.2858807e-07 -1259056.2
339776800000.0 -0.14420575 1.2858807e-07 -1259056.2
341310830000.0 -0.14485681 1.2858807e-07 -1259056.2
342844700000.0 -0.1455078 1.2858807e-07 -1259056.2
344378570000.0 -0.1461588 1.2211498e-07 -1308250.5
345912800000.0 -0.14680995 1.2211498e-07 -1308250.5
347446640000.0 -0.14746092 1.2211498e-07 -1308250.5
348980500000.0 -0.14811192 1.2211498e-07 -1308250.5
350514740000.0 -0.14876308 1.16562966e-07 -1356161.8
352048600000.0 -0.14941406 1.16562966e-07 -1356161.8
353582480000.0 -0.15006506 1.16562966e-07 -1356161.8
355116700000.0 -0.1507162 1.16562966e-07 -1356161.8
356650580000.0 -0.1513672 1.130366e-07 -1403556.5
358184420000.0 -0.15201817 1.130366e-07 -1403556.5
359718650000.0 -0.15266933 1.130366e-07 -1403556.5
361252520000.0 -0.15332033 1.130366e-07 -1403556.5
362786400000.0 -0.15397131 1.1099873e-07 -1453227.2
364320420000.0 -0.15462239 1.1099873e-07 -1453227.2
365854500000.0 -0.15527347 1.1099873e-07 -1453227.2
367388360000.0 -0.15592445 1.1099873e-07 -1453227.2
368922400000.0 -0.15657552 1.0944133e-07 -1503552.5
370456430000.0 -0.15722659 1.0944133e-07 -1503552.5
371990300000.0 -0.15787758 1.0944133e-07 -1503552.5
373524330000.0 -0.15852864 1.0944133e-07 -1503552.5
375058400000.0 -0.15917972 1.0854005e-07 -1547366.6
376592270000.0 -0.1598307 1.0854005e-07 -1547366.6
378126300000.0 -0.16048178 1.0854005e-07 -1547366.6
379660340000.0 -0.16113284 1.0854005e-07 -1547366.6
381194200000.0 -0.16178384 1.0827294e-07 -1584530.9
382728240000.0 -0.1624349 1.0827294e-07 -1584530.9
384262300000.0 -0.16308598 1.0827294e-07 -1584530.9
385796180000.0 -0.16373697 1.0827294e-07 -1584530.9
387330050000.0 -0.16438797 1.0809163e-07 -1613812.1
388864250000.0 -0.1650391 1.0809163e-07 -1613812.1
390398100000.0 -0.1656901 1.0809163e-07 -1613812.1
391932000000.0 -0.1663411 1.0809163e-07 -1613812.1
393466220000.0 -0.16699223 1.079843e-07 -1631892.8
395000100000.0 -0.16764323 1.079843e-07 -1631892.8
396533960000.0 -0.16829422 1.079843e-07 -1631892.8
398068150000.0 -0.16894537 1.079843e-07 -1631892.8
399602020000.0 -0.16959636 1.08497474e-07 -1623573.1
401135900000.0 -0.17024736 1.08497474e-07 -1623573.1
402669930000.0 -0.17089842 1.08497474e-07 -1623573.1
404204000000.0 -0.1715495 1.08497474e-07 -1623573.1
405737870000.0 -0.17220049 1.0913817e-07 -1598657.2
407271900000.0 -0.17285155 1.0913817e-07 -1598657.2
408805930000.0 -0.17350262 1.0913817e-07 -1598657.2
410339800000.0 -0.17415361 1.0913817e-07 -1598657.2
411873870000.0 -0.17480469 1.09864175e-07 -1553925.9
413407900000.0 -0.17545575 1.09864175e-07 -1553925.9
414941770000.0 -0.17610675 1.09864175e-07 -1553925.9
416475800000.0 -0.17675781 1.09864175e-07 -1553925.9
418009840000.0 -0.17740889 1.1046211e-07 -1498208.9
419543700000.0 -0.17805988 1.1046211e-07 -1498208.9
421077780000.0 -0.17871095 1.1046211e-07 -1498208.9
422611800000.0 -0.17936201 1.1046211e-07 -1498208.9
424145680000.0 -0.180013 1.10382224e-07 -1444037.4
425679550000.0 -0.180664 1.10382224e-07 -1444037.4
427213750000.0 -0.18131514 1.10382224e-07 -1444037.4
428747620000.0 -0.18196614 1.10382224e-07 -1444037.4
430281500000.0 -0.18261713 1.10161174e-07 -1388248.9
431815720000.0 -0.18326828 1.10161174e-07 -1388248.9
433349600000.0 -0.18391927 1.10161174e-07 -1388248.9
434883460000.0 -0.18457027 1.10161174e-07 -1388248.9
436417700000.0 -0.1852214 1.0953111e-07 -1358239.2
437951530000.0 -0.1858724 1.0953111e-07 -1358239.2
439485400000.0 -0.1865234 1.0953111e-07 -1358239.2
441019630000.0 -0.18717454 1.0953111e-07 -1358239.2
442553500000.0 -0.18782553 1.08534984e-07 -1389608.2
444087370000.0 -0.18847652 1.08534984e-07 -1389608.2
445621400000.0 -0.1891276 1.08534984e-07 -1389608.2
447155440000.0 -0.18977866 1.08534984e-07 -1389608.2
448689300000.0 -0.19042966 1.0837939e-07 -1469375.4
450223370000.0 -0.19108072 1.0837939e-07 -1469375.4
451757400000.0 -0.1917318 1.0837939e-07 -1469375.4
453291280000.0 -0.19238278 1.0837939e-07 -1469375.4
454825300000.0 -0.19303386 1.1133169e-07 -1550665.4
456359380000.0 -0.19368492 1.1133169e-07 -1550665.4
457893200000.0 -0.19433591 1.1133169e-07 -1550665.4
459427280000.0 -0.19498698 1.1133169e-07 -1550665.4
460961320000.0 -0.19563805 1.18180004e-07 -1597873.8
462495200000.0 -0.19628905 1.18180004e-07 -1597873.8
464029220000.0 -0.19694011 1.18180004e-07 -1597873.8
465563300000.0 -0.19759119 1.18180004e-07 -1597873.8
467097160000.0 -0.19824217 1.2834683e-07 -1676981.0
468631000000.0 -0.19889317 1.2834683e-07 -1676981.0
470165230000.0 -0.19954431 1.2834683e-07 -1676981.0
471699100000.0 -0.20019531 1.2834683e-07 -1676981.0
473232970000.0 -0.2008463 1.4225249e-07 -1808615.6
474767200000.0 -0.20149745 1.4225249e-07 -1808615.6
476301070000.0 -0.20214844 1.4225249e-07 -1808615.6
477834900000.0 -0.20279942 1.4225249e-07 -1808615.6
479369130000.0 -0.20345058 1.5547558e-07 -1943613.5
480903000000.0 -0.20410156 1.5547558e-07 -1943613.5
482436870000.0 -0.20475256 1.5547558e-07 -1943613.5
483971100000.0 -0.2054037 1.5547558e-07 -1943613.5
485504970000.0 -0.2060547 1.639237e-07 -2050017.9
487038840000.0 -0.20670569 1.639237e-07 -2050017.9
488572880000.0 -0.20735677 1.639237e-07 -2050017.9
490106900000.0 -0.20800783 1.639237e-07 -2050017.9
491640780000.0 -0.20865881 1.6742676e-07 -2166382.2
493174820000.0 -0.20930989 1.6742676e-07 -2166382.2
494708880000.0 -0.20996095 1.6742676e-07 -2166382.2
496242750000.0 -0.21061195 1.6742676e-07 -2166382.2
497776800000.0 -0.21126302 1.6446342e-07 -2284993.8
499310820000.0 -0.21191409 1.6446342e-07 -2284993.8
500844700000.0 -0.21256508 1.6446342e-07 -2284993.8
502378730000.0 -0.21321616 1.6446342e-07 -2284993.8
503912800000.0 -0.21386722 1.5851681e-07 -2374026.8
505446660000.0 -0.2145182 1.5851681e-07 -2374026.8
506980700000.0 -0.21516928 1.5851681e-07 -2374026.8
508514730000.0 -0.21582034 1.5851681e-07 -2374026.8
510048600000.0 -0.21647134 1.5077231e-07 -2438611.2
511582470000.0 -0.21712233 1.5077231e-07 -2438611.2
513116700000.0 -0.21777348 1.5077231e-07 -2438611.2
514650570000.0 -0.21842447 1.5077231e-07 -2438611.2
516184440000.0 -0.21907547 1.4285222e-07 -2490884.0
517718640000.0 -0.2197266 1.4285222e-07 -2490884.0
519252500000.0 -0.22037761 1.4285222e-07 -2490884.0
520786380000.0 -0.2210286 1.4285222e-07 -2490884.0
522320600000.0 -0.22167975 1.3478848e-07 -2519478.2
523854480000.0 -0.22233073 1.3478848e-07 -2519478.2
525388350000.0 -0.22298172 1.3478848e-07 -2519478.2
526922550000.0 -0.22363287 1.3478848e-07 -2519478.2
528456420000.0 -0.22428386 1.27283e-07 -2540819.0
529990300000.0 -0.22493486 1.27283e-07 -2540819.0
531524350000.0 -0.22558592 1.27283e-07 -2540819.0
533058400000.0 -0.226237 1.27283e-07 -2540819.0
534592260000.0 -0.22688799 1.2045994e-07 -2566313.2
536126300000.0 -0.22753906 1.2045994e-07 -2566313.2
537660330000.0 -0.22819012 1.2045994e-07 -2566313.2
539194200000.0 -0.22884111 1.2045994e-07 -2566313.2
540728260000.0 -0.22949219 1.1304587e-07 -2619332.5
542262300000.0 -0.23014325 1.1304587e-07 -2619332.5
543796170000.0 -0.23079425 1.1304587e-07 -2619332.5
545330200000.0 -0.23144531 1.1304587e-07 -2619332.5
546864270000.0 -0.23209639 1.05411715e-07 -2682090.0
548398100000.0 -0.23274738 1.05411715e-07 -2682090.0
549932200000.0 -0.23339845 1.05411715e-07 -2682090.0
551466240000.0 -0.23404953 1.05411715e-07 -2682090.0
553000040000.0 -0.23470049 9.684026e-08 -2743682.0
554533900000.0 -0.23535149 9.684026e-08 -2743682.0
556068200000.0 -0.23600265 9.684026e-08 -2743682.0
557602050000.0 -0.23665364 9.684026e-08 -2743682.0
559135900000.0 -0.23730463 8.982344e-08 -2787139.5
560670100000.0 -0.23795578 8.982344e-08 -2787139.5
562204000000.0 -0.23860677 8.982344e-08 -2787139.5
563737850000.0 -0.23925777 8.982344e-08 -2787139.5
565272050000.0 -0.2399089 8.326307e-08 -2809059.5
566805900000.0 -0.2405599 8.326307e-08 -2809059.5
568339800000.0 -0.2412109 8.326307e-08 -2809059.5
569874060000.0 -0.24186206 8.326307e-08 -2809059.5
571407900000.0 -0.24251305 7.732869e-08 -2808897.5
572941700000.0 -0.243164 7.732869e-08 -2808897.5
574475800000.0 -0.2438151 7.732869e-08 -2808897.5
576009860000.0 -0.24446616 7.732869e-08 -2808897.5
577543730000.0 -0.24511716 7.157454e-08 -2823618.8
579077730000.0 -0.2457682 7.157454e-08 -2823618.8
580611800000.0 -0.2464193 7.157454e-08 -2823618.8
582145700000.0 -0.24707028 7.157454e-08 -2823618.8
583679740000.0 -0.24772136 6.613588e-08 -2843491.0
585213740000.0 -0.24837242 6.613588e-08 -2843491.0
586747600000.0 -0.24902342 6.613588e-08 -2843491.0
588281700000.0 -0.24967448 6.613588e-08 -2843491.0
589815740000.0 -0.25032556 6.10407e-08 -2853301.5
591349600000.0 -0.25097656 6.10407e-08 -2853301.5
592883600000.0 -0.25162762 6.10407e-08 -2853301.5
594417700000.0 -0.2522787 6.10407e-08 -2853301.5
595951550000.0 -0.2529297 5.6960722e-08 -2868185.5
597485400000.0 -0.25358066 5.6960722e-08 -2868185.5
599019600000.0 -0.2542318 5.6960722e-08 -2868185.5
600553500000.0 -0.2548828 5.6960722e-08 -2868185.5
602087360000.0 -0.2555338 5.3328115e-08 -2916265.0
603621560000.0 -0.25618494 5.3328115e-08 -2916265.0
605155400000.0 -0.2568359 5.3328115e-08 -2916265.0
606689300000.0 -0.25748694 5.3328115e-08 -2916265.0
608223560000.0 -0.25813806 5.0587822e-08 -2919875.8
609757400000.0 -0.2587891 5.0587822e-08 -2919875.8
611291300000.0 -0.2594401 5.0587822e-08 -2919875.8
612825500000.0 -0.26009122 5.0587822e-08 -2919875.8
614359400000.0 -0.2607422 4.846407e-08 -2934874.0
615893240000.0 -0.2613932 4.846407e-08 -2934874.0
617427240000.0 -0.26204425 4.846407e-08 -2934874.0
618961300000.0 -0.26269534 4.846407e-08 -2934874.0
620495200000.0 -0.2633463 4.7194543e-08 -2908798.2
622029240000.0 -0.2639974 4.7194543e-08 -2908798.2
623563240000.0 -0.26464844 4.7194543e-08 -2908798.2
625097100000.0 -0.26529944 4.7194543e-08 -2908798.2
626631200000.0 -0.26595053 4.6327596e-08 -2886089.5
628165250000.0 -0.2666016 4.6327596e-08 -2886089.5
629699100000.0 -0.2672526 4.6327596e-08 -2886089.5
631233100000.0 -0.26790366 4.6327596e-08 -2886089.5
632767200000.0 -0.26855472 4.5050978e-08 -2964369.2
634301050000.0 -0.26920572 4.5050978e-08 -2964369.2
635835100000.0 -0.2698568 4.5050978e-08 -2964369.2
637369100000.0 -0.27050784 4.5050978e-08 -2964369.2
638903000000.0 -0.27115884 4.3558043e-08 -3079564.5
640436860000.0 -0.27180985 4.3558043e-08 -3079564.5
641971060000.0 -0.27246097 4.3558043e-08 -3079564.5
643504900000.0 -0.27311197 4.3558043e-08 -3079564.5
645038800000.0 -0.27376294 4.2457707e-08 -3183757.8
646573060000.0 -0.27441412 4.2457707e-08 -3183757.8
648106930000.0 -0.2750651 4.2457707e-08 -3183757.8
649640800000.0 -0.27571613 4.2457707e-08 -3183757.8
651175000000.0 -0.27636725 4.1544617e-08 -3262331.2
652708900000.0 -0.27701825 4.1544617e-08 -3262331.2
654242740000.0 -0.27766922 4.1544617e-08 -3262331.2
655776940000.0 -0.27832037 4.1544617e-08 -3262331.2
657310800000.0 -0.27897137 4.128728e-08 -3330541.8
658844700000.0 -0.27962235 4.128728e-08 -3330541.8
660378750000.0 -0.28027344 4.128728e-08 -3330541.8
661912800000.0 -0.28092453 4.128728e-08 -3330541.8
663446600000.0 -0.28157547 4.1815813e-08 -3388826.0
664980700000.0 -0.28222656 4.1815813e-08 -3388826.0
666514750000.0 -0.28287762 4.1815813e-08 -3388826.0
668048600000.0 -0.28352863 4.1815813e-08 -3388826.0
669582600000.0 -0.28417966 4.2271278e-08 -3413397.8
671116700000.0 -0.28483075 4.2271278e-08 -3413397.8
672650560000.0 -0.28548175 4.2271278e-08 -3413397.8
674184600000.0 -0.28613284 4.2271278e-08 -3413397.8
675718600000.0 -0.28678387 4.2342567e-08 -3405642.5
677252500000.0 -0.28743488 4.2342567e-08 -3405642.5
678786560000.0 -0.28808594 4.2342567e-08 -3405642.5
680320600000.0 -0.28873703 4.2342567e-08 -3405642.5
681854500000.0 -0.28938803 4.1803414e-08 -3356114.8
683388300000.0 -0.29003897 4.1803414e-08 -3356114.8
684922600000.0 -0.29069015 4.1803414e-08 -3356114.8
686456440000.0 -0.29134116 4.1803414e-08 -3356114.8
687990300000.0 -0.29199213 3.9182282e-08 -3263887.2
689524500000.0 -0.29264328 3.9182282e-08 -3263887.2
691058400000.0 -0.29329428 3.9182282e-08 -3263887.2
692592250000.0 -0.29394525 3.9182282e-08 -3263887.2
694126440000.0 -0.2945964 3.5311327e-08 -3166516.0
695660300000.0 -0.2952474 3.5311327e-08 -3166516.0
697194200000.0 -0.2958984 3.5311327e-08 -3166516.0
698728450000.0 -0.29654956 3.5311327e-08 -3166516.0
700262300000.0 -0.29720056 3.1244227e-08 -3081469.5
701796200000.0 -0.29785153 3.1244227e-08 -3081469.5
703330200000.0 -0.2985026 3.1244227e-08 -3081469.5
704864260000.0 -0.29915366 3.1244227e-08 -3081469.5
706398100000.0 -0.29980466 2.7697679e-08 -3016317.0
707932100000.0 -0.30045572 2.7697679e-08 -3016317.0
709466200000.0 -0.30110678 2.7697679e-08 -3016317.0
711000060000.0 -0.30175778 2.7697679e-08 -3016317.0
712534100000.0 -0.30240884 2.4201555e-08 -2915348.2
714068100000.0 -0.3030599 2.4201555e-08 -2915348.2
715602000000.0 -0.3037109 2.4201555e-08 -2915348.2
717136100000.0 -0.304362 2.4201555e-08 -2915348.2
718670140000.0 -0.30501306 2.0429992e-08 -2787207.0
720204000000.0 -0.30566406 2.0429992e-08 -2787207.0
721738000000.0 -0.30631512 2.0429992e-08 -2787207.0
723272100000.0 -0.3069662 2.0429992e-08 -2787207.0
724805940000.0 -0.3076172 1.651093e-08 -2598471.0
726339800000.0 -0.30826816 1.651093e-08 -2598471.0
727874000000.0 -0.3089193 1.651093e-08 -2598471.0
729407900000.0 -0.3095703 1.651093e-08 -2598471.0
730941750000.0 -0.3102213 1.3261571e-08 -2220229.8
732475950000.0 -0.31087244 1.3261571e-08 -2220229.8
734009800000.0 -0.3115234 1.3261571e-08 -2220229.8
735543700000.0 -0.31217444 1.3261571e-08 -2220229.8
737077950000.0 -0.3128256 1.1611258e-08 -1741226.1
738611800000.0 -0.31347656 1.1611258e-08 -1741226.1
740145700000.0 -0.3141276 1.1611258e-08 -1741226.1
741679900000.0 -0.31477872 1.1611258e-08 -1741226.1
743213760000.0 -0.3154297 1.0855561e-08 -1316056.9
744747600000.0 -0.3160807 1.0855561e-08 -1316056.9
746281700000.0 -0.31673178 1.0855561e-08 -1316056.9
747815700000.0 -0.31738284 1.0855561e-08 -1316056.9
749349600000.0 -0.3180338 1.03077005e-08 -981241.0
750883640000.0 -0.3186849 1.03077005e-08 -981241.0
752417640000.0 -0.31933597 1.03077005e-08 -981241.0
753951500000.0 -0.31998697 1.03077005e-08 -981241.0
755485600000.0 -0.32063803 9.655919e-09 -783872.1
757019640000.0 -0.3212891 9.655919e-09 -783872.1
758553500000.0 -0.3219401 9.655919e-09 -783872.1
760087500000.0 -0.32259116 9.655919e-09 -783872.1
761621600000.0 -0.32324222 8.614559e-09 -725457.8
763155450000.0 -0.32389322 8.614559e-09 -725457.8
764689500000.0 -0.32454428 8.614559e-09 -725457.8
766223500000.0 -0.32519534 8.614559e-09 -725457.8
767757400000.0 -0.32584634 6.9922415e-09 -922314.06
769291260000.0 -0.32649735 6.9922415e-09 -922314.06
770825500000.0 -0.3271485 6.9922415e-09 -922314.06
772359300000.0 -0.32779947 6.9922415e-09 -922314.06
773893200000.0 -0.32845047 5.17727e-09 -1211467.4
775427460000.0 -0.32910162 5.17727e-09 -1211467.4
776961300000.0 -0.3297526 5.17727e-09 -1211467.4
778495200000.0 -0.3304036 5.17727e-09 -1211467.4
