morphology_data/1d_wc_a0.1_l2r1_00001.ecsv
# %ECSV 1.0
# ---
# datatype:
# - {name: b, datatype: float32}
# - {name: phase, datatype: float32}
# - {name: sigma, datatype: float32}
# - {name: vr, datatype: float32}
# meta: {lambda: 2, rp: 1.0, sep: 0.1, wind: c}
# schema: astropy-2.0
b phase sigma vr
[from data line 449]
-1954291500000.0 0.20735677 nan nan
-1948155600000.0 0.20670573 nan nan
-1942019900000.0 0.2060547 nan nan
-1935883900000.0 0.20540364 nan nan
-1929747900000.0 0.2047526 nan nan
-1923612000000.0 0.20410156 nan nan
-1917476300000.0 0.20345053 nan nan
-1911340000000.0 0.20279947 nan nan
-1905204300000.0 0.20214844 nan nan
-1899068400000.0 0.2014974 nan nan
-1892932400000.0 0.20084636 nan nan
-1886796400000.0 0.20019531 nan nan
-1880660500000.0 0.19954428 nan nan
-1874524800000.0 0.19889325 nan nan
-1868388600000.0 0.19824217 nan nan
-1862252800000.0 0.19759114 nan nan
-1856116900000.0 0.19694011 nan nan
-1849980900000.0 0.19628906 nan nan
-1843844900000.0 0.19563802 nan nan
-1837709100000.0 0.19498698 nan nan
-1831573300000.0 0.19433595 nan nan
-1825437100000.0 0.19368488 nan nan
-1819301200000.0 0.19303386 nan nan
-1813165500000.0 0.19238283 nan nan
-1807029500000.0 0.19173177 nan nan
-1800893500000.0 0.19108072 nan nan
-1794757600000.0 0.19042969 nan nan
-1788621800000.0 0.18977866 nan nan
-1782485600000.0 0.1891276 nan nan
-1776349900000.0 0.18847656 nan nan
-1770214000000.0 0.18782553 nan nan
-1764078000000.0 0.18717448 nan nan
-1757942000000.0 0.18652342 nan nan
-1751806100000.0 0.1858724 nan nan
-1745670400000.0 0.18522137 nan nan
-1739534100000.0 0.1845703 nan nan
-1733398400000.0 0.18391927 nan nan
-1727262500000.0 0.18326823 nan nan
-1721126500000.0 0.18261719 nan nan
-1714990700000.0 0.18196616 nan nan
-1708854700000.0 0.18131511 nan nan
-1702718900000.0 0.18066408 nan nan
-1696582700000.0 0.180013 nan nan
-1690446900000.0 0.17936198 nan nan
-1684311100000.0 0.17871095 nan nan
-1678174800000.0 0.17805988 nan nan
-1672039400000.0 0.17740889 nan nan
-1665903200000.0 0.17675781 nan nan
-1659767100000.0 0.17610675 nan nan
-1653631600000.0 0.17545575 nan nan
-1647495500000.0 0.17480469 nan nan
-1641359200000.0 0.17415361 nan nan
-1635223700000.0 0.17350262 nan nan
-1629087600000.0 0.17285155 nan nan
-1622951700000.0 0.17220053 nan nan
-1616816000000.0 0.1715495 nan nan
-1610679700000.0 0.17089842 nan nan
-1604544000000.0 0.17024739 nan nan
-1598408100000.0 0.16959636 nan nan
-1592272000000.0 0.1689453 nan nan
-1586136500000.0 0.1682943 nan nan
-1580000300000.0 0.16764323 nan nan
-1573864100000.0 0.16699216 nan nan
-1567728700000.0 0.16634117 nan nan
-1561592500000.0 0.1656901 nan nan
-1555456300000.0 0.16503903 nan nan
-1549320800000.0 0.16438805 nan nan
-1543184700000.0 0.16373697 nan nan
-1537048800000.0 0.16308594 nan nan
-1530913000000.0 0.1624349 nan nan
-1524776800000.0 0.16178384 nan nan
-1518641100000.0 0.16113281 nan nan
-1512505200000.0 0.16048178 nan nan
-1506369100000.0 0.1598307 nan nan
-1500233600000.0 0.15917972 nan nan
-1494097300000.0 0.15852864 nan nan
-1487961200000.0 0.15787758 nan nan
-1481825700000.0 0.15722659 nan nan
-1475689600000.0 0.15657552 nan nan
-1469553400000.0 0.15592445 nan nan
-1463418000000.0 0.15527347 nan nan
-1457281700000.0 0.15462239 nan nan
-1451146000000.0 0.15397136 nan nan
-1445010100000.0 0.15332033 nan nan
-1438874000000.0 0.15266925 nan nan
-1432738100000.0 0.15201822 nan nan
-1426602300000.0 0.1513672 nan nan
-1420466000000.0 0.15071613 nan nan
-1414330600000.0 0.15006512 nan nan
-1408194400000.0 0.14941406 nan nan
-1402058300000.0 0.148763 nan nan
-1395922800000.0 0.148112 nan nan
-1389786600000.0 0.14746092 nan nan
-1383650400000.0 0.14680986 nan nan
-1377515000000.0 0.14615887 nan nan
-1371378800000.0 0.1455078 nan nan
-1365243000000.0 0.14485677 nan nan
-1359107200000.0 0.14420575 nan nan
-1352970900000.0 0.14355466 nan nan
-1346835200000.0 0.14290364 nan nan
-1340699300000.0 0.14225261 nan nan
-1334563200000.0 0.14160155 nan nan
-1328427700000.0 0.14095055 nan nan
-1322291600000.0 0.14029948 nan nan
-1316155300000.0 0.13964841 nan nan
-1310019800000.0 0.1389974 nan nan
-1303883700000.0 0.13834634 nan nan
-1297747500000.0 0.13769528 nan nan
-1291612000000.0 0.1370443 nan nan
-1285475900000.0 0.13639323 nan nan
-1279340000000.0 0.13574219 nan nan
-1273204200000.0 0.13509116 nan nan
-1267068000000.0 0.1344401 nan nan
-1260932200000.0 0.13378905 nan nan
-1254796400000.0 0.13313803 nan nan
-1248660300000.0 0.13248697 nan nan
-1242524800000.0 0.13183598 nan nan
-1236388500000.0 0.13118489 nan nan
-1230252400000.0 0.13053383 nan nan
-1224116900000.0 0.12988284 nan nan
-1217980800000.0 0.12923177 nan nan
-1211844500000.0 0.12858069 nan nan
-1205709200000.0 0.12792972 nan nan
-1199572900000.0 0.12727864 nan nan
-1193437200000.0 0.12662761 nan nan
-1187301300000.0 0.12597658 nan nan
-1181165200000.0 0.1253255 nan nan
-1175029300000.0 0.12467448 nan nan
-1168893500000.0 0.12402345 nan nan
-1162757300000.0 0.123372376 nan nan
-1156621800000.0 0.12272138 nan nan
-1150485700000.0 0.12207031 nan nan
-1144349500000.0 0.12141925 nan nan
-1138214000000.0 0.12076825 nan nan
-1132077800000.0 0.12011717 nan nan
-1125941600000.0 0.11946611 nan nan
-1119806200000.0 0.118815124 nan nan
-1113670000000.0 0.118164055 nan nan
-1107534200000.0 0.11751302 nan nan
-1101398400000.0 0.11686199 nan nan
-1095262200000.0 0.11621092 nan nan
-1089126400000.0 0.11555989 nan nan
-1082990500000.0 0.11490886 nan nan
-1076854400000.0 0.11425779 nan nan
-1070718900000.0 0.113606796 nan nan
-1064582700000.0 0.11295573 nan nan
-1058446600000.0 0.11230466 nan nan
-1052311100000.0 0.11165367 nan nan
-1046174900000.0 0.1110026 nan nan
-1040038700000.0 0.11035153 nan nan
-1033903300000.0 0.10970054 nan nan
-1027767100000.0 0.10904947 nan nan
-1021631270000.0 0.10839844 nan nan
-1015495460000.0 0.107747406 nan nan
-1009359260000.0 0.10709634 nan nan
-1003223450000.0 0.106445305 nan nan
-997087640000.0 0.10579427 nan nan
-990951440000.0 0.10514321 nan nan
-984815960000.0 0.10449222 nan nan
-978679800000.0 0.10384115 nan nan
-972543600000.0 0.10319008 nan nan
-966408140000.0 0.102539085 nan nan
-960271940000.0 0.101888016 nan nan
-954135800000.0 0.10123695 nan nan
-948000300000.0 0.10058595 nan nan
-941864100000.0 0.09993488 nan nan
-935728300000.0 0.09928385 nan nan
-929592500000.0 0.09863283 nan nan
-923456300000.0 0.09798176 nan nan
-917320500000.0 0.09733073 nan nan
-911184700000.0 0.096679695 nan nan
-905048500000.0 0.096028626 nan nan
-898913000000.0 0.09537763 nan nan
-892776900000.0 0.09472656 nan nan
-886640700000.0 0.09407549 nan nan
-880505200000.0 0.0934245 nan nan
-874369060000.0 0.09277343 nan nan
-868232860000.0 0.09212236 nan nan
-862097400000.0 0.091471374 nan nan
-855961240000.0 0.090820305 1.2844825e-11 -15442554.0
-849825370000.0 0.09016927 1.2844825e-11 -15442554.0
-843689560000.0 0.08951824 1.2844825e-11 -15442554.0
-837553400000.0 0.08886717 1.2844825e-11 -15442554.0
-831417550000.0 0.08821614 1.8402216e-11 -14492088.0
-825281740000.0 0.08756511 1.8402216e-11 -14492088.0
-819145600000.0 0.08691404 1.8402216e-11 -14492088.0
-813010100000.0 0.086263046 1.8402216e-11 -14492088.0
-806873900000.0 0.08561198 2.4832098e-11 -13740451.0
-800737700000.0 0.08496091 2.4832098e-11 -13740451.0
-794602300000.0 0.08430992 2.4832098e-11 -13740451.0
-788466100000.0 0.08365885 2.4832098e-11 -13740451.0
-782330300000.0 0.08300782 3.248817e-11 -13119630.0
-776194500000.0 0.08235679 3.248817e-11 -13119630.0
-770058300000.0 0.08170572 3.2488436e-11 -13119742.0
-763922500000.0 0.08105469 3.2488436e-11 -13119742.0
-757786700000.0 0.080403656 4.1517574e-11 -12675028.0
-751650500000.0 0.07975259 4.1517574e-11 -12675028.0
-745515000000.0 0.07910159 4.153419e-11 -12680746.0
-739378800000.0 0.07845052 4.153419e-11 -12680746.0
-733242650000.0 0.077799454 5.179135e-11 -12430803.0
-727107200000.0 0.07714847 5.179135e-11 -12430803.0
-720971000000.0 0.07649739 5.2108623e-11 -12514375.0
-714834840000.0 0.07584633 5.2108623e-11 -12514375.0
-708699360000.0 0.075195335 6.3515755e-11 -12344252.0
-702563160000.0 0.07454426 6.3515755e-11 -12344252.0
-696427350000.0 0.073893234 6.505393e-11 -12575298.0
-690291540000.0 0.0732422 6.505393e-11 -12575298.0
-684155340000.0 0.07259113 7.71441e-11 -12148585.0
-678019500000.0 0.0719401 7.71441e-11 -12148585.0
-671883700000.0 0.07128907 7.9708413e-11 -12311625.0
-665747500000.0 0.070638 7.9708413e-11 -12311625.0
-659612040000.0 0.06998701 9.19892e-11 -11514160.0
-653475900000.0 0.069335945 9.19892e-11 -11514160.0
-647339700000.0 0.068684876 9.4857004e-11 -11583496.0
-641204200000.0 0.068033874 9.4857004e-11 -11583496.0
-635068100000.0 0.06738281 1.1313802e-10 -10535877.0
-628931900000.0 0.06673174 1.1313802e-10 -10535877.0
-622796400000.0 0.06608075 1.1674156e-10 -10467494.0
-616660300000.0 0.06542969 1.1674156e-10 -10467494.0
-610524400000.0 0.06477865 1.4372786e-10 -9326514.0
-604388600000.0 0.06412762 1.4372786e-10 -9326514.0
-598252450000.0 0.063476555 1.476245e-10 -9128916.0
-592116600000.0 0.062825516 1.476245e-10 -9128916.0
-585980800000.0 0.062174488 1.6660298e-10 -8400571.0
-579844640000.0 0.061523426 1.6660298e-10 -8400571.0
-573709160000.0 0.060872428 1.6881067e-10 -8275800.0
-567572960000.0 0.06022136 1.6881067e-10 -8275800.0
-561436750000.0 0.059570286 1.6935747e-10 -8106662.5
-555301340000.0 0.058919296 1.6935747e-10 -8106662.5
-549165140000.0 0.058268227 1.6983065e-10 -8082182.0
-543028970000.0 0.057617158 1.6983065e-10 -8082182.0
-536893500000.0 0.056966167 1.524111e-10 -8440899.0
-530757320000.0 0.056315098 1.524111e-10 -8440899.0
-524621480000.0 0.055664066 1.5254499e-10 -8490448.0
-518485670000.0 0.055013034 1.5254499e-10 -8490448.0
-512349500000.0 0.05436197 1.2158828e-10 -9419104.0
-506213660000.0 0.053710938 1.2158828e-10 -9419104.0
-500077850000.0 0.053059906 1.2383229e-10 -9465193.0
-493941700000.0 0.052408837 1.2383229e-10 -9465193.0
-487806200000.0 0.051757842 1.0565647e-10 -10239335.0
-481670040000.0 0.051106777 1.0565647e-10 -10239335.0
-475533840000.0 0.050455708 1.0812504e-10 -10310156.0
-469398400000.0 0.049804714 1.0812504e-10 -10310156.0
-463262220000.0 0.049153645 1.01552176e-10 -10581211.0
-457126020000.0 0.048502576 1.01552176e-10 -10581211.0
-450990570000.0 0.047851585 1.0726711e-10 -10415051.0
-444854370000.0 0.047200516 1.0726711e-10 -10415051.0
-438718560000.0 0.046549484 1.1184838e-10 -10045784.0
-432582750000.0 0.045898452 1.1184838e-10 -10045784.0
-426446550000.0 0.045247383 1.3083397e-10 -9454148.0
-420310750000.0 0.04459635 1.3083397e-10 -9454148.0
-414174940000.0 0.043945324 1.6272414e-10 -8528259.0
-408038740000.0 0.043294255 1.6272414e-10 -8528259.0
-401903300000.0 0.04264326 2.0296939e-10 -7787260.5
-395767100000.0 0.04199219 2.0296939e-10 -7787260.5
-389630920000.0 0.041341122 2.433236e-10 -7214210.0
-383495470000.0 0.04069013 2.5211128e-10 -7069461.0
-377359270000.0 0.040039062 2.8388225e-10 -6659236.0
-371223100000.0 0.039387994 2.9012914e-10 -6567762.5
-365087620000.0 0.038736995 3.2032665e-10 -6256581.5
-358951450000.0 0.03808593 3.2543873e-10 -6200332.0
-352815640000.0 0.0374349 3.507632e-10 -6021069.5
-346679800000.0 0.03678387 3.6009346e-10 -5973448.0
-340543640000.0 0.0361328 3.8219072e-10 -6014121.5
-334407830000.0 0.035481773 3.8864215e-10 -6012538.0
-328272000000.0 0.034830738 3.8765532e-10 -6265527.0
-322135820000.0 0.03417967 3.8741088e-10 -6276941.5
-316000340000.0 0.033528678 3.7462747e-10 -6712044.0
-309864170000.0 0.03287761 3.7499553e-10 -6708669.5
-303728000000.0 0.03222654 3.7153536e-10 -6826418.5
-297592520000.0 0.031575546 3.7554576e-10 -6796980.0
-291456350000.0 0.030924477 3.5061837e-10 -6866285.5
-285320200000.0 0.030273411 3.5962833e-10 -6771195.5
-279184700000.0 0.029622415 3.3813485e-10 -6776166.0
-273048520000.0 0.028971346 3.5425646e-10 -6671870.0
-266912710000.0 0.028320316 3.3653122e-10 -6352685.5
-260776890000.0 0.027669284 3.7444303e-10 -6168167.0
-254640700000.0 0.027018217 4.1627707e-10 -5846947.5
-248504880000.0 0.026367186 4.8000326e-10 -5557809.0
-242369050000.0 0.025716154 5.0558746e-10 -4900211.0
-236232880000.0 0.025065087 5.342666e-10 -4658704.0
-230097420000.0 0.024414092 5.180555e-10 -4494130.5
-223961240000.0 0.023763025 4.885646e-10 -4575864.5
-217825070000.0 0.023111956 4.246491e-10 -4471754.5
-211689600000.0 0.022460962 3.8921277e-10 -4615386.0
-205553420000.0 0.021809895 3.6455577e-10 -4650563.0
-199417230000.0 0.021158826 3.9881423e-10 -4577977.0
-193281770000.0 0.020507833 4.5035053e-10 -4358954.5
-187145600000.0 0.019856764 5.053349e-10 -4382450.0
-181009780000.0 0.019205732 4.7923265e-10 -4525873.0
-174873950000.0 0.018554702 4.511966e-10 -4633519.0
-168737770000.0 0.017903633 4.6061466e-10 -4534036.0
-162601940000.0 0.017252602 4.4379547e-10 -4547063.0
-156466140000.0 0.016601572 4.323242e-10 -4589428.5
-150329950000.0 0.015950503 4.4798548e-10 -4624076.5
-144194490000.0 0.015299509 4.486562e-10 -4301233.5
-138058300000.0 0.014648439 5.1162125e-10 -4149106.5
-131922125000.0 0.013997372 5.1685073e-10 -4049711.8
-125786660000.0 0.013346379 5.126102e-10 -3849486.8
-119650484000.0 0.012695311 7.241872e-10 -3332286.0
-113514310000.0 0.012044242 8.544767e-10 -2660162.8
-107378840000.0 0.011393248 8.8887375e-10 -2488866.5
-101242670000.0 0.01074218 7.075497e-10 -2322347.0
-95106840000.0 0.010091149 6.210453e-10 -2344478.8
-88971020000.0 0.009440118 6.3693273e-10 -2352440.8
-82834840000.0 0.008789049 6.973748e-10 -2612782.2
-76699020000.0 0.008138019 5.8676175e-10 -2993346.2
-70563200000.0 0.0074869874 5.042145e-10 -3540595.5
-64427020000.0 0.006835919 4.826897e-10 -3507453.0
-58291556000.0 0.006184926 5.359415e-10 -2778258.5
-52155376000.0 0.0055338573 5.4798466e-10 -2644361.2
-46019200000.0 0.0048827888 5.292749e-10 -1756492.8
-39883735000.0 0.0042317957 7.5085727e-10 -713263.2
-33747554000.0 0.0035807267 8.8909924e-10 -604350.1
-27611376000.0 0.0029296577 9.335407e-10 -665543.94
-21475912000.0 0.0022786648 1.2928942e-09 -420254.75
-15339732000.0 0.0016275961 2.0583226e-09 -265831.2
-9203911000.0 0.0009765653 4.1307264e-09 -119230.15
9203911000.0 -0.0009765653 4.1697064e-09 -277912.0
15339732000.0 -0.0016275961 2.0349344e-09 -589077.3
21475912000.0 -0.0022786648 1.3686767e-09 -796390.7
27611376000.0 -0.0029296577 8.967006e-10 -1240942.4
33747554000.0 -0.0035807267 8.121653e-10 -1398966.2
39883735000.0 -0.0042317957 7.722143e-10 -1462469.9
46019200000.0 -0.0048827888 5.8811966e-10 -2064776.1
52155376000.0 -0.0055338573 5.8250404e-10 -2034442.2
58291556000.0 -0.006184926 4.8803667e-10 -2765929.5
64427020000.0 -0.006835919 4.5785825e-10 -3104635.2
70563200000.0 -0.0074869874 5.150441e-10 -3178752.8
76699020000.0 -0.008138019 7.5890993e-10 -3446484.0
82834840000.0 -0.008789049 6.3454436e-10 -3579741.5
88971020000.0 -0.009440118 4.1141096e-10 -4484247.0
95106840000.0 -0.010091149 2.2152978e-10 -6897358.0
101242670000.0 -0.01074218 1.1181433e-10 -9605974.0
107378840000.0 -0.011393248 1.0452681e-10 -9676491.0
113514310000.0 -0.012044242 4.8591197e-11 -10641151.0
119650484000.0 -0.012695311 nan nan
125786660000.0 -0.013346379 nan nan
131922125000.0 -0.013997372 nan nan
138058300000.0 -0.014648439 nan nan
144194490000.0 -0.015299509 nan nan
150329950000.0 -0.015950503 nan nan
156466140000.0 -0.016601572 nan nan
162601940000.0 -0.017252602 nan nan
168737770000.0 -0.017903633 nan nan
174873950000.0 -0.018554702 nan nan
181009780000.0 -0.019205732 nan nan
187145600000.0 -0.019856764 nan nan
193281770000.0 -0.020507833 nan nan
199417230000.0 -0.021158826 nan nan
205553420000.0 -0.021809895 nan nan
211689600000.0 -0.022460962 nan nan
217825070000.0 -0.023111956 nan nan
223961240000.0 -0.023763025 nan nan
230097420000.0 -0.024414092 nan nan
236232880000.0 -0.025065087 nan nan
242369050000.0 -0.025716154 nan nan
248504880000.0 -0.026367186 nan nan
254640700000.0 -0.027018217 nan nan
260776890000.0 -0.027669284 nan nan
266912710000.0 -0.028320316 nan nan
273048520000.0 -0.028971346 nan nan
279184700000.0 -0.029622415 nan nan
285320200000.0 -0.030273411 nan nan
291456350000.0 -0.030924477 nan nan
297592520000.0 -0.031575546 nan nan
303728000000.0 -0.03222654 nan nan
309864170000.0 -0.03287761 nan nan
316000340000.0 -0.033528678 nan nan
322135820000.0 -0.03417967 nan nan
328272000000.0 -0.034830738 nan nan
334407830000.0 -0.035481773 nan nan
