morphology_data/1d_wa_a0.1_l2r0.5_00001.ecsv
# %ECSV 1.0
# ---
# datatype:
# - {name: b, datatype: float32}
# - {name: phase, datatype: float32}
# - {name: sigma, datatype: float32}
# - {name: vr, datatype: float32}
# meta: {lambda: 2, rp: 0.5, sep: 0.1, wind: a}
# schema: astropy-2.0
b phase sigma vr
-4709321000000.0 0.49967447 2.4316512e-11 -20401678.0
-4703185300000.0 0.49902344 2.4316512e-11 -20401678.0
-4697049500000.0 0.4983724 2.4316512e-11 -20401678.0
-4690913300000.0 0.49772134 2.4316512e-11 -20401678.0
-4684777500000.0 0.4970703 2.5142539e-11 -20321442.0
-4678642000000.0 0.49641928 2.5142539e-11 -20321442.0
-4672506000000.0 0.49576828 2.5142539e-11 -20321442.0
-4666370000000.0 0.4951172 2.5142539e-11 -20321442.0
-4660234000000.0 0.4944662 2.7609753e-11 -19711516.0
-4654098000000.0 0.49381506 2.7609753e-11 -19711516.0
-4647962000000.0 0.4931641 2.7609753e-11 -19711516.0
-4641826000000.0 0.49251297 2.7609753e-11 -19711516.0
-4635690000000.0 0.49186197 2.7865599e-11 -19687946.0
-4629554300000.0 0.49121094 2.7865599e-11 -19687946.0
-4623418000000.0 0.49055988 2.7865599e-11 -19687946.0
-4617282000000.0 0.48990884 2.7865599e-11 -19687946.0
-4611146500000.0 0.4892578 2.8658227e-11 -19468480.0
-4605010000000.0 0.48860675 2.8658227e-11 -19468480.0
-4598874500000.0 0.48795572 2.8658227e-11 -19468480.0
-4592739000000.0 0.4873047 2.8658227e-11 -19468480.0
-4586603000000.0 0.48665366 2.8516012e-11 -19475590.0
-4580467000000.0 0.4860026 2.8516012e-11 -19475590.0
-4574331000000.0 0.48535156 2.8516012e-11 -19475590.0
-4568195300000.0 0.48470056 2.8516012e-11 -19475590.0
-4562059000000.0 0.48404947 2.7299694e-11 -19467286.0
-4555923000000.0 0.48339847 2.7299694e-11 -19467286.0
-4549787000000.0 0.48274735 2.7299694e-11 -19467286.0
-4543651000000.0 0.48209637 2.7299694e-11 -19467286.0
-4537515000000.0 0.48144525 2.631758e-11 -19518062.0
-4531379000000.0 0.48079422 2.631758e-11 -19518062.0
-4525243500000.0 0.48014325 2.631758e-11 -19518062.0
-4519107000000.0 0.47949213 2.631758e-11 -19518062.0
-4512971500000.0 0.47884113 2.3475019e-11 -19633060.0
-4506836000000.0 0.4781901 2.3475019e-11 -19633060.0
-4500700000000.0 0.47753906 2.3475019e-11 -19633060.0
-4494563700000.0 0.476888 2.3475019e-11 -19633060.0
-4488428000000.0 0.47623697 2.304025e-11 -19632250.0
-4482292000000.0 0.47558594 2.304025e-11 -19632250.0
-4476156500000.0 0.47493497 2.304025e-11 -19632250.0
-4470020000000.0 0.47428384 2.304025e-11 -19632250.0
-4463884500000.0 0.47363284 1.9815505e-11 -19822328.0
-4457748000000.0 0.47298175 1.9815505e-11 -19822328.0
-4451612500000.0 0.47233072 1.9815505e-11 -19822328.0
-4445477000000.0 0.47167972 1.9815505e-11 -19822328.0
-4439340500000.0 0.47102863 1.9672564e-11 -19816706.0
-4433205000000.0 0.47037762 1.9672564e-11 -19816706.0
-4427068500000.0 0.4697265 1.9672564e-11 -19816706.0
-4420932700000.0 0.46907553 1.9672564e-11 -19816706.0
-4414797000000.0 0.4684245 1.532517e-11 -20344006.0
-4408660700000.0 0.46777344 1.532517e-11 -20344006.0
-4402525000000.0 0.4671224 1.532517e-11 -20344006.0
-4396389200000.0 0.46647137 1.532517e-11 -20344006.0
-4390253500000.0 0.46582034 1.5267577e-11 -20340746.0
-4384117200000.0 0.46516925 1.5267577e-11 -20340746.0
-4377981500000.0 0.46451822 1.5267577e-11 -20340746.0
-4371845500000.0 0.4638672 1.5267577e-11 -20340746.0
-4365709500000.0 0.46321613 nan nan
-4359573500000.0 0.4625651 nan nan
-4353437700000.0 0.46191406 nan nan
-4347301500000.0 0.461263 nan nan
-4341165700000.0 0.46061197 nan nan
-4335030000000.0 0.45996094 nan nan
-4328894000000.0 0.4593099 nan nan
-4322758000000.0 0.45865884 nan nan
-4316622200000.0 0.4580078 nan nan
-4310486200000.0 0.45735678 nan nan
-4304350500000.0 0.45670575 nan nan
-4298214200000.0 0.4560547 nan nan
-4292078500000.0 0.45540366 nan nan
-4285942700000.0 0.45475262 nan nan
-4279806500000.0 0.45410153 nan nan
-4273670700000.0 0.45345053 nan nan
-4267534700000.0 0.4527995 nan nan
-4261398700000.0 0.4521484 nan nan
-4255262700000.0 0.45149738 nan nan
-4249127000000.0 0.45084634 nan nan
-4242991200000.0 0.4501953 nan nan
-4236855000000.0 0.44954425 nan nan
-4230719200000.0 0.44889322 nan nan
-4224583500000.0 0.4482422 nan nan
-4218447500000.0 0.44759116 nan nan
-4212311500000.0 0.4469401 nan nan
-4206175500000.0 0.44628906 nan nan
-4200039700000.0 0.44563803 nan nan
-4193903400000.0 0.44498697 nan nan
-4187767700000.0 0.44433594 nan nan
-4181632000000.0 0.4436849 nan nan
-4175495700000.0 0.44303384 nan nan
-4169360000000.0 0.4423828 nan nan
-4163224000000.0 0.44173178 nan nan
-4157088200000.0 0.44108075 nan nan
-4150952000000.0 0.44042966 nan nan
-4144816200000.0 0.43977866 nan nan
-4138680500000.0 0.43912762 nan nan
-4132544700000.0 0.4384766 nan nan
-4126408400000.0 0.4378255 nan nan
-4120272700000.0 0.43717447 nan nan
-4114136700000.0 0.43652344 nan nan
-4108000700000.0 0.43587238 nan nan
-4101864700000.0 0.43522134 nan nan
-4095729000000.0 0.4345703 nan nan
-4089592700000.0 0.43391925 nan nan
-4083457000000.0 0.43326822 nan nan
-4077321200000.0 0.4326172 nan nan
-4071185200000.0 0.43196616 nan nan
-4065049200000.0 0.4313151 nan nan
-4058913200000.0 0.43066406 nan nan
-4052777400000.0 0.43001303 nan nan
-4046641700000.0 0.429362 nan nan
-4040505400000.0 0.42871094 nan nan
-4034369700000.0 0.4280599 nan nan
-4028234000000.0 0.42740887 nan nan
-4022097700000.0 0.42675778 nan nan
-4015962000000.0 0.42610675 nan nan
-4009826000000.0 0.42545575 nan nan
-4003690000000.0 0.42480466 nan nan
-3997554000000.0 0.42415363 nan nan
-3991418200000.0 0.4235026 nan nan
-3985282400000.0 0.42285156 nan nan
-3979146400000.0 0.42220053 nan nan
-3973010400000.0 0.42154947 nan nan
-3966874700000.0 0.42089844 nan nan
-3960738700000.0 0.4202474 nan nan
-3954602700000.0 0.41959634 nan nan
-3948466700000.0 0.4189453 nan nan
-3942331000000.0 0.41829428 nan nan
-3936194700000.0 0.41764322 nan nan
-3930059000000.0 0.4169922 nan nan
-3923923200000.0 0.41634116 nan nan
-3917787000000.0 0.4156901 nan nan
-3911651400000.0 0.4150391 nan nan
-3905515200000.0 0.41438803 nan nan
-3899379200000.0 0.41373694 nan nan
-3893243700000.0 0.41308597 nan nan
-3887107400000.0 0.41243488 nan nan
-3880971700000.0 0.41178387 nan nan
-3874836000000.0 0.41113284 nan nan
-3868699700000.0 0.41048175 nan nan
-3862564000000.0 0.40983072 nan nan
-3856428000000.0 0.4091797 nan nan
-3850292000000.0 0.40852863 nan nan
-3844156000000.0 0.4078776 nan nan
-3838020200000.0 0.40722656 nan nan
-3831884000000.0 0.4065755 nan nan
-3825748400000.0 0.4059245 nan nan
-3819612400000.0 0.40527344 nan nan
-3813476100000.0 0.40462238 nan nan
-3807340700000.0 0.40397137 nan nan
-3801204400000.0 0.4033203 nan nan
-3795068600000.0 0.40266928 nan nan
-3788933000000.0 0.40201825 nan nan
-3782796600000.0 0.4013672 nan nan
-3776661000000.0 0.40071616 nan nan
-3770525200000.0 0.40006512 nan nan
-3764389000000.0 0.39941403 nan nan
-3758253100000.0 0.398763 nan nan
-3752117100000.0 0.39811197 nan nan
-3745981100000.0 0.3974609 nan nan
-3739845700000.0 0.39680994 nan nan
-3733709400000.0 0.39615884 nan nan
-3727573600000.0 0.3955078 nan nan
-3721437600000.0 0.39485678 nan nan
-3715301600000.0 0.39420572 nan nan
-3709165600000.0 0.3935547 nan nan
-3703030000000.0 0.39290366 nan nan
-3696894000000.0 0.3922526 nan nan
-3690758000000.0 0.39160156 nan nan
-3684622100000.0 0.39095053 nan nan
-3678486000000.0 0.39029947 nan nan
-3672350000000.0 0.38964844 nan nan
-3666214400000.0 0.3889974 nan nan
-3660078000000.0 0.38834634 nan nan
-3653942600000.0 0.38769534 nan nan
-3647806400000.0 0.38704428 nan nan
-3641670600000.0 0.38639325 nan nan
-3635535000000.0 0.38574222 nan nan
-3629398600000.0 0.38509113 nan nan
-3623263000000.0 0.3844401 nan nan
-3617127000000.0 0.3837891 nan nan
-3610991000000.0 0.383138 nan nan
-3604855000000.0 0.38248697 nan nan
-3598719000000.0 0.38183594 nan nan
-3592583000000.0 0.38118488 nan nan
-3586447000000.0 0.38053384 nan nan
-3580311400000.0 0.3798828 nan nan
-3574175000000.0 0.37923175 nan nan
-3568039600000.0 0.37858075 nan nan
-3561903600000.0 0.3779297 nan nan
-3555767600000.0 0.37727866 nan nan
-3549632000000.0 0.37662762 nan nan
-3543495600000.0 0.37597656 nan nan
-3537359900000.0 0.37532553 nan nan
-3531224000000.0 0.3746745 1.24760965e-11 -20754532.0
-3525087900000.0 0.37402344 1.24760965e-11 -20754532.0
-3518952000000.0 0.3733724 1.24760965e-11 -20754532.0
-3512816400000.0 0.37272137 1.24760965e-11 -20754532.0
-3506680000000.0 0.37207028 1.2473484e-11 -20754436.0
-3500544400000.0 0.37141925 1.2473484e-11 -20754436.0
-3494408400000.0 0.37076822 1.2473484e-11 -20754436.0
-3488272400000.0 0.37011716 1.2473484e-11 -20754436.0
-3482137000000.0 0.3694662 1.9210815e-11 -18793288.0
-3476000600000.0 0.3688151 1.9210815e-11 -18793288.0
-3469864900000.0 0.36816406 1.9210815e-11 -18793288.0
-3463728900000.0 0.36751303 1.9210815e-11 -18793288.0
-3457592900000.0 0.36686197 1.9206083e-11 -18793138.0
-3451456800000.0 0.36621094 1.9206083e-11 -18793138.0
-3445321000000.0 0.3655599 1.9206083e-11 -18793138.0
-3439184800000.0 0.36490884 1.9206083e-11 -18793138.0
-3433049000000.0 0.3642578 2.3132133e-11 -17674522.0
-3426913400000.0 0.36360678 2.3132133e-11 -17674522.0
-3420777000000.0 0.36295572 2.3132133e-11 -17674522.0
-3414641300000.0 0.3623047 2.3132133e-11 -17674522.0
-3408505600000.0 0.36165366 2.3127769e-11 -17674240.0
-3402369300000.0 0.3610026 2.3127769e-11 -17674240.0
-3396233900000.0 0.3603516 2.3127769e-11 -17674240.0
-3390097600000.0 0.35970053 2.3127769e-11 -17674240.0
-3383961800000.0 0.3590495 2.4169198e-11 -17343242.0
-3377826000000.0 0.35839847 2.4169198e-11 -17343242.0
-3371689800000.0 0.35774738 2.4169198e-11 -17343242.0
-3365554000000.0 0.35709634 2.4169198e-11 -17343242.0
-3359418000000.0 0.3564453 2.416752e-11 -17342988.0
-3353282000000.0 0.35579425 2.416752e-11 -17342988.0
-3347146300000.0 0.35514322 2.416752e-11 -17342988.0
-3341010300000.0 0.3544922 2.416752e-11 -17342988.0
-3334874300000.0 0.35384113 2.3194576e-11 -17488382.0
-3328738300000.0 0.3531901 2.3194576e-11 -17488382.0
-3322602600000.0 0.35253906 2.3194576e-11 -17488382.0
-3316466300000.0 0.351888 2.3194576e-11 -17488382.0
-3310330800000.0 0.351237 2.3196216e-11 -17488396.0
-3304194800000.0 0.35058594 2.3196216e-11 -17488396.0
-3298058800000.0 0.3499349 2.3196216e-11 -17488396.0
-3291923000000.0 0.34928387 2.3196216e-11 -17488396.0
-3285786800000.0 0.3486328 1.9466354e-11 -18688770.0
-3279651000000.0 0.34798178 1.9466354e-11 -18688770.0
-3273515300000.0 0.34733075 1.9466354e-11 -18688770.0
-3267379000000.0 0.3466797 1.9466354e-11 -18688770.0
-3261243300000.0 0.34602866 1.9570633e-11 -18695174.0
-3255107600000.0 0.34537762 1.9570633e-11 -18695174.0
-3248971300000.0 0.34472653 1.9570633e-11 -18695174.0
-3242835600000.0 0.3440755 1.9570633e-11 -18695174.0
-3236699600000.0 0.34342447 1.647323e-11 -20437256.0
-3230563600000.0 0.3427734 1.647323e-11 -20437256.0
-3224428000000.0 0.3421224 1.647323e-11 -20437256.0
-3218291800000.0 0.34147134 1.647323e-11 -20437256.0
-3212156000000.0 0.3408203 1.6965622e-11 -20416098.0
-3206020000000.0 0.34016928 1.6965622e-11 -20416098.0
-3199884000000.0 0.33951822 1.6965622e-11 -20416098.0
-3193748000000.0 0.3388672 1.6965622e-11 -20416098.0
-3187612300000.0 0.33821616 1.657834e-11 -20623622.0
-3181476000000.0 0.3375651 1.657834e-11 -20623622.0
-3175340300000.0 0.33691406 1.657834e-11 -20623622.0
-3169204600000.0 0.33626303 1.657834e-11 -20623622.0
-3163068300000.0 0.33561197 1.7437468e-11 -20538490.0
-3156932600000.0 0.33496094 1.7437468e-11 -20538490.0
-3150796800000.0 0.3343099 1.7437468e-11 -20538490.0
-3144660800000.0 0.33365887 1.7437468e-11 -20538490.0
-3138524800000.0 0.3330078 1.824479e-11 -19703394.0
-3132388800000.0 0.33235678 1.824479e-11 -19703394.0
-3126253000000.0 0.33170575 1.824479e-11 -19703394.0
-3120117300000.0 0.33105472 1.824479e-11 -19703394.0
-3113981000000.0 0.33040363 1.919331e-11 -19623684.0
-3107845300000.0 0.3297526 1.919331e-11 -19623684.0
-3101709300000.0 0.32910156 1.919331e-11 -19623684.0
-3095573300000.0 0.3284505 1.919331e-11 -19623684.0
-3089437300000.0 0.32779947 2.0359232e-11 -19061104.0
-3083301600000.0 0.32714844 2.0359232e-11 -19061104.0
-3077165500000.0 0.32649738 2.0359232e-11 -19061104.0
-3071029500000.0 0.32584634 2.0359232e-11 -19061104.0
-3064893800000.0 0.3251953 2.1972157e-11 -19048804.0
-3058758000000.0 0.32454428 2.1972157e-11 -19048804.0
-3052621800000.0 0.32389322 2.1972157e-11 -19048804.0
-3046486000000.0 0.3232422 2.1972157e-11 -19048804.0
-3040350000000.0 0.32259116 2.3842536e-11 -18835800.0
-3034214300000.0 0.32194012 2.3842536e-11 -18835800.0
-3028078000000.0 0.32128906 2.3842536e-11 -18835800.0
-3021942300000.0 0.32063803 2.3842536e-11 -18835800.0
-3015806600000.0 0.319987 2.6212676e-11 -18715834.0
-3009670300000.0 0.31933594 2.6212676e-11 -18715834.0
-3003534500000.0 0.3186849 2.6212676e-11 -18715834.0
-2997398800000.0 0.31803387 2.6212676e-11 -18715834.0
-2991262800000.0 0.31738284 2.866547e-11 -18722414.0
-2985126800000.0 0.31673178 2.866547e-11 -18722414.0
-2978990800000.0 0.31608072 2.866547e-11 -18722414.0
-2972855000000.0 0.3154297 2.866547e-11 -18722414.0
-2966718800000.0 0.31477863 3.108215e-11 -18588478.0
-2960583000000.0 0.3141276 3.108215e-11 -18588478.0
-2954447300000.0 0.31347656 3.108215e-11 -18588478.0
-2948311300000.0 0.31282553 3.108215e-11 -18588478.0
-2942175300000.0 0.31217447 3.316699e-11 -18974502.0
-2936039300000.0 0.3115234 3.316699e-11 -18974502.0
-2929903500000.0 0.3108724 3.316699e-11 -18974502.0
-2923767300000.0 0.3102213 3.316699e-11 -18974502.0
-2917631500000.0 0.3095703 3.5738818e-11 -18867174.0
-2911495800000.0 0.30891928 3.5738818e-11 -18867174.0
-2905359800000.0 0.30826822 3.5738818e-11 -18867174.0
-2899223800000.0 0.3076172 3.5738818e-11 -18867174.0
-2893088000000.0 0.30696616 3.7498303e-11 -19189948.0
-2886952000000.0 0.30631512 3.7498303e-11 -19189948.0
-2880816000000.0 0.30566406 3.7498303e-11 -19189948.0
-2874680000000.0 0.30501303 3.7498303e-11 -19189948.0
-2868544300000.0 0.304362 4.0299587e-11 -18910280.0
-2862408300000.0 0.30371094 4.0299587e-11 -18910280.0
-2856272300000.0 0.30305988 4.0299587e-11 -18910280.0
-2850136500000.0 0.30240884 4.0299587e-11 -18910280.0
-2844000500000.0 0.3017578 3.885786e-11 -18807022.0
-2837864500000.0 0.30110675 3.885786e-11 -18807022.0
-2831728500000.0 0.30045572 3.885786e-11 -18807022.0
-2825592800000.0 0.2998047 3.885786e-11 -18807022.0
-2819456800000.0 0.29915366 3.9804476e-11 -18477690.0
-2813320800000.0 0.2985026 3.9804476e-11 -18477690.0
-2807185000000.0 0.29785156 3.9804476e-11 -18477690.0
-2801049300000.0 0.29720056 3.9804476e-11 -18477690.0
-2794913000000.0 0.29654947 3.7972004e-11 -17997592.0
-2788777300000.0 0.29589847 3.7972004e-11 -17997592.0
-2782641300000.0 0.2952474 3.7972004e-11 -17997592.0
-2776505300000.0 0.29459634 3.7972004e-11 -17997592.0
-2770369200000.0 0.29394528 3.940419e-11 -17736368.0
-2764233500000.0 0.29329428 3.940419e-11 -17736368.0
-2758097800000.0 0.29264325 3.940419e-11 -17736368.0
-2751961800000.0 0.2919922 3.940419e-11 -17736368.0
-2745825800000.0 0.29134116 4.1921144e-11 -17471162.0
-2739689800000.0 0.2906901 4.1921144e-11 -17471162.0
-2733553700000.0 0.29003903 4.1921144e-11 -17471162.0
-2727418000000.0 0.28938803 4.1921144e-11 -17471162.0
-2721282000000.0 0.28873697 4.6877245e-11 -17402176.0
-2715146300000.0 0.28808594 4.6877245e-11 -17402176.0
-2709010300000.0 0.2874349 4.6877245e-11 -17402176.0
-2702874200000.0 0.28678384 4.6877245e-11 -17402176.0
-2696738500000.0 0.28613284 6.042961e-11 -16532332.0
-2690602500000.0 0.28548178 6.042961e-11 -16532332.0
-2684466500000.0 0.28483072 6.042961e-11 -16532332.0
-2678330500000.0 0.28417966 6.042961e-11 -16532332.0
-2672194700000.0 0.28352866 7.654136e-11 -15348781.0
-2666058700000.0 0.2828776 7.654136e-11 -15348781.0
-2659922700000.0 0.28222656 7.654136e-11 -15348781.0
-2653787000000.0 0.28157553 7.654136e-11 -15348781.0
-2647651000000.0 0.28092447 1.01766436e-10 -13130127.0
-2641515000000.0 0.28027344 1.01766436e-10 -13130127.0
-2635379200000.0 0.2796224 1.01766436e-10 -13130127.0
-2629243200000.0 0.27897137 1.01766436e-10 -13130127.0
-2623107200000.0 0.2783203 1.227681e-10 -11619075.0
-2616971200000.0 0.27766928 1.227681e-10 -11619075.0
-2610835500000.0 0.27701825 1.227681e-10 -11619075.0
-2604699500000.0 0.2763672 1.227681e-10 -11619075.0
