morphology_data/1d_wa_a0.05_l4r1_00001.ecsv
# %ECSV 1.0
# ---
# datatype:
# - {name: b, datatype: float32}
# - {name: phase, datatype: float32}
# - {name: sigma, datatype: float32}
# - {name: vr, datatype: float32}
# meta: {lambda: 4, rp: 1.0, sep: 0.05, wind: a}
# schema: astropy-2.0
b phase sigma vr
[from data line 307]
-1412796400000.0 0.2998047 6.5071637e-09 -802957.5
-1409728400000.0 0.29915366 6.846632e-09 -765859.4
-1406660400000.0 0.2985026 6.846632e-09 -765859.4
-1403592500000.0 0.29785156 6.846632e-09 -765859.4
-1400524600000.0 0.29720056 6.846632e-09 -765859.4
-1397456500000.0 0.29654947 6.901869e-09 -716615.2
-1394388600000.0 0.29589847 6.901869e-09 -716615.2
-1391320600000.0 0.2952474 6.901869e-09 -716615.2
-1388252600000.0 0.29459634 6.901869e-09 -716615.2
-1385184600000.0 0.29394528 7.2812174e-09 -720788.2
-1382116800000.0 0.29329428 7.2812174e-09 -720788.2
-1379048900000.0 0.29264325 7.2812174e-09 -720788.2
-1375980900000.0 0.2919922 7.2812174e-09 -720788.2
-1372912900000.0 0.29134116 7.3513147e-09 -694902.8
-1369844900000.0 0.2906901 7.3513147e-09 -694902.8
-1366776900000.0 0.29003903 7.3513147e-09 -694902.8
-1363709000000.0 0.28938803 7.3513147e-09 -694902.8
-1360641000000.0 0.28873697 7.645184e-09 -688895.9
-1357573100000.0 0.28808594 7.645184e-09 -688895.9
-1354505100000.0 0.2874349 7.645184e-09 -688895.9
-1351437100000.0 0.28678384 7.645184e-09 -688895.9
-1348369300000.0 0.28613284 7.694082e-09 -670554.56
-1345301300000.0 0.28548178 7.694082e-09 -670554.56
-1342233200000.0 0.28483072 7.694082e-09 -670554.56
-1339165200000.0 0.28417966 7.694082e-09 -670554.56
-1336097400000.0 0.28352866 7.8866735e-09 -659398.56
-1333029400000.0 0.2828776 7.8866735e-09 -659398.56
-1329961400000.0 0.28222656 7.8866735e-09 -659398.56
-1326893500000.0 0.28157553 7.8866735e-09 -659398.56
-1323825500000.0 0.28092447 7.880792e-09 -634437.75
-1320757500000.0 0.28027344 7.880792e-09 -634437.75
-1317689600000.0 0.2796224 7.880792e-09 -634437.75
-1314621600000.0 0.27897137 7.880792e-09 -634437.75
-1311553600000.0 0.2783203 7.983241e-09 -621080.25
-1308485600000.0 0.27766928 7.983241e-09 -621080.25
-1305417700000.0 0.27701825 7.983241e-09 -621080.25
-1302349700000.0 0.2763672 7.983241e-09 -621080.25
-1299281700000.0 0.27571613 7.951047e-09 -595995.1
-1296213900000.0 0.2750651 7.951047e-09 -595995.1
-1293145900000.0 0.27441406 7.951047e-09 -595995.1
-1290077900000.0 0.273763 7.951047e-09 -595995.1
-1287009900000.0 0.27311197 8.014757e-09 -578138.25
-1283942000000.0 0.27246094 8.014757e-09 -578138.25
-1280874000000.0 0.2718099 8.014757e-09 -578138.25
-1277806000000.0 0.27115884 8.014757e-09 -578138.25
-1274738100000.0 0.2705078 7.923729e-09 -558200.94
-1271670200000.0 0.2698568 7.923729e-09 -558200.94
-1268602200000.0 0.26920575 7.923729e-09 -558200.94
-1265534200000.0 0.2685547 7.923729e-09 -558200.94
-1262466200000.0 0.26790366 7.95855e-09 -538569.2
-1259398200000.0 0.2672526 7.95855e-09 -538569.2
-1256330200000.0 0.26660156 7.95855e-09 -538569.2
-1253262400000.0 0.26595053 7.95855e-09 -538569.2
-1250194500000.0 0.2652995 7.828276e-09 -513691.9
-1247126500000.0 0.26464844 7.828276e-09 -513691.9
-1244058500000.0 0.2639974 7.828276e-09 -513691.9
-1240990500000.0 0.26334634 7.828276e-09 -513691.9
-1237922500000.0 0.26269528 7.837338e-09 -499631.2
-1234854500000.0 0.26204425 7.837338e-09 -499631.2
-1231786600000.0 0.26139322 7.837338e-09 -499631.2
-1228718700000.0 0.2607422 7.837338e-09 -499631.2
-1225650700000.0 0.26009116 7.774614e-09 -479171.2
-1222582700000.0 0.2594401 7.774614e-09 -479171.2
-1219514900000.0 0.2587891 7.774614e-09 -479171.2
-1216446900000.0 0.25813803 7.774614e-09 -479171.2
-1213378900000.0 0.257487 7.776737e-09 -458772.94
-1210310900000.0 0.2568359 7.776737e-09 -458772.94
-1207243000000.0 0.2561849 7.776737e-09 -458772.94
-1204175000000.0 0.25553384 7.776737e-09 -458772.94
-1201107000000.0 0.2548828 7.843461e-09 -453664.75
-1198039100000.0 0.25423178 7.843461e-09 -453664.75
-1194971100000.0 0.25358072 7.843461e-09 -453664.75
-1191903100000.0 0.2529297 7.843461e-09 -453664.75
-1188835200000.0 0.25227866 7.82891e-09 -432366.78
-1185767200000.0 0.25162762 7.82891e-09 -432366.78
-1182699200000.0 0.25097656 7.82891e-09 -432366.78
-1179631200000.0 0.2503255 7.82891e-09 -432366.78
-1176563400000.0 0.24967448 7.900745e-09 -425578.12
-1173495300000.0 0.24902344 7.900745e-09 -425578.12
-1170427300000.0 0.24837239 7.900745e-09 -425578.12
-1167359500000.0 0.24772136 7.900745e-09 -425578.12
-1164291500000.0 0.2470703 7.940951e-09 -408981.6
-1161223500000.0 0.24641925 7.940951e-09 -408981.6
-1158155500000.0 0.2457682 7.940951e-09 -408981.6
-1155087600000.0 0.24511719 7.940951e-09 -408981.6
-1152019600000.0 0.24446614 7.997314e-09 -395645.8
-1148951600000.0 0.2438151 7.997314e-09 -395645.8
-1145883700000.0 0.24316406 7.997314e-09 -395645.8
-1142815900000.0 0.24251305 7.997314e-09 -395645.8
-1139747800000.0 0.241862 8.11271e-09 -387069.25
-1136679800000.0 0.24121095 8.11271e-09 -387069.25
-1133611800000.0 0.2405599 8.11271e-09 -387069.25
-1130543800000.0 0.23990884 8.11271e-09 -387069.25
-1127475800000.0 0.2392578 8.1827345e-09 -361860.5
-1124408000000.0 0.23860677 8.1827345e-09 -361860.5
-1121340100000.0 0.23795573 8.1827345e-09 -361860.5
-1118272100000.0 0.23730469 8.1827345e-09 -361860.5
-1115204100000.0 0.23665364 8.3057605e-09 -345881.47
-1112136100000.0 0.2360026 8.3057605e-09 -345881.47
-1109068100000.0 0.23535155 8.3057605e-09 -345881.47
-1106000100000.0 0.23470049 8.3057605e-09 -345881.47
-1102932200000.0 0.23404948 8.412378e-09 -315860.38
-1099864300000.0 0.23339845 8.412378e-09 -315860.38
-1096796340000.0 0.23274739 8.412378e-09 -315860.38
-1093728340000.0 0.23209634 8.412378e-09 -315860.38
-1090660400000.0 0.23144531 8.582942e-09 -297339.44
-1087592400000.0 0.23079427 8.582942e-09 -297339.44
-1084524400000.0 0.23014322 8.582942e-09 -297339.44
-1081456500000.0 0.22949219 8.582942e-09 -297339.44
-1078388600000.0 0.22884116 8.7670005e-09 -282878.5
-1075320600000.0 0.22819011 8.7670005e-09 -282878.5
-1072252600000.0 0.22753906 8.7670005e-09 -282878.5
-1069184650000.0 0.22688803 8.7670005e-09 -282878.5
-1066116700000.0 0.22623697 8.898775e-09 -248259.11
-1063048700000.0 0.22558592 8.898775e-09 -248259.11
-1059980800000.0 0.22493489 8.898775e-09 -248259.11
-1056912830000.0 0.22428386 8.898775e-09 -248259.11
-1053844800000.0 0.22363281 9.118343e-09 -231056.16
-1050776800000.0 0.22298177 9.118343e-09 -231056.16
-1047708960000.0 0.22233073 9.118343e-09 -231056.16
-1044640960000.0 0.22167969 9.118343e-09 -231056.16
-1041572950000.0 0.22102864 9.255036e-09 -189908.69
-1038505000000.0 0.22037761 9.255036e-09 -189908.69
-1035437150000.0 0.21972658 9.255036e-09 -189908.69
-1032369140000.0 0.21907552 9.255036e-09 -189908.69
-1029301140000.0 0.21842447 9.432308e-09 -166852.86
-1026233200000.0 0.21777344 9.432308e-09 -166852.86
-1023165200000.0 0.21712239 9.432308e-09 -166852.86
-1020097200000.0 0.21647134 9.432308e-09 -166852.86
-1017029300000.0 0.21582031 9.64945e-09 -131661.02
-1013961400000.0 0.21516928 9.64945e-09 -131661.02
-1010893400000.0 0.21451823 9.64945e-09 -131661.02
-1007825400000.0 0.21386719 9.64945e-09 -131661.02
-1004757450000.0 0.21321616 9.825414e-09 -88131.086
-1001689500000.0 0.2125651 9.825414e-09 -88131.086
-998621500000.0 0.21191405 9.825414e-09 -88131.086
-995553600000.0 0.21126302 9.825414e-09 -88131.086
-992485640000.0 0.21061198 1.0012348e-08 -58782.164
-989417640000.0 0.20996094 1.0012348e-08 -58782.164
-986349630000.0 0.20930989 1.0012348e-08 -58782.164
-983281760000.0 0.20865886 1.0012348e-08 -58782.164
-980213760000.0 0.20800781 1.0239477e-08 -16524.656
-977145760000.0 0.20735677 1.0239477e-08 -16524.656
-974077800000.0 0.20670573 1.0239477e-08 -16524.656
-971009950000.0 0.2060547 1.0239477e-08 -16524.656
-967941950000.0 0.20540364 1.0490523e-08 22810.936
-964873950000.0 0.2047526 1.0490523e-08 22810.936
-961806000000.0 0.20410156 1.0490523e-08 22810.936
-958738140000.0 0.20345053 1.0490523e-08 22810.936
-955670000000.0 0.20279947 1.0614316e-08 48603.83
-952602100000.0 0.20214844 1.0614316e-08 48603.83
-949534200000.0 0.2014974 1.0614316e-08 48603.83
-946466200000.0 0.20084636 1.0614316e-08 48603.83
-943398200000.0 0.20019531 1.0872321e-08 74513.09
-940330250000.0 0.19954428 1.0872321e-08 74513.09
-937262400000.0 0.19889325 1.0872321e-08 74513.09
-934194300000.0 0.19824217 1.0872321e-08 74513.09
-931126400000.0 0.19759114 1.1112891e-08 120544.53
-928058440000.0 0.19694011 1.1112891e-08 120544.53
-924990440000.0 0.19628906 1.1112891e-08 120544.53
-921922440000.0 0.19563802 1.1112891e-08 120544.53
-918854570000.0 0.19498698 1.1251039e-08 132185.48
-915786600000.0 0.19433595 1.1251039e-08 132185.48
-912718560000.0 0.19368488 1.1251039e-08 132185.48
-909650600000.0 0.19303386 1.1251039e-08 132185.48
-906582750000.0 0.19238283 1.1470465e-08 153216.97
-903514750000.0 0.19173177 1.1470465e-08 153216.97
-900446750000.0 0.19108072 1.1470465e-08 153216.97
-897378800000.0 0.19042969 1.1470465e-08 153216.97
-894310900000.0 0.18977866 1.1705706e-08 201470.92
-891242800000.0 0.1891276 1.1705706e-08 201470.92
-888174940000.0 0.18847656 1.1705706e-08 201470.92
-885107000000.0 0.18782553 1.1705706e-08 201470.92
-882039000000.0 0.18717448 1.1814576e-08 211500.58
-878971000000.0 0.18652342 1.1814576e-08 211500.58
-875903060000.0 0.1858724 1.1814576e-08 211500.58
-872835200000.0 0.18522137 1.1814576e-08 211500.58
-869767050000.0 0.1845703 1.1979404e-08 244520.62
-866699200000.0 0.18391927 1.1979404e-08 244520.62
-863631250000.0 0.18326823 1.1979404e-08 244520.62
-860563240000.0 0.18261719 1.1979404e-08 244520.62
-857495400000.0 0.18196616 1.2191469e-08 302052.3
-854427400000.0 0.18131511 1.2191469e-08 302052.3
-851359400000.0 0.18066408 1.2191469e-08 302052.3
-848291360000.0 0.180013 1.2191469e-08 302052.3
-845223400000.0 0.17936198 1.2220884e-08 316456.7
-842155560000.0 0.17871095 1.2220884e-08 316456.7
-839087400000.0 0.17805988 1.2220884e-08 316456.7
-836019700000.0 0.17740889 1.2220884e-08 316456.7
-832951600000.0 0.17675781 1.2378123e-08 347664.56
-829883550000.0 0.17610675 1.2378123e-08 347664.56
-826815800000.0 0.17545575 1.2378123e-08 347664.56
-823747740000.0 0.17480469 1.2378123e-08 347664.56
-820679600000.0 0.17415361 1.2559135e-08 429673.47
-817611870000.0 0.17350262 1.2559135e-08 429673.47
-814543800000.0 0.17285155 1.2559135e-08 429673.47
-811475860000.0 0.17220053 1.2559135e-08 429673.47
-808408000000.0 0.1715495 1.2430591e-08 417634.34
-805339860000.0 0.17089842 1.2430591e-08 417634.34
-802272000000.0 0.17024739 1.2430591e-08 417634.34
-799204050000.0 0.16959636 1.2430591e-08 417634.34
-796136000000.0 0.1689453 1.25228325e-08 449930.75
-793068240000.0 0.1682943 1.25228325e-08 449930.75
-790000200000.0 0.16764323 1.25228325e-08 449930.75
-786932040000.0 0.16699216 1.25228325e-08 449930.75
-783864370000.0 0.16634117 1.25826185e-08 503869.6
-780796200000.0 0.1656901 1.25826185e-08 503869.6
-777728160000.0 0.16503903 1.25826185e-08 503869.6
-774660400000.0 0.16438805 1.25826185e-08 503869.6
-771592360000.0 0.16373697 1.2459979e-08 468104.8
-768524400000.0 0.16308594 1.2459979e-08 468104.8
-765456500000.0 0.1624349 1.2459979e-08 468104.8
-762388400000.0 0.16178384 1.2459979e-08 468104.8
-759320540000.0 0.16113281 1.2717801e-08 475946.0
-756252600000.0 0.16048178 1.2717801e-08 475946.0
-753184540000.0 0.1598307 1.2717801e-08 475946.0
-750116800000.0 0.15917972 1.2717801e-08 475946.0
-747048670000.0 0.15852864 1.2853533e-08 503665.62
-743980600000.0 0.15787758 1.2853533e-08 503665.62
-740912860000.0 0.15722659 1.2853533e-08 503665.62
-737844800000.0 0.15657552 1.2853533e-08 503665.62
-734776700000.0 0.15592445 1.3015871e-08 496198.3
-731709000000.0 0.15527347 1.3015871e-08 496198.3
-728640850000.0 0.15462239 1.3015871e-08 496198.3
-725573000000.0 0.15397136 1.3015871e-08 496198.3
-722505040000.0 0.15332033 1.3445387e-08 530818.3
-719437000000.0 0.15266925 1.3445387e-08 530818.3
-716369040000.0 0.15201822 1.3445387e-08 530818.3
-713301160000.0 0.1513672 1.3445387e-08 530818.3
-710233000000.0 0.15071613 1.3707028e-08 572862.75
-707165300000.0 0.15006512 1.3707028e-08 572862.75
-704097200000.0 0.14941406 1.3707028e-08 572862.75
-701029150000.0 0.148763 1.3707028e-08 572862.75
-697961400000.0 0.148112 1.4070888e-08 621063.4
-694893300000.0 0.14746092 1.4070888e-08 621063.4
-691825200000.0 0.14680986 1.4070888e-08 621063.4
-688757500000.0 0.14615887 1.4070888e-08 621063.4
-685689400000.0 0.1455078 1.4452562e-08 681671.06
-682621500000.0 0.14485677 1.4452562e-08 681671.06
-679553600000.0 0.14420575 1.4452562e-08 681671.06
-676485460000.0 0.14355466 1.4452562e-08 681671.06
-673417600000.0 0.14290364 1.474497e-08 741967.4
-670349660000.0 0.14225261 1.474497e-08 741967.4
-667281600000.0 0.14160155 1.474497e-08 741967.4
-664213850000.0 0.14095055 1.474497e-08 741967.4
-661145800000.0 0.14029948 1.4997658e-08 796749.25
-658077650000.0 0.13964841 1.4997658e-08 796749.25
-655009900000.0 0.1389974 1.4997658e-08 796749.25
-651941840000.0 0.13834634 1.4997658e-08 796749.25
-648873800000.0 0.13769528 1.5263682e-08 867719.06
-645806000000.0 0.1370443 1.5263682e-08 867719.06
-642737960000.0 0.13639323 1.5263682e-08 867719.06
-639670000000.0 0.13574219 1.5263682e-08 867719.06
-636602100000.0 0.13509116 1.5524332e-08 906058.5
-633534000000.0 0.1344401 1.5524332e-08 906058.5
-630466100000.0 0.13378905 1.5524332e-08 906058.5
-627398200000.0 0.13313803 1.5524332e-08 906058.5
-624330150000.0 0.13248697 1.5793614e-08 955718.75
-621262400000.0 0.13183598 1.5793614e-08 955718.75
-618194300000.0 0.13118489 1.5793614e-08 955718.75
-615126200000.0 0.13053383 1.5793614e-08 955718.75
-612058460000.0 0.12988284 1.5965401e-08 1030817.56
-608990400000.0 0.12923177 1.5965401e-08 1030817.56
-605922260000.0 0.12858069 1.5965401e-08 1030817.56
-602854600000.0 0.12792972 1.5965401e-08 1030817.56
-599786460000.0 0.12727864 1.6190395e-08 1075797.1
-596718600000.0 0.12662761 1.6190395e-08 1075797.1
-593650650000.0 0.12597658 1.6190395e-08 1075797.1
-590582600000.0 0.1253255 1.6190395e-08 1075797.1
-587514640000.0 0.12467448 1.6484538e-08 1126006.6
-584446800000.0 0.12402345 1.6484538e-08 1126006.6
-581378640000.0 0.123372376 1.6484538e-08 1126006.6
-578310900000.0 0.12272138 1.6484538e-08 1126006.6
-575242800000.0 0.12207031 1.6552153e-08 1183424.2
-572174760000.0 0.12141925 1.6552153e-08 1183424.2
-569107000000.0 0.12076825 1.6552153e-08 1183424.2
-566038900000.0 0.12011717 1.6552153e-08 1183424.2
-562970800000.0 0.11946611 1.6836571e-08 1207554.0
-559903100000.0 0.118815124 1.6836571e-08 1207554.0
-556835000000.0 0.118164055 1.6836571e-08 1207554.0
-553767100000.0 0.11751302 1.6836571e-08 1207554.0
-550699200000.0 0.11686199 1.7076175e-08 1215687.9
-547631100000.0 0.11621092 1.7076175e-08 1215687.9
-544563200000.0 0.11555989 1.7076175e-08 1215687.9
-541495260000.0 0.11490886 1.7076175e-08 1215687.9
-538427200000.0 0.11425779 1.7500003e-08 1211150.0
-535359460000.0 0.113606796 1.7500003e-08 1211150.0
-532291350000.0 0.11295573 1.7500003e-08 1211150.0
-529223300000.0 0.11230466 1.7500003e-08 1211150.0
-526155550000.0 0.11165367 1.79118e-08 1222233.1
-523087450000.0 0.1110026 1.79118e-08 1222233.1
-520019350000.0 0.11035153 1.79118e-08 1222233.1
-516951640000.0 0.10970054 1.79118e-08 1222233.1
-513883540000.0 0.10904947 1.8201536e-08 1214186.8
-510815630000.0 0.10839844 1.8201536e-08 1214186.8
-507747730000.0 0.107747406 1.8201536e-08 1214186.8
-504679630000.0 0.10709634 1.8201536e-08 1214186.8
-501611720000.0 0.106445305 1.8718948e-08 1243589.2
-498543820000.0 0.10579427 1.8718948e-08 1243589.2
-495475720000.0 0.10514321 1.8718948e-08 1243589.2
-492407980000.0 0.10449222 1.8718948e-08 1243589.2
-489339900000.0 0.10384115 1.9181812e-08 1238535.0
-486271800000.0 0.10319008 1.9181812e-08 1238535.0
-483204070000.0 0.102539085 1.9181812e-08 1238535.0
-480135970000.0 0.101888016 1.9181812e-08 1238535.0
-477067900000.0 0.10123695 1.98198e-08 1271208.0
-474000160000.0 0.10058595 1.98198e-08 1271208.0
-470932060000.0 0.09993488 1.98198e-08 1271208.0
-467864160000.0 0.09928385 1.98198e-08 1271208.0
-464796250000.0 0.09863283 2.0239469e-08 1271414.5
-461728150000.0 0.09798176 2.0239469e-08 1271414.5
-458660250000.0 0.09733073 2.0239469e-08 1271414.5
-455592350000.0 0.096679695 2.0239469e-08 1271414.5
