morphology_data/1d_wb_a0.05_l2r1_00001.ecsv
# %ECSV 1.0
# ---
# datatype:
# - {name: b, datatype: float32}
# - {name: phase, datatype: float32}
# - {name: sigma, datatype: float32}
# - {name: vr, datatype: float32}
# meta: {lambda: 2, rp: 1.0, sep: 0.05, wind: b}
# schema: astropy-2.0
b phase sigma vr
[from data line 1369]
1857651000000.0 -0.39420575 nan nan
1860718700000.0 -0.39485675 nan nan
1863786800000.0 -0.3955078 nan nan
1866854800000.0 -0.3961589 nan nan
1869922600000.0 -0.39680988 nan nan
1872990300000.0 -0.39746088 nan nan
1876058800000.0 -0.39811203 nan nan
1879126600000.0 -0.398763 nan nan
1882194300000.0 -0.399414 nan nan
1885262700000.0 -0.40006515 nan nan
1888330400000.0 -0.40071616 nan nan
1891398200000.0 -0.40136713 nan nan
1894466600000.0 -0.40201828 nan nan
1897534300000.0 -0.40266928 nan nan
1900602000000.0 -0.40332028 nan nan
1903670500000.0 -0.4039714 nan nan
1906738200000.0 -0.4046224 nan nan
1909806000000.0 -0.4052734 nan nan
1912874100000.0 -0.40592447 nan nan
1915942200000.0 -0.40657553 nan nan
1919010000000.0 -0.40722653 nan nan
1922078000000.0 -0.4078776 nan nan
1925146100000.0 -0.40852866 nan nan
1928213800000.0 -0.40917966 nan nan
1931282000000.0 -0.40983072 nan nan
1934350000000.0 -0.4104818 nan nan
1937417700000.0 -0.41113278 nan nan
1940485800000.0 -0.41178387 nan nan
1943553800000.0 -0.41243494 nan nan
1946621600000.0 -0.4130859 nan nan
1949689700000.0 -0.413737 nan nan
1952757800000.0 -0.41438806 nan nan
1955825600000.0 -0.41503906 nan nan
1958893300000.0 -0.41569003 nan nan
1961961700000.0 -0.4163412 nan nan
1965029500000.0 -0.4169922 nan nan
1968097200000.0 -0.4176432 nan nan
1971165600000.0 -0.4182943 nan nan
1974233300000.0 -0.4189453 nan nan
1977301100000.0 -0.4195963 nan nan
1980369600000.0 -0.42024744 nan nan
1983437300000.0 -0.42089844 nan nan
1986505000000.0 -0.42154944 nan nan
1989573500000.0 -0.4222006 nan nan
1992641200000.0 -0.42285156 nan nan
1995709000000.0 -0.42350256 nan nan
1998777000000.0 -0.42415363 nan nan
2001845100000.0 -0.42480472 nan nan
2004912800000.0 -0.4254557 nan nan
2007981000000.0 -0.42610675 nan nan
2011049000000.0 -0.42675784 nan nan
2014116700000.0 -0.4274088 nan nan
2017184800000.0 -0.4280599 nan nan
2020253000000.0 -0.42871097 nan nan
2023320700000.0 -0.42936197 nan nan
2026388700000.0 -0.43001303 nan nan
2029456900000.0 -0.4306641 nan nan
2032524600000.0 -0.4313151 nan nan
2035592600000.0 -0.43196616 nan nan
2038660700000.0 -0.43261722 nan nan
2041728500000.0 -0.43326822 nan nan
2044796200000.0 -0.43391922 nan nan
2047864600000.0 -0.43457034 nan nan
2050932300000.0 -0.43522134 nan nan
2054000100000.0 -0.43587235 nan nan
2057068600000.0 -0.4365235 nan nan
2060136300000.0 -0.43717447 nan nan
2063204100000.0 -0.43782547 nan nan
2066272500000.0 -0.43847662 nan nan
2069340200000.0 -0.43912762 nan nan
2072408000000.0 -0.4397786 nan nan
2075476400000.0 -0.44042975 nan nan
2078544100000.0 -0.44108075 nan nan
2081611800000.0 -0.44173172 nan nan
2084680000000.0 -0.4423828 nan nan
2087748000000.0 -0.44303387 nan nan
2090815700000.0 -0.44368488 nan nan
2093883900000.0 -0.44433594 nan nan
2096952000000.0 -0.444987 nan nan
2100019700000.0 -0.445638 nan nan
2103087700000.0 -0.44628906 nan nan
2106155900000.0 -0.44694012 nan nan
2109223600000.0 -0.44759113 nan nan
2112291700000.0 -0.4482422 nan nan
2115359700000.0 -0.44889325 nan nan
2118427500000.0 -0.44954425 nan nan
2121495600000.0 -0.4501953 nan nan
2124563600000.0 -0.4508464 nan nan
2127631400000.0 -0.45149738 nan nan
2130699100000.0 -0.45214838 nan nan
2133767600000.0 -0.45279953 nan nan
2136835400000.0 -0.45345053 nan nan
2139903100000.0 -0.4541015 nan nan
2142971500000.0 -0.45475265 nan nan
2146039200000.0 -0.45540366 nan nan
2149107000000.0 -0.45605463 nan nan
2152175400000.0 -0.45670578 nan nan
2155243100000.0 -0.45735678 nan nan
2158310900000.0 -0.45800778 nan nan
2161379400000.0 -0.4586589 nan nan
2164447000000.0 -0.4593099 nan nan
2167514700000.0 -0.4599609 nan nan
2170582900000.0 -0.46061197 nan nan
2173651000000.0 -0.46126303 nan nan
2176718700000.0 -0.46191403 nan nan
2179786700000.0 -0.4625651 nan nan
2182854900000.0 -0.46321616 nan nan
2185922600000.0 -0.46386716 nan nan
2188990700000.0 -0.46451822 nan nan
2192058700000.0 -0.4651693 nan nan
2195126500000.0 -0.46582028 nan nan
2198194600000.0 -0.46647137 nan nan
2201262800000.0 -0.46712244 nan nan
2204330400000.0 -0.46777344 nan nan
2207398500000.0 -0.4684245 nan nan
2210466600000.0 -0.46907556 nan nan
2213534200000.0 -0.4697265 nan nan
2216602000000.0 -0.47037753 nan nan
2219670500000.0 -0.4710287 nan nan
2222738400000.0 -0.47167972 nan nan
2225806000000.0 -0.4723307 nan nan
2228874400000.0 -0.4729818 nan nan
2231942300000.0 -0.47363284 nan nan
2235009900000.0 -0.4742838 nan nan
2238078300000.0 -0.47493497 nan nan
2241146000000.0 -0.47558594 nan nan
2244213700000.0 -0.47623694 nan nan
2247282000000.0 -0.47688803 nan nan
2250350000000.0 -0.47753906 nan nan
2253417600000.0 -0.47819003 nan nan
2256485700000.0 -0.47884113 nan nan
2259554000000.0 -0.47949222 nan nan
2262621700000.0 -0.48014325 nan nan
2265689600000.0 -0.48079422 nan nan
2268757800000.0 -0.48144534 nan nan
2271825600000.0 -0.48209637 nan nan
2274893500000.0 -0.48274735 nan nan
2277961600000.0 -0.48339847 nan nan
2281029500000.0 -0.48404947 nan nan
2284097600000.0 -0.48470056 nan nan
2287165500000.0 -0.48535156 nan nan
2290233400000.0 -0.4860026 nan nan
2293301500000.0 -0.48665366 nan nan
2296369600000.0 -0.48730478 nan nan
2299437300000.0 -0.48795572 nan nan
2302505000000.0 -0.48860675 nan nan
2305573500000.0 -0.48925787 nan nan
2308641000000.0 -0.48990884 nan nan
2311709000000.0 -0.49055988 nan nan
2314777400000.0 -0.491211 nan nan
2317845000000.0 -0.49186197 nan nan
2320913000000.0 -0.49251297 nan nan
2323981300000.0 -0.49316412 nan nan
2327049000000.0 -0.49381506 nan nan
2330116800000.0 -0.4944661 nan nan
2333185100000.0 -0.49511725 nan nan
2336253000000.0 -0.49576828 nan nan
2339320600000.0 -0.49641922 nan nan
2342388800000.0 -0.4970703 nan nan
2345457000000.0 -0.49772137 nan nan
2348524500000.0 -0.49837238 nan nan
2351592600000.0 -0.49902344 nan nan
2354660800000.0 -0.4996745 nan nan
