morphology_data/1d_wb_a0.05_l8r1_00001.ecsv
# %ECSV 1.0
# ---
# datatype:
# - {name: b, datatype: float32}
# - {name: phase, datatype: float32}
# - {name: sigma, datatype: float32}
# - {name: vr, datatype: float32}
# meta: {lambda: 8, rp: 1.0, sep: 0.05, wind: b}
# schema: astropy-2.0
b phase sigma vr
[from data line 688]
-243903100000.0 0.051757842 9.678686e-09 -508703.22
-240835020000.0 0.051106777 9.678686e-09 -508703.22
-237766920000.0 0.050455708 9.436642e-09 -489375.84
-234699200000.0 0.049804714 9.436642e-09 -489375.84
-231631110000.0 0.049153645 9.172466e-09 -472052.16
-228563010000.0 0.048502576 9.172466e-09 -472052.16
-225495290000.0 0.047851585 9.01519e-09 -451867.4
-222427190000.0 0.047200516 9.01519e-09 -451867.4
-219359280000.0 0.046549484 8.908451e-09 -428051.44
-216291380000.0 0.045898452 8.908451e-09 -428051.44
-213223280000.0 0.045247383 8.925035e-09 -396145.56
-210155370000.0 0.04459635 8.925035e-09 -396145.56
-207087470000.0 0.043945324 8.983792e-09 -361532.62
-204019370000.0 0.043294255 8.983792e-09 -361532.62
-200951640000.0 0.04264326 8.984745e-09 -327821.94
-197883540000.0 0.04199219 8.984745e-09 -327821.94
-194815460000.0 0.041341122 8.984182e-09 -306745.75
-191747740000.0 0.04069013 9.123655e-09 -267918.28
-188679630000.0 0.040039062 9.3153005e-09 -217890.31
-185611550000.0 0.039387994 9.505904e-09 -176344.23
-182543810000.0 0.038736995 9.665455e-09 -138261.75
-179475730000.0 0.03808593 9.809606e-09 -109502.21
-176407820000.0 0.0374349 9.909217e-09 -81137.3
-173339900000.0 0.03678387 1.0033001e-08 -57897.94
-170271820000.0 0.0361328 1.0107713e-08 -36663.9
-167203910000.0 0.035481773 1.0169362e-08 -27325.271
-164136000000.0 0.034830738 1.0206879e-08 -15998.463
-161067910000.0 0.03417967 1.0272823e-08 -12432.278
-158000170000.0 0.033528678 1.0323655e-08 -2226.5344
-154932080000.0 0.03287761 1.0377846e-08 -8980.02
-151864000000.0 0.03222654 1.0381566e-08 -15811.347
-148796260000.0 0.031575546 1.0480789e-08 -29987.13
-145728180000.0 0.030924477 1.041761e-08 -21054.865
-142660100000.0 0.030273411 1.0386886e-08 -51297.008
-139592350000.0 0.029622415 1.0407021e-08 -57132.234
-136524260000.0 0.028971346 1.0543452e-08 -74213.55
-133456355000.0 0.028320316 1.0654492e-08 -76463.875
-130388440000.0 0.027669284 1.0910179e-08 -72706.12
-127320350000.0 0.027018217 1.1089436e-08 -58069.027
-124252440000.0 0.026367186 1.1461902e-08 -43045.805
-121184530000.0 0.025716154 1.1783174e-08 -14356.999
-118116440000.0 0.025065087 1.2175825e-08 -4024.0354
-115048710000.0 0.024414092 1.2531696e-08 17978.299
-111980620000.0 0.023763025 1.2929004e-08 22978.068
-108912530000.0 0.023111956 1.3259028e-08 50705.77
-105844800000.0 0.022460962 1.3714489e-08 81649.58
-102776710000.0 0.021809895 1.4061339e-08 124391.586
-99708620000.0 0.021158826 1.437752e-08 136295.75
-96640885000.0 0.020507833 1.4564124e-08 148178.9
-93572800000.0 0.019856764 1.4817786e-08 144398.38
-90504890000.0 0.019205732 1.5037267e-08 145142.5
-87436980000.0 0.018554702 1.542521e-08 145206.28
-84368880000.0 0.017903633 1.5908672e-08 158461.81
-81300970000.0 0.017252602 1.6565306e-08 161488.36
-78233070000.0 0.016601572 1.7283199e-08 187382.45
-75164975000.0 0.015950503 1.8091846e-08 208676.77
-72097240000.0 0.015299509 1.9067922e-08 250728.75
-69029150000.0 0.014648439 1.9955985e-08 271722.25
-65961062000.0 0.013997372 2.0864523e-08 300459.97
-62893330000.0 0.013346379 2.1974149e-08 328607.84
-59825242000.0 0.012695311 2.3305603e-08 346154.06
-56757154000.0 0.012044242 2.4502487e-08 336667.88
-53689420000.0 0.011393248 2.5672563e-08 325932.22
-50621334000.0 0.01074218 2.7305806e-08 323420.56
-47553420000.0 0.010091149 2.9584251e-08 327842.2
-44485510000.0 0.009440118 3.199385e-08 324580.28
-41417420000.0 0.008789049 3.501183e-08 328941.38
-38349510000.0 0.008138019 3.910747e-08 333661.7
-35281600000.0 0.0074869874 4.4141938e-08 327705.75
-32213510000.0 0.006835919 5.047418e-08 319387.1
-29145778000.0 0.006184926 5.8662007e-08 307265.3
-26077688000.0 0.0055338573 7.0186665e-08 291123.1
-23009600000.0 0.0048827888 8.688944e-08 271705.62
-19941868000.0 0.0042317957 1.1329473e-07 247302.22
-16873777000.0 0.0035807267 1.5967584e-07 218369.55
-13805688000.0 0.0029296577 2.5662806e-07 182073.22
-10737956000.0 0.0022786648 5.349525e-07 135215.83
-7669866000.0 0.0016275961 2.0860305e-06 63304.016
7669866000.0 -0.0016275961 2.7029612e-06 -20062.66
10737956000.0 -0.0022786648 6.077109e-07 -114577.6
13805688000.0 -0.0029296577 2.7823407e-07 -172217.78
16873777000.0 -0.0035807267 1.7002215e-07 -216067.75
19941868000.0 -0.0042317957 1.1997031e-07 -245779.4
23009600000.0 -0.0048827888 9.2222415e-08 -264550.4
26077688000.0 -0.0055338573 7.493728e-08 -276309.75
29145778000.0 -0.006184926 6.31489e-08 -279759.3
32213510000.0 -0.006835919 5.477154e-08 -279219.78
35281600000.0 -0.0074869874 4.856095e-08 -277476.84
38349510000.0 -0.008138019 4.4041805e-08 -266874.56
41417420000.0 -0.008789049 4.0232358e-08 -248435.27
44485510000.0 -0.009440118 3.7167187e-08 -225711.45
47553420000.0 -0.010091149 3.4639317e-08 -208805.67
50621334000.0 -0.01074218 3.255537e-08 -201490.08
53689420000.0 -0.011393248 3.0791934e-08 -207252.86
56757154000.0 -0.012044242 2.9274602e-08 -230953.83
59825242000.0 -0.012695311 2.7990227e-08 -265062.9
62893330000.0 -0.013346379 2.6902004e-08 -307789.62
65961062000.0 -0.013997372 2.591295e-08 -352885.8
69029150000.0 -0.014648439 2.4898405e-08 -397241.47
72097240000.0 -0.015299509 2.3810603e-08 -431545.34
75164975000.0 -0.015950503 2.2693577e-08 -453845.72
78233070000.0 -0.016601572 2.1694575e-08 -470011.97
81300970000.0 -0.017252602 2.0867766e-08 -483413.6
84368880000.0 -0.017903633 2.0199073e-08 -488932.0
87436980000.0 -0.018554702 1.9729008e-08 -494594.3
90504890000.0 -0.019205732 1.9966357e-08 -520385.94
93572800000.0 -0.019856764 2.0782046e-08 -541210.3
96640885000.0 -0.020507833 2.119393e-08 -529236.25
99708620000.0 -0.021158826 2.1275131e-08 -506561.03
102776710000.0 -0.021809895 2.1542096e-08 -484231.1
105844800000.0 -0.022460962 2.1403562e-08 -458923.6
108912530000.0 -0.023111956 2.1176128e-08 -436042.47
111980620000.0 -0.023763025 2.1122545e-08 -428290.44
115048710000.0 -0.024414092 2.1308729e-08 -421972.78
118116440000.0 -0.025065087 2.174962e-08 -419584.53
121184530000.0 -0.025716154 2.2421785e-08 -425719.72
124252440000.0 -0.026367186 2.3074987e-08 -420063.75
127320350000.0 -0.027018217 2.356181e-08 -409406.97
130388440000.0 -0.027669284 2.3858615e-08 -395507.16
133456355000.0 -0.028320316 2.397655e-08 -374602.16
136524260000.0 -0.028971346 2.4063894e-08 -353342.2
139592350000.0 -0.029622415 2.4198236e-08 -330534.03
142660100000.0 -0.030273411 2.4590747e-08 -297891.22
145728180000.0 -0.030924477 2.583906e-08 -228445.44
148796260000.0 -0.031575546 2.9119304e-08 -89083.07
151864000000.0 -0.03222654 3.3190226e-08 48599.977
154932080000.0 -0.03287761 3.696413e-08 117282.305
158000170000.0 -0.033528678 4.039313e-08 143584.17
161067910000.0 -0.03417967 4.329658e-08 153707.33
164136000000.0 -0.034830738 4.569732e-08 165325.97
167203910000.0 -0.035481773 4.7627324e-08 182748.12
170271820000.0 -0.0361328 4.89922e-08 205190.75
173339900000.0 -0.03678387 4.93631e-08 229151.03
176407820000.0 -0.0374349 4.8527994e-08 245321.75
179475730000.0 -0.03808593 4.7043905e-08 254127.55
182543810000.0 -0.038736995 4.5164178e-08 249526.55
185611550000.0 -0.039387994 4.3327347e-08 239215.58
188679630000.0 -0.040039062 4.149115e-08 226715.67
191747740000.0 -0.04069013 4.0103913e-08 227857.62
194815460000.0 -0.041341122 3.893816e-08 226602.33
197883540000.0 -0.04199219 3.817513e-08 248406.61
200951640000.0 -0.04264326 3.817513e-08 248406.61
204019370000.0 -0.043294255 3.6938715e-08 249573.58
207087470000.0 -0.043945324 3.6938715e-08 249573.58
210155370000.0 -0.04459635 3.6400788e-08 261938.27
213223280000.0 -0.045247383 3.6400788e-08 261938.27
216291380000.0 -0.045898452 3.6146872e-08 268128.75
219359280000.0 -0.046549484 3.6146872e-08 268128.75
222427190000.0 -0.047200516 3.5976534e-08 272418.38
225495290000.0 -0.047851585 3.5976534e-08 272418.38
228563010000.0 -0.048502576 3.6139028e-08 271928.78
231631110000.0 -0.049153645 3.6139028e-08 271928.78
234699200000.0 -0.049804714 3.6413617e-08 265175.84
237766920000.0 -0.050455708 3.6413617e-08 265175.84
240835020000.0 -0.051106777 3.6997285e-08 256317.52
243903100000.0 -0.051757842 3.6997285e-08 256317.52
246970840000.0 -0.052408837 3.753464e-08 240813.92
250038930000.0 -0.053059906 3.753464e-08 240813.92
253106830000.0 -0.053710938 3.790169e-08 216523.17
256174750000.0 -0.05436197 3.790169e-08 216523.17
259242840000.0 -0.055013034 3.7679012e-08 177014.36
262310740000.0 -0.055664066 3.7679012e-08 177014.36
265378660000.0 -0.056315098 3.7025902e-08 133055.66
268446740000.0 -0.056966167 3.7025902e-08 133055.66
271514480000.0 -0.057617158 3.6118617e-08 94794.99
274582570000.0 -0.058268227 3.6118617e-08 94794.99
277650670000.0 -0.058919296 3.522078e-08 70481.06
280718380000.0 -0.059570286 3.522078e-08 70481.06
283786480000.0 -0.06022136 3.468533e-08 63268.84
286854580000.0 -0.060872428 3.468533e-08 63268.84
289922320000.0 -0.061523426 3.437942e-08 63602.188
292990400000.0 -0.062174488 3.437942e-08 63602.188
296058300000.0 -0.062825516 3.3897237e-08 42805.125
299126230000.0 -0.063476555 3.3897237e-08 42805.125
302194300000.0 -0.06412762 3.27893e-08 -10553.3545
305262200000.0 -0.06477865 3.27893e-08 -10553.3545
308330140000.0 -0.06542969 3.0858104e-08 -88491.98
311398200000.0 -0.06608075 3.0858104e-08 -88491.98
314465940000.0 -0.06673174 2.8743845e-08 -164071.16
317534040000.0 -0.06738281 2.8743845e-08 -164071.16
320602100000.0 -0.068033874 2.6662718e-08 -226147.58
323669850000.0 -0.068684876 2.6662718e-08 -226147.58
326737950000.0 -0.069335945 2.458323e-08 -289511.78
329806020000.0 -0.06998701 2.458323e-08 -289511.78
332873760000.0 -0.070638 2.248187e-08 -349363.8
335941860000.0 -0.07128907 2.248187e-08 -349363.8
339009770000.0 -0.0719401 2.0437742e-08 -405659.84
342077670000.0 -0.07259113 2.0437742e-08 -405659.84
345145770000.0 -0.0732422 1.8699666e-08 -462442.7
348213670000.0 -0.073893234 1.8699666e-08 -462442.7
351281580000.0 -0.07454426 1.7405025e-08 -515024.34
354349680000.0 -0.075195335 1.7405025e-08 -515024.34
357417420000.0 -0.07584633 1.6543973e-08 -560154.94
360485500000.0 -0.07649739 1.6543973e-08 -560154.94
363553600000.0 -0.07714847 1.603047e-08 -598855.6
366621330000.0 -0.077799454 1.603047e-08 -598855.6
369689400000.0 -0.07845052 1.588852e-08 -630022.8
372757500000.0 -0.07910159 1.588852e-08 -630022.8
375825240000.0 -0.07975259 1.6113207e-08 -650354.8
378893340000.0 -0.080403656 1.6113207e-08 -650354.8
381961240000.0 -0.08105469 1.6643071e-08 -656828.0
385029140000.0 -0.08170572 1.6643071e-08 -656828.0
388097250000.0 -0.08235679 1.7424828e-08 -661280.6
391165150000.0 -0.08300782 1.7424828e-08 -661280.6
394233050000.0 -0.08365885 1.764853e-08 -666011.94
397301150000.0 -0.08430992 1.764853e-08 -666011.94
400368860000.0 -0.08496091 1.764853e-08 -666011.94
403436960000.0 -0.08561198 1.764853e-08 -666011.94
406505060000.0 -0.086263046 1.9100744e-08 -685899.44
409572800000.0 -0.08691404 1.9100744e-08 -685899.44
412640870000.0 -0.08756511 1.9100744e-08 -685899.44
415708770000.0 -0.08821614 1.9100744e-08 -685899.44
418776700000.0 -0.08886717 2.0415628e-08 -731309.44
421844780000.0 -0.08951824 2.0415628e-08 -731309.44
424912680000.0 -0.09016927 2.0415628e-08 -731309.44
427980620000.0 -0.090820305 2.0415628e-08 -731309.44
431048700000.0 -0.091471374 2.1533783e-08 -788527.06
434116430000.0 -0.09212236 2.1533783e-08 -788527.06
437184530000.0 -0.09277343 2.1533783e-08 -788527.06
440252600000.0 -0.0934245 2.1533783e-08 -788527.06
443320340000.0 -0.09407549 2.1878769e-08 -837204.4
446388440000.0 -0.09472656 2.1878769e-08 -837204.4
449456500000.0 -0.09537763 2.1878769e-08 -837204.4
452524240000.0 -0.096028626 2.1878769e-08 -837204.4
455592350000.0 -0.096679695 2.143467e-08 -876148.2
458660250000.0 -0.09733073 2.143467e-08 -876148.2
461728150000.0 -0.09798176 2.143467e-08 -876148.2
464796250000.0 -0.09863283 2.143467e-08 -876148.2
467864160000.0 -0.09928385 2.0368267e-08 -916699.8
470932060000.0 -0.09993488 2.0368267e-08 -916699.8
474000160000.0 -0.10058595 2.0368267e-08 -916699.8
477067900000.0 -0.10123695 2.0368267e-08 -916699.8
480135970000.0 -0.101888016 1.9049622e-08 -975046.8
483204070000.0 -0.102539085 1.9049622e-08 -975046.8
486271800000.0 -0.10319008 1.9049622e-08 -975046.8
489339900000.0 -0.10384115 1.9049622e-08 -975046.8
492407980000.0 -0.10449222 1.8180994e-08 -1029147.25
495475720000.0 -0.10514321 1.8180994e-08 -1029147.25
498543820000.0 -0.10579427 1.8180994e-08 -1029147.25
501611720000.0 -0.106445305 1.8180994e-08 -1029147.25
504679630000.0 -0.10709634 1.7831939e-08 -1060562.1
507747730000.0 -0.107747406 1.7831939e-08 -1060562.1
510815630000.0 -0.10839844 1.7831939e-08 -1060562.1
513883540000.0 -0.10904947 1.7831939e-08 -1060562.1
516951640000.0 -0.10970054 1.7670203e-08 -1073273.2
520019350000.0 -0.11035153 1.7670203e-08 -1073273.2
523087450000.0 -0.1110026 1.7670203e-08 -1073273.2
526155550000.0 -0.11165367 1.7670203e-08 -1073273.2
529223300000.0 -0.11230466 1.75493e-08 -1053765.4
532291350000.0 -0.11295573 1.75493e-08 -1053765.4
535359460000.0 -0.113606796 1.75493e-08 -1053765.4
538427200000.0 -0.11425779 1.75493e-08 -1053765.4
541495260000.0 -0.11490886 1.7081051e-08 -1000798.06
544563200000.0 -0.11555989 1.7081051e-08 -1000798.06
547631100000.0 -0.11621092 1.7081051e-08 -1000798.06
550699200000.0 -0.11686199 1.7081051e-08 -1000798.06
553767100000.0 -0.11751302 1.6082376e-08 -902123.25
556835000000.0 -0.118164055 1.6082376e-08 -902123.25
559903100000.0 -0.118815124 1.6082376e-08 -902123.25
562970800000.0 -0.11946611 1.6082376e-08 -902123.25
566038900000.0 -0.12011717 1.5091606e-08 -780855.5
569107000000.0 -0.12076825 1.5091606e-08 -780855.5
572174760000.0 -0.12141925 1.5091606e-08 -780855.5
575242800000.0 -0.12207031 1.5091606e-08 -780855.5
578310900000.0 -0.12272138 1.4265811e-08 -647889.1
581378640000.0 -0.123372376 1.4265811e-08 -647889.1
584446800000.0 -0.12402345 1.4265811e-08 -647889.1
587514640000.0 -0.12467448 1.4265811e-08 -647889.1
590582600000.0 -0.1253255 1.3671171e-08 -524007.47
593650650000.0 -0.12597658 1.3671171e-08 -524007.47
596718600000.0 -0.12662761 1.3671171e-08 -524007.47
599786460000.0 -0.12727864 1.3671171e-08 -524007.47
602854600000.0 -0.12792972 1.3496608e-08 -404791.03
605922260000.0 -0.12858069 1.3496608e-08 -404791.03
608990400000.0 -0.12923177 1.3496608e-08 -404791.03
612058460000.0 -0.12988284 1.3496608e-08 -404791.03
615126200000.0 -0.13053383 1.3283981e-08 -267740.38
618194300000.0 -0.13118489 1.3283981e-08 -267740.38
621262400000.0 -0.13183598 1.3283981e-08 -267740.38
624330150000.0 -0.13248697 1.3283981e-08 -267740.38
627398200000.0 -0.13313803 1.2716913e-08 -221533.7
630466100000.0 -0.13378905 1.2716913e-08 -221533.7
633534000000.0 -0.1344401 1.2716913e-08 -221533.7
636602100000.0 -0.13509116 1.2716913e-08 -221533.7
639670000000.0 -0.13574219 1.2320048e-08 -237691.42
642737960000.0 -0.13639323 1.2320048e-08 -237691.42
645806000000.0 -0.1370443 1.2320048e-08 -237691.42
648873800000.0 -0.13769528 1.2320048e-08 -237691.42
651941840000.0 -0.13834634 1.1070727e-08 -363922.22
655009900000.0 -0.1389974 1.1070727e-08 -363922.22
658077650000.0 -0.13964841 1.1070727e-08 -363922.22
661145800000.0 -0.14029948 1.1070727e-08 -363922.22
664213850000.0 -0.14095055 9.246008e-09 -613271.5
667281600000.0 -0.14160155 9.246008e-09 -613271.5
670349660000.0 -0.14225261 9.246008e-09 -613271.5
673417800000.0 -0.14290369 9.246008e-09 -613271.5
676485460000.0 -0.14355466 7.84771e-09 -878912.1
679553600000.0 -0.14420575 7.84771e-09 -878912.1
682621670000.0 -0.14485681 7.84771e-09 -878912.1
685689400000.0 -0.1455078 7.84771e-09 -878912.1
688757150000.0 -0.1461588 7.2771953e-09 -1061481.4
691825600000.0 -0.14680995 7.2771953e-09 -1061481.4
694893300000.0 -0.14746092 7.2771953e-09 -1061481.4
697961000000.0 -0.14811192 7.2771953e-09 -1061481.4
701029500000.0 -0.14876308 7.088335e-09 -1134888.0
704097200000.0 -0.14941406 7.088335e-09 -1134888.0
707164960000.0 -0.15006506 7.088335e-09 -1134888.0
710233400000.0 -0.1507162 7.088335e-09 -1134888.0
713301160000.0 -0.1513672 7.209182e-09 -1166871.2
716368840000.0 -0.15201817 7.209182e-09 -1166871.2
