morphology_data/1d_wc_a0.1_l2r1_00001.ecsv
# %ECSV 1.0
# ---
# datatype:
# - {name: b, datatype: float32}
# - {name: phase, datatype: float32}
# - {name: sigma, datatype: float32}
# - {name: vr, datatype: float32}
# meta: {lambda: 2, rp: 1.0, sep: 0.1, wind: c}
# schema: astropy-2.0
b phase sigma vr
[from data line 822]
346679800000.0 -0.03678387 nan nan
352815640000.0 -0.0374349 nan nan
358951450000.0 -0.03808593 nan nan
365087620000.0 -0.038736995 nan nan
371223100000.0 -0.039387994 nan nan
377359270000.0 -0.040039062 nan nan
383495470000.0 -0.04069013 nan nan
389630920000.0 -0.041341122 nan nan
395767100000.0 -0.04199219 nan nan
401903300000.0 -0.04264326 nan nan
408038740000.0 -0.043294255 nan nan
414174940000.0 -0.043945324 nan nan
420310750000.0 -0.04459635 nan nan
426446550000.0 -0.045247383 nan nan
432582750000.0 -0.045898452 nan nan
438718560000.0 -0.046549484 nan nan
444854370000.0 -0.047200516 nan nan
450990570000.0 -0.047851585 nan nan
457126020000.0 -0.048502576 nan nan
463262220000.0 -0.049153645 nan nan
469398400000.0 -0.049804714 nan nan
475533840000.0 -0.050455708 nan nan
481670040000.0 -0.051106777 nan nan
487806200000.0 -0.051757842 nan nan
493941700000.0 -0.052408837 nan nan
500077850000.0 -0.053059906 nan nan
506213660000.0 -0.053710938 nan nan
512349500000.0 -0.05436197 nan nan
518485670000.0 -0.055013034 nan nan
524621480000.0 -0.055664066 nan nan
530757320000.0 -0.056315098 nan nan
536893500000.0 -0.056966167 nan nan
543028970000.0 -0.057617158 nan nan
549165140000.0 -0.058268227 nan nan
555301340000.0 -0.058919296 nan nan
561436750000.0 -0.059570286 nan nan
567572960000.0 -0.06022136 nan nan
573709160000.0 -0.060872428 nan nan
579844640000.0 -0.061523426 nan nan
585980800000.0 -0.062174488 nan nan
592116600000.0 -0.062825516 nan nan
598252450000.0 -0.063476555 nan nan
604388600000.0 -0.06412762 nan nan
610524400000.0 -0.06477865 nan nan
616660300000.0 -0.06542969 nan nan
622796400000.0 -0.06608075 nan nan
628931900000.0 -0.06673174 nan nan
635068100000.0 -0.06738281 nan nan
641204200000.0 -0.068033874 nan nan
647339700000.0 -0.068684876 nan nan
653475900000.0 -0.069335945 nan nan
659612040000.0 -0.06998701 nan nan
665747500000.0 -0.070638 nan nan
671883700000.0 -0.07128907 nan nan
678019500000.0 -0.0719401 nan nan
684155340000.0 -0.07259113 nan nan
690291540000.0 -0.0732422 nan nan
696427350000.0 -0.073893234 nan nan
702563160000.0 -0.07454426 nan nan
708699360000.0 -0.075195335 nan nan
714834840000.0 -0.07584633 nan nan
720971000000.0 -0.07649739 nan nan
727107200000.0 -0.07714847 nan nan
733242650000.0 -0.077799454 nan nan
739378800000.0 -0.07845052 nan nan
745515000000.0 -0.07910159 nan nan
751650500000.0 -0.07975259 nan nan
757786700000.0 -0.080403656 nan nan
763922500000.0 -0.08105469 nan nan
770058300000.0 -0.08170572 nan nan
776194500000.0 -0.08235679 nan nan
782330300000.0 -0.08300782 nan nan
788466100000.0 -0.08365885 nan nan
794602300000.0 -0.08430992 nan nan
800737700000.0 -0.08496091 nan nan
806873900000.0 -0.08561198 nan nan
813010100000.0 -0.086263046 nan nan
819145600000.0 -0.08691404 nan nan
825281740000.0 -0.08756511 nan nan
831417550000.0 -0.08821614 nan nan
837553400000.0 -0.08886717 nan nan
843689560000.0 -0.08951824 nan nan
849825370000.0 -0.09016927 nan nan
855961240000.0 -0.090820305 nan nan
862097400000.0 -0.091471374 nan nan
868232860000.0 -0.09212236 nan nan
874369060000.0 -0.09277343 nan nan
880505200000.0 -0.0934245 nan nan
886640700000.0 -0.09407549 nan nan
892776900000.0 -0.09472656 nan nan
898913000000.0 -0.09537763 nan nan
905048500000.0 -0.096028626 nan nan
911184700000.0 -0.096679695 nan nan
917320500000.0 -0.09733073 nan nan
923456300000.0 -0.09798176 nan nan
929592500000.0 -0.09863283 nan nan
935728300000.0 -0.09928385 nan nan
941864100000.0 -0.09993488 nan nan
948000300000.0 -0.10058595 nan nan
954135800000.0 -0.10123695 nan nan
960271940000.0 -0.101888016 nan nan
966408140000.0 -0.102539085 nan nan
972543600000.0 -0.10319008 nan nan
978679800000.0 -0.10384115 nan nan
984815960000.0 -0.10449222 nan nan
990951440000.0 -0.10514321 nan nan
997087640000.0 -0.10579427 nan nan
1003223450000.0 -0.106445305 nan nan
1009359260000.0 -0.10709634 nan nan
1015495460000.0 -0.107747406 nan nan
1021631270000.0 -0.10839844 nan nan
1027767100000.0 -0.10904947 nan nan
1033903300000.0 -0.10970054 nan nan
1040038700000.0 -0.11035153 nan nan
1046174900000.0 -0.1110026 nan nan
1052311100000.0 -0.11165367 nan nan
1058446600000.0 -0.11230466 nan nan
1064582700000.0 -0.11295573 nan nan
1070718900000.0 -0.113606796 nan nan
1076854400000.0 -0.11425779 nan nan
1082990500000.0 -0.11490886 nan nan
1089126400000.0 -0.11555989 nan nan
1095262200000.0 -0.11621092 nan nan
1101398400000.0 -0.11686199 nan nan
1107534200000.0 -0.11751302 nan nan
1113670000000.0 -0.118164055 nan nan
1119806200000.0 -0.118815124 nan nan
1125941600000.0 -0.11946611 nan nan
1132077800000.0 -0.12011717 nan nan
1138214000000.0 -0.12076825 nan nan
1144349500000.0 -0.12141925 nan nan
1150485700000.0 -0.12207031 nan nan
1156621800000.0 -0.12272138 nan nan
1162757300000.0 -0.123372376 nan nan
1168893500000.0 -0.12402345 nan nan
1175029300000.0 -0.12467448 nan nan
1181165200000.0 -0.1253255 nan nan
1187301300000.0 -0.12597658 nan nan
1193437200000.0 -0.12662761 nan nan
1199572900000.0 -0.12727864 nan nan
1205709200000.0 -0.12792972 nan nan
1211844500000.0 -0.12858069 nan nan
1217980800000.0 -0.12923177 nan nan
1224116900000.0 -0.12988284 nan nan
1230252400000.0 -0.13053383 nan nan
1236388500000.0 -0.13118489 nan nan
1242524800000.0 -0.13183598 nan nan
1248660300000.0 -0.13248697 nan nan
1254796400000.0 -0.13313803 nan nan
1260932200000.0 -0.13378905 nan nan
1267068000000.0 -0.1344401 nan nan
1273204200000.0 -0.13509116 nan nan
1279340000000.0 -0.13574219 nan nan
1285475900000.0 -0.13639323 nan nan
1291612000000.0 -0.1370443 nan nan
1297747500000.0 -0.13769528 nan nan
1303883700000.0 -0.13834634 nan nan
1310019800000.0 -0.1389974 nan nan
1316155300000.0 -0.13964841 nan nan
1322291600000.0 -0.14029948 nan nan
1328427700000.0 -0.14095055 nan nan
1334563200000.0 -0.14160155 nan nan
1340699300000.0 -0.14225261 nan nan
1346835600000.0 -0.14290369 nan nan
1352970900000.0 -0.14355466 nan nan
1359107200000.0 -0.14420575 nan nan
1365243300000.0 -0.14485681 nan nan
1371378800000.0 -0.1455078 nan nan
1377514300000.0 -0.1461588 nan nan
1383651200000.0 -0.14680995 nan nan
1389786600000.0 -0.14746092 nan nan
1395922000000.0 -0.14811192 nan nan
1402059000000.0 -0.14876308 nan nan
1408194400000.0 -0.14941406 nan nan
1414329900000.0 -0.15006506 nan nan
1420466800000.0 -0.1507162 nan nan
1426602300000.0 -0.1513672 nan nan
1432737700000.0 -0.15201817 nan nan
1438874600000.0 -0.15266933 nan nan
1445010100000.0 -0.15332033 nan nan
1451145600000.0 -0.15397131 nan nan
1457281700000.0 -0.15462239 nan nan
1463418000000.0 -0.15527347 nan nan
1469553400000.0 -0.15592445 nan nan
1475689600000.0 -0.15657552 nan nan
1481825700000.0 -0.15722659 nan nan
1487961200000.0 -0.15787758 nan nan
1494097300000.0 -0.15852864 nan nan
1500233600000.0 -0.15917972 nan nan
1506369100000.0 -0.1598307 nan nan
1512505200000.0 -0.16048178 nan nan
1518641300000.0 -0.16113284 nan nan
1524776800000.0 -0.16178384 nan nan
1530913000000.0 -0.1624349 nan nan
1537049200000.0 -0.16308598 nan nan
1543184700000.0 -0.16373697 nan nan
1549320200000.0 -0.16438797 nan nan
1555457000000.0 -0.1650391 nan nan
1561592500000.0 -0.1656901 nan nan
1567728000000.0 -0.1663411 nan nan
1573864900000.0 -0.16699223 nan nan
1580000300000.0 -0.16764323 nan nan
1586135800000.0 -0.16829422 nan nan
1592272600000.0 -0.16894537 nan nan
1598408100000.0 -0.16959636 nan nan
1604543600000.0 -0.17024736 nan nan
1610679700000.0 -0.17089842 nan nan
1616816000000.0 -0.1715495 nan nan
1622951500000.0 -0.17220049 nan nan
1629087600000.0 -0.17285155 nan nan
1635223700000.0 -0.17350262 nan nan
1641359200000.0 -0.17415361 nan nan
1647495500000.0 -0.17480469 nan nan
1653631600000.0 -0.17545575 nan nan
1659767100000.0 -0.17610675 nan nan
1665903200000.0 -0.17675781 nan nan
1672039400000.0 -0.17740889 nan nan
1678174800000.0 -0.17805988 nan nan
1684311100000.0 -0.17871095 nan nan
1690447200000.0 -0.17936201 nan nan
1696582700000.0 -0.180013 nan nan
1702718200000.0 -0.180664 nan nan
1708855000000.0 -0.18131514 nan nan
1714990500000.0 -0.18196614 nan nan
1721126000000.0 -0.18261713 nan nan
1727262900000.0 -0.18326828 nan nan
1733398400000.0 -0.18391927 nan nan
1739533800000.0 -0.18457027 nan nan
1745670800000.0 -0.1852214 nan nan
1751806100000.0 -0.1858724 nan nan
1757941600000.0 -0.1865234 nan nan
1764078500000.0 -0.18717454 nan nan
1770214000000.0 -0.18782553 nan nan
1776349500000.0 -0.18847652 nan nan
1782485600000.0 -0.1891276 nan nan
1788621800000.0 -0.18977866 nan nan
1794757200000.0 -0.19042966 nan nan
1800893500000.0 -0.19108072 nan nan
1807029600000.0 -0.1917318 nan nan
1813165100000.0 -0.19238278 nan nan
1819301200000.0 -0.19303386 nan nan
1825437500000.0 -0.19368492 nan nan
1831572900000.0 -0.19433591 nan nan
1837709100000.0 -0.19498698 nan nan
1843845300000.0 -0.19563805 nan nan
1849980700000.0 -0.19628905 nan nan
1856116900000.0 -0.19694011 nan nan
1862253200000.0 -0.19759119 nan nan
1868388600000.0 -0.19824217 nan nan
1874524000000.0 -0.19889317 nan nan
1880660900000.0 -0.19954431 nan nan
1886796400000.0 -0.20019531 nan nan
1892931900000.0 -0.2008463 nan nan
1899068800000.0 -0.20149745 nan nan
1905204300000.0 -0.20214844 nan nan
1911339600000.0 -0.20279942 nan nan
1917476500000.0 -0.20345058 nan nan
1923612000000.0 -0.20410156 nan nan
1929747500000.0 -0.20475256 nan nan
1935884400000.0 -0.2054037 nan nan
1942019900000.0 -0.2060547 nan nan
1948155400000.0 -0.20670569 nan nan
1954291500000.0 -0.20735677 nan nan
1960427700000.0 -0.20800783 nan nan
1966563100000.0 -0.20865881 nan nan
1972699300000.0 -0.20930989 nan nan
1978835500000.0 -0.20996095 nan nan
1984971000000.0 -0.21061195 nan nan
1991107100000.0 -0.21126302 nan nan
1997243300000.0 -0.21191409 nan nan
2003378800000.0 -0.21256508 nan nan
2009514900000.0 -0.21321616 nan nan
2015651200000.0 -0.21386722 nan nan
2021786600000.0 -0.2145182 nan nan
2027922800000.0 -0.21516928 nan nan
2034058900000.0 -0.21582034 nan nan
2040194400000.0 -0.21647134 nan nan
2046329900000.0 -0.21712233 nan nan
2052466800000.0 -0.21777348 nan nan
2058602300000.0 -0.21842447 nan nan
2064737800000.0 -0.21907547 nan nan
2070874600000.0 -0.2197266 nan nan
2077010000000.0 -0.22037761 nan nan
2083145500000.0 -0.2210286 nan nan
2089282400000.0 -0.22167975 nan nan
2095417900000.0 -0.22233073 nan nan
2101553400000.0 -0.22298172 nan nan
2107690200000.0 -0.22363287 nan nan
2113825700000.0 -0.22428386 nan nan
2119961100000.0 -0.22493486 nan nan
2126097400000.0 -0.22558592 nan nan
2132233600000.0 -0.226237 nan nan
2138369000000.0 -0.22688799 nan nan
2144505200000.0 -0.22753906 nan nan
2150641300000.0 -0.22819012 nan nan
2156776800000.0 -0.22884111 nan nan
2162913000000.0 -0.22949219 nan nan
2169049200000.0 -0.23014325 nan nan
2175184700000.0 -0.23079425 nan nan
2181320800000.0 -0.23144531 nan nan
2187457100000.0 -0.23209639 nan nan
2193592400000.0 -0.23274738 nan nan
2199728700000.0 -0.23339845 nan nan
2205865000000.0 -0.23404953 nan nan
2212000200000.0 -0.23470049 nan nan
2218135700000.0 -0.23535149 nan nan
2224272700000.0 -0.23600265 nan nan
2230408200000.0 -0.23665364 nan nan
2236543700000.0 -0.23730463 nan nan
2242680500000.0 -0.23795578 nan nan
2248816000000.0 -0.23860677 nan nan
2254951400000.0 -0.23925777 nan nan
2261088200000.0 -0.2399089 nan nan
2267223700000.0 -0.2405599 nan nan
2273359200000.0 -0.2412109 nan nan
2279496200000.0 -0.24186206 nan nan
2285631700000.0 -0.24251305 nan nan
2291767000000.0 -0.243164 nan nan
2297903200000.0 -0.2438151 nan nan
2304039500000.0 -0.24446616 nan nan
2310175000000.0 -0.24511716 nan nan
2316311000000.0 -0.2457682 nan nan
2322447200000.0 -0.2464193 nan nan
2328582700000.0 -0.24707028 nan nan
2334719000000.0 -0.24772136 nan nan
2340855000000.0 -0.24837242 nan nan
2346990400000.0 -0.24902342 nan nan
2353126700000.0 -0.24967448 nan nan
2359263000000.0 -0.25032556 nan nan
2365398500000.0 -0.25097656 nan nan
2371534500000.0 -0.25162762 nan nan
2377670700000.0 -0.2522787 nan nan
2383806200000.0 -0.2529297 nan nan
2389941700000.0 -0.25358066 nan nan
2396078500000.0 -0.2542318 nan nan
2402214000000.0 -0.2548828 nan nan
2408349400000.0 -0.2555338 nan nan
2414486200000.0 -0.25618494 nan nan
2420621700000.0 -0.2568359 nan nan
2426757200000.0 -0.25748694 nan nan
2432894200000.0 -0.25813806 nan nan
2439029700000.0 -0.2587891 nan nan
2445165200000.0 -0.2594401 nan nan
2451302000000.0 -0.26009122 nan nan
2457437500000.0 -0.2607422 nan nan
2463573000000.0 -0.2613932 nan nan
2469709000000.0 -0.26204425 nan nan
2475845200000.0 -0.26269534 nan nan
2481980700000.0 -0.2633463 nan nan
2488117000000.0 -0.2639974 nan nan
2494253000000.0 -0.26464844 nan nan
2500388500000.0 -0.26529944 nan nan
2506524700000.0 -0.26595053 nan nan
2512661000000.0 -0.2666016 nan nan
2518796500000.0 -0.2672526 nan nan
2524932500000.0 -0.26790366 nan nan
2531068700000.0 -0.26855472 nan nan
2537204200000.0 -0.26920572 nan nan
2543340500000.0 -0.2698568 nan nan
2549476500000.0 -0.27050784 nan nan
2555612000000.0 -0.27115884 nan nan
2561747500000.0 -0.27180985 nan nan
2567884200000.0 -0.27246097 nan nan
2574019700000.0 -0.27311197 nan nan
2580155200000.0 -0.27376294 nan nan
2586292300000.0 -0.27441412 nan nan
2592427700000.0 -0.2750651 nan nan
2598563200000.0 -0.27571613 nan nan
2604700000000.0 -0.27636725 nan nan
2610835500000.0 -0.27701825 nan nan
2616971000000.0 -0.27766922 nan nan
2623107800000.0 -0.27832037 nan nan
2629243200000.0 -0.27897137 nan nan
2635378700000.0 -0.27962235 nan nan
2641515000000.0 -0.28027344 nan nan
2647651300000.0 -0.28092453 nan nan
2653786500000.0 -0.28157547 nan nan
2659922700000.0 -0.28222656 nan nan
2666059000000.0 -0.28287762 nan nan
2672194500000.0 -0.28352863 nan nan
2678330500000.0 -0.28417966 nan nan
2684466800000.0 -0.28483075 nan nan
2690602200000.0 -0.28548175 nan nan
2696738500000.0 -0.28613284 nan nan
2702874500000.0 -0.28678387 nan nan
2709010000000.0 -0.28743488 nan nan
2715146300000.0 -0.28808594 nan nan
2721282500000.0 -0.28873703 nan nan
2727418000000.0 -0.28938803 nan nan
2733553200000.0 -0.29003897 nan nan
2739690300000.0 -0.29069015 nan nan
2745825800000.0 -0.29134116 nan nan
2751961200000.0 -0.29199213 nan nan
2758098000000.0 -0.29264328 nan nan
2764233500000.0 -0.29329428 nan nan
2770369000000.0 -0.29394525 nan nan
2776505800000.0 -0.2945964 nan nan
2782641300000.0 -0.2952474 nan nan
2788776700000.0 -0.2958984 nan nan
2794913800000.0 -0.29654956 nan nan
2801049300000.0 -0.29720056 nan nan
2807184800000.0 -0.29785153 nan nan
2813320800000.0 -0.2985026 nan nan
2819457000000.0 -0.29915366 nan nan
2825592500000.0 -0.29980466 nan nan
2831728500000.0 -0.30045572 nan nan
2837864800000.0 -0.30110678 nan nan
2844000300000.0 -0.30175778 nan nan
2850136500000.0 -0.30240884 nan nan
2856272500000.0 -0.3030599 nan nan
2862408000000.0 -0.3037109 nan nan
2868544300000.0 -0.304362 nan nan
2874680500000.0 -0.30501306 nan nan
2880816000000.0 -0.30566406 nan nan
2886952000000.0 -0.30631512 nan nan
2893088300000.0 -0.3069662 nan nan
2899223800000.0 -0.3076172 nan nan
2905359300000.0 -0.30826816 nan nan
2911496000000.0 -0.3089193 nan nan
2917631500000.0 -0.3095703 nan nan
2923767000000.0 -0.3102213 nan nan
2929903800000.0 -0.31087244 nan nan
2936039300000.0 -0.3115234 nan nan
2942174800000.0 -0.31217444 nan nan
2948311800000.0 -0.3128256 nan nan
2954447300000.0 -0.31347656 nan nan
2960582800000.0 -0.3141276 nan nan
2966719600000.0 -0.31477872 nan nan
2972855000000.0 -0.3154297 nan nan
2978990500000.0 -0.3160807 nan nan
2985126800000.0 -0.31673178 nan nan
2991262800000.0 -0.31738284 nan nan
2997398300000.0 -0.3180338 nan nan
3003534500000.0 -0.3186849 nan nan
3009670500000.0 -0.31933597 nan nan
3015806000000.0 -0.31998697 nan nan
3021942300000.0 -0.32063803 nan nan
3028078600000.0 -0.3212891 nan nan
3034214000000.0 -0.3219401 nan nan
3040350000000.0 -0.32259116 nan nan
3046486300000.0 -0.32324222 nan nan
3052621800000.0 -0.32389322 nan nan
3058758000000.0 -0.32454428 nan nan
3064894000000.0 -0.32519534 nan nan
3071029500000.0 -0.32584634 nan nan
3077165000000.0 -0.32649735 nan nan
3083302000000.0 -0.3271485 nan nan
3089437300000.0 -0.32779947 nan nan
