morphology_data/1d_wb_a0.025_l8r0.5_00001.ecsv
# %ECSV 1.0
# ---
# datatype:
# - {name: b, datatype: float32}
# - {name: phase, datatype: float32}
# - {name: sigma, datatype: float32}
# - {name: vr, datatype: float32}
# meta: {lambda: 8, rp: 0.5, sep: 0.025, wind: b}
# schema: astropy-2.0
b phase sigma vr
[from data line 1009]
376592270000.0 -0.1598307 1.0110739e-08 -971468.4
378126300000.0 -0.16048178 1.0110739e-08 -971468.4
379660340000.0 -0.16113284 1.0110739e-08 -971468.4
381194200000.0 -0.16178384 1.0438511e-08 -323955.22
382728240000.0 -0.1624349 1.0438511e-08 -323955.22
384262300000.0 -0.16308598 1.0438511e-08 -323955.22
385796180000.0 -0.16373697 1.0438511e-08 -323955.22
387330050000.0 -0.16438797 1.0550699e-08 -341209.66
388864250000.0 -0.1650391 1.0550699e-08 -341209.66
390398100000.0 -0.1656901 1.0550699e-08 -341209.66
391932000000.0 -0.1663411 1.0550699e-08 -341209.66
393466220000.0 -0.16699223 1.09609894e-08 -759964.4
395000100000.0 -0.16764323 1.09609894e-08 -759964.4
396533960000.0 -0.16829422 1.09609894e-08 -759964.4
398068150000.0 -0.16894537 1.09609894e-08 -759964.4
399602020000.0 -0.16959636 1.1992647e-08 -1086535.1
401135900000.0 -0.17024736 1.1992647e-08 -1086535.1
402669930000.0 -0.17089842 1.1992647e-08 -1086535.1
404204000000.0 -0.1715495 1.1992647e-08 -1086535.1
405737870000.0 -0.17220049 1.2558137e-08 -1464675.6
407271900000.0 -0.17285155 1.2558137e-08 -1464675.6
408805930000.0 -0.17350262 1.2558137e-08 -1464675.6
410339800000.0 -0.17415361 1.2558137e-08 -1464675.6
411873870000.0 -0.17480469 1.2498212e-08 -1669100.6
413407900000.0 -0.17545575 1.2498212e-08 -1669100.6
414941770000.0 -0.17610675 1.2498212e-08 -1669100.6
416475800000.0 -0.17675781 1.2498212e-08 -1669100.6
418009840000.0 -0.17740889 1.1981975e-08 -1699081.8
419543700000.0 -0.17805988 1.1981975e-08 -1699081.8
421077780000.0 -0.17871095 1.1981975e-08 -1699081.8
422611800000.0 -0.17936201 1.1981975e-08 -1699081.8
424145680000.0 -0.180013 1.1107183e-08 -1663553.8
425679550000.0 -0.180664 1.1107183e-08 -1663553.8
427213750000.0 -0.18131514 1.1107183e-08 -1663553.8
428747620000.0 -0.18196614 1.1107183e-08 -1663553.8
430281500000.0 -0.18261713 1.0925992e-08 -1529480.0
431815720000.0 -0.18326828 1.0925992e-08 -1529480.0
433349600000.0 -0.18391927 1.0925992e-08 -1529480.0
434883460000.0 -0.18457027 1.0925992e-08 -1529480.0
436417700000.0 -0.1852214 9.055841e-09 -1035701.0
437951530000.0 -0.1858724 9.055841e-09 -1035701.0
439485400000.0 -0.1865234 9.055841e-09 -1035701.0
441019630000.0 -0.18717454 9.055841e-09 -1035701.0
442553500000.0 -0.18782553 4.9685824e-09 -532133.1
444087370000.0 -0.18847652 4.9685824e-09 -532133.1
445621400000.0 -0.1891276 4.9685824e-09 -532133.1
447155440000.0 -0.18977866 4.9685824e-09 -532133.1
448689300000.0 -0.19042966 1.6871019e-09 -677321.75
450223370000.0 -0.19108072 1.6871019e-09 -677321.75
451757400000.0 -0.1917318 1.6871019e-09 -677321.75
453291280000.0 -0.19238278 1.6871019e-09 -677321.75
454825300000.0 -0.19303386 9.56562e-10 -444065.44
456359380000.0 -0.19368492 9.56562e-10 -444065.44
457893200000.0 -0.19433591 9.56562e-10 -444065.44
459427280000.0 -0.19498698 9.56562e-10 -444065.44
460961320000.0 -0.19563805 8.127449e-10 -1176908.8
462495200000.0 -0.19628905 8.127449e-10 -1176908.8
464029220000.0 -0.19694011 8.127449e-10 -1176908.8
465563300000.0 -0.19759119 8.127449e-10 -1176908.8
467097160000.0 -0.19824217 8.0150775e-10 -1569891.2
468631000000.0 -0.19889317 8.0150775e-10 -1569891.2
470165230000.0 -0.19954431 8.0150775e-10 -1569891.2
471699100000.0 -0.20019531 8.0150775e-10 -1569891.2
473232970000.0 -0.2008463 9.100428e-10 -1178527.9
474767200000.0 -0.20149745 9.100428e-10 -1178527.9
476301070000.0 -0.20214844 9.100428e-10 -1178527.9
477834900000.0 -0.20279942 9.100428e-10 -1178527.9
479369130000.0 -0.20345058 1.1454698e-09 -512150.2
480903000000.0 -0.20410156 1.1454698e-09 -512150.2
482436870000.0 -0.20475256 1.1454698e-09 -512150.2
483971100000.0 -0.2054037 1.1454698e-09 -512150.2
485504970000.0 -0.2060547 1.4849584e-09 -17582.127
487038840000.0 -0.20670569 1.4849584e-09 -17582.127
488572880000.0 -0.20735677 1.4849584e-09 -17582.127
490106900000.0 -0.20800783 1.4849584e-09 -17582.127
491640780000.0 -0.20865881 2.0301092e-09 1140436.9
493174820000.0 -0.20930989 2.0301092e-09 1140436.9
494708880000.0 -0.20996095 2.0301092e-09 1140436.9
496242750000.0 -0.21061195 2.0301092e-09 1140436.9
497776800000.0 -0.21126302 2.7836529e-09 2513976.5
499310820000.0 -0.21191409 2.7836529e-09 2513976.5
500844700000.0 -0.21256508 2.7836529e-09 2513976.5
502378730000.0 -0.21321616 2.7836529e-09 2513976.5
503912800000.0 -0.21386722 2.7220637e-09 2609081.8
505446660000.0 -0.2145182 2.7220637e-09 2609081.8
506980700000.0 -0.21516928 2.7220637e-09 2609081.8
508514730000.0 -0.21582034 2.7220637e-09 2609081.8
510048600000.0 -0.21647134 1.5698287e-09 456976.88
511582470000.0 -0.21712233 1.5698287e-09 456976.88
513116700000.0 -0.21777348 1.5698287e-09 456976.88
514650570000.0 -0.21842447 1.5698287e-09 456976.88
516184440000.0 -0.21907547 1.1778222e-09 171709.33
517718640000.0 -0.2197266 1.1778222e-09 171709.33
519252500000.0 -0.22037761 1.1778222e-09 171709.33
520786380000.0 -0.2210286 1.1778222e-09 171709.33
522320600000.0 -0.22167975 1.3050229e-09 103049.75
523854480000.0 -0.22233073 1.3050229e-09 103049.75
525388350000.0 -0.22298172 1.3050229e-09 103049.75
526922550000.0 -0.22363287 1.3050229e-09 103049.75
528456420000.0 -0.22428386 1.4470166e-09 -9483.15
529990300000.0 -0.22493486 1.4470166e-09 -9483.15
531524350000.0 -0.22558592 1.4470166e-09 -9483.15
533058400000.0 -0.226237 1.4470166e-09 -9483.15
534592260000.0 -0.22688799 1.5160421e-09 -92063.42
536126300000.0 -0.22753906 1.5160421e-09 -92063.42
537660330000.0 -0.22819012 1.5160421e-09 -92063.42
539194200000.0 -0.22884111 1.5160421e-09 -92063.42
540728260000.0 -0.22949219 1.7527787e-09 103019.43
542262300000.0 -0.23014325 1.7527787e-09 103019.43
543796170000.0 -0.23079425 1.7527787e-09 103019.43
545330200000.0 -0.23144531 1.7527787e-09 103019.43
546864270000.0 -0.23209639 2.0485094e-09 613283.8
548398100000.0 -0.23274738 2.0485094e-09 613283.8
549932200000.0 -0.23339845 2.0485094e-09 613283.8
551466240000.0 -0.23404953 2.0485094e-09 613283.8
553000040000.0 -0.23470049 2.755849e-09 945313.44
554533900000.0 -0.23535149 2.755849e-09 945313.44
556068200000.0 -0.23600265 2.755849e-09 945313.44
557602050000.0 -0.23665364 2.755849e-09 945313.44
559135900000.0 -0.23730463 2.948169e-09 1145235.2
560670100000.0 -0.23795578 2.948169e-09 1145235.2
562204000000.0 -0.23860677 2.948169e-09 1145235.2
563737850000.0 -0.23925777 2.948169e-09 1145235.2
565272050000.0 -0.2399089 3.1275795e-09 1880512.4
566805900000.0 -0.2405599 3.1275795e-09 1880512.4
568339800000.0 -0.2412109 3.1275795e-09 1880512.4
569874060000.0 -0.24186206 3.1275795e-09 1880512.4
571407900000.0 -0.24251305 3.3317165e-09 2009723.1
572941700000.0 -0.243164 3.3317165e-09 2009723.1
574475800000.0 -0.2438151 3.3317165e-09 2009723.1
576009860000.0 -0.24446616 3.3317165e-09 2009723.1
577543730000.0 -0.24511716 3.6559842e-09 2178951.0
579077730000.0 -0.2457682 3.6559842e-09 2178951.0
580611800000.0 -0.2464193 3.6559842e-09 2178951.0
582145700000.0 -0.24707028 3.6559842e-09 2178951.0
583679740000.0 -0.24772136 3.6743686e-09 2331666.8
585213740000.0 -0.24837242 3.6743686e-09 2331666.8
586747600000.0 -0.24902342 3.6743686e-09 2331666.8
588281700000.0 -0.24967448 3.6743686e-09 2331666.8
589815740000.0 -0.25032556 3.588707e-09 2665442.5
591349600000.0 -0.25097656 3.588707e-09 2665442.5
592883600000.0 -0.25162762 3.588707e-09 2665442.5
594417700000.0 -0.2522787 3.588707e-09 2665442.5
595951550000.0 -0.2529297 3.0224212e-09 3062726.2
597485400000.0 -0.25358066 3.0224212e-09 3062726.2
599019600000.0 -0.2542318 3.0224212e-09 3062726.2
600553500000.0 -0.2548828 3.0224212e-09 3062726.2
602087360000.0 -0.2555338 1.4704704e-09 2457254.5
603621560000.0 -0.25618494 1.4704704e-09 2457254.5
605155400000.0 -0.2568359 1.4704704e-09 2457254.5
606689300000.0 -0.25748694 1.4704704e-09 2457254.5
608223560000.0 -0.25813806 1.079854e-09 2909028.5
609757400000.0 -0.2587891 1.079854e-09 2909028.5
611291300000.0 -0.2594401 1.079854e-09 2909028.5
612825500000.0 -0.26009122 1.079854e-09 2909028.5
614359400000.0 -0.2607422 1.0947862e-09 2855557.8
615893240000.0 -0.2613932 1.0947862e-09 2855557.8
617427240000.0 -0.26204425 1.0947862e-09 2855557.8
618961300000.0 -0.26269534 1.0947862e-09 2855557.8
620495200000.0 -0.2633463 1.1251367e-09 2441949.5
622029240000.0 -0.2639974 1.1251367e-09 2441949.5
623563240000.0 -0.26464844 1.1251367e-09 2441949.5
625097100000.0 -0.26529944 1.1251367e-09 2441949.5
626631200000.0 -0.26595053 1.1584592e-09 1926045.1
628165250000.0 -0.2666016 1.1584592e-09 1926045.1
629699100000.0 -0.2672526 1.1584592e-09 1926045.1
631233100000.0 -0.26790366 1.1584592e-09 1926045.1
632767200000.0 -0.26855472 1.2448363e-09 1280615.0
634301050000.0 -0.26920572 1.2448363e-09 1280615.0
635835100000.0 -0.2698568 1.2448363e-09 1280615.0
637369100000.0 -0.27050784 1.2448363e-09 1280615.0
638903000000.0 -0.27115884 1.3677269e-09 527596.44
640436860000.0 -0.27180985 1.3677269e-09 527596.44
641971060000.0 -0.27246097 1.3677269e-09 527596.44
643504900000.0 -0.27311197 1.3677269e-09 527596.44
645038800000.0 -0.27376294 1.5491084e-09 -235.20537
646573060000.0 -0.27441412 1.5491084e-09 -235.20537
648106930000.0 -0.2750651 1.5491084e-09 -235.20537
649640800000.0 -0.27571613 1.5491084e-09 -235.20537
651175000000.0 -0.27636725 1.7738273e-09 -347380.62
652708900000.0 -0.27701825 1.7738273e-09 -347380.62
654242740000.0 -0.27766922 1.7738273e-09 -347380.62
655776940000.0 -0.27832037 1.7738273e-09 -347380.62
657310800000.0 -0.27897137 1.6607858e-09 -1025507.5
658844700000.0 -0.27962235 1.6607858e-09 -1025507.5
660378750000.0 -0.28027344 1.6607858e-09 -1025507.5
661912800000.0 -0.28092453 1.6607858e-09 -1025507.5
663446600000.0 -0.28157547 1.1013105e-09 -1972993.5
664980700000.0 -0.28222656 1.1013105e-09 -1972993.5
666514750000.0 -0.28287762 1.1013105e-09 -1972993.5
668048600000.0 -0.28352863 1.1013105e-09 -1972993.5
669582600000.0 -0.28417966 8.0133855e-10 -2191291.0
671116700000.0 -0.28483075 8.0133855e-10 -2191291.0
672650560000.0 -0.28548175 8.0133855e-10 -2191291.0
674184600000.0 -0.28613284 8.0133855e-10 -2191291.0
675718600000.0 -0.28678387 7.1014966e-10 -2349104.8
677252500000.0 -0.28743488 7.1014966e-10 -2349104.8
678786560000.0 -0.28808594 7.1014966e-10 -2349104.8
680320600000.0 -0.28873703 7.1014966e-10 -2349104.8
681854500000.0 -0.28938803 7.2594414e-10 -2138574.2
683388300000.0 -0.29003897 7.2594414e-10 -2138574.2
684922600000.0 -0.29069015 7.2594414e-10 -2138574.2
686456440000.0 -0.29134116 7.2594414e-10 -2138574.2
687990300000.0 -0.29199213 8.5415186e-10 -1281635.9
689524500000.0 -0.29264328 8.5415186e-10 -1281635.9
691058400000.0 -0.29329428 8.5415186e-10 -1281635.9
692592250000.0 -0.29394525 8.5415186e-10 -1281635.9
694126440000.0 -0.2945964 9.388703e-10 -471458.56
695660300000.0 -0.2952474 9.388703e-10 -471458.56
697194200000.0 -0.2958984 9.388703e-10 -471458.56
698728450000.0 -0.29654956 9.388703e-10 -471458.56
700262300000.0 -0.29720056 9.520478e-10 -232959.19
701796200000.0 -0.29785153 9.520478e-10 -232959.19
703330200000.0 -0.2985026 9.520478e-10 -232959.19
704864260000.0 -0.29915366 9.520478e-10 -232959.19
706398100000.0 -0.29980466 9.835671e-10 -353567.9
707932100000.0 -0.30045572 9.835671e-10 -353567.9
709466200000.0 -0.30110678 9.835671e-10 -353567.9
711000060000.0 -0.30175778 9.835671e-10 -353567.9
712534100000.0 -0.30240884 1.0404558e-09 -113157.54
714068100000.0 -0.3030599 1.0404558e-09 -113157.54
715602000000.0 -0.3037109 1.0404558e-09 -113157.54
717136100000.0 -0.304362 1.0404558e-09 -113157.54
718670140000.0 -0.30501306 1.0756256e-09 486981.6
720204000000.0 -0.30566406 1.0756256e-09 486981.6
721738000000.0 -0.30631512 1.0756256e-09 486981.6
723272100000.0 -0.3069662 1.0756256e-09 486981.6
724805940000.0 -0.3076172 1.4935705e-09 2221776.0
726339800000.0 -0.30826816 1.4935705e-09 2221776.0
727874000000.0 -0.3089193 1.4935705e-09 2221776.0
729407900000.0 -0.3095703 1.4935705e-09 2221776.0
730941750000.0 -0.3102213 1.3886755e-09 3300714.2
732475950000.0 -0.31087244 1.3886755e-09 3300714.2
734009800000.0 -0.3115234 1.3886755e-09 3300714.2
735543700000.0 -0.31217444 1.3886755e-09 3300714.2
737077950000.0 -0.3128256 1.0683779e-09 2350943.8
738611800000.0 -0.31347656 1.0683779e-09 2350943.8
740145700000.0 -0.3141276 1.0683779e-09 2350943.8
741679900000.0 -0.31477872 1.0683779e-09 2350943.8
743213760000.0 -0.3154297 9.401628e-10 900213.4
744747600000.0 -0.3160807 9.401628e-10 900213.4
746281700000.0 -0.31673178 9.401628e-10 900213.4
747815700000.0 -0.31738284 9.401628e-10 900213.4
749349600000.0 -0.3180338 1.0250945e-09 -351689.1
750883640000.0 -0.3186849 1.0250945e-09 -351689.1
752417640000.0 -0.31933597 1.0250945e-09 -351689.1
753951500000.0 -0.31998697 1.0250945e-09 -351689.1
755485600000.0 -0.32063803 9.096817e-10 1481080.9
757019640000.0 -0.3212891 9.096817e-10 1481080.9
758553500000.0 -0.3219401 9.096817e-10 1481080.9
760087500000.0 -0.32259116 9.096817e-10 1481080.9
761621600000.0 -0.32324222 9.0036684e-10 4258279.5
763155450000.0 -0.32389322 9.0036684e-10 4258279.5
764689500000.0 -0.32454428 9.0036684e-10 4258279.5
766223500000.0 -0.32519534 9.0036684e-10 4258279.5
767757400000.0 -0.32584634 3.7367254e-10 4316595.0
769291260000.0 -0.32649735 3.7367254e-10 4316595.0
770825500000.0 -0.3271485 3.7367254e-10 4316595.0
772359300000.0 -0.32779947 3.7367254e-10 4316595.0
773893200000.0 -0.32845047 1.0304973e-10 4800588.5
775427460000.0 -0.32910162 1.0304973e-10 4800588.5
776961300000.0 -0.3297526 1.0304973e-10 4800588.5
778495200000.0 -0.3304036 1.0304973e-10 4800588.5
780029400000.0 -0.33105475 6.818995e-11 3901706.2
781563270000.0 -0.33170575 6.818995e-11 3901706.2
783097140000.0 -0.33235672 6.818995e-11 3901706.2
784631200000.0 -0.3330078 6.818995e-11 3901706.2
786165200000.0 -0.33365887 4.1572294e-11 1706274.5
787699100000.0 -0.33430985 4.1572294e-11 1706274.5
789233140000.0 -0.33496094 4.1572294e-11 1706274.5
790767200000.0 -0.335612 4.1572294e-11 1706274.5
792301000000.0 -0.336263 1.7891756e-11 468324.12
793835100000.0 -0.33691406 1.7891756e-11 468324.12
795369140000.0 -0.33756512 1.7891756e-11 468324.12
796903000000.0 -0.33821613 1.7891756e-11 468324.12
798437000000.0 -0.3388672 nan nan
799971100000.0 -0.33951825 nan nan
801504950000.0 -0.34016925 nan nan
803039000000.0 -0.3408203 nan nan
804573000000.0 -0.3414714 nan nan
806106900000.0 -0.34212238 nan nan
807640760000.0 -0.34277338 nan nan
809175000000.0 -0.34342453 nan nan
810708900000.0 -0.3440755 nan nan
812242700000.0 -0.3447265 nan nan
813776960000.0 -0.34537765 nan nan
815310800000.0 -0.34602866 nan nan
816844700000.0 -0.34667963 2.1872485e-11 504357.34
818378900000.0 -0.34733078 2.1872485e-11 504357.34
819912800000.0 -0.34798178 2.1872485e-11 504357.34
821446640000.0 -0.34863275 2.1872485e-11 504357.34
822980840000.0 -0.3492839 5.6569128e-11 1769959.6
824514700000.0 -0.3499349 5.6569128e-11 1769959.6
826048600000.0 -0.3505859 5.6569128e-11 1769959.6
827582640000.0 -0.35123697 5.6569128e-11 1769959.6
829116700000.0 -0.35188803 1.1159748e-10 3707813.8
830650600000.0 -0.35253903 1.1159748e-10 3707813.8
832184600000.0 -0.3531901 1.1159748e-10 3707813.8
833718650000.0 -0.35384116 1.1159748e-10 3707813.8
835252500000.0 -0.35449216 1.5780806e-10 5759095.5
836786600000.0 -0.35514322 1.5780806e-10 5759095.5
838320600000.0 -0.3557943 1.5780806e-10 5759095.5
839854460000.0 -0.35644528 1.5780806e-10 5759095.5
841388500000.0 -0.35709634 1.7505174e-10 6686616.5
842922500000.0 -0.35774744 1.7505174e-10 6686616.5
844456400000.0 -0.3583984 1.7505174e-10 6686616.5
845990460000.0 -0.3590495 1.7505174e-10 6686616.5
847524500000.0 -0.35970056 1.6410212e-10 5852151.0
849058400000.0 -0.36035156 1.6410212e-10 5852151.0
850592300000.0 -0.36100253 1.6410212e-10 5852151.0
852126470000.0 -0.3616537 1.6410212e-10 5852151.0
853660340000.0 -0.3623047 1.2444051e-10 3596211.8
855194200000.0 -0.36295566 1.2444051e-10 3596211.8
856728400000.0 -0.3636068 1.2444051e-10 3596211.8
858262300000.0 -0.3642578 1.2444051e-10 3596211.8
859796140000.0 -0.3649088 5.3931522e-11 1481431.2
861330400000.0 -0.36555994 5.3931522e-11 1481431.2
