morphology_data/1d_wb_a0.025_l2r2_00001.ecsv
# %ECSV 1.0
# ---
# datatype:
# - {name: b, datatype: float32}
# - {name: phase, datatype: float32}
# - {name: sigma, datatype: float32}
# - {name: vr, datatype: float32}
# meta: {lambda: 2, rp: 2.0, sep: 0.025, wind: b}
# schema: astropy-2.0
b phase sigma vr
[from data line 621]
-224728250000.0 0.09537763 7.700948e-09 -375428.03
-223194220000.0 0.09472656 7.700948e-09 -375428.03
-221660170000.0 0.09407549 7.700948e-09 -375428.03
-220126300000.0 0.0934245 8.329431e-09 -354994.97
-218592260000.0 0.09277343 8.329431e-09 -354994.97
-217058210000.0 0.09212236 8.329431e-09 -354994.97
-215524340000.0 0.091471374 8.329431e-09 -354994.97
-213990310000.0 0.090820305 9.21885e-09 -320312.7
-212456340000.0 0.09016927 9.21885e-09 -320312.7
-210922390000.0 0.08951824 9.21885e-09 -320312.7
-209388360000.0 0.08886717 9.21885e-09 -320312.7
-207854390000.0 0.08821614 1.0319529e-08 -270837.75
-206320440000.0 0.08756511 1.0319529e-08 -270837.75
-204786400000.0 0.08691404 1.0319529e-08 -270837.75
-203252530000.0 0.086263046 1.0319529e-08 -270837.75
-201718480000.0 0.08561198 1.1652517e-08 -203464.33
-200184430000.0 0.08496091 1.1652517e-08 -203464.33
-198650580000.0 0.08430992 1.1652517e-08 -203464.33
-197116530000.0 0.08365885 1.1652517e-08 -203464.33
-195582570000.0 0.08300782 1.3687421e-08 -101016.87
-194048620000.0 0.08235679 1.3687421e-08 -101016.87
-192514570000.0 0.08170572 1.4077211e-08 -101568.66
-190980620000.0 0.08105469 1.4077211e-08 -101568.66
-189446670000.0 0.080403656 1.443554e-08 -114144.51
-187912620000.0 0.07975259 1.443554e-08 -114144.51
-186378750000.0 0.07910159 1.4543599e-08 -144299.42
-184844700000.0 0.07845052 1.4543599e-08 -144299.42
-183310660000.0 0.077799454 1.4465413e-08 -192203.53
-181776800000.0 0.07714847 1.4465413e-08 -192203.53
-180242740000.0 0.07649739 1.4212153e-08 -252089.27
-178708710000.0 0.07584633 1.4212153e-08 -252089.27
-177174840000.0 0.075195335 1.3865765e-08 -305345.34
-175640790000.0 0.07454426 1.3865765e-08 -305345.34
-174106840000.0 0.073893234 1.3532373e-08 -349074.88
-172572880000.0 0.0732422 1.3532373e-08 -349074.88
-171038830000.0 0.07259113 1.3222431e-08 -371807.0
-169504880000.0 0.0719401 1.3222431e-08 -371807.0
-167970930000.0 0.07128907 1.3145628e-08 -383808.75
-166436880000.0 0.070638 1.3145628e-08 -383808.75
-164903010000.0 0.06998701 1.3316136e-08 -373588.25
-163368980000.0 0.069335945 1.3316136e-08 -373588.25
-161834930000.0 0.068684876 1.3836706e-08 -353271.47
-160301060000.0 0.068033874 1.3836706e-08 -353271.47
-158767020000.0 0.06738281 1.4750997e-08 -312462.06
-157232970000.0 0.06673174 1.4750997e-08 -312462.06
-155699100000.0 0.06608075 1.5828082e-08 -264830.97
-154165070000.0 0.06542969 1.5828082e-08 -264830.97
-152631100000.0 0.06477865 1.6718955e-08 -223574.92
-151097150000.0 0.06412762 1.6718955e-08 -223574.92
-149563110000.0 0.063476555 1.7558875e-08 -193010.4
-148029150000.0 0.062825516 1.7558875e-08 -193010.4
-146495200000.0 0.062174488 1.8793381e-08 -226572.56
-144961160000.0 0.061523426 1.8983663e-08 -220393.75
-143427290000.0 0.060872428 1.8999092e-08 -222501.42
-141893240000.0 0.06022136 1.895555e-08 -228862.1
-140359190000.0 0.059570286 1.8904366e-08 -237063.7
-138825330000.0 0.058919296 1.8839733e-08 -249641.78
-137291284000.0 0.058268227 1.880151e-08 -251409.1
-135757240000.0 0.057617158 1.8747446e-08 -256451.23
-134223370000.0 0.056966167 1.874411e-08 -251719.25
-132689330000.0 0.056315098 1.872811e-08 -250774.61
-131155370000.0 0.055664066 1.8726332e-08 -243975.53
-129621420000.0 0.055013034 1.8698474e-08 -238427.42
-128087376000.0 0.05436197 1.864268e-08 -233547.77
-126553416000.0 0.053710938 1.8522423e-08 -231610.02
-125019460000.0 0.053059906 1.8353024e-08 -232420.27
-123485420000.0 0.052408837 1.813191e-08 -229635.72
-121951550000.0 0.051757842 1.7862174e-08 -238515.89
-120417510000.0 0.051106777 1.7629821e-08 -241745.0
-118883460000.0 0.050455708 1.7348015e-08 -256229.86
-117349600000.0 0.049804714 1.7143611e-08 -258611.67
-115815555000.0 0.049153645 1.6959813e-08 -262917.53
-114281505000.0 0.048502576 1.6842304e-08 -264073.75
-112747640000.0 0.047851585 1.6751011e-08 -269372.47
-111213590000.0 0.047200516 1.6681742e-08 -276804.97
-109679640000.0 0.046549484 1.6617147e-08 -280234.53
-108145690000.0 0.045898452 1.6568245e-08 -282209.94
-106611640000.0 0.045247383 1.6550949e-08 -286682.28
-105077690000.0 0.04459635 1.6493056e-08 -287379.16
-103543734000.0 0.043945324 1.644911e-08 -282728.66
-102009680000.0 0.043294255 1.6362081e-08 -277873.4
-100475820000.0 0.04264326 1.6302192e-08 -272242.25
-98941770000.0 0.04199219 1.6218351e-08 -275652.78
-97407730000.0 0.041341122 1.6204686e-08 -277569.5
-95873870000.0 0.04069013 1.6203069e-08 -287111.34
-94339820000.0 0.040039062 1.6268551e-08 -289962.8
-92805775000.0 0.039387994 1.6336228e-08 -301761.34
-91271905000.0 0.038736995 1.64419e-08 -299619.84
-89737860000.0 0.03808593 1.6525366e-08 -303848.72
-88203910000.0 0.0374349 1.6530848e-08 -302428.12
-86669950000.0 0.03678387 1.6505535e-08 -287997.2
-85135910000.0 0.0361328 1.6337998e-08 -281027.28
-83601960000.0 0.035481773 1.611286e-08 -276521.06
-82068000000.0 0.034830738 1.581601e-08 -294803.47
-80533955000.0 0.03417967 1.566596e-08 -317195.88
-79000084000.0 0.033528678 1.5597157e-08 -343055.28
-77466040000.0 0.03287761 1.5648318e-08 -344610.75
-75932000000.0 0.03222654 1.5703524e-08 -339470.0
-74398130000.0 0.031575546 1.5801666e-08 -325100.8
-72864090000.0 0.030924477 1.5910512e-08 -314623.22
-71330050000.0 0.030273411 1.6067371e-08 -306745.94
-69796176000.0 0.029622415 1.630607e-08 -298254.9
-68262130000.0 0.028971346 1.6696788e-08 -289537.9
-66728178000.0 0.028320316 1.7180044e-08 -286667.78
-65194220000.0 0.027669284 1.7721462e-08 -290860.0
-63660175000.0 0.027018217 1.8281158e-08 -297787.44
-62126220000.0 0.026367186 1.8744652e-08 -324646.47
-60592263000.0 0.025716154 1.9154864e-08 -352147.97
-59058220000.0 0.025065087 1.9632454e-08 -351291.47
-57524355000.0 0.024414092 2.012569e-08 -312791.34
-55990310000.0 0.023763025 2.0649534e-08 -247907.86
-54456267000.0 0.023111956 2.1233081e-08 -184159.05
-52922400000.0 0.022460962 2.1665443e-08 -141963.62
-51388355000.0 0.021809895 2.142063e-08 -144188.3
-49854310000.0 0.021158826 2.1810315e-08 -109936.73
-48320442000.0 0.020507833 2.2321009e-08 -32660.615
-46786400000.0 0.019856764 2.3070452e-08 65240.836
-45252444000.0 0.019205732 2.3669465e-08 118868.055
-43718490000.0 0.018554702 2.372262e-08 106081.04
-42184440000.0 0.017903633 2.3537664e-08 54171.91
-40650486000.0 0.017252602 2.3713818e-08 46877.02
-39116534000.0 0.016601572 2.4053719e-08 63539.793
-37582488000.0 0.015950503 2.4446324e-08 101488.09
-36048620000.0 0.015299509 2.4998212e-08 156269.48
-34514575000.0 0.014648439 2.5801501e-08 171018.38
-32980531000.0 0.013997372 2.6692117e-08 184885.9
-31446665000.0 0.013346379 2.7511062e-08 194386.1
-29912621000.0 0.012695311 2.83236e-08 196081.69
-28378577000.0 0.012044242 2.9231579e-08 183850.28
-26844710000.0 0.011393248 3.028873e-08 172896.25
-25310667000.0 0.01074218 3.1262108e-08 204321.5
-23776710000.0 0.010091149 3.2979628e-08 242378.16
-22242755000.0 0.009440118 3.5547135e-08 274746.44
-20708710000.0 0.008789049 3.8523336e-08 313513.28
-19174754000.0 0.008138019 4.201884e-08 337486.22
-17640800000.0 0.0074869874 4.682379e-08 358784.06
-16106755000.0 0.006835919 5.223999e-08 295917.25
-14572889000.0 0.006184926 5.8834104e-08 173151.42
14572889000.0 -0.006184926 6.192597e-08 -48883.707
16106755000.0 -0.006835919 5.4843632e-08 -95991.33
17640800000.0 -0.0074869874 5.0233346e-08 -141722.39
19174754000.0 -0.008138019 4.7961027e-08 -179451.84
20708710000.0 -0.008789049 4.2914415e-08 -67573.25
22242755000.0 -0.009440118 3.9886626e-08 42270.305
23776710000.0 -0.010091149 3.9252214e-08 219541.98
25310667000.0 -0.01074218 4.2218247e-08 391231.34
26844710000.0 -0.011393248 4.905604e-08 782221.1
28378577000.0 -0.012044242 5.790894e-08 919692.1
29912621000.0 -0.012695311 7.495606e-08 1289371.8
31446665000.0 -0.013346379 7.78343e-08 1317549.8
32980531000.0 -0.013997372 5.860573e-08 1533073.4
34514575000.0 -0.014648439 3.184407e-08 1899689.1
36048620000.0 -0.015299509 2.8791497e-08 1974405.9
37582488000.0 -0.015950503 2.6338904e-08 2072177.0
39116534000.0 -0.016601572 2.3962698e-08 2261748.8
40650486000.0 -0.017252602 2.2894701e-08 2338996.2
42184440000.0 -0.017903633 2.2930355e-08 2424116.2
43718490000.0 -0.018554702 2.3827994e-08 2548947.0
45252444000.0 -0.019205732 2.449865e-08 2657233.2
46786400000.0 -0.019856764 2.4704425e-08 2732312.8
48320442000.0 -0.020507833 2.4105283e-08 2819055.8
49854310000.0 -0.021158826 2.3682146e-08 2938981.8
51388355000.0 -0.021809895 2.3717503e-08 3064306.2
52922400000.0 -0.022460962 2.3782935e-08 3169832.8
54456267000.0 -0.023111956 2.324038e-08 3255279.8
55990310000.0 -0.023763025 2.2655493e-08 3328926.8
57524355000.0 -0.024414092 2.1899671e-08 3393334.2
59058220000.0 -0.025065087 2.1453232e-08 3463757.2
60592263000.0 -0.025716154 2.1255458e-08 3492793.8
62126220000.0 -0.026367186 2.1708844e-08 3564395.5
63660175000.0 -0.027018217 2.2453902e-08 3631462.5
65194220000.0 -0.027669284 2.2904137e-08 3709564.0
66728178000.0 -0.028320316 2.2323407e-08 3707796.0
68262130000.0 -0.028971346 2.2457408e-08 3699368.8
69796176000.0 -0.029622415 2.3251033e-08 3756985.5
71330050000.0 -0.030273411 2.3987669e-08 3848274.5
72864090000.0 -0.030924477 2.4191626e-08 3861741.8
74398130000.0 -0.031575546 2.292021e-08 3897333.5
75932000000.0 -0.03222654 2.3871005e-08 3935108.2
77466040000.0 -0.03287761 2.5049873e-08 3949269.0
79000084000.0 -0.033528678 2.6296407e-08 3976015.2
80533955000.0 -0.03417967 2.7267117e-08 3932268.5
82068000000.0 -0.034830738 2.8225934e-08 3858222.2
83601960000.0 -0.035481773 2.9129477e-08 3780392.5
85135910000.0 -0.0361328 2.982108e-08 3783639.0
86669950000.0 -0.03678387 3.0172046e-08 3864828.5
88203910000.0 -0.0374349 3.0176246e-08 3989592.0
89737860000.0 -0.03808593 2.9411574e-08 4138979.2
91271905000.0 -0.038736995 2.8863273e-08 4239603.5
92805775000.0 -0.039387994 2.7905847e-08 4314986.5
94339820000.0 -0.040039062 2.7307427e-08 4346042.0
95873870000.0 -0.04069013 2.6705267e-08 4355205.0
97407730000.0 -0.041341122 2.6327257e-08 4322420.5
98941770000.0 -0.04199219 2.5913677e-08 4282748.0
100475820000.0 -0.04264326 2.5586305e-08 4222171.0
102009680000.0 -0.043294255 2.5170594e-08 4144926.8
103543734000.0 -0.043945324 2.4550078e-08 4069056.8
105077690000.0 -0.04459635 2.3786303e-08 3962793.0
106611640000.0 -0.045247383 2.273926e-08 3845085.8
108145690000.0 -0.045898452 2.1720746e-08 3692234.8
109679640000.0 -0.046549484 2.0602823e-08 3583277.0
111213590000.0 -0.047200516 1.9676575e-08 3483055.2
112747640000.0 -0.047851585 1.887075e-08 3451249.2
114281505000.0 -0.048502576 1.832211e-08 3450164.5
115815555000.0 -0.049153645 1.8055161e-08 3444904.8
117349600000.0 -0.049804714 1.7553546e-08 3401509.0
118883460000.0 -0.050455708 1.6936971e-08 3327016.2
120417510000.0 -0.051106777 1.6283305e-08 3245659.0
121951550000.0 -0.051757842 1.5594422e-08 3180858.2
123485420000.0 -0.052408837 1.4779474e-08 3145821.0
125019460000.0 -0.053059906 1.413826e-08 3077866.2
126553416000.0 -0.053710938 1.3603204e-08 3031150.2
128087376000.0 -0.05436197 1.3177704e-08 2993248.2
129621420000.0 -0.055013034 1.2934565e-08 2949091.8
131155370000.0 -0.055664066 1.2591574e-08 2931175.5
132689330000.0 -0.056315098 1.2497875e-08 2898905.0
134223370000.0 -0.056966167 1.2334837e-08 2866622.0
135757240000.0 -0.057617158 1.2470837e-08 2879696.0
137291284000.0 -0.058268227 1.246373e-08 2867083.5
138825330000.0 -0.058919296 1.2565074e-08 2919401.2
140359190000.0 -0.059570286 1.235157e-08 2917671.2
141893240000.0 -0.06022136 1.2309332e-08 2974447.0
143427290000.0 -0.060872428 1.2057809e-08 2971380.5
144961160000.0 -0.061523426 1.2071102e-08 2974824.5
146495200000.0 -0.062174488 1.1973447e-08 2958700.2
148029150000.0 -0.062825516 1.2342124e-08 3023159.5
149563110000.0 -0.063476555 1.2342124e-08 3023159.5
151097150000.0 -0.06412762 1.2760139e-08 3074907.0
152631100000.0 -0.06477865 1.2760139e-08 3074907.0
154165070000.0 -0.06542969 1.3063593e-08 3203879.2
155699100000.0 -0.06608075 1.3063593e-08 3203879.2
157232970000.0 -0.06673174 1.3383996e-08 3309799.5
158767020000.0 -0.06738281 1.3383996e-08 3309799.5
160301060000.0 -0.068033874 1.3585767e-08 3409082.5
161834930000.0 -0.068684876 1.3585767e-08 3409082.5
163368980000.0 -0.069335945 1.3771801e-08 3449590.8
164903010000.0 -0.06998701 1.3771801e-08 3449590.8
166436880000.0 -0.070638 1.3761173e-08 3464552.2
167970930000.0 -0.07128907 1.3761173e-08 3464552.2
169504880000.0 -0.0719401 1.338397e-08 3458313.2
171038830000.0 -0.07259113 1.338397e-08 3458313.2
172572880000.0 -0.0732422 1.2591343e-08 3493832.8
174106840000.0 -0.073893234 1.2591343e-08 3493832.8
175640790000.0 -0.07454426 1.2276601e-08 3578128.5
177174840000.0 -0.075195335 1.2276601e-08 3578128.5
178708710000.0 -0.07584633 1.32273685e-08 3657029.5
180242740000.0 -0.07649739 1.32273685e-08 3657029.5
181776800000.0 -0.07714847 1.5501207e-08 3651121.0
183310660000.0 -0.077799454 1.5501207e-08 3651121.0
184844700000.0 -0.07845052 1.720756e-08 3728592.2
186378750000.0 -0.07910159 1.720756e-08 3728592.2
187912620000.0 -0.07975259 1.8384627e-08 3969133.5
189446670000.0 -0.080403656 1.8384627e-08 3969133.5
190980620000.0 -0.08105469 1.9670248e-08 4323869.5
192514570000.0 -0.08170572 1.9670248e-08 4323869.5
194048620000.0 -0.08235679 2.1500465e-08 4748074.0
195582570000.0 -0.08300782 2.1500465e-08 4748074.0
197116530000.0 -0.08365885 1.698788e-08 5015892.5
198650580000.0 -0.08430992 1.698788e-08 5015892.5
200184430000.0 -0.08496091 1.698788e-08 5015892.5
201718480000.0 -0.08561198 1.698788e-08 5015892.5
203252530000.0 -0.086263046 1.1196624e-08 4581753.0
204786400000.0 -0.08691404 1.1196624e-08 4581753.0
206320440000.0 -0.08756511 1.1196624e-08 4581753.0
207854390000.0 -0.08821614 1.1196624e-08 4581753.0
209388360000.0 -0.08886717 9.014002e-09 3957187.8
210922390000.0 -0.08951824 9.014002e-09 3957187.8
212456340000.0 -0.09016927 9.014002e-09 3957187.8
213990310000.0 -0.090820305 9.014002e-09 3957187.8
215524340000.0 -0.091471374 9.074772e-09 3901283.2
217058210000.0 -0.09212236 9.074772e-09 3901283.2
218592260000.0 -0.09277343 9.074772e-09 3901283.2
220126300000.0 -0.0934245 9.074772e-09 3901283.2
221660170000.0 -0.09407549 1.0426637e-08 4352217.0
223194220000.0 -0.09472656 1.0426637e-08 4352217.0
224728250000.0 -0.09537763 1.0426637e-08 4352217.0
226262120000.0 -0.096028626 1.0426637e-08 4352217.0
227796170000.0 -0.096679695 1.3148294e-08 4847539.0
229330120000.0 -0.09733073 1.3148294e-08 4847539.0
230864080000.0 -0.09798176 1.3148294e-08 4847539.0
232398130000.0 -0.09863283 1.3148294e-08 4847539.0
233932080000.0 -0.09928385 1.5942838e-08 4898622.5
235466030000.0 -0.09993488 1.5942838e-08 4898622.5
237000080000.0 -0.10058595 1.5942838e-08 4898622.5
238533950000.0 -0.10123695 1.5942838e-08 4898622.5
240067990000.0 -0.101888016 1.8876444e-08 4674116.0
241602040000.0 -0.102539085 1.8876444e-08 4674116.0
243135900000.0 -0.10319008 1.8876444e-08 4674116.0
244669960000.0 -0.10384115 1.8876444e-08 4674116.0
246203990000.0 -0.10449222 2.1311454e-08 4248690.5
247737860000.0 -0.10514321 2.1311454e-08 4248690.5
249271910000.0 -0.10579427 2.1311454e-08 4248690.5
250805860000.0 -0.106445305 2.1311454e-08 4248690.5
252339810000.0 -0.10709634 2.2475986e-08 3734143.8
253873860000.0 -0.107747406 2.2475986e-08 3734143.8
255407820000.0 -0.10839844 2.2475986e-08 3734143.8
256941770000.0 -0.10904947 2.2475986e-08 3734143.8
258475820000.0 -0.10970054 2.2548058e-08 3200677.8
260009670000.0 -0.11035153 2.2548058e-08 3200677.8
261543720000.0 -0.1110026 2.2548058e-08 3200677.8
263077770000.0 -0.11165367 2.2548058e-08 3200677.8
264611640000.0 -0.11230466 2.1981812e-08 2697693.5
266145680000.0 -0.11295573 2.1981812e-08 2697693.5
267679730000.0 -0.113606796 2.1981812e-08 2697693.5
269213600000.0 -0.11425779 2.1981812e-08 2697693.5
270747630000.0 -0.11490886 2.1326318e-08 2272523.0
272281600000.0 -0.11555989 2.1326318e-08 2272523.0
273815550000.0 -0.11621092 2.1326318e-08 2272523.0
275349600000.0 -0.11686199 2.1326318e-08 2272523.0
276883540000.0 -0.11751302 2.0869527e-08 1912650.1
278417500000.0 -0.118164055 2.0869527e-08 1912650.1
279951540000.0 -0.118815124 2.0869527e-08 1912650.1
