morphology_data/1d_wa_a0.1_l2r0.5_00001.ecsv
# %ECSV 1.0
# ---
# datatype:
# - {name: b, datatype: float32}
# - {name: phase, datatype: float32}
# - {name: sigma, datatype: float32}
# - {name: vr, datatype: float32}
# meta: {lambda: 2, rp: 0.5, sep: 0.1, wind: a}
# schema: astropy-2.0
b phase sigma vr
[from data line 345]
-2592427700000.0 0.2750651 1.50499e-10 -10107403.0
-2586291700000.0 0.27441406 1.50499e-10 -10107403.0
-2580155700000.0 0.273763 1.50499e-10 -10107403.0
-2574019700000.0 0.27311197 1.6917294e-10 -9492206.0
-2567884000000.0 0.27246094 1.6917294e-10 -9492206.0
-2561748000000.0 0.2718099 1.6917294e-10 -9492206.0
-2555612000000.0 0.27115884 1.6917294e-10 -9492206.0
-2549476200000.0 0.2705078 2.1684832e-10 -9083897.0
-2543340500000.0 0.2698568 2.1684832e-10 -9083897.0
-2537204500000.0 0.26920575 2.1684832e-10 -9083897.0
-2531068500000.0 0.2685547 2.1684832e-10 -9083897.0
-2524932500000.0 0.26790366 2.6054148e-10 -9154694.0
-2518796500000.0 0.2672526 2.6054148e-10 -9154694.0
-2512660500000.0 0.26660156 2.6054148e-10 -9154694.0
-2506524700000.0 0.26595053 2.6054148e-10 -9154694.0
-2500389000000.0 0.2652995 3.4706316e-10 -8520999.0
-2494253000000.0 0.26464844 3.4706316e-10 -8520999.0
-2488117000000.0 0.2639974 3.4706316e-10 -8520999.0
-2481981000000.0 0.26334634 3.4706316e-10 -8520999.0
-2475845000000.0 0.26269528 3.8035985e-10 -7996878.0
-2469709000000.0 0.26204425 3.8035985e-10 -7996878.0
-2463573200000.0 0.26139322 3.8035985e-10 -7996878.0
-2457437500000.0 0.2607422 3.8035985e-10 -7996878.0
-2451301500000.0 0.26009116 4.2811515e-10 -7446575.0
-2445165500000.0 0.2594401 4.2811515e-10 -7446575.0
-2439029700000.0 0.2587891 4.2811515e-10 -7446575.0
-2432893700000.0 0.25813803 4.2811515e-10 -7446575.0
-2426757700000.0 0.257487 4.177383e-10 -7115782.0
-2420621700000.0 0.2568359 4.177383e-10 -7115782.0
-2414486000000.0 0.2561849 4.177383e-10 -7115782.0
-2408350000000.0 0.25553384 4.177383e-10 -7115782.0
-2402214000000.0 0.2548828 4.3459575e-10 -6909431.5
-2396078200000.0 0.25423178 4.3459575e-10 -6909431.5
-2389942200000.0 0.25358072 4.3459575e-10 -6909431.5
-2383806200000.0 0.2529297 4.3459575e-10 -6909431.5
-2377670500000.0 0.25227866 4.486769e-10 -6609607.0
-2371534500000.0 0.25162762 4.486769e-10 -6609607.0
-2365398500000.0 0.25097656 4.486769e-10 -6609607.0
-2359262400000.0 0.2503255 4.486769e-10 -6609607.0
-2353126700000.0 0.24967448 4.3754955e-10 -6845511.0
-2346990700000.0 0.24902344 4.3754955e-10 -6845511.0
-2340854700000.0 0.24837239 4.3754955e-10 -6845511.0
-2334719000000.0 0.24772136 4.3754955e-10 -6845511.0
-2328583000000.0 0.2470703 4.4004964e-10 -6844012.0
-2322447000000.0 0.24641925 4.4004964e-10 -6844012.0
-2316311000000.0 0.2457682 4.4004964e-10 -6844012.0
-2310175200000.0 0.24511719 4.4004964e-10 -6844012.0
-2304039200000.0 0.24446614 3.6731782e-10 -7384773.5
-2297903200000.0 0.2438151 3.6731782e-10 -7384773.5
-2291767400000.0 0.24316406 3.6731782e-10 -7384773.5
-2285631700000.0 0.24251305 3.6731782e-10 -7384773.5
-2279495700000.0 0.241862 3.3113778e-10 -8393073.0
-2273359700000.0 0.24121095 3.3113778e-10 -8393073.0
-2267223700000.0 0.2405599 3.3113778e-10 -8393073.0
-2261087700000.0 0.23990884 3.3113778e-10 -8393073.0
-2254951700000.0 0.2392578 2.741264e-10 -9027629.0
-2248816000000.0 0.23860677 2.741264e-10 -9027629.0
-2242680200000.0 0.23795573 2.741264e-10 -9027629.0
-2236544200000.0 0.23730469 2.741264e-10 -9027629.0
-2230408200000.0 0.23665364 2.698582e-10 -9331579.0
-2224272200000.0 0.2360026 2.698582e-10 -9331579.0
-2218136200000.0 0.23535155 2.698582e-10 -9331579.0
-2212000200000.0 0.23470049 2.698582e-10 -9331579.0
-2205864400000.0 0.23404948 2.6990304e-10 -8844439.0
-2199728700000.0 0.23339845 2.6990304e-10 -8844439.0
-2193592700000.0 0.23274739 2.6990304e-10 -8844439.0
-2187456700000.0 0.23209634 2.6990304e-10 -8844439.0
-2181320800000.0 0.23144531 2.7462174e-10 -7919706.5
-2175184800000.0 0.23079427 2.7462174e-10 -7919706.5
-2169048800000.0 0.23014322 2.7462174e-10 -7919706.5
-2162913000000.0 0.22949219 2.7462174e-10 -7919706.5
-2156777200000.0 0.22884116 2.7837585e-10 -7065052.5
-2150641200000.0 0.22819011 2.7837585e-10 -7065052.5
-2144505200000.0 0.22753906 2.7837585e-10 -7065052.5
-2138369300000.0 0.22688803 2.7837585e-10 -7065052.5
-2132233400000.0 0.22623697 2.7696007e-10 -6702458.0
-2126097400000.0 0.22558592 2.7696007e-10 -6702458.0
-2119961500000.0 0.22493489 2.7696007e-10 -6702458.0
-2113825700000.0 0.22428386 2.7696007e-10 -6702458.0
-2107689700000.0 0.22363281 2.8193622e-10 -6729570.0
-2101553700000.0 0.22298177 2.8193622e-10 -6729570.0
-2095417900000.0 0.22233073 2.8193622e-10 -6729570.0
-2089281900000.0 0.22167969 2.8193622e-10 -6729570.0
-2083145900000.0 0.22102864 2.771131e-10 -7180358.0
-2077010000000.0 0.22037761 2.771131e-10 -7180358.0
-2070874300000.0 0.21972658 2.771131e-10 -7180358.0
-2064738300000.0 0.21907552 2.771131e-10 -7180358.0
-2058602300000.0 0.21842447 2.7382457e-10 -8262562.5
-2052466400000.0 0.21777344 2.7382457e-10 -8262562.5
-2046330400000.0 0.21712239 2.7382457e-10 -8262562.5
-2040194400000.0 0.21647134 2.7382457e-10 -8262562.5
-2034058700000.0 0.21582031 2.6656335e-10 -9845746.0
-2027922800000.0 0.21516928 2.6656335e-10 -9845746.0
-2021786800000.0 0.21451823 2.6656335e-10 -9845746.0
-2015650800000.0 0.21386719 2.6656335e-10 -9845746.0
-2009514900000.0 0.21321616 2.6890934e-10 -10278085.0
-2003379000000.0 0.2125651 2.6890934e-10 -10278085.0
-1997243000000.0 0.21191405 2.6890934e-10 -10278085.0
-1991107100000.0 0.21126302 2.6890934e-10 -10278085.0
-1984971300000.0 0.21061198 2.7507724e-10 -9680427.0
-1978835300000.0 0.20996094 2.7507724e-10 -9680427.0
-1972699300000.0 0.20930989 2.7507724e-10 -9680427.0
-1966563500000.0 0.20865886 2.7507724e-10 -9680427.0
-1960427500000.0 0.20800781 2.8752892e-10 -8530109.0
-1954291500000.0 0.20735677 2.8752892e-10 -8530109.0
-1948155600000.0 0.20670573 2.8752892e-10 -8530109.0
-1942019900000.0 0.2060547 2.8752892e-10 -8530109.0
-1935883900000.0 0.20540364 3.1138753e-10 -7920300.5
-1929747900000.0 0.2047526 3.1138753e-10 -7920300.5
-1923612000000.0 0.20410156 3.1138753e-10 -7920300.5
-1917476300000.0 0.20345053 3.1138753e-10 -7920300.5
-1911340000000.0 0.20279947 3.258971e-10 -7330646.0
-1905204300000.0 0.20214844 3.258971e-10 -7330646.0
-1899068400000.0 0.2014974 3.258971e-10 -7330646.0
-1892932400000.0 0.20084636 3.258971e-10 -7330646.0
-1886796400000.0 0.20019531 3.5236725e-10 -6830106.5
-1880660500000.0 0.19954428 3.5236725e-10 -6830106.5
-1874524800000.0 0.19889325 3.5236725e-10 -6830106.5
-1868388600000.0 0.19824217 3.5236725e-10 -6830106.5
-1862252800000.0 0.19759114 3.8199105e-10 -6313410.5
-1856116900000.0 0.19694011 3.8199105e-10 -6313410.5
-1849980900000.0 0.19628906 3.8199105e-10 -6313410.5
-1843844900000.0 0.19563802 3.8199105e-10 -6313410.5
-1837709100000.0 0.19498698 4.1242806e-10 -5719074.0
-1831573300000.0 0.19433595 4.1242806e-10 -5719074.0
-1825437100000.0 0.19368488 4.1242806e-10 -5719074.0
-1819301200000.0 0.19303386 4.1242806e-10 -5719074.0
-1813165500000.0 0.19238283 4.4186224e-10 -5034628.0
-1807029500000.0 0.19173177 4.4186224e-10 -5034628.0
-1800893500000.0 0.19108072 4.4186224e-10 -5034628.0
-1794757600000.0 0.19042969 4.4186224e-10 -5034628.0
-1788621800000.0 0.18977866 4.4895485e-10 -4448196.0
-1782485600000.0 0.1891276 4.4895485e-10 -4448196.0
-1776349900000.0 0.18847656 4.4895485e-10 -4448196.0
-1770214000000.0 0.18782553 4.4895485e-10 -4448196.0
-1764078000000.0 0.18717448 4.265609e-10 -4083305.8
-1757942000000.0 0.18652342 4.265609e-10 -4083305.8
-1751806100000.0 0.1858724 4.265609e-10 -4083305.8
-1745670400000.0 0.18522137 4.265609e-10 -4083305.8
-1739534100000.0 0.1845703 4.1060827e-10 -3639558.0
-1733398400000.0 0.18391927 4.1060827e-10 -3639558.0
-1727262500000.0 0.18326823 4.1060827e-10 -3639558.0
-1721126500000.0 0.18261719 4.1060827e-10 -3639558.0
-1714990700000.0 0.18196616 4.4722345e-10 -3008951.2
-1708854700000.0 0.18131511 4.4722345e-10 -3008951.2
-1702718900000.0 0.18066408 4.4722345e-10 -3008951.2
-1696582700000.0 0.180013 4.4722345e-10 -3008951.2
-1690446900000.0 0.17936198 4.52401e-10 -2717019.0
-1684311100000.0 0.17871095 4.52401e-10 -2717019.0
-1678174800000.0 0.17805988 4.52401e-10 -2717019.0
-1672039400000.0 0.17740889 4.52401e-10 -2717019.0
-1665903200000.0 0.17675781 3.5485448e-10 -3978924.5
-1659767100000.0 0.17610675 3.5485448e-10 -3978924.5
-1653631600000.0 0.17545575 3.5485448e-10 -3978924.5
-1647495500000.0 0.17480469 3.5485448e-10 -3978924.5
-1641359200000.0 0.17415361 2.432703e-10 -5571212.5
-1635223700000.0 0.17350262 2.432703e-10 -5571212.5
-1629087600000.0 0.17285155 2.432703e-10 -5571212.5
-1622951700000.0 0.17220053 2.432703e-10 -5571212.5
-1616816000000.0 0.1715495 2.2980044e-10 -5875666.0
-1610679700000.0 0.17089842 2.2980044e-10 -5875666.0
-1604544000000.0 0.17024739 2.2980044e-10 -5875666.0
-1598408100000.0 0.16959636 2.2980044e-10 -5875666.0
-1592272000000.0 0.1689453 2.572812e-10 -5517211.5
-1586136500000.0 0.1682943 2.572812e-10 -5517211.5
-1580000300000.0 0.16764323 2.572812e-10 -5517211.5
-1573864100000.0 0.16699216 2.572812e-10 -5517211.5
-1567728700000.0 0.16634117 3.0253414e-10 -4699126.5
-1561592500000.0 0.1656901 3.0253414e-10 -4699126.5
-1555456300000.0 0.16503903 3.0253414e-10 -4699126.5
-1549320800000.0 0.16438805 3.0253414e-10 -4699126.5
-1543184700000.0 0.16373697 3.7267386e-10 -3684374.8
-1537048800000.0 0.16308594 3.7267386e-10 -3684374.8
-1530913000000.0 0.1624349 3.7267386e-10 -3684374.8
-1524776800000.0 0.16178384 3.7267386e-10 -3684374.8
-1518641100000.0 0.16113281 4.922306e-10 -2480538.5
-1512505200000.0 0.16048178 4.922306e-10 -2480538.5
-1506369100000.0 0.1598307 4.922306e-10 -2480538.5
-1500233600000.0 0.15917972 4.922306e-10 -2480538.5
-1494097300000.0 0.15852864 6.651685e-10 -1523442.8
-1487961200000.0 0.15787758 6.651685e-10 -1523442.8
-1481825700000.0 0.15722659 6.651685e-10 -1523442.8
-1475689600000.0 0.15657552 6.651685e-10 -1523442.8
-1469553400000.0 0.15592445 8.407144e-10 -1038427.75
-1463418000000.0 0.15527347 8.407144e-10 -1038427.75
-1457281700000.0 0.15462239 8.407144e-10 -1038427.75
-1451146000000.0 0.15397136 8.407144e-10 -1038427.75
-1445010100000.0 0.15332033 9.428565e-10 -1020931.8
-1438874000000.0 0.15266925 9.428565e-10 -1020931.8
-1432738100000.0 0.15201822 9.428565e-10 -1020931.8
-1426602300000.0 0.1513672 9.428565e-10 -1020931.8
-1420466000000.0 0.15071613 8.69695e-10 -1985870.8
-1414330600000.0 0.15006512 8.69695e-10 -1985870.8
-1408194400000.0 0.14941406 8.69695e-10 -1985870.8
-1402058300000.0 0.148763 8.69695e-10 -1985870.8
-1395922800000.0 0.148112 5.894808e-10 -3177241.2
-1389786600000.0 0.14746092 5.894808e-10 -3177241.2
-1383650400000.0 0.14680986 5.894808e-10 -3177241.2
-1377515000000.0 0.14615887 5.894808e-10 -3177241.2
-1371378800000.0 0.1455078 4.562555e-10 -3757630.8
-1365243000000.0 0.14485677 4.562555e-10 -3757630.8
-1359107200000.0 0.14420575 4.562555e-10 -3757630.8
-1352970900000.0 0.14355466 4.562555e-10 -3757630.8
-1346835200000.0 0.14290364 3.7888132e-10 -3747224.8
-1340699300000.0 0.14225261 3.7888132e-10 -3747224.8
-1334563200000.0 0.14160155 3.7888132e-10 -3747224.8
-1328427700000.0 0.14095055 3.7888132e-10 -3747224.8
-1322291600000.0 0.14029948 3.392743e-10 -3083590.0
-1316155300000.0 0.13964841 3.392743e-10 -3083590.0
-1310019800000.0 0.1389974 3.392743e-10 -3083590.0
-1303883700000.0 0.13834634 3.392743e-10 -3083590.0
-1297747500000.0 0.13769528 3.3434444e-10 -2712403.8
-1291612000000.0 0.1370443 3.3434444e-10 -2712403.8
-1285475900000.0 0.13639323 3.3434444e-10 -2712403.8
-1279340000000.0 0.13574219 3.3434444e-10 -2712403.8
-1273204200000.0 0.13509116 3.4638628e-10 -2616941.0
-1267068000000.0 0.1344401 3.4638628e-10 -2616941.0
-1260932200000.0 0.13378905 3.4638628e-10 -2616941.0
-1254796400000.0 0.13313803 3.4638628e-10 -2616941.0
-1248660300000.0 0.13248697 3.6577302e-10 -2611320.2
-1242524800000.0 0.13183598 3.6577302e-10 -2611320.2
-1236388500000.0 0.13118489 3.6577302e-10 -2611320.2
-1230252400000.0 0.13053383 3.6577302e-10 -2611320.2
-1224116900000.0 0.12988284 3.8413678e-10 -2622461.5
-1217980800000.0 0.12923177 3.8413678e-10 -2622461.5
-1211844500000.0 0.12858069 3.8413678e-10 -2622461.5
-1205709200000.0 0.12792972 3.8413678e-10 -2622461.5
-1199572900000.0 0.12727864 4.1196524e-10 -2667806.0
-1193437200000.0 0.12662761 4.1196524e-10 -2667806.0
-1187301300000.0 0.12597658 4.1196524e-10 -2667806.0
-1181165200000.0 0.1253255 4.1196524e-10 -2667806.0
-1175029300000.0 0.12467448 4.3826548e-10 -2602308.8
-1168893500000.0 0.12402345 4.3826548e-10 -2602308.8
-1162757300000.0 0.123372376 4.3826548e-10 -2602308.8
-1156621800000.0 0.12272138 4.3826548e-10 -2602308.8
-1150485700000.0 0.12207031 4.7382354e-10 -2489407.0
-1144349500000.0 0.12141925 4.7382354e-10 -2489407.0
-1138214000000.0 0.12076825 4.7382354e-10 -2489407.0
-1132077800000.0 0.12011717 4.7382354e-10 -2489407.0
-1125941600000.0 0.11946611 4.977226e-10 -2224233.8
-1119806200000.0 0.118815124 4.977226e-10 -2224233.8
-1113670000000.0 0.118164055 4.977226e-10 -2224233.8
-1107534200000.0 0.11751302 4.977226e-10 -2224233.8
-1101398400000.0 0.11686199 5.3282434e-10 -1934294.0
-1095262200000.0 0.11621092 5.3282434e-10 -1934294.0
-1089126400000.0 0.11555989 5.3282434e-10 -1934294.0
-1082990500000.0 0.11490886 5.3282434e-10 -1934294.0
-1076854400000.0 0.11425779 5.7237187e-10 -1666721.6
-1070718900000.0 0.113606796 5.7237187e-10 -1666721.6
-1064582700000.0 0.11295573 5.7237187e-10 -1666721.6
-1058446600000.0 0.11230466 5.7237187e-10 -1666721.6
-1052311100000.0 0.11165367 6.1222016e-10 -1286633.5
-1046174900000.0 0.1110026 6.1222016e-10 -1286633.5
-1040038700000.0 0.11035153 6.1222016e-10 -1286633.5
-1033903300000.0 0.10970054 6.1222016e-10 -1286633.5
-1027767100000.0 0.10904947 6.532941e-10 -950459.94
-1021631270000.0 0.10839844 6.532941e-10 -950459.94
-1015495460000.0 0.107747406 6.532941e-10 -950459.94
-1009359260000.0 0.10709634 6.532941e-10 -950459.94
-1003223450000.0 0.106445305 6.9629646e-10 -611496.44
-997087640000.0 0.10579427 6.9629646e-10 -611496.44
-990951440000.0 0.10514321 6.9629646e-10 -611496.44
-984815960000.0 0.10449222 6.9629646e-10 -611496.44
-978679800000.0 0.10384115 7.177869e-10 -414304.84
-972543600000.0 0.10319008 7.177869e-10 -414304.84
-966408140000.0 0.102539085 7.177869e-10 -414304.84
-960271940000.0 0.101888016 7.177869e-10 -414304.84
-954135800000.0 0.10123695 7.2818906e-10 -301400.47
-948000300000.0 0.10058595 7.2818906e-10 -301400.47
-941864100000.0 0.09993488 7.2818906e-10 -301400.47
-935728300000.0 0.09928385 7.2818906e-10 -301400.47
-929592500000.0 0.09863283 7.291801e-10 -307260.7
-923456300000.0 0.09798176 7.291801e-10 -307260.7
-917320500000.0 0.09733073 7.291801e-10 -307260.7
-911184700000.0 0.096679695 7.291801e-10 -307260.7
-905048500000.0 0.096028626 7.5271345e-10 -99538.195
-898913000000.0 0.09537763 7.5271345e-10 -99538.195
-892776900000.0 0.09472656 7.5271345e-10 -99538.195
-886640700000.0 0.09407549 7.5271345e-10 -99538.195
-880505200000.0 0.0934245 7.7855866e-10 -88475.86
-874369060000.0 0.09277343 7.7855866e-10 -88475.86
-868232860000.0 0.09212236 7.7855866e-10 -88475.86
-862097400000.0 0.091471374 7.7855866e-10 -88475.86
-855961240000.0 0.090820305 8.5251683e-10 340503.94
-849825370000.0 0.09016927 8.5251683e-10 340503.94
-843689560000.0 0.08951824 8.5251683e-10 340503.94
-837553400000.0 0.08886717 8.5251683e-10 340503.94
-831417550000.0 0.08821614 8.983358e-10 490082.25
-825281740000.0 0.08756511 8.983358e-10 490082.25
-819145600000.0 0.08691404 8.983358e-10 490082.25
-813010100000.0 0.086263046 8.983358e-10 490082.25
-806873900000.0 0.08561198 9.352282e-10 748236.6
-800737700000.0 0.08496091 9.352282e-10 748236.6
-794602300000.0 0.08430992 9.352282e-10 748236.6
-788466100000.0 0.08365885 9.352282e-10 748236.6
-782330300000.0 0.08300782 9.2175195e-10 477802.6
-776194500000.0 0.08235679 9.2175195e-10 477802.6
-770058300000.0 0.08170572 9.386388e-10 490712.56
-763922500000.0 0.08105469 9.386388e-10 490712.56
-757786700000.0 0.080403656 9.302692e-10 258042.86
-751650500000.0 0.07975259 9.302692e-10 258042.86
-745515000000.0 0.07910159 9.487169e-10 275808.72
-739378800000.0 0.07845052 9.487169e-10 275808.72
-733242650000.0 0.077799454 9.637001e-10 170663.84
-727107200000.0 0.07714847 9.637001e-10 170663.84
-720971000000.0 0.07649739 9.837948e-10 190559.33
