morphology_data/1d_wa_a0.05_l4r1_00001.ecsv
# %ECSV 1.0
# ---
# datatype:
# - {name: b, datatype: float32}
# - {name: phase, datatype: float32}
# - {name: sigma, datatype: float32}
# - {name: vr, datatype: float32}
# meta: {lambda: 4, rp: 1.0, sep: 0.05, wind: a}
# schema: astropy-2.0
b phase sigma vr
[from data line 1242]
1468019600000.0 -0.3115234 4.7795965e-08 -2722369.5
1471087400000.0 -0.31217444 4.7795965e-08 -2722369.5
1474155900000.0 -0.3128256 4.7823374e-08 -2825328.8
1477223600000.0 -0.31347656 4.7823374e-08 -2825328.8
1480291400000.0 -0.3141276 4.7823374e-08 -2825328.8
1483359800000.0 -0.31477872 4.7823374e-08 -2825328.8
1486427500000.0 -0.3154297 4.7997407e-08 -2912412.2
1489495300000.0 -0.3160807 4.7997407e-08 -2912412.2
1492563400000.0 -0.31673178 4.7997407e-08 -2912412.2
1495631400000.0 -0.31738284 4.7997407e-08 -2912412.2
1498699100000.0 -0.3180338 4.8078594e-08 -2984498.2
1501767300000.0 -0.3186849 4.8078594e-08 -2984498.2
1504835300000.0 -0.31933597 4.8078594e-08 -2984498.2
1507903000000.0 -0.31998697 4.8078594e-08 -2984498.2
1510971100000.0 -0.32063803 4.8641272e-08 -3054622.5
1514039300000.0 -0.3212891 4.8641272e-08 -3054622.5
1517107000000.0 -0.3219401 4.8641272e-08 -3054622.5
1520175000000.0 -0.32259116 4.8641272e-08 -3054622.5
1523243200000.0 -0.32324222 4.875217e-08 -3094664.5
1526310900000.0 -0.32389322 4.875217e-08 -3094664.5
1529379000000.0 -0.32454428 4.875217e-08 -3094664.5
1532447000000.0 -0.32519534 4.875217e-08 -3094664.5
1535514800000.0 -0.32584634 4.9864575e-08 -3133235.2
1538582500000.0 -0.32649735 4.9864575e-08 -3133235.2
1541651000000.0 -0.3271485 4.9864575e-08 -3133235.2
1544718600000.0 -0.32779947 4.9864575e-08 -3133235.2
1547786400000.0 -0.32845047 5.0518267e-08 -3138966.2
1550854900000.0 -0.32910162 5.0518267e-08 -3138966.2
1553922700000.0 -0.3297526 5.0518267e-08 -3138966.2
1556990400000.0 -0.3304036 5.0518267e-08 -3138966.2
1560058800000.0 -0.33105475 5.160705e-08 -3168211.5
1563126500000.0 -0.33170575 5.160705e-08 -3168211.5
1566194300000.0 -0.33235672 5.160705e-08 -3168211.5
1569262400000.0 -0.3330078 5.160705e-08 -3168211.5
1572330400000.0 -0.33365887 5.2073535e-08 -3192638.2
1575398100000.0 -0.33430985 5.2073535e-08 -3192638.2
1578466300000.0 -0.33496094 5.2073535e-08 -3192638.2
1581534400000.0 -0.335612 5.2073535e-08 -3192638.2
1584602000000.0 -0.336263 5.2827602e-08 -3244404.8
1587670200000.0 -0.33691406 5.2827602e-08 -3244404.8
1590738300000.0 -0.33756512 5.2827602e-08 -3244404.8
1593806000000.0 -0.33821613 5.2827602e-08 -3244404.8
1596874000000.0 -0.3388672 5.2968428e-08 -3364483.5
1599942200000.0 -0.33951825 5.2968428e-08 -3364483.5
1603009900000.0 -0.34016925 5.2968428e-08 -3364483.5
1606078000000.0 -0.3408203 5.2968428e-08 -3364483.5
1609146000000.0 -0.3414714 5.3328634e-08 -3481321.8
1612213800000.0 -0.34212238 5.3328634e-08 -3481321.8
1615281500000.0 -0.34277338 5.3328634e-08 -3481321.8
1618350000000.0 -0.34342453 5.3328634e-08 -3481321.8
1621417800000.0 -0.3440755 5.3659278e-08 -3581051.0
1624485400000.0 -0.3447265 5.3659278e-08 -3581051.0
1627553900000.0 -0.34537765 5.3659278e-08 -3581051.0
1630621700000.0 -0.34602866 5.3659278e-08 -3581051.0
1633689400000.0 -0.34667963 5.394817e-08 -3673640.2
1636757800000.0 -0.34733078 5.394817e-08 -3673640.2
1639825500000.0 -0.34798178 5.394817e-08 -3673640.2
1642893300000.0 -0.34863275 5.394817e-08 -3673640.2
1645961700000.0 -0.3492839 5.375085e-08 -3742721.8
1649029400000.0 -0.3499349 5.375085e-08 -3742721.8
1652097200000.0 -0.3505859 5.375085e-08 -3742721.8
1655165300000.0 -0.35123697 5.375085e-08 -3742721.8
1658233400000.0 -0.35188803 5.3019715e-08 -3791734.0
1661301200000.0 -0.35253903 5.3019715e-08 -3791734.0
1664369200000.0 -0.3531901 5.3019715e-08 -3791734.0
1667437300000.0 -0.35384116 5.3019715e-08 -3791734.0
1670505000000.0 -0.35449216 5.1654194e-08 -3799581.8
1673573200000.0 -0.35514322 5.1654194e-08 -3799581.8
1676641200000.0 -0.3557943 5.1654194e-08 -3799581.8
1679708900000.0 -0.35644528 5.1654194e-08 -3799581.8
1682777000000.0 -0.35709634 5.0057185e-08 -3793632.0
1685845000000.0 -0.35774744 5.0057185e-08 -3793632.0
1688912800000.0 -0.3583984 5.0057185e-08 -3793632.0
1691980900000.0 -0.3590495 5.0057185e-08 -3793632.0
1695049000000.0 -0.35970056 4.7897156e-08 -3745873.2
1698116800000.0 -0.36035156 4.7897156e-08 -3745873.2
1701184500000.0 -0.36100253 4.7897156e-08 -3745873.2
1704252900000.0 -0.3616537 4.7897156e-08 -3745873.2
1707320700000.0 -0.3623047 4.5671992e-08 -3688306.8
1710388400000.0 -0.36295566 4.5671992e-08 -3688306.8
1713456800000.0 -0.3636068 4.5671992e-08 -3688306.8
1716524500000.0 -0.3642578 4.5671992e-08 -3688306.8
1719592300000.0 -0.3649088 4.297407e-08 -3595263.8
1722660800000.0 -0.36555994 4.297407e-08 -3595263.8
1725728400000.0 -0.36621094 4.297407e-08 -3595263.8
1728796200000.0 -0.36686194 4.297407e-08 -3595263.8
1731864700000.0 -0.3675131 4.051586e-08 -3531608.0
1734932400000.0 -0.36816406 4.051586e-08 -3531608.0
1738000200000.0 -0.36881506 4.051586e-08 -3531608.0
1741068200000.0 -0.36946613 4.051586e-08 -3531608.0
1744136300000.0 -0.3701172 3.7766927e-08 -3464336.8
1747204000000.0 -0.3707682 3.7766927e-08 -3464336.8
1750272200000.0 -0.37141925 3.7766927e-08 -3464336.8
1753340200000.0 -0.37207034 3.7766927e-08 -3464336.8
1756407900000.0 -0.3727213 3.55695e-08 -3438057.2
1759476000000.0 -0.3733724 3.55695e-08 -3438057.2
1762544200000.0 -0.37402347 3.55695e-08 -3438057.2
1765611800000.0 -0.37467447 3.55695e-08 -3438057.2
1768679900000.0 -0.37532553 3.3262708e-08 -3398002.0
1771748000000.0 -0.3759766 3.3262708e-08 -3398002.0
1774815800000.0 -0.3766276 3.3262708e-08 -3398002.0
1777883800000.0 -0.37727866 3.3262708e-08 -3398002.0
1780952000000.0 -0.37792972 3.150611e-08 -3359914.0
1784019700000.0 -0.37858072 3.150611e-08 -3359914.0
1787087400000.0 -0.37923172 3.150611e-08 -3359914.0
1790155800000.0 -0.37988284 3.150611e-08 -3359914.0
1793223600000.0 -0.38053384 2.9622122e-08 -3284646.2
1796291300000.0 -0.38118485 2.9622122e-08 -3284646.2
1799359800000.0 -0.381836 2.9622122e-08 -3284646.2
1802427600000.0 -0.38248697 2.9622122e-08 -3284646.2
1805495200000.0 -0.38313797 2.8366252e-08 -3220794.0
1808563700000.0 -0.38378912 2.8366252e-08 -3220794.0
1811631400000.0 -0.3844401 2.8366252e-08 -3220794.0
1814699200000.0 -0.3850911 2.8366252e-08 -3220794.0
1817767600000.0 -0.38574225 2.7184532e-08 -3119627.5
1820835300000.0 -0.38639325 2.7184532e-08 -3119627.5
1823903000000.0 -0.38704422 2.7184532e-08 -3119627.5
1826971200000.0 -0.3876953 2.7184532e-08 -3119627.5
1830039200000.0 -0.38834637 2.6640366e-08 -2999178.5
1833106900000.0 -0.38899738 2.6640366e-08 -2999178.5
1836175000000.0 -0.38964844 2.6640366e-08 -2999178.5
1839243200000.0 -0.3902995 2.6640366e-08 -2999178.5
1842311000000.0 -0.3909505 2.5513572e-08 -2807854.0
1845379000000.0 -0.39160156 2.5513572e-08 -2807854.0
1848447100000.0 -0.39225262 2.5513572e-08 -2807854.0
1851514800000.0 -0.39290363 2.5513572e-08 -2807854.0
1854582800000.0 -0.3935547 2.4436378e-08 -2592383.5
1857651000000.0 -0.39420575 2.4436378e-08 -2592383.5
1860718700000.0 -0.39485675 2.4436378e-08 -2592383.5
1863786800000.0 -0.3955078 2.4436378e-08 -2592383.5
1866854800000.0 -0.3961589 2.3372737e-08 -2427848.0
1869922600000.0 -0.39680988 2.3372737e-08 -2427848.0
1872990300000.0 -0.39746088 2.3372737e-08 -2427848.0
1876058800000.0 -0.39811203 2.3372737e-08 -2427848.0
1879126600000.0 -0.398763 2.2273907e-08 -2308506.2
1882194300000.0 -0.399414 2.2273907e-08 -2308506.2
1885262700000.0 -0.40006515 2.2273907e-08 -2308506.2
1888330400000.0 -0.40071616 2.2273907e-08 -2308506.2
1891398200000.0 -0.40136713 2.0889084e-08 -2261517.8
1894466600000.0 -0.40201828 2.0889084e-08 -2261517.8
1897534300000.0 -0.40266928 2.0889084e-08 -2261517.8
1900602000000.0 -0.40332028 2.0889084e-08 -2261517.8
1903670500000.0 -0.4039714 1.8874966e-08 -2274889.5
1906738200000.0 -0.4046224 1.8874966e-08 -2274889.5
1909806000000.0 -0.4052734 1.8874966e-08 -2274889.5
1912874100000.0 -0.40592447 1.8874966e-08 -2274889.5
1915942200000.0 -0.40657553 1.7044524e-08 -2340319.5
1919010000000.0 -0.40722653 1.7044524e-08 -2340319.5
1922078000000.0 -0.4078776 1.7044524e-08 -2340319.5
1925146100000.0 -0.40852866 1.7044524e-08 -2340319.5
1928213800000.0 -0.40917966 1.5570878e-08 -2406532.0
1931282000000.0 -0.40983072 1.5570878e-08 -2406532.0
1934350000000.0 -0.4104818 1.5570878e-08 -2406532.0
1937417700000.0 -0.41113278 1.5570878e-08 -2406532.0
1940485800000.0 -0.41178387 1.4733319e-08 -2523686.2
1943553800000.0 -0.41243494 1.4733319e-08 -2523686.2
1946621600000.0 -0.4130859 1.4733319e-08 -2523686.2
1949689700000.0 -0.413737 1.4733319e-08 -2523686.2
1952757800000.0 -0.41438806 1.4033958e-08 -2689363.8
1955825600000.0 -0.41503906 1.4033958e-08 -2689363.8
1958893300000.0 -0.41569003 1.4033958e-08 -2689363.8
1961961700000.0 -0.4163412 1.4033958e-08 -2689363.8
1965029500000.0 -0.4169922 1.35869085e-08 -2658024.2
1968097200000.0 -0.4176432 1.35869085e-08 -2658024.2
1971165600000.0 -0.4182943 1.35869085e-08 -2658024.2
1974233300000.0 -0.4189453 1.35869085e-08 -2658024.2
1977301100000.0 -0.4195963 1.2192197e-08 -2356962.8
1980369600000.0 -0.42024744 1.2192197e-08 -2356962.8
1983437300000.0 -0.42089844 1.2192197e-08 -2356962.8
1986505000000.0 -0.42154944 1.2192197e-08 -2356962.8
1989573500000.0 -0.4222006 1.110605e-08 -1378321.9
1992641200000.0 -0.42285156 1.110605e-08 -1378321.9
1995709000000.0 -0.42350256 1.110605e-08 -1378321.9
1998777000000.0 -0.42415363 1.110605e-08 -1378321.9
2001845100000.0 -0.42480472 1.0650123e-08 -558705.4
2004912800000.0 -0.4254557 1.0650123e-08 -558705.4
2007981000000.0 -0.42610675 1.0650123e-08 -558705.4
2011049000000.0 -0.42675784 1.0650123e-08 -558705.4
2014116700000.0 -0.4274088 1.0206856e-08 -121181.56
2017184800000.0 -0.4280599 1.0206856e-08 -121181.56
2020253000000.0 -0.42871097 1.0206856e-08 -121181.56
2023320700000.0 -0.42936197 1.0206856e-08 -121181.56
2026388700000.0 -0.43001303 9.798316e-09 -142980.47
2029456900000.0 -0.4306641 9.798316e-09 -142980.47
2032524600000.0 -0.4313151 9.798316e-09 -142980.47
2035592600000.0 -0.43196616 9.798316e-09 -142980.47
2038660700000.0 -0.43261722 9.120516e-09 -191375.34
2041728500000.0 -0.43326822 9.120516e-09 -191375.34
2044796200000.0 -0.43391922 9.120516e-09 -191375.34
2047864600000.0 -0.43457034 9.120516e-09 -191375.34
2050932300000.0 -0.43522134 8.6454035e-09 -290101.66
2054000100000.0 -0.43587235 8.6454035e-09 -290101.66
2057068600000.0 -0.4365235 8.6454035e-09 -290101.66
2060136300000.0 -0.43717447 8.6454035e-09 -290101.66
2063204100000.0 -0.43782547 8.14039e-09 -313252.5
2066272500000.0 -0.43847662 8.14039e-09 -313252.5
2069340200000.0 -0.43912762 8.14039e-09 -313252.5
2072408000000.0 -0.4397786 8.14039e-09 -313252.5
2075476400000.0 -0.44042975 7.814723e-09 -363597.22
2078544100000.0 -0.44108075 7.814723e-09 -363597.22
2081611800000.0 -0.44173172 7.814723e-09 -363597.22
2084680000000.0 -0.4423828 7.814723e-09 -363597.22
2087748000000.0 -0.44303387 7.7152364e-09 -243449.61
2090815700000.0 -0.44368488 7.7152364e-09 -243449.61
2093883900000.0 -0.44433594 7.7152364e-09 -243449.61
2096952000000.0 -0.444987 7.7152364e-09 -243449.61
2100019700000.0 -0.445638 7.524522e-09 -214475.89
2103087700000.0 -0.44628906 7.524522e-09 -214475.89
2106155900000.0 -0.44694012 7.524522e-09 -214475.89
2109223600000.0 -0.44759113 7.524522e-09 -214475.89
2112291700000.0 -0.4482422 7.370333e-09 -49667.137
2115359700000.0 -0.44889325 7.370333e-09 -49667.137
2118427500000.0 -0.44954425 7.370333e-09 -49667.137
2121495600000.0 -0.4501953 7.370333e-09 -49667.137
2124563600000.0 -0.4508464 7.1061255e-09 55288.043
2127631400000.0 -0.45149738 7.1061255e-09 55288.043
2130699100000.0 -0.45214838 7.1061255e-09 55288.043
2133767600000.0 -0.45279953 7.1061255e-09 55288.043
2136835400000.0 -0.45345053 6.7380825e-09 359736.88
2139903100000.0 -0.4541015 6.7380825e-09 359736.88
2142971500000.0 -0.45475265 6.7380825e-09 359736.88
2146039200000.0 -0.45540366 6.7380825e-09 359736.88
2149107000000.0 -0.45605463 6.181692e-09 344422.66
2152175400000.0 -0.45670578 6.181692e-09 344422.66
2155243100000.0 -0.45735678 6.181692e-09 344422.66
2158310900000.0 -0.45800778 6.181692e-09 344422.66
2161379400000.0 -0.4586589 5.5111378e-09 217596.16
2164447000000.0 -0.4593099 5.5111378e-09 217596.16
2167514700000.0 -0.4599609 5.5111378e-09 217596.16
2170582900000.0 -0.46061197 5.5111378e-09 217596.16
2173651000000.0 -0.46126303 5.0190994e-09 -28959.45
2176718700000.0 -0.46191403 5.0190994e-09 -28959.45
2179786700000.0 -0.4625651 5.0190994e-09 -28959.45
2182854900000.0 -0.46321616 5.0190994e-09 -28959.45
2185922600000.0 -0.46386716 4.705229e-09 -582475.7
2188990700000.0 -0.46451822 4.705229e-09 -582475.7
2192058700000.0 -0.4651693 4.705229e-09 -582475.7
2195126500000.0 -0.46582028 4.705229e-09 -582475.7
2198194600000.0 -0.46647137 4.6808704e-09 -803405.0
2201262800000.0 -0.46712244 4.6808704e-09 -803405.0
2204330400000.0 -0.46777344 4.6808704e-09 -803405.0
2207398500000.0 -0.4684245 4.6808704e-09 -803405.0
2210466600000.0 -0.46907556 4.6510453e-09 -1281319.6
2213534200000.0 -0.4697265 4.6510453e-09 -1281319.6
2216602000000.0 -0.47037753 4.6510453e-09 -1281319.6
2219670500000.0 -0.4710287 4.6510453e-09 -1281319.6
2222738400000.0 -0.47167972 4.663784e-09 -1346137.1
2225806000000.0 -0.4723307 4.663784e-09 -1346137.1
2228874400000.0 -0.4729818 4.663784e-09 -1346137.1
2231942300000.0 -0.47363284 4.663784e-09 -1346137.1
2235009900000.0 -0.4742838 4.713019e-09 -1717512.0
2238078300000.0 -0.47493497 4.713019e-09 -1717512.0
2241146000000.0 -0.47558594 4.713019e-09 -1717512.0
2244213700000.0 -0.47623694 4.713019e-09 -1717512.0
2247282000000.0 -0.47688803 4.704598e-09 -1755949.2
2250350000000.0 -0.47753906 4.704598e-09 -1755949.2
2253417600000.0 -0.47819003 4.704598e-09 -1755949.2
2256485700000.0 -0.47884113 4.704598e-09 -1755949.2
2259554000000.0 -0.47949222 4.6953827e-09 -1998428.8
2262621700000.0 -0.48014325 4.6953827e-09 -1998428.8
2265689600000.0 -0.48079422 4.6953827e-09 -1998428.8
2268757800000.0 -0.48144534 4.6953827e-09 -1998428.8
2271825600000.0 -0.48209637 4.566965e-09 -2048918.2
2274893500000.0 -0.48274735 4.566965e-09 -2048918.2
2277961600000.0 -0.48339847 4.566965e-09 -2048918.2
2281029500000.0 -0.48404947 4.566965e-09 -2048918.2
2284097600000.0 -0.48470056 4.42351e-09 -2133442.8
2287165500000.0 -0.48535156 4.42351e-09 -2133442.8
2290233400000.0 -0.4860026 4.42351e-09 -2133442.8
2293301500000.0 -0.48665366 4.42351e-09 -2133442.8
2296369600000.0 -0.48730478 4.123577e-09 -2224415.5
2299437300000.0 -0.48795572 4.123577e-09 -2224415.5
2302505000000.0 -0.48860675 4.123577e-09 -2224415.5
2305573500000.0 -0.48925787 4.123577e-09 -2224415.5
2308641000000.0 -0.48990884 3.9646446e-09 -2275872.0
2311709000000.0 -0.49055988 3.9646446e-09 -2275872.0
2314777400000.0 -0.491211 3.9646446e-09 -2275872.0
2317845000000.0 -0.49186197 3.9646446e-09 -2275872.0
2320913000000.0 -0.49251297 3.7050403e-09 -2341076.2
2323981300000.0 -0.49316412 3.7050403e-09 -2341076.2
2327049000000.0 -0.49381506 3.7050403e-09 -2341076.2
2330116800000.0 -0.4944661 3.7050403e-09 -2341076.2
2333185100000.0 -0.49511725 3.723903e-09 -2215081.8
2336253000000.0 -0.49576828 3.723903e-09 -2215081.8
2339320600000.0 -0.49641922 3.723903e-09 -2215081.8
2342388800000.0 -0.4970703 3.723903e-09 -2215081.8
2345457000000.0 -0.49772137 3.6501744e-09 -2226600.2
2348524500000.0 -0.49837238 3.6501744e-09 -2226600.2
2351592600000.0 -0.49902344 3.6501744e-09 -2226600.2
2354660800000.0 -0.4996745 3.6501744e-09 -2226600.2
