morphology_data/1d_wb_a0.1_l2r2_00001.ecsv
# %ECSV 1.0
# ---
# datatype:
# - {name: b, datatype: float32}
# - {name: phase, datatype: float32}
# - {name: sigma, datatype: float32}
# - {name: vr, datatype: float32}
# meta: {lambda: 2, rp: 2.0, sep: 0.1, wind: b}
# schema: astropy-2.0
b phase sigma vr
-4709321000000.0 0.49967447 nan nan
-4703185300000.0 0.49902344 nan nan
-4697049500000.0 0.4983724 nan nan
-4690913300000.0 0.49772134 nan nan
-4684777500000.0 0.4970703 nan nan
-4678642000000.0 0.49641928 nan nan
-4672506000000.0 0.49576828 nan nan
-4666370000000.0 0.4951172 nan nan
-4660234000000.0 0.4944662 nan nan
-4654098000000.0 0.49381506 nan nan
-4647962000000.0 0.4931641 nan nan
-4641826000000.0 0.49251297 nan nan
-4635690000000.0 0.49186197 nan nan
-4629554300000.0 0.49121094 nan nan
-4623418000000.0 0.49055988 nan nan
-4617282000000.0 0.48990884 nan nan
-4611146500000.0 0.4892578 nan nan
-4605010000000.0 0.48860675 nan nan
-4598874500000.0 0.48795572 nan nan
-4592739000000.0 0.4873047 nan nan
-4586603000000.0 0.48665366 nan nan
-4580467000000.0 0.4860026 nan nan
-4574331000000.0 0.48535156 nan nan
-4568195300000.0 0.48470056 nan nan
-4562059000000.0 0.48404947 nan nan
-4555923000000.0 0.48339847 nan nan
-4549787000000.0 0.48274735 nan nan
-4543651000000.0 0.48209637 nan nan
-4537515000000.0 0.48144525 nan nan
-4531379000000.0 0.48079422 nan nan
-4525243500000.0 0.48014325 nan nan
-4519107000000.0 0.47949213 nan nan
-4512971500000.0 0.47884113 nan nan
-4506836000000.0 0.4781901 nan nan
-4500700000000.0 0.47753906 nan nan
-4494563700000.0 0.476888 nan nan
-4488428000000.0 0.47623697 nan nan
-4482292000000.0 0.47558594 nan nan
-4476156500000.0 0.47493497 nan nan
-4470020000000.0 0.47428384 nan nan
-4463884500000.0 0.47363284 nan nan
-4457748000000.0 0.47298175 nan nan
-4451612500000.0 0.47233072 nan nan
-4445477000000.0 0.47167972 nan nan
-4439340500000.0 0.47102863 nan nan
-4433205000000.0 0.47037762 nan nan
-4427068500000.0 0.4697265 nan nan
-4420932700000.0 0.46907553 nan nan
-4414797000000.0 0.4684245 nan nan
-4408660700000.0 0.46777344 nan nan
-4402525000000.0 0.4671224 nan nan
-4396389200000.0 0.46647137 nan nan
-4390253500000.0 0.46582034 nan nan
-4384117200000.0 0.46516925 nan nan
-4377981500000.0 0.46451822 nan nan
-4371845500000.0 0.4638672 nan nan
-4365709500000.0 0.46321613 nan nan
-4359573500000.0 0.4625651 nan nan
-4353437700000.0 0.46191406 nan nan
-4347301500000.0 0.461263 nan nan
-4341165700000.0 0.46061197 nan nan
-4335030000000.0 0.45996094 nan nan
-4328894000000.0 0.4593099 nan nan
-4322758000000.0 0.45865884 nan nan
-4316622200000.0 0.4580078 nan nan
-4310486200000.0 0.45735678 nan nan
-4304350500000.0 0.45670575 nan nan
-4298214200000.0 0.4560547 nan nan
-4292078500000.0 0.45540366 nan nan
-4285942700000.0 0.45475262 nan nan
-4279806500000.0 0.45410153 nan nan
-4273670700000.0 0.45345053 nan nan
-4267534700000.0 0.4527995 nan nan
-4261398700000.0 0.4521484 nan nan
-4255262700000.0 0.45149738 nan nan
-4249127000000.0 0.45084634 nan nan
-4242991200000.0 0.4501953 nan nan
-4236855000000.0 0.44954425 nan nan
-4230719200000.0 0.44889322 nan nan
-4224583500000.0 0.4482422 nan nan
-4218447500000.0 0.44759116 nan nan
-4212311500000.0 0.4469401 nan nan
-4206175500000.0 0.44628906 nan nan
-4200039700000.0 0.44563803 nan nan
-4193903400000.0 0.44498697 nan nan
-4187767700000.0 0.44433594 nan nan
-4181632000000.0 0.4436849 nan nan
-4175495700000.0 0.44303384 nan nan
-4169360000000.0 0.4423828 nan nan
-4163224000000.0 0.44173178 nan nan
-4157088200000.0 0.44108075 nan nan
-4150952000000.0 0.44042966 nan nan
-4144816200000.0 0.43977866 nan nan
-4138680500000.0 0.43912762 nan nan
-4132544700000.0 0.4384766 nan nan
-4126408400000.0 0.4378255 nan nan
-4120272700000.0 0.43717447 nan nan
-4114136700000.0 0.43652344 nan nan
-4108000700000.0 0.43587238 nan nan
-4101864700000.0 0.43522134 nan nan
-4095729000000.0 0.4345703 nan nan
-4089592700000.0 0.43391925 nan nan
-4083457000000.0 0.43326822 nan nan
-4077321200000.0 0.4326172 nan nan
-4071185200000.0 0.43196616 nan nan
-4065049200000.0 0.4313151 nan nan
-4058913200000.0 0.43066406 nan nan
-4052777400000.0 0.43001303 nan nan
-4046641700000.0 0.429362 nan nan
-4040505400000.0 0.42871094 nan nan
-4034369700000.0 0.4280599 nan nan
-4028234000000.0 0.42740887 nan nan
-4022097700000.0 0.42675778 nan nan
-4015962000000.0 0.42610675 nan nan
-4009826000000.0 0.42545575 nan nan
-4003690000000.0 0.42480466 nan nan
-3997554000000.0 0.42415363 nan nan
-3991418200000.0 0.4235026 nan nan
-3985282400000.0 0.42285156 nan nan
-3979146400000.0 0.42220053 nan nan
-3973010400000.0 0.42154947 nan nan
-3966874700000.0 0.42089844 nan nan
-3960738700000.0 0.4202474 nan nan
-3954602700000.0 0.41959634 nan nan
-3948466700000.0 0.4189453 nan nan
-3942331000000.0 0.41829428 nan nan
-3936194700000.0 0.41764322 nan nan
-3930059000000.0 0.4169922 nan nan
-3923923200000.0 0.41634116 nan nan
-3917787000000.0 0.4156901 nan nan
-3911651400000.0 0.4150391 nan nan
-3905515200000.0 0.41438803 nan nan
-3899379200000.0 0.41373694 nan nan
-3893243700000.0 0.41308597 nan nan
-3887107400000.0 0.41243488 nan nan
-3880971700000.0 0.41178387 nan nan
-3874836000000.0 0.41113284 nan nan
-3868699700000.0 0.41048175 nan nan
-3862564000000.0 0.40983072 nan nan
-3856428000000.0 0.4091797 nan nan
-3850292000000.0 0.40852863 nan nan
-3844156000000.0 0.4078776 nan nan
-3838020200000.0 0.40722656 nan nan
-3831884000000.0 0.4065755 nan nan
-3825748400000.0 0.4059245 nan nan
-3819612400000.0 0.40527344 nan nan
-3813476100000.0 0.40462238 nan nan
-3807340700000.0 0.40397137 nan nan
-3801204400000.0 0.4033203 nan nan
-3795068600000.0 0.40266928 nan nan
-3788933000000.0 0.40201825 nan nan
-3782796600000.0 0.4013672 nan nan
-3776661000000.0 0.40071616 nan nan
-3770525200000.0 0.40006512 nan nan
-3764389000000.0 0.39941403 nan nan
-3758253100000.0 0.398763 nan nan
-3752117100000.0 0.39811197 nan nan
-3745981100000.0 0.3974609 nan nan
-3739845700000.0 0.39680994 nan nan
-3733709400000.0 0.39615884 nan nan
-3727573600000.0 0.3955078 nan nan
-3721437600000.0 0.39485678 nan nan
-3715301600000.0 0.39420572 nan nan
-3709165600000.0 0.3935547 nan nan
-3703030000000.0 0.39290366 nan nan
-3696894000000.0 0.3922526 nan nan
-3690758000000.0 0.39160156 nan nan
-3684622100000.0 0.39095053 nan nan
-3678486000000.0 0.39029947 nan nan
-3672350000000.0 0.38964844 nan nan
-3666214400000.0 0.3889974 nan nan
-3660078000000.0 0.38834634 nan nan
-3653942600000.0 0.38769534 nan nan
-3647806400000.0 0.38704428 nan nan
-3641670600000.0 0.38639325 nan nan
-3635535000000.0 0.38574222 nan nan
-3629398600000.0 0.38509113 nan nan
-3623263000000.0 0.3844401 nan nan
-3617127000000.0 0.3837891 nan nan
-3610991000000.0 0.383138 nan nan
-3604855000000.0 0.38248697 nan nan
-3598719000000.0 0.38183594 nan nan
-3592583000000.0 0.38118488 nan nan
-3586447000000.0 0.38053384 nan nan
-3580311400000.0 0.3798828 nan nan
-3574175000000.0 0.37923175 nan nan
-3568039600000.0 0.37858075 nan nan
-3561903600000.0 0.3779297 nan nan
-3555767600000.0 0.37727866 nan nan
-3549632000000.0 0.37662762 nan nan
-3543495600000.0 0.37597656 nan nan
-3537359900000.0 0.37532553 nan nan
-3531224000000.0 0.3746745 nan nan
-3525087900000.0 0.37402344 nan nan
-3518952000000.0 0.3733724 nan nan
-3512816400000.0 0.37272137 nan nan
-3506680000000.0 0.37207028 nan nan
-3500544400000.0 0.37141925 nan nan
-3494408400000.0 0.37076822 nan nan
-3488272400000.0 0.37011716 nan nan
-3482137000000.0 0.3694662 nan nan
-3476000600000.0 0.3688151 nan nan
-3469864900000.0 0.36816406 nan nan
-3463728900000.0 0.36751303 nan nan
-3457592900000.0 0.36686197 nan nan
-3451456800000.0 0.36621094 nan nan
-3445321000000.0 0.3655599 nan nan
-3439184800000.0 0.36490884 nan nan
-3433049000000.0 0.3642578 nan nan
-3426913400000.0 0.36360678 nan nan
-3420777000000.0 0.36295572 nan nan
-3414641300000.0 0.3623047 nan nan
-3408505600000.0 0.36165366 nan nan
-3402369300000.0 0.3610026 nan nan
-3396233900000.0 0.3603516 nan nan
-3390097600000.0 0.35970053 nan nan
-3383961800000.0 0.3590495 nan nan
-3377826000000.0 0.35839847 nan nan
-3371689800000.0 0.35774738 nan nan
-3365554000000.0 0.35709634 nan nan
-3359418000000.0 0.3564453 nan nan
-3353282000000.0 0.35579425 nan nan
-3347146300000.0 0.35514322 nan nan
-3341010300000.0 0.3544922 nan nan
-3334874300000.0 0.35384113 nan nan
-3328738300000.0 0.3531901 nan nan
-3322602600000.0 0.35253906 nan nan
-3316466300000.0 0.351888 nan nan
-3310330800000.0 0.351237 nan nan
-3304194800000.0 0.35058594 nan nan
-3298058800000.0 0.3499349 nan nan
-3291923000000.0 0.34928387 nan nan
-3285786800000.0 0.3486328 nan nan
-3279651000000.0 0.34798178 nan nan
-3273515300000.0 0.34733075 nan nan
-3267379000000.0 0.3466797 nan nan
-3261243300000.0 0.34602866 nan nan
-3255107600000.0 0.34537762 nan nan
-3248971300000.0 0.34472653 nan nan
-3242835600000.0 0.3440755 nan nan
-3236699600000.0 0.34342447 nan nan
-3230563600000.0 0.3427734 nan nan
-3224428000000.0 0.3421224 nan nan
-3218291800000.0 0.34147134 nan nan
-3212156000000.0 0.3408203 nan nan
-3206020000000.0 0.34016928 nan nan
-3199884000000.0 0.33951822 nan nan
-3193748000000.0 0.3388672 nan nan
-3187612300000.0 0.33821616 nan nan
-3181476000000.0 0.3375651 nan nan
-3175340300000.0 0.33691406 nan nan
-3169204600000.0 0.33626303 nan nan
-3163068300000.0 0.33561197 nan nan
-3156932600000.0 0.33496094 nan nan
-3150796800000.0 0.3343099 nan nan
-3144660800000.0 0.33365887 nan nan
-3138524800000.0 0.3330078 nan nan
-3132388800000.0 0.33235678 nan nan
-3126253000000.0 0.33170575 nan nan
-3120117300000.0 0.33105472 nan nan
-3113981000000.0 0.33040363 nan nan
-3107845300000.0 0.3297526 nan nan
-3101709300000.0 0.32910156 nan nan
-3095573300000.0 0.3284505 nan nan
-3089437300000.0 0.32779947 nan nan
-3083301600000.0 0.32714844 nan nan
-3077165500000.0 0.32649738 nan nan
-3071029500000.0 0.32584634 nan nan
-3064893800000.0 0.3251953 nan nan
-3058758000000.0 0.32454428 nan nan
-3052621800000.0 0.32389322 nan nan
-3046486000000.0 0.3232422 nan nan
-3040350000000.0 0.32259116 nan nan
-3034214300000.0 0.32194012 nan nan
-3028078000000.0 0.32128906 nan nan
-3021942300000.0 0.32063803 nan nan
-3015806600000.0 0.319987 nan nan
-3009670300000.0 0.31933594 nan nan
-3003534500000.0 0.3186849 nan nan
-2997398800000.0 0.31803387 nan nan
-2991262800000.0 0.31738284 nan nan
-2985126800000.0 0.31673178 nan nan
-2978990800000.0 0.31608072 nan nan
-2972855000000.0 0.3154297 nan nan
-2966718800000.0 0.31477863 nan nan
-2960583000000.0 0.3141276 nan nan
-2954447300000.0 0.31347656 nan nan
-2948311300000.0 0.31282553 nan nan
-2942175300000.0 0.31217447 nan nan
-2936039300000.0 0.3115234 nan nan
-2929903500000.0 0.3108724 nan nan
-2923767300000.0 0.3102213 nan nan
-2917631500000.0 0.3095703 nan nan
-2911495800000.0 0.30891928 nan nan
-2905359800000.0 0.30826822 nan nan
-2899223800000.0 0.3076172 nan nan
-2893088000000.0 0.30696616 nan nan
-2886952000000.0 0.30631512 nan nan
-2880816000000.0 0.30566406 nan nan
-2874680000000.0 0.30501303 nan nan
-2868544300000.0 0.304362 nan nan
-2862408300000.0 0.30371094 nan nan
-2856272300000.0 0.30305988 nan nan
-2850136500000.0 0.30240884 nan nan
-2844000500000.0 0.3017578 nan nan
-2837864500000.0 0.30110675 nan nan
-2831728500000.0 0.30045572 nan nan
-2825592800000.0 0.2998047 nan nan
-2819456800000.0 0.29915366 nan nan
-2813320800000.0 0.2985026 nan nan
-2807185000000.0 0.29785156 nan nan
-2801049300000.0 0.29720056 nan nan
-2794913000000.0 0.29654947 nan nan
-2788777300000.0 0.29589847 nan nan
-2782641300000.0 0.2952474 nan nan
-2776505300000.0 0.29459634 nan nan
-2770369200000.0 0.29394528 nan nan
-2764233500000.0 0.29329428 nan nan
-2758097800000.0 0.29264325 nan nan
-2751961800000.0 0.2919922 nan nan
-2745825800000.0 0.29134116 nan nan
-2739689800000.0 0.2906901 nan nan
-2733553700000.0 0.29003903 nan nan
-2727418000000.0 0.28938803 nan nan
-2721282000000.0 0.28873697 nan nan
-2715146300000.0 0.28808594 nan nan
-2709010300000.0 0.2874349 nan nan
-2702874200000.0 0.28678384 nan nan
-2696738500000.0 0.28613284 nan nan
-2690602500000.0 0.28548178 nan nan
-2684466500000.0 0.28483072 nan nan
-2678330500000.0 0.28417966 nan nan
-2672194700000.0 0.28352866 nan nan
-2666058700000.0 0.2828776 nan nan
-2659922700000.0 0.28222656 nan nan
-2653787000000.0 0.28157553 nan nan
-2647651000000.0 0.28092447 nan nan
-2641515000000.0 0.28027344 nan nan
-2635379200000.0 0.2796224 nan nan
-2629243200000.0 0.27897137 nan nan
-2623107200000.0 0.2783203 nan nan
-2616971200000.0 0.27766928 nan nan
-2610835500000.0 0.27701825 nan nan
-2604699500000.0 0.2763672 nan nan
-2598563500000.0 0.27571613 nan nan
-2592427700000.0 0.2750651 nan nan
-2586291700000.0 0.27441406 nan nan
-2580155700000.0 0.273763 nan nan
-2574019700000.0 0.27311197 nan nan
-2567884000000.0 0.27246094 nan nan
-2561748000000.0 0.2718099 nan nan
-2555612000000.0 0.27115884 nan nan
-2549476200000.0 0.2705078 nan nan
-2543340500000.0 0.2698568 nan nan
-2537204500000.0 0.26920575 nan nan
-2531068500000.0 0.2685547 nan nan
-2524932500000.0 0.26790366 nan nan
-2518796500000.0 0.2672526 nan nan
-2512660500000.0 0.26660156 nan nan
-2506524700000.0 0.26595053 nan nan
-2500389000000.0 0.2652995 nan nan
-2494253000000.0 0.26464844 nan nan
-2488117000000.0 0.2639974 nan nan
-2481981000000.0 0.26334634 nan nan
-2475845000000.0 0.26269528 nan nan
-2469709000000.0 0.26204425 nan nan
-2463573200000.0 0.26139322 nan nan
-2457437500000.0 0.2607422 nan nan
-2451301500000.0 0.26009116 nan nan
-2445165500000.0 0.2594401 nan nan
-2439029700000.0 0.2587891 nan nan
-2432893700000.0 0.25813803 nan nan
-2426757700000.0 0.257487 nan nan
-2420621700000.0 0.2568359 nan nan
-2414486000000.0 0.2561849 nan nan
-2408350000000.0 0.25553384 nan nan
-2402214000000.0 0.2548828 nan nan
-2396078200000.0 0.25423178 nan nan
-2389942200000.0 0.25358072 nan nan
-2383806200000.0 0.2529297 nan nan
-2377670500000.0 0.25227866 nan nan
-2371534500000.0 0.25162762 nan nan
-2365398500000.0 0.25097656 nan nan
-2359262400000.0 0.2503255 nan nan
-2353126700000.0 0.24967448 nan nan
-2346990700000.0 0.24902344 nan nan
-2340854700000.0 0.24837239 nan nan
-2334719000000.0 0.24772136 nan nan
-2328583000000.0 0.2470703 nan nan
-2322447000000.0 0.24641925 nan nan
-2316311000000.0 0.2457682 nan nan
-2310175200000.0 0.24511719 nan nan
-2304039200000.0 0.24446614 nan nan
-2297903200000.0 0.2438151 nan nan
-2291767400000.0 0.24316406 nan nan
-2285631700000.0 0.24251305 nan nan
-2279495700000.0 0.241862 nan nan
-2273359700000.0 0.24121095 nan nan
-2267223700000.0 0.2405599 nan nan
-2261087700000.0 0.23990884 nan nan
-2254951700000.0 0.2392578 nan nan
-2248816000000.0 0.23860677 nan nan
-2242680200000.0 0.23795573 nan nan
-2236544200000.0 0.23730469 nan nan
-2230408200000.0 0.23665364 nan nan
-2224272200000.0 0.2360026 nan nan
-2218136200000.0 0.23535155 nan nan
-2212000200000.0 0.23470049 nan nan
-2205864400000.0 0.23404948 nan nan
-2199728700000.0 0.23339845 nan nan
-2193592700000.0 0.23274739 nan nan
-2187456700000.0 0.23209634 nan nan
-2181320800000.0 0.23144531 nan nan
-2175184800000.0 0.23079427 nan nan
-2169048800000.0 0.23014322 nan nan
-2162913000000.0 0.22949219 nan nan
-2156777200000.0 0.22884116 nan nan
-2150641200000.0 0.22819011 nan nan
-2144505200000.0 0.22753906 nan nan
-2138369300000.0 0.22688803 nan nan
-2132233400000.0 0.22623697 nan nan
-2126097400000.0 0.22558592 nan nan
-2119961500000.0 0.22493489 nan nan
-2113825700000.0 0.22428386 nan nan
-2107689700000.0 0.22363281 nan nan
-2101553700000.0 0.22298177 nan nan
-2095417900000.0 0.22233073 nan nan
-2089281900000.0 0.22167969 nan nan
-2083145900000.0 0.22102864 nan nan
-2077010000000.0 0.22037761 nan nan
-2070874300000.0 0.21972658 nan nan
-2064738300000.0 0.21907552 nan nan
-2058602300000.0 0.21842447 nan nan
-2052466400000.0 0.21777344 nan nan
-2046330400000.0 0.21712239 nan nan
-2040194400000.0 0.21647134 nan nan
-2034058700000.0 0.21582031 nan nan
-2027922800000.0 0.21516928 nan nan
-2021786800000.0 0.21451823 nan nan
-2015650800000.0 0.21386719 nan nan
-2009514900000.0 0.21321616 nan nan
-2003379000000.0 0.2125651 nan nan
-1997243000000.0 0.21191405 nan nan
-1991107100000.0 0.21126302 nan nan
-1984971300000.0 0.21061198 nan nan
-1978835300000.0 0.20996094 nan nan
-1972699300000.0 0.20930989 nan nan
-1966563500000.0 0.20865886 nan nan
