morphology_data/1d_wb_a0.1_l8r2_00001.ecsv
# %ECSV 1.0
# ---
# datatype:
# - {name: b, datatype: float32}
# - {name: phase, datatype: float32}
# - {name: sigma, datatype: float32}
# - {name: vr, datatype: float32}
# meta: {lambda: 8, rp: 2.0, sep: 0.1, wind: b}
# schema: astropy-2.0
b phase sigma vr
[from data line 701]
-408038740000.0 0.043294255 5.690994e-09 -1519319.5
-401903300000.0 0.04264326 4.799408e-09 -1830768.2
-395767100000.0 0.04199219 4.799408e-09 -1830768.2
-389630920000.0 0.041341122 4.499415e-09 -1812768.6
-383495470000.0 0.04069013 4.5562656e-09 -1800161.6
-377359270000.0 0.040039062 4.5816972e-09 -1793552.1
-371223100000.0 0.039387994 4.821935e-09 -1731301.5
-365087620000.0 0.038736995 5.106271e-09 -1647646.0
-358951450000.0 0.03808593 5.4778844e-09 -1576627.8
-352815640000.0 0.0374349 5.7403837e-09 -1521061.8
-346679800000.0 0.03678387 6.178795e-09 -1450855.6
-340543640000.0 0.0361328 6.659288e-09 -1333266.5
-334407830000.0 0.035481773 7.240576e-09 -1232471.0
-328272000000.0 0.034830738 7.569092e-09 -1166424.1
-322135820000.0 0.03417967 7.889916e-09 -1119840.5
-316000340000.0 0.033528678 7.974611e-09 -1055360.4
-309864170000.0 0.03287761 8.158066e-09 -1047248.7
-303728000000.0 0.03222654 8.274108e-09 -1072593.0
-297592520000.0 0.031575546 8.335032e-09 -1173516.0
-291456350000.0 0.030924477 8.1781755e-09 -1243780.5
-285320200000.0 0.030273411 8.298702e-09 -1239234.8
-279184700000.0 0.029622415 8.503715e-09 -1167958.6
-273048520000.0 0.028971346 9.3607815e-09 -1051384.8
-266912710000.0 0.028320316 1.0070481e-08 -960283.75
-260776890000.0 0.027669284 1.04996225e-08 -918583.5
-254640700000.0 0.027018217 1.042836e-08 -904503.56
-248504880000.0 0.026367186 1.0103076e-08 -901223.3
-242369050000.0 0.025716154 9.760078e-09 -893127.1
-236232880000.0 0.025065087 9.521525e-09 -882049.06
-230097420000.0 0.024414092 8.846916e-09 -935064.2
-223961240000.0 0.023763025 7.988938e-09 -1043609.4
-217825070000.0 0.023111956 7.6475795e-09 -1079516.0
-211689600000.0 0.022460962 7.934819e-09 -1033373.06
-205553420000.0 0.021809895 8.5156815e-09 -939836.44
-199417230000.0 0.021158826 9.445554e-09 -834158.2
-193281770000.0 0.020507833 9.341106e-09 -838816.56
-187145600000.0 0.019856764 1.07668985e-08 -690397.94
-181009780000.0 0.019205732 1.2128619e-08 -552716.25
-174873950000.0 0.018554702 1.3960868e-08 -386519.2
-168737770000.0 0.017903633 1.435876e-08 -314452.38
-162601940000.0 0.017252602 1.4179047e-08 -304148.4
-156466140000.0 0.016601572 1.422989e-08 -286356.03
-150329950000.0 0.015950503 1.4528386e-08 -256399.64
-144194490000.0 0.015299509 1.494526e-08 -233311.7
-138058300000.0 0.014648439 1.5179971e-08 -220141.48
-131922125000.0 0.013997372 1.5223902e-08 -215584.94
-125786660000.0 0.013346379 1.5559802e-08 -199320.8
-119650484000.0 0.012695311 1.6352743e-08 -179454.33
-113514310000.0 0.012044242 1.748246e-08 -134288.69
-107378840000.0 0.011393248 1.8745983e-08 -100275.234
-101242670000.0 0.01074218 2.011745e-08 -68037.1
-95106840000.0 0.010091149 2.1940389e-08 -39113.496
-88971020000.0 0.009440118 2.405607e-08 -13200.422
-82834840000.0 0.008789049 2.6033618e-08 -2576.0388
-76699020000.0 0.008138019 2.8436384e-08 5950.906
-70563200000.0 0.0074869874 3.1902566e-08 23648.465
-64427020000.0 0.006835919 3.6077033e-08 36781.543
-58291556000.0 0.006184926 4.1944133e-08 58819.594
-52155376000.0 0.0055338573 5.0434824e-08 78970.13
-46019200000.0 0.0048827888 6.2238385e-08 91530.44
-39883735000.0 0.0042317957 8.1267714e-08 99057.98
-33747554000.0 0.0035807267 1.1571903e-07 97484.7
-27611376000.0 0.0029296577 1.874272e-07 91308.72
-21475912000.0 0.0022786648 3.9453738e-07 71730.71
-15339732000.0 0.0016275961 1.5839556e-06 33451.91
15339732000.0 -0.0016275961 1.806065e-06 -36403.566
21475912000.0 -0.0022786648 4.2527316e-07 -109746.99
27611376000.0 -0.0029296577 2.0120683e-07 -178519.3
33747554000.0 -0.0035807267 1.262229e-07 -236742.95
39883735000.0 -0.0042317957 9.165291e-08 -280387.3
46019200000.0 -0.0048827888 7.1551455e-08 -310315.06
52155376000.0 -0.0055338573 5.905873e-08 -321961.44
58291556000.0 -0.006184926 5.0700113e-08 -332280.94
64427020000.0 -0.006835919 4.4927383e-08 -360336.8
70563200000.0 -0.0074869874 4.0292605e-08 -379769.44
76699020000.0 -0.008138019 3.6269974e-08 -383013.16
82834840000.0 -0.008789049 3.281345e-08 -374345.7
88971020000.0 -0.009440118 3.0696874e-08 -356517.1
95106840000.0 -0.010091149 2.9306724e-08 -345257.28
101242670000.0 -0.01074218 2.9449234e-08 -346874.66
107378840000.0 -0.011393248 2.9679597e-08 -345091.94
113514310000.0 -0.012044242 3.159262e-08 -333906.1
119650484000.0 -0.012695311 3.2831636e-08 -299364.62
125786660000.0 -0.013346379 3.3548393e-08 -236896.23
131922125000.0 -0.013997372 3.6335372e-08 -152574.02
138058300000.0 -0.014648439 3.573227e-08 -130497.734
144194490000.0 -0.015299509 3.5203055e-08 -103541.99
150329950000.0 -0.015950503 3.5928082e-08 -72869.81
156466140000.0 -0.016601572 3.77389e-08 -23918.611
162601940000.0 -0.017252602 3.8162813e-08 6547.33
168737770000.0 -0.017903633 3.676982e-08 28295.477
174873950000.0 -0.018554702 3.2993714e-08 6746.1772
181009780000.0 -0.019205732 2.707882e-08 -123891.75
187145600000.0 -0.019856764 2.2960064e-08 -273442.94
193281770000.0 -0.020507833 1.8982995e-08 -445345.25
199417230000.0 -0.021158826 1.3846999e-08 -725521.06
205553420000.0 -0.021809895 1.13607275e-08 -879533.9
211689600000.0 -0.022460962 1.0378113e-08 -858581.0
217825070000.0 -0.023111956 9.844971e-09 -776498.44
223961240000.0 -0.023763025 9.193634e-09 -746279.94
230097420000.0 -0.024414092 8.524775e-09 -734034.5
236232880000.0 -0.025065087 8.187374e-09 -745239.06
242369050000.0 -0.025716154 8.040427e-09 -767520.44
248504880000.0 -0.026367186 8.019994e-09 -819239.1
254640700000.0 -0.027018217 8.042109e-09 -844635.3
260776890000.0 -0.027669284 8.10186e-09 -863976.8
266912710000.0 -0.028320316 8.26075e-09 -877794.75
273048520000.0 -0.028971346 8.555516e-09 -890050.1
279184700000.0 -0.029622415 8.83385e-09 -884597.7
285320200000.0 -0.030273411 8.877644e-09 -887369.9
291456350000.0 -0.030924477 8.704689e-09 -908567.5
297592520000.0 -0.031575546 8.594865e-09 -898160.4
303728000000.0 -0.03222654 8.607908e-09 -896731.1
309864170000.0 -0.03287761 8.897113e-09 -886924.06
316000340000.0 -0.033528678 9.379936e-09 -856168.44
322135820000.0 -0.03417967 9.6157e-09 -861647.6
328272000000.0 -0.034830738 9.213915e-09 -935769.9
334407830000.0 -0.035481773 8.830247e-09 -984962.44
340543640000.0 -0.0361328 8.813294e-09 -1001700.6
346679800000.0 -0.03678387 8.600112e-09 -1003221.8
352815640000.0 -0.0374349 8.262711e-09 -1054919.5
358951450000.0 -0.03808593 7.795391e-09 -1108872.9
365087620000.0 -0.038736995 7.1290005e-09 -1176852.6
371223100000.0 -0.039387994 6.528349e-09 -1193242.0
377359270000.0 -0.040039062 6.242828e-09 -1218103.5
383495470000.0 -0.04069013 6.202338e-09 -1219156.9
389630920000.0 -0.041341122 6.2951098e-09 -1211610.1
395767100000.0 -0.04199219 6.904205e-09 -1111895.9
401903300000.0 -0.04264326 6.904205e-09 -1111895.9
408038740000.0 -0.043294255 7.3393362e-09 -1107763.9
414174940000.0 -0.043945324 7.3393362e-09 -1107763.9
420310750000.0 -0.04459635 7.597774e-09 -1110291.4
426446550000.0 -0.045247383 7.597774e-09 -1110291.4
432582750000.0 -0.045898452 6.971959e-09 -1108284.9
438718560000.0 -0.046549484 6.971959e-09 -1108284.9
444854370000.0 -0.047200516 5.4875455e-09 -1126917.4
450990570000.0 -0.047851585 5.4875455e-09 -1126917.4
457126020000.0 -0.048502576 4.76201e-09 -1034664.94
463262220000.0 -0.049153645 4.76201e-09 -1034664.94
469398400000.0 -0.049804714 4.569875e-09 -947303.8
475533840000.0 -0.050455708 4.569875e-09 -947303.8
481670040000.0 -0.051106777 4.306953e-09 -944003.7
487806200000.0 -0.051757842 4.306953e-09 -944003.7
493941700000.0 -0.052408837 4.0339443e-09 -943984.9
500077850000.0 -0.053059906 4.0339443e-09 -943984.9
506213660000.0 -0.053710938 3.8333217e-09 -1014000.44
512349500000.0 -0.05436197 3.8333217e-09 -1014000.44
518485670000.0 -0.055013034 3.7738537e-09 -1026423.3
524621480000.0 -0.055664066 3.7738537e-09 -1026423.3
530757320000.0 -0.056315098 3.9738524e-09 -1024477.44
536893500000.0 -0.056966167 3.9738524e-09 -1024477.44
543028970000.0 -0.057617158 4.3664334e-09 -1004298.6
549165140000.0 -0.058268227 4.3664334e-09 -1004298.6
555301340000.0 -0.058919296 4.813438e-09 -1005750.0
561436750000.0 -0.059570286 4.813438e-09 -1005750.0
567572960000.0 -0.06022136 4.820074e-09 -1085060.2
573709160000.0 -0.060872428 4.820074e-09 -1085060.2
579844640000.0 -0.061523426 4.474238e-09 -1260377.1
585980800000.0 -0.062174488 4.474238e-09 -1260377.1
592116600000.0 -0.062825516 3.8961616e-09 -1557132.6
598252450000.0 -0.063476555 3.8961616e-09 -1557132.6
604388600000.0 -0.06412762 3.044871e-09 -2047896.5
610524400000.0 -0.06477865 3.044871e-09 -2047896.5
616660300000.0 -0.06542969 2.243666e-09 -2684850.0
622796400000.0 -0.06608075 2.243666e-09 -2684850.0
628931900000.0 -0.06673174 2.0099418e-09 -3058470.8
635068100000.0 -0.06738281 2.0099418e-09 -3058470.8
641204200000.0 -0.068033874 2.0848732e-09 -3035068.2
647339700000.0 -0.068684876 2.0848732e-09 -3035068.2
653475900000.0 -0.069335945 2.1712203e-09 -3021895.2
659612040000.0 -0.06998701 2.1712203e-09 -3021895.2
665747500000.0 -0.070638 2.01201e-09 -3149393.0
671883700000.0 -0.07128907 2.01201e-09 -3149393.0
678019500000.0 -0.0719401 1.543535e-09 -3671800.2
684155340000.0 -0.07259113 1.543535e-09 -3671800.2
690291540000.0 -0.0732422 8.819032e-10 -4912919.5
696427350000.0 -0.073893234 8.819032e-10 -4912919.5
702563160000.0 -0.07454426 5.385067e-10 -5816897.5
708699360000.0 -0.075195335 5.385067e-10 -5816897.5
714834840000.0 -0.07584633 4.8502563e-10 -5667974.5
720971000000.0 -0.07649739 4.8502563e-10 -5667974.5
727107200000.0 -0.07714847 4.5150925e-10 -5776352.0
733242650000.0 -0.077799454 4.5150925e-10 -5776352.0
739378800000.0 -0.07845052 3.6938277e-10 -6355042.5
745515000000.0 -0.07910159 3.6938277e-10 -6355042.5
751650500000.0 -0.07975259 2.3606397e-10 -7655097.5
757786700000.0 -0.080403656 2.3606397e-10 -7655097.5
763922500000.0 -0.08105469 1.3687144e-10 -9323133.0
770058300000.0 -0.08170572 1.3687144e-10 -9323133.0
776194500000.0 -0.08235679 8.063931e-11 -11039382.0
782330300000.0 -0.08300782 8.063931e-11 -11039382.0
788466100000.0 -0.08365885 4.685732e-11 -13154188.0
794602300000.0 -0.08430992 4.685732e-11 -13154188.0
800737700000.0 -0.08496091 4.685732e-11 -13154188.0
806873900000.0 -0.08561198 4.685732e-11 -13154188.0
813010100000.0 -0.086263046 nan nan
819145600000.0 -0.08691404 nan nan
825281740000.0 -0.08756511 nan nan
831417550000.0 -0.08821614 nan nan
837553400000.0 -0.08886717 nan nan
843689560000.0 -0.08951824 nan nan
849825370000.0 -0.09016927 nan nan
855961240000.0 -0.090820305 nan nan
862097400000.0 -0.091471374 nan nan
868232860000.0 -0.09212236 nan nan
874369060000.0 -0.09277343 nan nan
880505200000.0 -0.0934245 nan nan
886640700000.0 -0.09407549 nan nan
892776900000.0 -0.09472656 nan nan
898913000000.0 -0.09537763 nan nan
905048500000.0 -0.096028626 nan nan
911184700000.0 -0.096679695 nan nan
917320500000.0 -0.09733073 nan nan
923456300000.0 -0.09798176 nan nan
929592500000.0 -0.09863283 nan nan
935728300000.0 -0.09928385 nan nan
941864100000.0 -0.09993488 nan nan
948000300000.0 -0.10058595 nan nan
954135800000.0 -0.10123695 nan nan
960271940000.0 -0.101888016 nan nan
966408140000.0 -0.102539085 nan nan
972543600000.0 -0.10319008 nan nan
978679800000.0 -0.10384115 nan nan
984815960000.0 -0.10449222 nan nan
990951440000.0 -0.10514321 nan nan
997087640000.0 -0.10579427 nan nan
1003223450000.0 -0.106445305 nan nan
1009359260000.0 -0.10709634 nan nan
1015495460000.0 -0.107747406 nan nan
1021631270000.0 -0.10839844 nan nan
1027767100000.0 -0.10904947 nan nan
1033903300000.0 -0.10970054 nan nan
1040038700000.0 -0.11035153 nan nan
1046174900000.0 -0.1110026 nan nan
1052311100000.0 -0.11165367 nan nan
1058446600000.0 -0.11230466 nan nan
1064582700000.0 -0.11295573 nan nan
1070718900000.0 -0.113606796 nan nan
1076854400000.0 -0.11425779 nan nan
1082990500000.0 -0.11490886 nan nan
1089126400000.0 -0.11555989 nan nan
1095262200000.0 -0.11621092 nan nan
1101398400000.0 -0.11686199 nan nan
1107534200000.0 -0.11751302 nan nan
1113670000000.0 -0.118164055 nan nan
1119806200000.0 -0.118815124 nan nan
1125941600000.0 -0.11946611 nan nan
1132077800000.0 -0.12011717 nan nan
1138214000000.0 -0.12076825 nan nan
1144349500000.0 -0.12141925 nan nan
1150485700000.0 -0.12207031 nan nan
1156621800000.0 -0.12272138 nan nan
1162757300000.0 -0.123372376 nan nan
1168893500000.0 -0.12402345 nan nan
1175029300000.0 -0.12467448 nan nan
1181165200000.0 -0.1253255 nan nan
1187301300000.0 -0.12597658 nan nan
1193437200000.0 -0.12662761 nan nan
1199572900000.0 -0.12727864 nan nan
1205709200000.0 -0.12792972 nan nan
1211844500000.0 -0.12858069 nan nan
1217980800000.0 -0.12923177 nan nan
1224116900000.0 -0.12988284 nan nan
1230252400000.0 -0.13053383 nan nan
1236388500000.0 -0.13118489 nan nan
1242524800000.0 -0.13183598 nan nan
1248660300000.0 -0.13248697 nan nan
1254796400000.0 -0.13313803 nan nan
1260932200000.0 -0.13378905 nan nan
1267068000000.0 -0.1344401 nan nan
1273204200000.0 -0.13509116 nan nan
1279340000000.0 -0.13574219 nan nan
1285475900000.0 -0.13639323 nan nan
1291612000000.0 -0.1370443 nan nan
1297747500000.0 -0.13769528 nan nan
1303883700000.0 -0.13834634 nan nan
1310019800000.0 -0.1389974 nan nan
1316155300000.0 -0.13964841 nan nan
1322291600000.0 -0.14029948 nan nan
1328427700000.0 -0.14095055 nan nan
1334563200000.0 -0.14160155 nan nan
1340699300000.0 -0.14225261 nan nan
1346835600000.0 -0.14290369 nan nan
1352970900000.0 -0.14355466 nan nan
1359107200000.0 -0.14420575 nan nan
1365243300000.0 -0.14485681 nan nan
1371378800000.0 -0.1455078 nan nan
1377514300000.0 -0.1461588 nan nan
1383651200000.0 -0.14680995 nan nan
1389786600000.0 -0.14746092 nan nan
1395922000000.0 -0.14811192 nan nan
1402059000000.0 -0.14876308 nan nan
1408194400000.0 -0.14941406 nan nan
1414329900000.0 -0.15006506 nan nan
1420466800000.0 -0.1507162 nan nan
1426602300000.0 -0.1513672 nan nan
1432737700000.0 -0.15201817 nan nan
1438874600000.0 -0.15266933 nan nan
1445010100000.0 -0.15332033 nan nan
1451145600000.0 -0.15397131 nan nan
1457281700000.0 -0.15462239 nan nan
1463418000000.0 -0.15527347 nan nan
1469553400000.0 -0.15592445 nan nan
1475689600000.0 -0.15657552 nan nan
1481825700000.0 -0.15722659 nan nan
1487961200000.0 -0.15787758 nan nan
1494097300000.0 -0.15852864 nan nan
1500233600000.0 -0.15917972 nan nan
1506369100000.0 -0.1598307 nan nan
1512505200000.0 -0.16048178 nan nan
1518641300000.0 -0.16113284 nan nan
1524776800000.0 -0.16178384 nan nan
1530913000000.0 -0.1624349 nan nan
1537049200000.0 -0.16308598 nan nan
1543184700000.0 -0.16373697 nan nan
1549320200000.0 -0.16438797 nan nan
1555457000000.0 -0.1650391 nan nan
1561592500000.0 -0.1656901 nan nan
1567728000000.0 -0.1663411 nan nan
1573864900000.0 -0.16699223 nan nan
1580000300000.0 -0.16764323 nan nan
1586135800000.0 -0.16829422 nan nan
1592272600000.0 -0.16894537 nan nan
1598408100000.0 -0.16959636 nan nan
1604543600000.0 -0.17024736 nan nan
1610679700000.0 -0.17089842 nan nan
1616816000000.0 -0.1715495 nan nan
1622951500000.0 -0.17220049 nan nan
1629087600000.0 -0.17285155 nan nan
1635223700000.0 -0.17350262 nan nan
1641359200000.0 -0.17415361 nan nan
1647495500000.0 -0.17480469 nan nan
1653631600000.0 -0.17545575 nan nan
1659767100000.0 -0.17610675 nan nan
1665903200000.0 -0.17675781 nan nan
1672039400000.0 -0.17740889 nan nan
1678174800000.0 -0.17805988 nan nan
1684311100000.0 -0.17871095 nan nan
1690447200000.0 -0.17936201 nan nan
1696582700000.0 -0.180013 nan nan
1702718200000.0 -0.180664 nan nan
1708855000000.0 -0.18131514 nan nan
1714990500000.0 -0.18196614 nan nan
1721126000000.0 -0.18261713 nan nan
1727262900000.0 -0.18326828 nan nan
1733398400000.0 -0.18391927 nan nan
1739533800000.0 -0.18457027 nan nan
1745670800000.0 -0.1852214 nan nan
1751806100000.0 -0.1858724 nan nan
1757941600000.0 -0.1865234 nan nan
1764078500000.0 -0.18717454 nan nan
1770214000000.0 -0.18782553 nan nan
1776349500000.0 -0.18847652 nan nan
1782485600000.0 -0.1891276 nan nan
1788621800000.0 -0.18977866 nan nan
1794757200000.0 -0.19042966 nan nan
1800893500000.0 -0.19108072 nan nan
1807029600000.0 -0.1917318 nan nan
1813165100000.0 -0.19238278 nan nan
