morphology_data/1d_wa_a0.05_l8r1_00001.ecsv
# %ECSV 1.0
# ---
# datatype:
# - {name: b, datatype: float32}
# - {name: phase, datatype: float32}
# - {name: sigma, datatype: float32}
# - {name: vr, datatype: float32}
# meta: {lambda: 8, rp: 1.0, sep: 0.05, wind: a}
# schema: astropy-2.0
b phase sigma vr
[from data line 667]
-308330140000.0 0.06542969 4.5747328e-08 -54812.81
-305262200000.0 0.06477865 4.594905e-08 -72992.555
-302194300000.0 0.06412762 4.594905e-08 -72992.555
-299126230000.0 0.063476555 4.616262e-08 -61662.484
-296058300000.0 0.062825516 4.616262e-08 -61662.484
-292990400000.0 0.062174488 4.59151e-08 -77881.805
-289922320000.0 0.061523426 4.59151e-08 -77881.805
-286854580000.0 0.060872428 4.6025285e-08 -123859.125
-283786480000.0 0.06022136 4.6025285e-08 -123859.125
-280718380000.0 0.059570286 4.6729095e-08 -155899.4
-277650670000.0 0.058919296 4.6729095e-08 -155899.4
-274582570000.0 0.058268227 4.7628845e-08 -178902.16
-271514480000.0 0.057617158 4.7628845e-08 -178902.16
-268446740000.0 0.056966167 4.8601283e-08 -181436.17
-265378660000.0 0.056315098 4.8601283e-08 -181436.17
-262310740000.0 0.055664066 4.8911062e-08 -195187.53
-259242840000.0 0.055013034 4.8911062e-08 -195187.53
-256174750000.0 0.05436197 4.9787968e-08 -212519.95
-253106830000.0 0.053710938 4.9787968e-08 -212519.95
-250038930000.0 0.053059906 5.055432e-08 -209827.27
-246970840000.0 0.052408837 5.055432e-08 -209827.27
-243903100000.0 0.051757842 5.110889e-08 -232470.48
-240835020000.0 0.051106777 5.110889e-08 -232470.48
-237766920000.0 0.050455708 5.211986e-08 -231511.23
-234699200000.0 0.049804714 5.211986e-08 -231511.23
-231631110000.0 0.049153645 5.2625303e-08 -251529.23
-228563010000.0 0.048502576 5.2625303e-08 -251529.23
-225495290000.0 0.047851585 5.403801e-08 -250177.92
-222427190000.0 0.047200516 5.403801e-08 -250177.92
-219359280000.0 0.046549484 5.463825e-08 -263042.03
-216291380000.0 0.045898452 5.463825e-08 -263042.03
-213223280000.0 0.045247383 5.6116598e-08 -264332.9
-210155370000.0 0.04459635 5.6116598e-08 -264332.9
-207087470000.0 0.043945324 5.7072285e-08 -267402.7
-204019370000.0 0.043294255 5.7072285e-08 -267402.7
-200951640000.0 0.04264326 5.842567e-08 -271503.6
-197883540000.0 0.04199219 5.842567e-08 -271503.6
-194815460000.0 0.041341122 5.987333e-08 -265685.72
-191747740000.0 0.04069013 6.054012e-08 -256368.16
-188679630000.0 0.040039062 6.155269e-08 -257565.61
-185611550000.0 0.039387994 6.239258e-08 -244423.27
-182543810000.0 0.038736995 6.3414255e-08 -247147.81
-179475730000.0 0.03808593 6.426426e-08 -234692.9
-176407820000.0 0.0374349 6.526177e-08 -238975.11
-173339900000.0 0.03678387 6.612341e-08 -227352.11
-170271820000.0 0.0361328 6.71592e-08 -232196.9
-167203910000.0 0.035481773 6.8091126e-08 -220384.56
-164136000000.0 0.034830738 6.918684e-08 -223401.73
-161067910000.0 0.03417967 7.022305e-08 -208989.14
-158000170000.0 0.033528678 7.1464775e-08 -210481.4
-154932080000.0 0.03287761 7.2559175e-08 -195230.95
-151864000000.0 0.03222654 7.4025024e-08 -193367.8
-148796260000.0 0.031575546 7.5146104e-08 -180454.53
-145728180000.0 0.030924477 7.6770064e-08 -177955.12
-142660100000.0 0.030273411 7.8118774e-08 -162666.66
-139592350000.0 0.029622415 8.0187746e-08 -155736.61
-136524260000.0 0.028971346 8.1372306e-08 -149256.03
-133456355000.0 0.028320316 8.379667e-08 -133309.73
-130388440000.0 0.027669284 8.520115e-08 -126784.83
-127320350000.0 0.027018217 8.781296e-08 -106498.44
-124252440000.0 0.026367186 8.9559464e-08 -99859.01
-121184530000.0 0.025716154 9.243716e-08 -74188.1
-118116440000.0 0.025065087 9.456498e-08 -66075.75
-115048710000.0 0.024414092 9.772151e-08 -38320.87
-111980620000.0 0.023763025 1.00228604e-07 -29863.693
-108912530000.0 0.023111956 1.034573e-07 -2453.873
-105844800000.0 0.022460962 1.06462224e-07 8119.2554
-102776710000.0 0.021809895 1.09716396e-07 31060.203
-99708620000.0 0.021158826 1.1343393e-07 49135.543
-96640885000.0 0.020507833 1.1687152e-07 63423.46
-93572800000.0 0.019856764 1.2139003e-07 92532.45
-90504890000.0 0.019205732 1.2546894e-07 102560.27
-87436980000.0 0.018554702 1.3047e-07 133048.97
-84368880000.0 0.017903633 1.3552665e-07 142688.17
-81300970000.0 0.017252602 1.4115763e-07 168986.98
-78233070000.0 0.016601572 1.4740527e-07 181826.38
-75164975000.0 0.015950503 1.540314e-07 202928.27
-72097240000.0 0.015299509 1.624936e-07 214915.66
-69029150000.0 0.014648439 1.7080686e-07 232659.03
-65961062000.0 0.013997372 1.8039127e-07 247106.5
-62893330000.0 0.013346379 1.9107294e-07 260164.8
-59825242000.0 0.012695311 2.0321919e-07 275778.97
-56757154000.0 0.012044242 2.1722909e-07 282117.97
-53689420000.0 0.011393248 2.3295689e-07 298442.84
-50621334000.0 0.01074218 2.5149063e-07 300729.78
-47553420000.0 0.010091149 2.729302e-07 315624.34
-44485510000.0 0.009440118 2.988839e-07 313992.97
-41417420000.0 0.008789049 3.2980256e-07 324800.3
-38349510000.0 0.008138019 3.68131e-07 319002.03
-35281600000.0 0.0074869874 4.1865877e-07 321447.34
-32213510000.0 0.006835919 4.809893e-07 310473.28
-29145778000.0 0.006184926 5.635859e-07 307230.7
-26077688000.0 0.0055338573 6.775062e-07 289933.75
-23009600000.0 0.0048827888 8.4409254e-07 277217.4
-19941868000.0 0.0042317957 1.1058637e-06 251745.23
-16873777000.0 0.0035807267 1.5664473e-06 225041.95
-13805688000.0 0.0029296577 2.5310208e-06 186622.12
-10737956000.0 0.0022786648 5.301239e-06 138343.83
-7669866000.0 0.0016275961 2.0741742e-05 63920.54
7669866000.0 -0.0016275961 2.688227e-05 -19864.334
10737956000.0 -0.0022786648 6.0219827e-06 -115496.92
13805688000.0 -0.0029296577 2.7412452e-06 -174113.14
16873777000.0 -0.0035807267 1.6597672e-06 -225943.69
19941868000.0 -0.0042317957 1.1587463e-06 -265197.5
23009600000.0 -0.0048827888 8.7868625e-07 -299265.34
26077688000.0 -0.0055338573 7.027029e-07 -323072.25
29145778000.0 -0.006184926 5.829541e-07 -348606.5
32213510000.0 -0.006835919 4.9767664e-07 -358257.75
35281600000.0 -0.0074869874 4.3270035e-07 -375953.22
38349510000.0 -0.008138019 3.8560017e-07 -377686.03
41417420000.0 -0.008789049 3.4525038e-07 -382221.16
44485510000.0 -0.009440118 3.116943e-07 -378910.78
47553420000.0 -0.010091149 2.8434604e-07 -390871.47
50621334000.0 -0.01074218 2.6179694e-07 -382675.78
53689420000.0 -0.011393248 2.4299027e-07 -388396.4
56757154000.0 -0.012044242 2.2669924e-07 -374252.56
59825242000.0 -0.012695311 2.1267425e-07 -374774.53
62893330000.0 -0.013346379 2.0026776e-07 -360873.06
65961062000.0 -0.013997372 1.894351e-07 -356166.47
69029150000.0 -0.014648439 1.7998067e-07 -341087.7
72097240000.0 -0.015299509 1.7110564e-07 -332611.66
75164975000.0 -0.015950503 1.646193e-07 -315241.2
78233070000.0 -0.016601572 1.572509e-07 -305009.06
81300970000.0 -0.017252602 1.5108624e-07 -288040.2
84368880000.0 -0.017903633 1.4509698e-07 -281155.44
87436980000.0 -0.018554702 1.3983603e-07 -260761.84
90504890000.0 -0.019205732 1.3515908e-07 -256655.17
93572800000.0 -0.019856764 1.3050781e-07 -237096.16
96640885000.0 -0.020507833 1.2673377e-07 -232974.19
99708620000.0 -0.021158826 1.2273979e-07 -217681.22
102776710000.0 -0.021809895 1.1945761e-07 -209614.17
105844800000.0 -0.022460962 1.1614813e-07 -199697.64
108912530000.0 -0.023111956 1.1317627e-07 -189449.6
111980620000.0 -0.023763025 1.1055517e-07 -186323.4
115048710000.0 -0.024414092 1.0769287e-07 -174051.14
118116440000.0 -0.025065087 1.0569632e-07 -175490.97
121184530000.0 -0.025716154 1.0306631e-07 -164282.55
124252440000.0 -0.026367186 1.01409704e-07 -166255.55
127320350000.0 -0.027018217 9.903895e-08 -159213.02
130388440000.0 -0.027669284 9.760146e-08 -161172.81
133456355000.0 -0.028320316 9.5492474e-08 -157646.81
136524260000.0 -0.028971346 9.425942e-08 -160703.28
139592350000.0 -0.029622415 9.240099e-08 -159958.22
142660100000.0 -0.030273411 9.140611e-08 -165705.25
145728180000.0 -0.030924477 9.001813e-08 -169249.62
148796260000.0 -0.031575546 8.879549e-08 -182372.6
151864000000.0 -0.03222654 8.7797766e-08 -185582.31
154932080000.0 -0.03287761 8.6824386e-08 -194677.98
158000170000.0 -0.033528678 8.593496e-08 -197820.11
161067910000.0 -0.03417967 8.506488e-08 -207165.84
164136000000.0 -0.034830738 8.433469e-08 -211907.6
167203910000.0 -0.035481773 8.356753e-08 -221959.64
170271820000.0 -0.0361328 8.2964114e-08 -227882.61
173339900000.0 -0.03678387 8.234776e-08 -238818.81
176407820000.0 -0.0374349 8.182805e-08 -245149.11
179475730000.0 -0.03808593 8.128642e-08 -255738.8
182543810000.0 -0.038736995 8.083131e-08 -262760.7
185611550000.0 -0.039387994 8.042076e-08 -275580.06
188679630000.0 -0.040039062 8.0040515e-08 -282845.03
191747740000.0 -0.04069013 7.972906e-08 -296241.06
194815460000.0 -0.041341122 7.941868e-08 -303881.72
197883540000.0 -0.04199219 7.919725e-08 -326632.38
200951640000.0 -0.04264326 7.919725e-08 -326632.38
204019370000.0 -0.043294255 7.9157076e-08 -356514.5
207087470000.0 -0.043945324 7.9157076e-08 -356514.5
210155370000.0 -0.04459635 7.8775926e-08 -371529.2
213223280000.0 -0.045247383 7.8775926e-08 -371529.2
216291380000.0 -0.045898452 7.893658e-08 -400351.0
219359280000.0 -0.046549484 7.893658e-08 -400351.0
222427190000.0 -0.047200516 7.872593e-08 -415631.8
225495290000.0 -0.047851585 7.872593e-08 -415631.8
228563010000.0 -0.048502576 7.8963566e-08 -437892.44
231631110000.0 -0.049153645 7.8963566e-08 -437892.44
234699200000.0 -0.049804714 7.904271e-08 -457704.97
237766920000.0 -0.050455708 7.904271e-08 -457704.97
240835020000.0 -0.051106777 7.930133e-08 -475373.88
243903100000.0 -0.051757842 7.930133e-08 -475373.88
246970840000.0 -0.052408837 7.965919e-08 -494736.4
250038930000.0 -0.053059906 7.965919e-08 -494736.4
253106830000.0 -0.053710938 7.9936655e-08 -511716.47
256174750000.0 -0.05436197 7.9936655e-08 -511716.47
259242840000.0 -0.055013034 8.048679e-08 -533083.2
262310740000.0 -0.055664066 8.048679e-08 -533083.2
265378660000.0 -0.056315098 8.1011734e-08 -551200.7
268446740000.0 -0.056966167 8.1011734e-08 -551200.7
271514480000.0 -0.057617158 8.1414214e-08 -567201.3
274582570000.0 -0.058268227 8.1414214e-08 -567201.3
277650670000.0 -0.058919296 8.20749e-08 -588271.3
280718380000.0 -0.059570286 8.20749e-08 -588271.3
283786480000.0 -0.06022136 8.273632e-08 -608486.56
286854580000.0 -0.060872428 8.273632e-08 -608486.56
289922320000.0 -0.061523426 8.3496744e-08 -629469.4
292990400000.0 -0.062174488 8.3496744e-08 -629469.4
296058300000.0 -0.062825516 8.427408e-08 -649776.2
299126230000.0 -0.063476555 8.427408e-08 -649776.2
302194300000.0 -0.06412762 8.514181e-08 -670966.1
305262200000.0 -0.06477865 8.514181e-08 -670966.1
308330140000.0 -0.06542969 8.612991e-08 -692013.1
311398200000.0 -0.06608075 8.612991e-08 -692013.1
314465940000.0 -0.06673174 8.707423e-08 -713642.8
317534040000.0 -0.06738281 8.707423e-08 -713642.8
320602100000.0 -0.068033874 8.820379e-08 -735782.4
323669850000.0 -0.068684876 8.820379e-08 -735782.4
326737950000.0 -0.069335945 8.926496e-08 -757554.06
329806020000.0 -0.06998701 8.926496e-08 -757554.06
332873760000.0 -0.070638 9.050602e-08 -779190.8
335941860000.0 -0.07128907 9.050602e-08 -779190.8
339009770000.0 -0.0719401 9.1703185e-08 -799570.8
342077670000.0 -0.07259113 9.1703185e-08 -799570.8
345145770000.0 -0.0732422 9.298753e-08 -819884.94
348213670000.0 -0.073893234 9.298753e-08 -819884.94
351281580000.0 -0.07454426 9.431302e-08 -838632.4
354349680000.0 -0.075195335 9.431302e-08 -838632.4
357417420000.0 -0.07584633 9.573164e-08 -855611.8
360485500000.0 -0.07649739 9.573164e-08 -855611.8
363553600000.0 -0.07714847 9.721483e-08 -871549.2
366621330000.0 -0.077799454 9.721483e-08 -871549.2
369689400000.0 -0.07845052 9.8701456e-08 -885347.8
372757500000.0 -0.07910159 9.8701456e-08 -885347.8
375825240000.0 -0.07975259 1.0021819e-07 -897414.2
378893340000.0 -0.080403656 1.0021819e-07 -897414.2
381961240000.0 -0.08105469 1.0160083e-07 -904474.9
385029140000.0 -0.08170572 1.0160083e-07 -904474.9
388097250000.0 -0.08235679 1.0430154e-07 -926696.7
391165150000.0 -0.08300782 1.0430154e-07 -926696.7
394233050000.0 -0.08365885 9.596984e-08 -757938.1
397301150000.0 -0.08430992 9.596984e-08 -757938.1
400368860000.0 -0.08496091 9.596984e-08 -757938.1
403436960000.0 -0.08561198 9.596984e-08 -757938.1
406505060000.0 -0.086263046 1.0015627e-07 -769532.75
409572800000.0 -0.08691404 1.0015627e-07 -769532.75
412640870000.0 -0.08756511 1.0015627e-07 -769532.75
415708770000.0 -0.08821614 1.0015627e-07 -769532.75
418776700000.0 -0.08886717 1.0442047e-07 -775780.8
421844780000.0 -0.08951824 1.0442047e-07 -775780.8
424912680000.0 -0.09016927 1.0442047e-07 -775780.8
427980620000.0 -0.090820305 1.0442047e-07 -775780.8
431048700000.0 -0.091471374 1.092394e-07 -782199.44
434116430000.0 -0.09212236 1.092394e-07 -782199.44
437184530000.0 -0.09277343 1.092394e-07 -782199.44
440252600000.0 -0.0934245 1.092394e-07 -782199.44
443320340000.0 -0.09407549 1.1459757e-07 -792548.44
446388440000.0 -0.09472656 1.1459757e-07 -792548.44
449456500000.0 -0.09537763 1.1459757e-07 -792548.44
452524240000.0 -0.096028626 1.1459757e-07 -792548.44
455592350000.0 -0.096679695 1.1992357e-07 -806856.1
458660250000.0 -0.09733073 1.1992357e-07 -806856.1
461728150000.0 -0.09798176 1.1992357e-07 -806856.1
464796250000.0 -0.09863283 1.1992357e-07 -806856.1
467864160000.0 -0.09928385 1.2559532e-07 -826095.94
470932060000.0 -0.09993488 1.2559532e-07 -826095.94
474000160000.0 -0.10058595 1.2559532e-07 -826095.94
477067900000.0 -0.10123695 1.2559532e-07 -826095.94
480135970000.0 -0.101888016 1.3120177e-07 -846655.25
483204070000.0 -0.102539085 1.3120177e-07 -846655.25
486271800000.0 -0.10319008 1.3120177e-07 -846655.25
489339900000.0 -0.10384115 1.3120177e-07 -846655.25
492407980000.0 -0.10449222 1.3676157e-07 -867838.2
495475720000.0 -0.10514321 1.3676157e-07 -867838.2
498543820000.0 -0.10579427 1.3676157e-07 -867838.2
501611720000.0 -0.106445305 1.3676157e-07 -867838.2
504679630000.0 -0.10709634 1.4116476e-07 -884985.25
507747730000.0 -0.107747406 1.4116476e-07 -884985.25
510815630000.0 -0.10839844 1.4116476e-07 -884985.25
513883540000.0 -0.10904947 1.4116476e-07 -884985.25
516951640000.0 -0.10970054 1.4486785e-07 -899785.8
520019350000.0 -0.11035153 1.4486785e-07 -899785.8
523087450000.0 -0.1110026 1.4486785e-07 -899785.8
526155550000.0 -0.11165367 1.4486785e-07 -899785.8
529223300000.0 -0.11230466 1.4858853e-07 -912345.1
532291350000.0 -0.11295573 1.4858853e-07 -912345.1
535359460000.0 -0.113606796 1.4858853e-07 -912345.1
538427200000.0 -0.11425779 1.4858853e-07 -912345.1
541495260000.0 -0.11490886 1.5210394e-07 -922433.94
544563200000.0 -0.11555989 1.5210394e-07 -922433.94
547631100000.0 -0.11621092 1.5210394e-07 -922433.94
550699200000.0 -0.11686199 1.5210394e-07 -922433.94
553767100000.0 -0.11751302 1.5570218e-07 -931156.2
556835000000.0 -0.118164055 1.5570218e-07 -931156.2
559903100000.0 -0.118815124 1.5570218e-07 -931156.2
562970800000.0 -0.11946611 1.5570218e-07 -931156.2
566038900000.0 -0.12011717 1.5925173e-07 -939825.06
569107000000.0 -0.12076825 1.5925173e-07 -939825.06
572174760000.0 -0.12141925 1.5925173e-07 -939825.06
575242800000.0 -0.12207031 1.5925173e-07 -939825.06
578310900000.0 -0.12272138 1.6263348e-07 -950402.8
581378640000.0 -0.123372376 1.6263348e-07 -950402.8
584446800000.0 -0.12402345 1.6263348e-07 -950402.8
587514640000.0 -0.12467448 1.6263348e-07 -950402.8
590582600000.0 -0.1253255 1.6549026e-07 -963993.1
593650650000.0 -0.12597658 1.6549026e-07 -963993.1
596718600000.0 -0.12662761 1.6549026e-07 -963993.1
599786460000.0 -0.12727864 1.6549026e-07 -963993.1
602854600000.0 -0.12792972 1.6775316e-07 -982686.06
605922260000.0 -0.12858069 1.6775316e-07 -982686.06
608990400000.0 -0.12923177 1.6775316e-07 -982686.06
612058460000.0 -0.12988284 1.6775316e-07 -982686.06
615126200000.0 -0.13053383 1.6925871e-07 -1004992.2
618194300000.0 -0.13118489 1.6925871e-07 -1004992.2
621262400000.0 -0.13183598 1.6925871e-07 -1004992.2
624330150000.0 -0.13248697 1.6925871e-07 -1004992.2
627398200000.0 -0.13313803 1.699394e-07 -1029785.25
630466100000.0 -0.13378905 1.699394e-07 -1029785.25
633534000000.0 -0.1344401 1.699394e-07 -1029785.25
636602100000.0 -0.13509116 1.699394e-07 -1029785.25
639670000000.0 -0.13574219 1.7005739e-07 -1056313.2
642737960000.0 -0.13639323 1.7005739e-07 -1056313.2
645806000000.0 -0.1370443 1.7005739e-07 -1056313.2
648873800000.0 -0.13769528 1.7005739e-07 -1056313.2
651941840000.0 -0.13834634 1.69477e-07 -1084630.6
