morphology_data/1d_wa_a0.1_l8r1_00001.ecsv
# %ECSV 1.0
# ---
# datatype:
# - {name: b, datatype: float32}
# - {name: phase, datatype: float32}
# - {name: sigma, datatype: float32}
# - {name: vr, datatype: float32}
# meta: {lambda: 8, rp: 1.0, sep: 0.1, wind: a}
# schema: astropy-2.0
b phase sigma vr
[from data line 1311]
3347146300000.0 -0.35514322 3.529239e-08 -2836024.8
3353282300000.0 -0.3557943 3.529239e-08 -2836024.8
3359417800000.0 -0.35644528 3.529239e-08 -2836024.8
3365554000000.0 -0.35709634 3.1986318e-08 -2799579.8
3371690000000.0 -0.35774744 3.1986318e-08 -2799579.8
3377825600000.0 -0.3583984 3.1986318e-08 -2799579.8
3383961800000.0 -0.3590495 3.1986318e-08 -2799579.8
3390098000000.0 -0.35970056 2.8982525e-08 -2762292.8
3396233600000.0 -0.36035156 2.8982525e-08 -2762292.8
3402369000000.0 -0.36100253 2.8982525e-08 -2762292.8
3408505900000.0 -0.3616537 2.8982525e-08 -2762292.8
3414641300000.0 -0.3623047 2.6343063e-08 -2751060.2
3420776800000.0 -0.36295566 2.6343063e-08 -2751060.2
3426913600000.0 -0.3636068 2.6343063e-08 -2751060.2
3433049000000.0 -0.3642578 2.6343063e-08 -2751060.2
3439184600000.0 -0.3649088 2.416474e-08 -2748266.5
3445321600000.0 -0.36555994 2.416474e-08 -2748266.5
3451456800000.0 -0.36621094 2.416474e-08 -2748266.5
3457592300000.0 -0.36686194 2.416474e-08 -2748266.5
3463729400000.0 -0.3675131 2.2388855e-08 -2714545.8
3469864900000.0 -0.36816406 2.2388855e-08 -2714545.8
3476000300000.0 -0.36881506 2.2388855e-08 -2714545.8
3482136300000.0 -0.36946613 2.2388855e-08 -2714545.8
3488272600000.0 -0.3701172 2.0884995e-08 -2723022.2
3494408000000.0 -0.3707682 2.0884995e-08 -2723022.2
3500544400000.0 -0.37141925 2.0884995e-08 -2723022.2
3506680400000.0 -0.37207034 2.0884995e-08 -2723022.2
3512815800000.0 -0.3727213 1.9688859e-08 -2749604.5
3518952000000.0 -0.3733724 1.9688859e-08 -2749604.5
3525088400000.0 -0.37402347 1.9688859e-08 -2749604.5
3531223600000.0 -0.37467447 1.9688859e-08 -2749604.5
3537359900000.0 -0.37532553 1.889377e-08 -2761347.2
3543496000000.0 -0.3759766 1.889377e-08 -2761347.2
3549631600000.0 -0.3766276 1.889377e-08 -2761347.2
3555767600000.0 -0.37727866 1.889377e-08 -2761347.2
3561904000000.0 -0.37792972 1.8209738e-08 -2795836.0
3568039400000.0 -0.37858072 1.8209738e-08 -2795836.0
3574174800000.0 -0.37923172 1.8209738e-08 -2795836.0
3580311600000.0 -0.37988284 1.8209738e-08 -2795836.0
3586447000000.0 -0.38053384 1.7799966e-08 -2828768.5
3592582600000.0 -0.38118485 1.7799966e-08 -2828768.5
3598719600000.0 -0.381836 1.7799966e-08 -2828768.5
3604855000000.0 -0.38248697 1.7799966e-08 -2828768.5
3610990300000.0 -0.38313797 1.7493253e-08 -2872283.2
3617127400000.0 -0.38378912 1.7493253e-08 -2872283.2
3623263000000.0 -0.3844401 1.7493253e-08 -2872283.2
3629398400000.0 -0.3850911 1.7493253e-08 -2872283.2
3635535200000.0 -0.38574225 1.6981781e-08 -2903669.8
3641670600000.0 -0.38639325 1.6981781e-08 -2903669.8
3647806000000.0 -0.38704422 1.6981781e-08 -2903669.8
3653942400000.0 -0.3876953 1.6981781e-08 -2903669.8
3660078400000.0 -0.38834637 1.6492976e-08 -2911878.0
3666213900000.0 -0.38899738 1.6492976e-08 -2911878.0
3672350000000.0 -0.38964844 1.6492976e-08 -2911878.0
3678486400000.0 -0.3902995 1.6492976e-08 -2911878.0
3684622000000.0 -0.3909505 1.6271759e-08 -2897320.8
3690758000000.0 -0.39160156 1.6271759e-08 -2897320.8
3696894100000.0 -0.39225262 1.6271759e-08 -2897320.8
3703029600000.0 -0.39290363 1.6271759e-08 -2897320.8
3709165600000.0 -0.3935547 1.6381653e-08 -2909866.8
3715302000000.0 -0.39420575 1.6381653e-08 -2909866.8
3721437400000.0 -0.39485675 1.6381653e-08 -2909866.8
3727573600000.0 -0.3955078 1.6381653e-08 -2909866.8
3733709700000.0 -0.3961589 1.6150699e-08 -2911850.0
3739845100000.0 -0.39680988 1.6150699e-08 -2911850.0
3745980600000.0 -0.39746088 1.6150699e-08 -2911850.0
3752117700000.0 -0.39811203 1.6150699e-08 -2911850.0
3758253100000.0 -0.398763 1.5395006e-08 -2937640.5
3764388600000.0 -0.399414 1.5395006e-08 -2937640.5
3770525400000.0 -0.40006515 1.5395006e-08 -2937640.5
3776661000000.0 -0.40071616 1.5395006e-08 -2937640.5
3782796400000.0 -0.40136713 1.450859e-08 -2960702.0
3788933200000.0 -0.40201828 1.450859e-08 -2960702.0
3795068600000.0 -0.40266928 1.450859e-08 -2960702.0
3801204000000.0 -0.40332028 1.450859e-08 -2960702.0
3807341000000.0 -0.4039714 1.3767554e-08 -3007848.8
3813476400000.0 -0.4046224 1.3767554e-08 -3007848.8
3819612000000.0 -0.4052734 1.3767554e-08 -3007848.8
3825748100000.0 -0.40592447 1.3767554e-08 -3007848.8
3831884400000.0 -0.40657553 1.3136461e-08 -3047909.5
3838020000000.0 -0.40722653 1.3136461e-08 -3047909.5
3844156000000.0 -0.4078776 1.3136461e-08 -3047909.5
3850292200000.0 -0.40852866 1.3136461e-08 -3047909.5
3856427600000.0 -0.40917966 1.2477864e-08 -3071716.5
3862564000000.0 -0.40983072 1.2477864e-08 -3071716.5
3868700000000.0 -0.4104818 1.2477864e-08 -3071716.5
3874835400000.0 -0.41113278 1.2477864e-08 -3071716.5
3880971700000.0 -0.41178387 1.1789879e-08 -3077789.2
3887107700000.0 -0.41243494 1.1789879e-08 -3077789.2
3893243200000.0 -0.4130859 1.1789879e-08 -3077789.2
3899379400000.0 -0.413737 1.1789879e-08 -3077789.2
3905515700000.0 -0.41438806 1.0834275e-08 -3061960.2
3911651200000.0 -0.41503906 1.0834275e-08 -3061960.2
3917786600000.0 -0.41569003 1.0834275e-08 -3061960.2
3923923400000.0 -0.4163412 1.0834275e-08 -3061960.2
3930059000000.0 -0.4169922 9.498487e-09 -2952553.0
3936194400000.0 -0.4176432 9.498487e-09 -2952553.0
3942331200000.0 -0.4182943 9.498487e-09 -2952553.0
3948466700000.0 -0.4189453 9.498487e-09 -2952553.0
3954602100000.0 -0.4195963 8.282249e-09 -2827128.2
3960739200000.0 -0.42024744 8.282249e-09 -2827128.2
3966874700000.0 -0.42089844 8.282249e-09 -2827128.2
3973010000000.0 -0.42154944 8.282249e-09 -2827128.2
3979147000000.0 -0.4222006 7.413415e-09 -2710057.2
3985282400000.0 -0.42285156 7.413415e-09 -2710057.2
3991418000000.0 -0.42350256 7.413415e-09 -2710057.2
3997554000000.0 -0.42415363 7.413415e-09 -2710057.2
4003690200000.0 -0.42480472 6.7704784e-09 -2631745.5
4009825700000.0 -0.4254557 6.7704784e-09 -2631745.5
4015962000000.0 -0.42610675 6.7704784e-09 -2631745.5
4022098000000.0 -0.42675784 6.7704784e-09 -2631745.5
4028233400000.0 -0.4274088 6.2852283e-09 -2582254.5
4034369700000.0 -0.4280599 6.2852283e-09 -2582254.5
4040506000000.0 -0.42871097 6.2852283e-09 -2582254.5
4046641400000.0 -0.42936197 6.2852283e-09 -2582254.5
4052777400000.0 -0.43001303 5.9435448e-09 -2566319.5
4058913700000.0 -0.4306641 5.9435448e-09 -2566319.5
4065049200000.0 -0.4313151 5.9435448e-09 -2566319.5
4071185200000.0 -0.43196616 5.9435448e-09 -2566319.5
4077321500000.0 -0.43261722 5.7275362e-09 -2566832.5
4083457000000.0 -0.43326822 5.7275362e-09 -2566832.5
4089592400000.0 -0.43391922 5.7275362e-09 -2566832.5
4095729200000.0 -0.43457034 5.7275362e-09 -2566832.5
4101864700000.0 -0.43522134 5.5768035e-09 -2625466.2
4108000200000.0 -0.43587235 5.5768035e-09 -2625466.2
4114137200000.0 -0.4365235 5.5768035e-09 -2625466.2
4120272700000.0 -0.43717447 5.5768035e-09 -2625466.2
4126408200000.0 -0.43782547 5.303803e-09 -2724749.0
4132545000000.0 -0.43847662 5.303803e-09 -2724749.0
4138680500000.0 -0.43912762 5.303803e-09 -2724749.0
4144816000000.0 -0.4397786 5.303803e-09 -2724749.0
4150952700000.0 -0.44042975 4.7518802e-09 -2858879.8
4157088200000.0 -0.44108075 4.7518802e-09 -2858879.8
4163223700000.0 -0.44173172 4.7518802e-09 -2858879.8
4169360000000.0 -0.4423828 4.7518802e-09 -2858879.8
4175496000000.0 -0.44303387 4.1064205e-09 -2983870.2
4181631400000.0 -0.44368488 4.1064205e-09 -2983870.2
4187767700000.0 -0.44433594 4.1064205e-09 -2983870.2
4193904000000.0 -0.444987 4.1064205e-09 -2983870.2
4200039400000.0 -0.445638 3.5730496e-09 -3092343.8
4206175500000.0 -0.44628906 3.5730496e-09 -3092343.8
4212311700000.0 -0.44694012 3.5730496e-09 -3092343.8
4218447200000.0 -0.44759113 3.5730496e-09 -3092343.8
4224583500000.0 -0.4482422 3.1948e-09 -3228822.5
4230719500000.0 -0.44889325 3.1948e-09 -3228822.5
4236855000000.0 -0.44954425 3.1948e-09 -3228822.5
4242991200000.0 -0.4501953 3.1948e-09 -3228822.5
4249127200000.0 -0.4508464 2.8702498e-09 -3403353.2
4255262700000.0 -0.45149738 2.8702498e-09 -3403353.2
4261398200000.0 -0.45214838 2.8702498e-09 -3403353.2
4267535200000.0 -0.45279953 2.8702498e-09 -3403353.2
4273670700000.0 -0.45345053 2.5731903e-09 -3600453.0
4279806200000.0 -0.4541015 2.5731903e-09 -3600453.0
4285943000000.0 -0.45475265 2.5731903e-09 -3600453.0
4292078500000.0 -0.45540366 2.5731903e-09 -3600453.0
4298214000000.0 -0.45605463 2.3292945e-09 -3765586.0
4304350700000.0 -0.45670578 2.3292945e-09 -3765586.0
4310486200000.0 -0.45735678 2.3292945e-09 -3765586.0
4316621700000.0 -0.45800778 2.3292945e-09 -3765586.0
4322758800000.0 -0.4586589 2.077789e-09 -3877761.2
4328894000000.0 -0.4593099 2.077789e-09 -3877761.2
4335029500000.0 -0.4599609 2.077789e-09 -3877761.2
4341165700000.0 -0.46061197 2.077789e-09 -3877761.2
4347302000000.0 -0.46126303 1.7897803e-09 -3972314.8
4353437500000.0 -0.46191403 1.7897803e-09 -3972314.8
4359573500000.0 -0.4625651 1.7897803e-09 -3972314.8
4365709700000.0 -0.46321616 1.7897803e-09 -3972314.8
4371845200000.0 -0.46386716 1.4530157e-09 -4136410.5
4377981500000.0 -0.46451822 1.4530157e-09 -4136410.5
4384117500000.0 -0.4651693 1.4530157e-09 -4136410.5
4390253000000.0 -0.46582028 1.4530157e-09 -4136410.5
4396389200000.0 -0.46647137 1.0838319e-09 -4529298.5
4402525500000.0 -0.46712244 1.0838319e-09 -4529298.5
4408660700000.0 -0.46777344 1.0838319e-09 -4529298.5
4414797000000.0 -0.4684245 1.0838319e-09 -4529298.5
4420933000000.0 -0.46907556 7.442164e-10 -5456551.5
4427068500000.0 -0.4697265 7.442164e-10 -5456551.5
4433204000000.0 -0.47037753 7.442164e-10 -5456551.5
4439341000000.0 -0.4710287 7.442164e-10 -5456551.5
4445477000000.0 -0.47167972 4.1929246e-10 -7388150.5
4451612000000.0 -0.4723307 4.1929246e-10 -7388150.5
4457749000000.0 -0.4729818 4.1929246e-10 -7388150.5
4463884500000.0 -0.47363284 4.1929246e-10 -7388150.5
4470019700000.0 -0.4742838 1.6319752e-10 -10646632.0
4476156500000.0 -0.47493497 1.6319752e-10 -10646632.0
4482292000000.0 -0.47558594 1.6319752e-10 -10646632.0
4488427500000.0 -0.47623694 1.6319752e-10 -10646632.0
4494564000000.0 -0.47688803 3.998791e-11 -14866880.0
4500700000000.0 -0.47753906 3.998791e-11 -14866880.0
4506835000000.0 -0.47819003 3.998791e-11 -14866880.0
4512971500000.0 -0.47884113 3.998791e-11 -14866880.0
4519108000000.0 -0.47949222 nan nan
4525243500000.0 -0.48014325 nan nan
4531379000000.0 -0.48079422 nan nan
4537515500000.0 -0.48144534 nan nan
4543651000000.0 -0.48209637 nan nan
4549787000000.0 -0.48274735 nan nan
4555923000000.0 -0.48339847 nan nan
4562059000000.0 -0.48404947 nan nan
4568195300000.0 -0.48470056 nan nan
4574331000000.0 -0.48535156 nan nan
4580467000000.0 -0.4860026 nan nan
4586603000000.0 -0.48665366 nan nan
4592739300000.0 -0.48730478 nan nan
4598874500000.0 -0.48795572 nan nan
4605010000000.0 -0.48860675 nan nan
4611147000000.0 -0.48925787 nan nan
4617282000000.0 -0.48990884 nan nan
4623418000000.0 -0.49055988 nan nan
4629555000000.0 -0.491211 nan nan
4635690000000.0 -0.49186197 nan nan
4641826000000.0 -0.49251297 nan nan
4647962500000.0 -0.49316412 nan nan
4654098000000.0 -0.49381506 nan nan
4660233500000.0 -0.4944661 nan nan
4666370300000.0 -0.49511725 nan nan
4672506000000.0 -0.49576828 nan nan
4678641000000.0 -0.49641922 nan nan
4684777500000.0 -0.4970703 nan nan
4690914000000.0 -0.49772137 nan nan
4697049000000.0 -0.49837238 nan nan
4703185300000.0 -0.49902344 nan nan
4709321500000.0 -0.4996745 nan nan
