morphology_data/1d_wa_a0.025_l8r2_00001.ecsv
# %ECSV 1.0
# ---
# datatype:
# - {name: b, datatype: float32}
# - {name: phase, datatype: float32}
# - {name: sigma, datatype: float32}
# - {name: vr, datatype: float32}
# meta: {lambda: 8, rp: 2.0, sep: 0.025, wind: a}
# schema: astropy-2.0
b phase sigma vr
[from data line 712]
-85135910000.0 0.0361328 5.823376e-07 -1503850.6
-83601960000.0 0.035481773 5.94576e-07 -1512760.9
-82068000000.0 0.034830738 6.070884e-07 -1521553.9
-80533955000.0 0.03417967 6.1996224e-07 -1530289.4
-79000084000.0 0.033528678 6.3319396e-07 -1538645.1
-77466040000.0 0.03287761 6.4706614e-07 -1547127.9
-75932000000.0 0.03222654 6.615583e-07 -1555145.0
-74398130000.0 0.031575546 6.771849e-07 -1563057.5
-72864090000.0 0.030924477 7.6941876e-07 -1520734.5
-71330050000.0 0.030273411 7.885139e-07 -1528354.8
-69796176000.0 0.029622415 8.096931e-07 -1535287.6
-68262130000.0 0.028971346 8.3186353e-07 -1541903.5
-66728178000.0 0.028320316 8.5508566e-07 -1548158.9
-65194220000.0 0.027669284 8.7952355e-07 -1554056.6
-63660175000.0 0.027018217 9.054513e-07 -1559861.6
-62126220000.0 0.026367186 9.33023e-07 -1565453.4
-60592263000.0 0.025716154 9.624304e-07 -1570890.6
-59058220000.0 0.025065087 9.93791e-07 -1576065.6
-57524355000.0 0.024414092 1.0272541e-06 -1580980.1
-55990310000.0 0.023763025 1.0630449e-06 -1585312.0
-54456267000.0 0.023111956 1.1015786e-06 -1588441.6
-52922400000.0 0.022460962 1.1431234e-06 -1590133.9
-51388355000.0 0.021809895 1.1876765e-06 -1590409.0
-49854310000.0 0.021158826 1.2356008e-06 -1589298.6
-48320442000.0 0.020507833 1.2871311e-06 -1586546.1
-46786400000.0 0.019856764 1.3430615e-06 -1582364.0
-45252444000.0 0.019205732 1.403939e-06 -1576685.6
-43718490000.0 0.018554702 1.4716431e-06 -1568549.6
-42184440000.0 0.017903633 1.5491818e-06 -1557154.4
-40650486000.0 0.017252602 1.6382884e-06 -1542564.5
-39116534000.0 0.016601572 1.7411838e-06 -1524381.8
-37582488000.0 0.015950503 1.8522314e-06 -1506289.4
-36048620000.0 0.015299509 1.9416345e-06 -1506268.0
-34514575000.0 0.014648439 2.0653551e-06 -1488388.5
-32980531000.0 0.013997372 2.2188851e-06 -1462686.5
-31446665000.0 0.013346379 2.3929538e-06 -1437386.9
-29912621000.0 0.012695311 2.578021e-06 -1415506.1
-28378577000.0 0.012044242 2.7881783e-06 -1390833.0
-26844710000.0 0.011393248 3.0529227e-06 -1355927.2
-25310667000.0 0.01074218 3.392285e-06 -1308197.0
-23776710000.0 0.010091149 3.7756963e-06 -1257851.4
-22242755000.0 0.009440118 4.3989935e-06 -1151233.0
-20708710000.0 0.008789049 5.4306643e-06 -950362.1
-19174754000.0 0.008138019 7.665851e-06 -590496.44
-17640800000.0 0.0074869874 1.2277809e-05 -275565.38
-16106755000.0 0.006835919 1.7732042e-05 -182412.3
-14572889000.0 0.006184926 2.709888e-05 -140195.22
14572889000.0 -0.006184926 2.9685329e-05 273308.7
16106755000.0 -0.006835919 2.0040548e-05 334693.34
17640800000.0 -0.0074869874 1.3528617e-05 484785.88
19174754000.0 -0.008138019 8.681337e-06 846040.2
20708710000.0 -0.008789049 6.5848876e-06 1108790.5
22242755000.0 -0.009440118 5.6020413e-06 1222929.6
23776710000.0 -0.010091149 4.9386613e-06 1319349.0
25310667000.0 -0.01074218 4.4143585e-06 1392768.1
26844710000.0 -0.011393248 3.9565116e-06 1454940.9
28378577000.0 -0.012044242 3.620881e-06 1498470.9
29912621000.0 -0.012695311 3.322407e-06 1550980.8
31446665000.0 -0.013346379 3.083348e-06 1601673.8
32980531000.0 -0.013997372 2.8822992e-06 1647495.9
34514575000.0 -0.014648439 2.697354e-06 1691083.2
36048620000.0 -0.015299509 2.5397194e-06 1727109.4
37582488000.0 -0.015950503 2.473731e-06 1746649.0
39116534000.0 -0.016601572 2.3357788e-06 1780282.1
40650486000.0 -0.017252602 2.2171675e-06 1807317.8
42184440000.0 -0.017903633 2.108603e-06 1828762.5
43718490000.0 -0.018554702 2.0075365e-06 1845274.6
45252444000.0 -0.019205732 1.9146523e-06 1858299.0
46786400000.0 -0.019856764 1.8323828e-06 1869828.5
48320442000.0 -0.020507833 1.7590313e-06 1883926.2
49854310000.0 -0.021158826 1.6954389e-06 1901853.4
51388355000.0 -0.021809895 1.6370157e-06 1916794.5
52922400000.0 -0.022460962 1.5789446e-06 1925249.0
54456267000.0 -0.023111956 1.5244955e-06 1929720.6
55990310000.0 -0.023763025 1.4740822e-06 1933113.8
57524355000.0 -0.024414092 1.4293522e-06 1938898.9
59058220000.0 -0.025065087 1.3903905e-06 1948321.0
60592263000.0 -0.025716154 1.3562285e-06 1961207.8
62126220000.0 -0.026367186 1.3246942e-06 1972653.5
63660175000.0 -0.027018217 1.2924746e-06 1977156.4
65194220000.0 -0.027669284 1.2596464e-06 1974261.0
66728178000.0 -0.028320316 1.2274917e-06 1966976.5
68262130000.0 -0.028971346 1.1977596e-06 1959507.5
69796176000.0 -0.029622415 1.1712897e-06 1953422.0
71330050000.0 -0.030273411 1.147439e-06 1948827.8
72864090000.0 -0.030924477 1.124899e-06 1945322.1
74398130000.0 -0.031575546 1.0325018e-06 1987202.8
75932000000.0 -0.03222654 1.0114986e-06 1975958.8
77466040000.0 -0.03287761 9.895864e-07 1960334.2
79000084000.0 -0.033528678 9.677653e-07 1941502.4
80533955000.0 -0.03417967 9.466015e-07 1921102.9
82068000000.0 -0.034830738 9.270197e-07 1901126.8
83601960000.0 -0.035481773 9.0939596e-07 1883031.1
85135910000.0 -0.0361328 8.939507e-07 1867804.4
86669950000.0 -0.03678387 8.808882e-07 1856009.9
88203910000.0 -0.0374349 8.698225e-07 1847504.9
89737860000.0 -0.03808593 8.6031986e-07 1841504.1
91271905000.0 -0.038736995 8.5179937e-07 1836763.4
92805775000.0 -0.039387994 8.4334874e-07 1831372.5
94339820000.0 -0.040039062 8.342866e-07 1823912.9
95873870000.0 -0.04069013 8.2454426e-07 1813775.1
97407730000.0 -0.041341122 8.1396297e-07 1800762.2
98941770000.0 -0.04199219 8.027903e-07 1785613.4
100475820000.0 -0.04264326 7.9153824e-07 1769128.0
102009680000.0 -0.043294255 7.8038914e-07 1751686.6
103543734000.0 -0.043945324 7.695516e-07 1733612.9
105077690000.0 -0.04459635 7.5932013e-07 1715348.9
106611640000.0 -0.045247383 7.4969984e-07 1697385.0
108145690000.0 -0.045898452 7.40548e-07 1679911.0
109679640000.0 -0.046549484 7.318925e-07 1662973.6
111213590000.0 -0.047200516 7.236113e-07 1646380.5
112747640000.0 -0.047851585 7.1572197e-07 1630079.1
114281505000.0 -0.048502576 7.08137e-07 1613725.9
115815555000.0 -0.049153645 7.008754e-07 1596951.8
117349600000.0 -0.049804714 6.937724e-07 1579722.9
118883460000.0 -0.050455708 6.868153e-07 1562084.0
120417510000.0 -0.051106777 6.799599e-07 1543935.5
121951550000.0 -0.051757842 6.732876e-07 1525340.9
123485420000.0 -0.052408837 6.6681235e-07 1506370.4
125019460000.0 -0.053059906 6.606263e-07 1487300.4
126553416000.0 -0.053710938 6.54754e-07 1468394.9
128087376000.0 -0.05436197 6.493462e-07 1450128.8
129621420000.0 -0.055013034 6.4441434e-07 1432750.5
131155370000.0 -0.055664066 6.400169e-07 1416325.2
132689330000.0 -0.056315098 6.36136e-07 1400734.8
134223370000.0 -0.056966167 6.327929e-07 1385859.9
135757240000.0 -0.057617158 6.298685e-07 1371570.8
137291284000.0 -0.058268227 6.272659e-07 1357780.6
138825330000.0 -0.058919296 6.2489727e-07 1344360.1
140359190000.0 -0.059570286 6.225973e-07 1331135.2
141893240000.0 -0.06022136 6.203571e-07 1317874.1
143427290000.0 -0.060872428 6.178751e-07 1304235.2
144961160000.0 -0.061523426 6.159076e-07 1289785.6
146495200000.0 -0.062174488 6.1030414e-07 1273615.8
148029150000.0 -0.062825516 7.026133e-07 1193421.8
149563110000.0 -0.063476555 7.026133e-07 1193421.8
151097150000.0 -0.06412762 6.964602e-07 1148338.5
152631100000.0 -0.06477865 6.964602e-07 1148338.5
154165070000.0 -0.06542969 6.892845e-07 1097928.8
155699100000.0 -0.06608075 6.892845e-07 1097928.8
157232970000.0 -0.06673174 6.825561e-07 1047426.25
158767020000.0 -0.06738281 6.825561e-07 1047426.25
160301060000.0 -0.068033874 6.766975e-07 998184.1
161834930000.0 -0.068684876 6.766975e-07 998184.1
163368980000.0 -0.069335945 6.715152e-07 950349.3
164903010000.0 -0.06998701 6.715152e-07 950349.3
166436880000.0 -0.070638 6.674954e-07 906050.06
167970930000.0 -0.07128907 6.674954e-07 906050.06
169504880000.0 -0.0719401 6.6424974e-07 864326.8
171038830000.0 -0.07259113 6.6424974e-07 864326.8
172572880000.0 -0.0732422 6.6168303e-07 824925.2
174106840000.0 -0.073893234 6.6168303e-07 824925.2
175640790000.0 -0.07454426 6.596481e-07 786159.7
177174840000.0 -0.075195335 6.596481e-07 786159.7
178708710000.0 -0.07584633 6.5809246e-07 747800.44
180242740000.0 -0.07649739 6.5809246e-07 747800.44
181776800000.0 -0.07714847 6.5648305e-07 709689.4
183310660000.0 -0.077799454 6.5648305e-07 709689.4
184844700000.0 -0.07845052 6.548204e-07 671850.9
186378750000.0 -0.07910159 6.548204e-07 671850.9
187912620000.0 -0.07975259 6.52934e-07 634322.06
189446670000.0 -0.080403656 6.52934e-07 634322.06
190980620000.0 -0.08105469 6.514071e-07 597310.75
192514570000.0 -0.08170572 6.514071e-07 597310.75
194048620000.0 -0.08235679 6.489669e-07 559260.8
195582570000.0 -0.08300782 6.489669e-07 559260.8
197116530000.0 -0.08365885 7.1985744e-07 487629.6
198650580000.0 -0.08430992 7.1985744e-07 487629.6
200184430000.0 -0.08496091 7.1985744e-07 487629.6
201718480000.0 -0.08561198 7.1985744e-07 487629.6
203252530000.0 -0.086263046 7.182164e-07 414389.62
204786400000.0 -0.08691404 7.182164e-07 414389.62
206320440000.0 -0.08756511 7.182164e-07 414389.62
207854390000.0 -0.08821614 7.182164e-07 414389.62
209388360000.0 -0.08886717 7.179059e-07 342433.9
210922390000.0 -0.08951824 7.179059e-07 342433.9
212456340000.0 -0.09016927 7.179059e-07 342433.9
213990310000.0 -0.090820305 7.179059e-07 342433.9
215524340000.0 -0.091471374 7.1933965e-07 270830.62
217058210000.0 -0.09212236 7.1933965e-07 270830.62
218592260000.0 -0.09277343 7.1933965e-07 270830.62
220126300000.0 -0.0934245 7.1933965e-07 270830.62
221660170000.0 -0.09407549 7.228043e-07 200677.9
223194220000.0 -0.09472656 7.228043e-07 200677.9
224728250000.0 -0.09537763 7.228043e-07 200677.9
226262120000.0 -0.096028626 7.228043e-07 200677.9
227796170000.0 -0.096679695 7.2808695e-07 131867.28
229330120000.0 -0.09733073 7.2808695e-07 131867.28
230864080000.0 -0.09798176 7.2808695e-07 131867.28
232398130000.0 -0.09863283 7.2808695e-07 131867.28
233932080000.0 -0.09928385 7.34777e-07 63850.086
235466030000.0 -0.09993488 7.34777e-07 63850.086
237000080000.0 -0.10058595 7.34777e-07 63850.086
238533950000.0 -0.10123695 7.34777e-07 63850.086
240067990000.0 -0.101888016 7.424137e-07 -3617.5635
241602040000.0 -0.102539085 7.424137e-07 -3617.5635
243135900000.0 -0.10319008 7.424137e-07 -3617.5635
244669960000.0 -0.10384115 7.424137e-07 -3617.5635
246203990000.0 -0.10449222 7.5095926e-07 -70425.33
247737860000.0 -0.10514321 7.5095926e-07 -70425.33
249271910000.0 -0.10579427 7.5095926e-07 -70425.33
250805860000.0 -0.106445305 7.5095926e-07 -70425.33
252339810000.0 -0.10709634 7.6086286e-07 -136300.45
253873860000.0 -0.107747406 7.6086286e-07 -136300.45
255407820000.0 -0.10839844 7.6086286e-07 -136300.45
256941770000.0 -0.10904947 7.6086286e-07 -136300.45
258475820000.0 -0.10970054 7.729971e-07 -200474.95
260009670000.0 -0.11035153 7.729971e-07 -200474.95
261543720000.0 -0.1110026 7.729971e-07 -200474.95
263077770000.0 -0.11165367 7.729971e-07 -200474.95
264611640000.0 -0.11230466 7.8656e-07 -264680.7
266145680000.0 -0.11295573 7.8656e-07 -264680.7
267679730000.0 -0.113606796 7.8656e-07 -264680.7
269213600000.0 -0.11425779 7.8656e-07 -264680.7
270747630000.0 -0.11490886 8.0102996e-07 -330364.4
272281600000.0 -0.11555989 8.0102996e-07 -330364.4
273815550000.0 -0.11621092 8.0102996e-07 -330364.4
275349600000.0 -0.11686199 8.0102996e-07 -330364.4
276883540000.0 -0.11751302 8.160543e-07 -397180.34
278417500000.0 -0.118164055 8.160543e-07 -397180.34
279951540000.0 -0.118815124 8.160543e-07 -397180.34
281485400000.0 -0.11946611 8.160543e-07 -397180.34
283019440000.0 -0.12011717 8.3177656e-07 -465948.97
284553500000.0 -0.12076825 8.3177656e-07 -465948.97
286087380000.0 -0.12141925 8.3177656e-07 -465948.97
287621400000.0 -0.12207031 8.3177656e-07 -465948.97
289155450000.0 -0.12272138 8.4841975e-07 -536302.5
290689320000.0 -0.123372376 8.4841975e-07 -536302.5
292223400000.0 -0.12402345 8.4841975e-07 -536302.5
293757320000.0 -0.12467448 8.4841975e-07 -536302.5
295291300000.0 -0.1253255 8.66622e-07 -605955.94
296825320000.0 -0.12597658 8.66622e-07 -605955.94
298359300000.0 -0.12662761 8.66622e-07 -605955.94
299893230000.0 -0.12727864 8.66622e-07 -605955.94
301427300000.0 -0.12792972 8.868711e-07 -673713.2
302961130000.0 -0.12858069 8.868711e-07 -673713.2
304495200000.0 -0.12923177 8.868711e-07 -673713.2
306029230000.0 -0.12988284 8.868711e-07 -673713.2
307563100000.0 -0.13053383 9.0918627e-07 -737727.06
309097140000.0 -0.13118489 9.0918627e-07 -737727.06
310631200000.0 -0.13183598 9.0918627e-07 -737727.06
312165070000.0 -0.13248697 9.0918627e-07 -737727.06
313699100000.0 -0.13313803 9.325848e-07 -797446.9
315233040000.0 -0.13378905 9.325848e-07 -797446.9
316767000000.0 -0.1344401 9.325848e-07 -797446.9
318301040000.0 -0.13509116 9.325848e-07 -797446.9
319835000000.0 -0.13574219 9.568795e-07 -854143.7
321368980000.0 -0.13639323 9.568795e-07 -854143.7
322903000000.0 -0.1370443 9.568795e-07 -854143.7
324436900000.0 -0.13769528 9.568795e-07 -854143.7
325970920000.0 -0.13834634 9.800278e-07 -910185.1
327504950000.0 -0.1389974 9.800278e-07 -910185.1
329038820000.0 -0.13964841 9.800278e-07 -910185.1
330572900000.0 -0.14029948 9.800278e-07 -910185.1
332106920000.0 -0.14095055 1.001686e-06 -965973.56
333640800000.0 -0.14160155 1.001686e-06 -965973.56
335174830000.0 -0.14225261 1.001686e-06 -965973.56
336708900000.0 -0.14290369 1.001686e-06 -965973.56
338242730000.0 -0.14355466 1.0216386e-06 -1022338.56
339776800000.0 -0.14420575 1.0216386e-06 -1022338.56
341310830000.0 -0.14485681 1.0216386e-06 -1022338.56
342844700000.0 -0.1455078 1.0216386e-06 -1022338.56
344378570000.0 -0.1461588 1.038956e-06 -1078594.8
345912800000.0 -0.14680995 1.038956e-06 -1078594.8
347446640000.0 -0.14746092 1.038956e-06 -1078594.8
348980500000.0 -0.14811192 1.038956e-06 -1078594.8
350514740000.0 -0.14876308 1.0550659e-06 -1134060.6
352048600000.0 -0.14941406 1.0550659e-06 -1134060.6
353582480000.0 -0.15006506 1.0550659e-06 -1134060.6
355116700000.0 -0.1507162 1.0550659e-06 -1134060.6
356650580000.0 -0.1513672 1.0701865e-06 -1187878.5
358184420000.0 -0.15201817 1.0701865e-06 -1187878.5
359718650000.0 -0.15266933 1.0701865e-06 -1187878.5
361252520000.0 -0.15332033 1.0701865e-06 -1187878.5
362786400000.0 -0.15397131 1.0853009e-06 -1240185.5
364320420000.0 -0.15462239 1.0853009e-06 -1240185.5
365854500000.0 -0.15527347 1.0853009e-06 -1240185.5
367388360000.0 -0.15592445 1.0853009e-06 -1240185.5
368922400000.0 -0.15657552 1.1000692e-06 -1291213.1
370456430000.0 -0.15722659 1.1000692e-06 -1291213.1
371990300000.0 -0.15787758 1.1000692e-06 -1291213.1
373524330000.0 -0.15852864 1.1000692e-06 -1291213.1
375058400000.0 -0.15917972 1.1141287e-06 -1341737.1
376592270000.0 -0.1598307 1.1141287e-06 -1341737.1
378126300000.0 -0.16048178 1.1141287e-06 -1341737.1
379660340000.0 -0.16113284 1.1141287e-06 -1341737.1
381194200000.0 -0.16178384 1.1264073e-06 -1392182.4
382728240000.0 -0.1624349 1.1264073e-06 -1392182.4
384262300000.0 -0.16308598 1.1264073e-06 -1392182.4
385796180000.0 -0.16373697 1.1264073e-06 -1392182.4
387330050000.0 -0.16438797 1.1371106e-06 -1443482.0
388864250000.0 -0.1650391 1.1371106e-06 -1443482.0
390398100000.0 -0.1656901 1.1371106e-06 -1443482.0
391932000000.0 -0.1663411 1.1371106e-06 -1443482.0
393466220000.0 -0.16699223 1.1455872e-06 -1495828.2
395000100000.0 -0.16764323 1.1455872e-06 -1495828.2
396533960000.0 -0.16829422 1.1455872e-06 -1495828.2
398068150000.0 -0.16894537 1.1455872e-06 -1495828.2
399602020000.0 -0.16959636 1.1506772e-06 -1549155.8
401135900000.0 -0.17024736 1.1506772e-06 -1549155.8
402669930000.0 -0.17089842 1.1506772e-06 -1549155.8
404204000000.0 -0.1715495 1.1506772e-06 -1549155.8
405737870000.0 -0.17220049 1.1533607e-06 -1602389.4
407271900000.0 -0.17285155 1.1533607e-06 -1602389.4
408805930000.0 -0.17350262 1.1533607e-06 -1602389.4
410339800000.0 -0.17415361 1.1533607e-06 -1602389.4
411873870000.0 -0.17480469 1.1548873e-06 -1654837.4
413407900000.0 -0.17545575 1.1548873e-06 -1654837.4
414941770000.0 -0.17610675 1.1548873e-06 -1654837.4
416475800000.0 -0.17675781 1.1548873e-06 -1654837.4
418009840000.0 -0.17740889 1.1557535e-06 -1706354.1
419543700000.0 -0.17805988 1.1557535e-06 -1706354.1
421077780000.0 -0.17871095 1.1557535e-06 -1706354.1
422611800000.0 -0.17936201 1.1557535e-06 -1706354.1
