morphology_data/1d_wa_a0.05_l4r1_00001.ecsv
# %ECSV 1.0
# ---
# datatype:
# - {name: b, datatype: float32}
# - {name: phase, datatype: float32}
# - {name: sigma, datatype: float32}
# - {name: vr, datatype: float32}
# meta: {lambda: 4, rp: 1.0, sep: 0.05, wind: a}
# schema: astropy-2.0
b phase sigma vr
[from data line 621]
-449456500000.0 0.09537763 2.0702231e-08 1293173.4
-446388440000.0 0.09472656 2.0702231e-08 1293173.4
-443320340000.0 0.09407549 2.0702231e-08 1293173.4
-440252600000.0 0.0934245 2.0880577e-08 1267434.4
-437184530000.0 0.09277343 2.0880577e-08 1267434.4
-434116430000.0 0.09212236 2.0880577e-08 1267434.4
-431048700000.0 0.091471374 2.0880577e-08 1267434.4
-427980620000.0 0.090820305 2.1291324e-08 1233214.1
-424912680000.0 0.09016927 2.1291324e-08 1233214.1
-421844780000.0 0.08951824 2.1291324e-08 1233214.1
-418776700000.0 0.08886717 2.1291324e-08 1233214.1
-415708770000.0 0.08821614 2.1432895e-08 1207541.1
-412640870000.0 0.08756511 2.1432895e-08 1207541.1
-409572800000.0 0.08691404 2.1432895e-08 1207541.1
-406505060000.0 0.086263046 2.1432895e-08 1207541.1
-403436960000.0 0.08561198 2.2024281e-08 1141784.0
-400368860000.0 0.08496091 2.2024281e-08 1141784.0
-397301150000.0 0.08430992 2.2024281e-08 1141784.0
-394233050000.0 0.08365885 2.2024281e-08 1141784.0
-391165150000.0 0.08300782 2.270438e-08 1123392.8
-388097250000.0 0.08235679 2.270438e-08 1123392.8
-385029140000.0 0.08170572 2.288661e-08 1124171.2
-381961240000.0 0.08105469 2.288661e-08 1124171.2
-378893340000.0 0.080403656 2.3277796e-08 1099634.9
-375825240000.0 0.07975259 2.3277796e-08 1099634.9
-372757500000.0 0.07910159 2.3660935e-08 1084243.9
-369689400000.0 0.07845052 2.3660935e-08 1084243.9
-366621330000.0 0.077799454 2.3981476e-08 1039321.44
-363553600000.0 0.07714847 2.3981476e-08 1039321.44
-360485500000.0 0.07649739 2.4411111e-08 1055067.6
-357417420000.0 0.07584633 2.4411111e-08 1055067.6
-354349680000.0 0.075195335 2.4702747e-08 1091091.8
-351281580000.0 0.07454426 2.4702747e-08 1091091.8
-348213670000.0 0.073893234 2.4634929e-08 1160196.2
-345145770000.0 0.0732422 2.4634929e-08 1160196.2
-342077670000.0 0.07259113 2.4062766e-08 1101948.5
-339009770000.0 0.0719401 2.4062766e-08 1101948.5
-335941860000.0 0.07128907 2.3550925e-08 1042743.75
-332873760000.0 0.070638 2.3550925e-08 1042743.75
-329806020000.0 0.06998701 2.3045573e-08 972892.6
-326737950000.0 0.069335945 2.3045573e-08 972892.6
-323669850000.0 0.068684876 2.2590752e-08 910536.3
-320602100000.0 0.068033874 2.2590752e-08 910536.3
-317534040000.0 0.06738281 2.2161124e-08 837947.7
-314465940000.0 0.06673174 2.2161124e-08 837947.7
-311398200000.0 0.06608075 2.1816245e-08 772976.06
-308330140000.0 0.06542969 2.1816245e-08 772976.06
-305262200000.0 0.06477865 2.159287e-08 712937.94
-302194300000.0 0.06412762 2.159287e-08 712937.94
-299126230000.0 0.063476555 2.156382e-08 668569.56
-296058300000.0 0.062825516 2.156382e-08 668569.56
-292990400000.0 0.062174488 2.1803784e-08 638023.9
-289922320000.0 0.061523426 2.1803784e-08 638023.9
-286854580000.0 0.060872428 2.258501e-08 632341.56
-283786480000.0 0.06022136 2.258501e-08 632341.56
-280718380000.0 0.059570286 2.3314888e-08 663359.3
-277650670000.0 0.058919296 2.3314888e-08 663359.3
-274582570000.0 0.058268227 2.410351e-08 732531.75
-271514480000.0 0.057617158 2.410351e-08 732531.75
-268446740000.0 0.056966167 2.473362e-08 797310.94
-265378660000.0 0.056315098 2.473362e-08 797310.94
-262310740000.0 0.055664066 2.544363e-08 848616.75
-259242840000.0 0.055013034 2.544363e-08 848616.75
-256174750000.0 0.05436197 2.6135048e-08 902591.9
-253106830000.0 0.053710938 2.6135048e-08 902591.9
-250038930000.0 0.053059906 2.6910502e-08 945276.06
-246970840000.0 0.052408837 2.6910502e-08 945276.06
-243903100000.0 0.051757842 2.752829e-08 980012.94
-240835020000.0 0.051106777 2.752829e-08 980012.94
-237766920000.0 0.050455708 2.820014e-08 992361.4
-234699200000.0 0.049804714 2.820014e-08 992361.4
-231631110000.0 0.049153645 2.87693e-08 1013451.94
-228563010000.0 0.048502576 2.87693e-08 1013451.94
-225495290000.0 0.047851585 2.941039e-08 1009811.0
-222427190000.0 0.047200516 2.941039e-08 1009811.0
-219359280000.0 0.046549484 2.98931e-08 1022168.06
-216291380000.0 0.045898452 2.98931e-08 1022168.06
-213223280000.0 0.045247383 3.035853e-08 1009407.6
-210155370000.0 0.04459635 3.035853e-08 1009407.6
-207087470000.0 0.043945324 3.0579013e-08 1013759.8
-204019370000.0 0.043294255 3.0579013e-08 1013759.8
-200951640000.0 0.04264326 3.0865827e-08 987675.3
-197883540000.0 0.04199219 3.0865827e-08 987675.3
-194815460000.0 0.041341122 3.0961722e-08 963766.9
-191747740000.0 0.04069013 3.1070012e-08 967523.06
-188679630000.0 0.040039062 3.118595e-08 913624.6
-185611550000.0 0.039387994 3.133441e-08 919134.25
-182543810000.0 0.038736995 3.1293265e-08 903876.94
-179475730000.0 0.03808593 3.1509003e-08 911835.9
-176407820000.0 0.0374349 3.1716617e-08 857153.5
-173339900000.0 0.03678387 3.2028385e-08 870614.44
-170271820000.0 0.0361328 3.2118464e-08 855130.94
-167203910000.0 0.035481773 3.253386e-08 871459.9
-164136000000.0 0.034830738 3.2981212e-08 824687.5
-161067910000.0 0.03417967 3.354731e-08 845328.2
-158000170000.0 0.033528678 3.398953e-08 852218.5
-154932080000.0 0.03287761 3.4881154e-08 871365.06
-151864000000.0 0.03222654 3.614588e-08 838426.1
-148796260000.0 0.031575546 3.7209873e-08 880457.2
-145728180000.0 0.030924477 3.7949693e-08 912662.25
-142660100000.0 0.030273411 3.8853372e-08 951751.1
-139592350000.0 0.029622415 3.929024e-08 901655.9
-136524260000.0 0.028971346 3.9989004e-08 914102.44
-133456355000.0 0.028320316 4.079441e-08 938362.2
-130388440000.0 0.027669284 4.1576705e-08 971252.06
-127320350000.0 0.027018217 4.2669818e-08 970839.56
-124252440000.0 0.026367186 4.3516742e-08 998008.0
-121184530000.0 0.025716154 4.4780947e-08 1030994.3
-118116440000.0 0.025065087 4.5555918e-08 1045530.3
-115048710000.0 0.024414092 4.719305e-08 1060941.5
-111980620000.0 0.023763025 4.8024663e-08 1059187.5
-108912530000.0 0.023111956 4.9901654e-08 1105994.5
-105844800000.0 0.022460962 5.0796775e-08 1095638.8
-102776710000.0 0.021809895 5.304899e-08 1127796.4
-99708620000.0 0.021158826 5.399902e-08 1106586.5
-96640885000.0 0.020507833 5.6504327e-08 1157433.2
-93572800000.0 0.019856764 5.7620795e-08 1123523.4
-90504890000.0 0.019205732 6.019685e-08 1155294.6
-87436980000.0 0.018554702 6.1802574e-08 1116039.2
-84368880000.0 0.017903633 6.4546896e-08 1138189.1
-81300970000.0 0.017252602 6.6832854e-08 1116886.2
-78233070000.0 0.016601572 6.975972e-08 1117876.8
-75164975000.0 0.015950503 7.2511156e-08 1094514.1
-72097240000.0 0.015299509 7.632533e-08 1083525.0
-69029150000.0 0.014648439 7.970802e-08 1056305.6
-65961062000.0 0.013997372 8.386555e-08 1045359.94
-62893330000.0 0.013346379 8.805584e-08 1014287.8
-59825242000.0 0.012695311 9.3128264e-08 996118.56
-56757154000.0 0.012044242 9.843907e-08 960944.5
-53689420000.0 0.011393248 1.0477124e-07 936938.0
-50621334000.0 0.01074218 1.1169567e-07 897420.9
-47553420000.0 0.010091149 1.1998956e-07 867961.06
-44485510000.0 0.009440118 1.293507e-07 823849.6
-41417420000.0 0.008789049 1.4053272e-07 782314.8
-38349510000.0 0.008138019 1.5380922e-07 733714.06
-35281600000.0 0.0074869874 1.7115306e-07 680757.5
-32213510000.0 0.006835919 1.9155708e-07 627127.7
-29145778000.0 0.006184926 2.1754025e-07 567846.9
-26077688000.0 0.0055338573 2.517254e-07 509852.44
-23009600000.0 0.0048827888 2.9851373e-07 449193.4
-19941868000.0 0.0042317957 3.6552976e-07 385964.75
-16873777000.0 0.0035807267 4.685457e-07 316440.22
-13805688000.0 0.0029296577 6.4458095e-07 246948.11
-10737956000.0 0.0022786648 9.989736e-07 171652.55
-7669866000.0 0.0016275961 1.9735537e-06 82857.38
7669866000.0 -0.0016275961 2.2175905e-06 -41357.297
10737956000.0 -0.0022786648 1.06887e-06 -104291.484
13805688000.0 -0.0029296577 6.753866e-07 -149152.11
16873777000.0 -0.0035807267 4.853632e-07 -185565.69
19941868000.0 -0.0042317957 3.75487e-07 -220312.98
23009600000.0 -0.0048827888 3.050663e-07 -247566.16
26077688000.0 -0.0055338573 2.5629848e-07 -271146.47
29145778000.0 -0.006184926 2.2083617e-07 -292039.88
32213510000.0 -0.006835919 1.9361813e-07 -317716.5
35281600000.0 -0.0074869874 1.7261108e-07 -334703.12
38349510000.0 -0.008138019 1.5657814e-07 -344249.38
41417420000.0 -0.008789049 1.4265436e-07 -357420.34
44485510000.0 -0.009440118 1.3071893e-07 -377930.72
47553420000.0 -0.010091149 1.2098161e-07 -388991.38
50621334000.0 -0.01074218 1.1269345e-07 -389980.38
53689420000.0 -0.011393248 1.0574685e-07 -405381.56
56757154000.0 -0.012044242 9.899987e-08 -416219.1
59825242000.0 -0.012695311 9.3947705e-08 -433081.16
62893330000.0 -0.013346379 8.885658e-08 -413957.72
65961062000.0 -0.013997372 8.4906176e-08 -423352.0
69029150000.0 -0.014648439 8.038593e-08 -434724.97
72097240000.0 -0.015299509 7.712967e-08 -437791.34
75164975000.0 -0.015950503 7.428024e-08 -419193.22
78233070000.0 -0.016601572 7.152511e-08 -417505.44
81300970000.0 -0.017252602 6.852552e-08 -440438.75
84368880000.0 -0.017903633 6.6276115e-08 -437549.62
87436980000.0 -0.018554702 6.411655e-08 -422564.56
90504890000.0 -0.019205732 6.22924e-08 -418642.38
93572800000.0 -0.019856764 6.001651e-08 -436612.03
96640885000.0 -0.020507833 5.837525e-08 -427682.94
99708620000.0 -0.021158826 5.676103e-08 -417123.47
102776710000.0 -0.021809895 5.5313805e-08 -405364.53
105844800000.0 -0.022460962 5.356474e-08 -423892.03
108912530000.0 -0.023111956 5.2294332e-08 -411272.6
111980620000.0 -0.023763025 5.0955393e-08 -415578.5
115048710000.0 -0.024414092 4.9828532e-08 -401356.94
118116440000.0 -0.025065087 4.846457e-08 -418266.53
121184530000.0 -0.025716154 4.7513808e-08 -405042.78
124252440000.0 -0.026367186 4.6217664e-08 -421965.66
127320350000.0 -0.027018217 4.5091603e-08 -389844.5
130388440000.0 -0.027669284 4.4020382e-08 -413981.28
133456355000.0 -0.028320316 4.329256e-08 -407167.03
136524260000.0 -0.028971346 4.2124974e-08 -460526.8
139592350000.0 -0.029622415 4.1572513e-08 -452664.25
142660100000.0 -0.030273411 4.0736307e-08 -464535.16
145728180000.0 -0.030924477 4.0240167e-08 -454936.3
148796260000.0 -0.031575546 3.908218e-08 -514203.6
151864000000.0 -0.03222654 3.869289e-08 -508803.44
154932080000.0 -0.03287761 3.7936978e-08 -514108.9
158000170000.0 -0.033528678 3.7598205e-08 -506963.7
161067910000.0 -0.03417967 3.649099e-08 -576053.5
164136000000.0 -0.034830738 3.6214182e-08 -569020.9
167203910000.0 -0.035481773 3.552423e-08 -564602.0
170271820000.0 -0.0361328 3.533806e-08 -560737.6
173339900000.0 -0.03678387 3.431768e-08 -627914.1
176407820000.0 -0.0374349 3.418741e-08 -626032.4
179475730000.0 -0.03808593 3.3585774e-08 -617641.94
182543810000.0 -0.038736995 3.350586e-08 -618508.56
185611550000.0 -0.039387994 3.256926e-08 -677026.5
188679630000.0 -0.040039062 3.2527932e-08 -679454.0
191747740000.0 -0.04069013 3.1974643e-08 -664768.75
194815460000.0 -0.041341122 3.2045733e-08 -672044.75
197883540000.0 -0.04199219 3.080899e-08 -692116.06
200951640000.0 -0.04264326 3.080899e-08 -692116.06
204019370000.0 -0.043294255 3.0439143e-08 -676329.8
207087470000.0 -0.043945324 3.0439143e-08 -676329.8
210155370000.0 -0.04459635 2.9794567e-08 -707430.4
213223280000.0 -0.045247383 2.9794567e-08 -707430.4
216291380000.0 -0.045898452 2.9367204e-08 -677549.6
219359280000.0 -0.046549484 2.9367204e-08 -677549.6
222427190000.0 -0.047200516 2.8792037e-08 -691685.44
225495290000.0 -0.047851585 2.8792037e-08 -691685.44
228563010000.0 -0.048502576 2.8409499e-08 -660635.6
231631110000.0 -0.049153645 2.8409499e-08 -660635.6
234699200000.0 -0.049804714 2.7918679e-08 -669908.3
237766920000.0 -0.050455708 2.7918679e-08 -669908.3
240835020000.0 -0.051106777 2.7619011e-08 -633800.6
243903100000.0 -0.051757842 2.7619011e-08 -633800.6
246970840000.0 -0.052408837 2.7296677e-08 -630748.06
250038930000.0 -0.053059906 2.7296677e-08 -630748.06
253106830000.0 -0.053710938 2.7054144e-08 -580774.56
256174750000.0 -0.05436197 2.7054144e-08 -580774.56
259242840000.0 -0.055013034 2.6633842e-08 -563801.4
262310740000.0 -0.055664066 2.6633842e-08 -563801.4
265378660000.0 -0.056315098 2.6290447e-08 -519436.03
268446740000.0 -0.056966167 2.6290447e-08 -519436.03
271514480000.0 -0.057617158 2.5866004e-08 -520797.03
274582570000.0 -0.058268227 2.5866004e-08 -520797.03
277650670000.0 -0.058919296 2.5486134e-08 -515015.4
280718380000.0 -0.059570286 2.5486134e-08 -515015.4
283786480000.0 -0.06022136 2.5161667e-08 -542961.75
286854580000.0 -0.060872428 2.5161667e-08 -542961.75
289922320000.0 -0.061523426 2.4882892e-08 -559882.4
292990400000.0 -0.062174488 2.4882892e-08 -559882.4
296058300000.0 -0.062825516 2.4978917e-08 -595889.44
299126230000.0 -0.063476555 2.4978917e-08 -595889.44
302194300000.0 -0.06412762 2.541646e-08 -601067.5
305262200000.0 -0.06477865 2.541646e-08 -601067.5
308330140000.0 -0.06542969 2.5993163e-08 -545992.2
311398200000.0 -0.06608075 2.5993163e-08 -545992.2
314465940000.0 -0.06673174 2.6624162e-08 -451473.97
317534040000.0 -0.06738281 2.6624162e-08 -451473.97
320602100000.0 -0.068033874 2.7264191e-08 -373178.66
323669850000.0 -0.068684876 2.7264191e-08 -373178.66
326737950000.0 -0.069335945 2.7973504e-08 -307213.38
329806020000.0 -0.06998701 2.7973504e-08 -307213.38
332873760000.0 -0.070638 2.8624722e-08 -276436.47
335941860000.0 -0.07128907 2.8624722e-08 -276436.47
339009770000.0 -0.0719401 2.884901e-08 -301078.1
342077670000.0 -0.07259113 2.884901e-08 -301078.1
345145770000.0 -0.0732422 2.8487886e-08 -395672.94
348213670000.0 -0.073893234 2.8487886e-08 -395672.94
351281580000.0 -0.07454426 2.7939864e-08 -480728.7
354349680000.0 -0.075195335 2.7939864e-08 -480728.7
357417420000.0 -0.07584633 2.750151e-08 -534310.6
360485500000.0 -0.07649739 2.750151e-08 -534310.6
363553600000.0 -0.07714847 2.716947e-08 -569592.5
366621330000.0 -0.077799454 2.716947e-08 -569592.5
369689400000.0 -0.07845052 2.6878663e-08 -610754.94
372757500000.0 -0.07910159 2.6878663e-08 -610754.94
375825240000.0 -0.07975259 2.669422e-08 -653486.0
378893340000.0 -0.080403656 2.669422e-08 -653486.0
381961240000.0 -0.08105469 2.670897e-08 -718186.2
385029140000.0 -0.08170572 2.670897e-08 -718186.2
388097250000.0 -0.08235679 2.7380644e-08 -819347.5
391165150000.0 -0.08300782 2.7380644e-08 -819347.5
394233050000.0 -0.08365885 3.0706634e-08 -657517.5
397301150000.0 -0.08430992 3.0706634e-08 -657517.5
400368860000.0 -0.08496091 3.0706634e-08 -657517.5
403436960000.0 -0.08561198 3.0706634e-08 -657517.5
406505060000.0 -0.086263046 3.3532526e-08 -464852.44
409572800000.0 -0.08691404 3.3532526e-08 -464852.44
412640870000.0 -0.08756511 3.3532526e-08 -464852.44
415708770000.0 -0.08821614 3.3532526e-08 -464852.44
418776700000.0 -0.08886717 3.5879143e-08 -437128.3
421844780000.0 -0.08951824 3.5879143e-08 -437128.3
424912680000.0 -0.09016927 3.5879143e-08 -437128.3
427980620000.0 -0.090820305 3.5879143e-08 -437128.3
431048700000.0 -0.091471374 3.677856e-08 -497392.84
434116430000.0 -0.09212236 3.677856e-08 -497392.84
437184530000.0 -0.09277343 3.677856e-08 -497392.84
440252600000.0 -0.0934245 3.677856e-08 -497392.84
443320340000.0 -0.09407549 3.6940538e-08 -554761.06
446388440000.0 -0.09472656 3.6940538e-08 -554761.06
449456500000.0 -0.09537763 3.6940538e-08 -554761.06
452524240000.0 -0.096028626 3.6940538e-08 -554761.06
455592350000.0 -0.096679695 3.7447137e-08 -636314.1
458660250000.0 -0.09733073 3.7447137e-08 -636314.1
461728150000.0 -0.09798176 3.7447137e-08 -636314.1
464796250000.0 -0.09863283 3.7447137e-08 -636314.1
467864160000.0 -0.09928385 3.8092637e-08 -751032.2
470932060000.0 -0.09993488 3.8092637e-08 -751032.2
474000160000.0 -0.10058595 3.8092637e-08 -751032.2
477067900000.0 -0.10123695 3.8092637e-08 -751032.2
480135970000.0 -0.101888016 3.9991566e-08 -866967.25
483204070000.0 -0.102539085 3.9991566e-08 -866967.25
486271800000.0 -0.10319008 3.9991566e-08 -866967.25
489339900000.0 -0.10384115 3.9991566e-08 -866967.25
492407980000.0 -0.10449222 4.2972346e-08 -943074.56
495475720000.0 -0.10514321 4.2972346e-08 -943074.56
498543820000.0 -0.10579427 4.2972346e-08 -943074.56
501611720000.0 -0.106445305 4.2972346e-08 -943074.56
504679630000.0 -0.10709634 4.7937224e-08 -969789.8
507747730000.0 -0.107747406 4.7937224e-08 -969789.8
510815630000.0 -0.10839844 4.7937224e-08 -969789.8
513883540000.0 -0.10904947 4.7937224e-08 -969789.8
