morphology_data/1d_wb_a0.1_l8r0.5_00001.ecsv
# %ECSV 1.0
# ---
# datatype:
# - {name: b, datatype: float32}
# - {name: phase, datatype: float32}
# - {name: sigma, datatype: float32}
# - {name: vr, datatype: float32}
# meta: {lambda: 8, rp: 0.5, sep: 0.1, wind: b}
# schema: astropy-2.0
b phase sigma vr
[from data line 745]
-138058300000.0 0.014648439 3.8537284e-09 127373.74
-131922125000.0 0.013997372 4.1106274e-09 194273.34
-125786660000.0 0.013346379 4.414506e-09 283203.22
-119650484000.0 0.012695311 4.80211e-09 358155.75
-113514310000.0 0.012044242 5.234284e-09 436885.25
-107378840000.0 0.011393248 5.839763e-09 426633.62
-101242670000.0 0.01074218 6.4249375e-09 505084.06
-95106840000.0 0.010091149 7.125695e-09 435072.5
-88971020000.0 0.009440118 7.793252e-09 477101.6
-82834840000.0 0.008789049 8.628799e-09 396988.9
-76699020000.0 0.008138019 9.327385e-09 376850.66
-70563200000.0 0.0074869874 1.0140401e-08 268083.53
-64427020000.0 0.006835919 1.0972075e-08 214640.2
-58291556000.0 0.006184926 1.2104337e-08 150973.31
-52155376000.0 0.0055338573 1.348224e-08 111838.78
-46019200000.0 0.0048827888 1.5277436e-08 78832.01
-39883735000.0 0.0042317957 1.7802293e-08 45424.168
-33747554000.0 0.0035807267 2.1686867e-08 40280.773
-27611376000.0 0.0029296577 2.8044312e-08 34815.547
-21475912000.0 0.0022786648 3.957784e-08 47200.535
-15339732000.0 0.0016275961 6.532212e-08 49025.414
-9203911000.0 0.0009765653 1.5419629e-07 46916.027
9203911000.0 -0.0009765653 1.673694e-07 -56652.81
15339732000.0 -0.0016275961 6.8535215e-08 -124055.8
21475912000.0 -0.0022786648 4.1244764e-08 -194478.66
27611376000.0 -0.0029296577 2.918921e-08 -260531.39
33747554000.0 -0.0035807267 2.2598204e-08 -320868.34
39883735000.0 -0.0042317957 1.8433218e-08 -348423.5
46019200000.0 -0.0048827888 1.5505261e-08 -389980.34
52155376000.0 -0.0055338573 1.3195026e-08 -453371.94
58291556000.0 -0.006184926 1.1542932e-08 -550556.0
64427020000.0 -0.006835919 1.0183689e-08 -612438.3
70563200000.0 -0.0074869874 9.168845e-09 -716179.75
76699020000.0 -0.008138019 8.27659e-09 -780162.94
82834840000.0 -0.008789049 7.5170465e-09 -879561.8
88971020000.0 -0.009440118 6.8587123e-09 -953267.75
95106840000.0 -0.010091149 6.316328e-09 -1044680.7
101242670000.0 -0.01074218 5.8417626e-09 -1101829.2
107378840000.0 -0.011393248 5.47449e-09 -1175678.4
113514310000.0 -0.012044242 5.1565765e-09 -1232121.6
119650484000.0 -0.012695311 4.9127378e-09 -1279155.2
125786660000.0 -0.013346379 4.7095408e-09 -1289979.5
131922125000.0 -0.013997372 4.5403326e-09 -1292151.6
138058300000.0 -0.014648439 4.444515e-09 -1273205.8
144194490000.0 -0.015299509 4.447984e-09 -1193528.1
150329950000.0 -0.015950503 4.3038577e-09 -1272242.4
156466140000.0 -0.016601572 4.054813e-09 -1454699.0
162601940000.0 -0.017252602 3.7958783e-09 -1726789.2
168737770000.0 -0.017903633 3.4993004e-09 -1939158.0
174873950000.0 -0.018554702 3.2493366e-09 -2140150.2
181009780000.0 -0.019205732 3.0719023e-09 -2237617.0
187145600000.0 -0.019856764 2.9902707e-09 -2335133.8
193281770000.0 -0.020507833 2.9276883e-09 -2393342.5
199417230000.0 -0.021158826 2.866444e-09 -2470754.2
205553420000.0 -0.021809895 2.7980231e-09 -2517972.0
211689600000.0 -0.022460962 2.7276315e-09 -2598174.2
217825070000.0 -0.023111956 2.6630103e-09 -2623578.0
223961240000.0 -0.023763025 2.6072677e-09 -2643054.8
230097420000.0 -0.024414092 2.5652351e-09 -2614497.5
236232880000.0 -0.025065087 2.582917e-09 -2548890.8
242369050000.0 -0.025716154 2.677388e-09 -2294921.2
248504880000.0 -0.026367186 2.856018e-09 -1971669.6
254640700000.0 -0.027018217 3.0956961e-09 -1709020.6
260776890000.0 -0.027669284 3.406153e-09 -1437220.2
266912710000.0 -0.028320316 3.6984102e-09 -1356414.8
273048520000.0 -0.028971346 4.1095625e-09 -1323963.0
279184700000.0 -0.029622415 4.824017e-09 -1322157.8
285320200000.0 -0.030273411 4.5766555e-09 -1346180.4
291456350000.0 -0.030924477 4.1377533e-09 -1385197.4
297592520000.0 -0.031575546 3.7731933e-09 -1535875.1
303728000000.0 -0.03222654 3.372736e-09 -1625292.2
309864170000.0 -0.03287761 3.0377756e-09 -1887380.0
316000340000.0 -0.033528678 2.7506721e-09 -2008415.1
322135820000.0 -0.03417967 2.6527638e-09 -2205932.0
328272000000.0 -0.034830738 2.5457474e-09 -2270629.0
334407830000.0 -0.035481773 2.3509317e-09 -2385703.8
340543640000.0 -0.0361328 2.0881306e-09 -2638620.5
346679800000.0 -0.03678387 1.8405608e-09 -2635248.8
352815640000.0 -0.0374349 1.7283445e-09 -2969236.5
358951450000.0 -0.03808593 1.5553296e-09 -3150536.2
365087620000.0 -0.038736995 1.4246695e-09 -3674931.0
371223100000.0 -0.039387994 1.2648205e-09 -4068894.5
377359270000.0 -0.040039062 1.123694e-09 -4713527.0
383495470000.0 -0.04069013 1.0051469e-09 -5150557.0
389630920000.0 -0.041341122 9.268641e-10 -5410367.0
395767100000.0 -0.04199219 8.772574e-10 -5178754.5
401903300000.0 -0.04264326 8.772574e-10 -5178754.5
408038740000.0 -0.043294255 7.887435e-10 -5095844.0
414174940000.0 -0.043945324 7.887435e-10 -5095844.0
420310750000.0 -0.04459635 7.740893e-10 -5025552.0
426446550000.0 -0.045247383 7.740893e-10 -5025552.0
432582750000.0 -0.045898452 7.779809e-10 -5036571.5
438718560000.0 -0.046549484 7.779809e-10 -5036571.5
444854370000.0 -0.047200516 8.040234e-10 -4848110.5
450990570000.0 -0.047851585 8.040234e-10 -4848110.5
457126020000.0 -0.048502576 8.201267e-10 -4730900.0
463262220000.0 -0.049153645 8.201267e-10 -4730900.0
469398400000.0 -0.049804714 7.953172e-10 -4563108.5
475533840000.0 -0.050455708 7.953172e-10 -4563108.5
481670040000.0 -0.051106777 6.962098e-10 -4696164.5
487806200000.0 -0.051757842 6.962098e-10 -4696164.5
493941700000.0 -0.052408837 5.789039e-10 -4484946.0
500077850000.0 -0.053059906 5.789039e-10 -4484946.0
506213660000.0 -0.053710938 5.138964e-10 -4462605.5
512349500000.0 -0.05436197 5.138964e-10 -4462605.5
518485670000.0 -0.055013034 5.072596e-10 -3877443.8
524621480000.0 -0.055664066 5.072596e-10 -3877443.8
530757320000.0 -0.056315098 5.3085775e-10 -3469833.8
536893500000.0 -0.056966167 5.3085775e-10 -3469833.8
543028970000.0 -0.057617158 5.569316e-10 -3206600.5
549165140000.0 -0.058268227 5.569316e-10 -3206600.5
555301340000.0 -0.058919296 5.368437e-10 -3343676.5
561436750000.0 -0.059570286 5.368437e-10 -3343676.5
567572960000.0 -0.06022136 4.950626e-10 -3800901.0
573709160000.0 -0.060872428 4.950626e-10 -3800901.0
579844640000.0 -0.061523426 4.3495518e-10 -4353216.5
585980800000.0 -0.062174488 4.3495518e-10 -4353216.5
592116600000.0 -0.062825516 4.1197484e-10 -4788138.0
598252450000.0 -0.063476555 4.1197484e-10 -4788138.0
604388600000.0 -0.06412762 3.8591136e-10 -4927957.0
610524400000.0 -0.06477865 3.8591136e-10 -4927957.0
616660300000.0 -0.06542969 3.6818482e-10 -5235833.5
622796400000.0 -0.06608075 3.6818482e-10 -5235833.5
628931900000.0 -0.06673174 3.6107237e-10 -5527064.0
635068100000.0 -0.06738281 3.6107237e-10 -5527064.0
641204200000.0 -0.068033874 3.427405e-10 -6243767.0
647339700000.0 -0.068684876 3.427405e-10 -6243767.0
653475900000.0 -0.069335945 3.3697217e-10 -6757073.0
659612040000.0 -0.06998701 3.3697217e-10 -6757073.0
665747500000.0 -0.070638 3.1344494e-10 -7556505.0
671883700000.0 -0.07128907 3.1344494e-10 -7556505.0
678019500000.0 -0.0719401 3.1269595e-10 -7937506.5
684155340000.0 -0.07259113 3.1269595e-10 -7937506.5
690291540000.0 -0.0732422 2.840696e-10 -8719715.0
696427350000.0 -0.073893234 2.840696e-10 -8719715.0
702563160000.0 -0.07454426 2.80228e-10 -8919499.0
708699360000.0 -0.075195335 2.80228e-10 -8919499.0
714834840000.0 -0.07584633 2.4460572e-10 -9178275.0
720971000000.0 -0.07649739 2.4460572e-10 -9178275.0
727107200000.0 -0.07714847 2.3724608e-10 -8945835.0
733242650000.0 -0.077799454 2.3724608e-10 -8945835.0
739378800000.0 -0.07845052 2.0676474e-10 -9287174.0
745515000000.0 -0.07910159 2.0676474e-10 -9287174.0
751650500000.0 -0.07975259 2.051847e-10 -9300496.0
757786700000.0 -0.080403656 2.051847e-10 -9300496.0
763922500000.0 -0.08105469 1.8515062e-10 -9450605.0
770058300000.0 -0.08170572 1.8515062e-10 -9450605.0
776194500000.0 -0.08235679 1.9783047e-10 -9335727.0
782330300000.0 -0.08300782 1.9783047e-10 -9335727.0
788466100000.0 -0.08365885 1.6021724e-10 -10043198.0
794602300000.0 -0.08430992 1.6021724e-10 -10043198.0
800737700000.0 -0.08496091 1.6021724e-10 -10043198.0
806873900000.0 -0.08561198 1.6021724e-10 -10043198.0
813010100000.0 -0.086263046 6.307394e-11 -12885173.0
819145600000.0 -0.08691404 6.307394e-11 -12885173.0
825281740000.0 -0.08756511 6.307394e-11 -12885173.0
831417550000.0 -0.08821614 6.307394e-11 -12885173.0
837553400000.0 -0.08886717 nan nan
843689560000.0 -0.08951824 nan nan
849825370000.0 -0.09016927 nan nan
855961240000.0 -0.090820305 nan nan
862097400000.0 -0.091471374 nan nan
868232860000.0 -0.09212236 nan nan
874369060000.0 -0.09277343 nan nan
880505200000.0 -0.0934245 nan nan
886640700000.0 -0.09407549 nan nan
892776900000.0 -0.09472656 nan nan
898913000000.0 -0.09537763 nan nan
905048500000.0 -0.096028626 nan nan
911184700000.0 -0.096679695 nan nan
917320500000.0 -0.09733073 nan nan
923456300000.0 -0.09798176 nan nan
929592500000.0 -0.09863283 nan nan
935728300000.0 -0.09928385 nan nan
941864100000.0 -0.09993488 nan nan
948000300000.0 -0.10058595 nan nan
954135800000.0 -0.10123695 nan nan
960271940000.0 -0.101888016 nan nan
966408140000.0 -0.102539085 nan nan
972543600000.0 -0.10319008 nan nan
978679800000.0 -0.10384115 nan nan
984815960000.0 -0.10449222 nan nan
990951440000.0 -0.10514321 nan nan
997087640000.0 -0.10579427 nan nan
1003223450000.0 -0.106445305 nan nan
1009359260000.0 -0.10709634 nan nan
1015495460000.0 -0.107747406 nan nan
1021631270000.0 -0.10839844 nan nan
1027767100000.0 -0.10904947 nan nan
1033903300000.0 -0.10970054 nan nan
1040038700000.0 -0.11035153 nan nan
1046174900000.0 -0.1110026 nan nan
1052311100000.0 -0.11165367 nan nan
1058446600000.0 -0.11230466 nan nan
1064582700000.0 -0.11295573 nan nan
1070718900000.0 -0.113606796 nan nan
1076854400000.0 -0.11425779 nan nan
1082990500000.0 -0.11490886 nan nan
1089126400000.0 -0.11555989 nan nan
1095262200000.0 -0.11621092 nan nan
1101398400000.0 -0.11686199 nan nan
1107534200000.0 -0.11751302 nan nan
1113670000000.0 -0.118164055 nan nan
1119806200000.0 -0.118815124 nan nan
1125941600000.0 -0.11946611 nan nan
1132077800000.0 -0.12011717 nan nan
1138214000000.0 -0.12076825 nan nan
1144349500000.0 -0.12141925 nan nan
1150485700000.0 -0.12207031 nan nan
1156621800000.0 -0.12272138 nan nan
1162757300000.0 -0.123372376 nan nan
1168893500000.0 -0.12402345 nan nan
1175029300000.0 -0.12467448 nan nan
1181165200000.0 -0.1253255 nan nan
1187301300000.0 -0.12597658 nan nan
1193437200000.0 -0.12662761 nan nan
1199572900000.0 -0.12727864 nan nan
1205709200000.0 -0.12792972 nan nan
1211844500000.0 -0.12858069 nan nan
1217980800000.0 -0.12923177 nan nan
1224116900000.0 -0.12988284 nan nan
1230252400000.0 -0.13053383 nan nan
1236388500000.0 -0.13118489 nan nan
1242524800000.0 -0.13183598 nan nan
1248660300000.0 -0.13248697 nan nan
1254796400000.0 -0.13313803 1.1293028e-11 -21916382.0
1260932200000.0 -0.13378905 1.1293028e-11 -21916382.0
1267068000000.0 -0.1344401 1.1293028e-11 -21916382.0
1273204200000.0 -0.13509116 1.1293028e-11 -21916382.0
1279340000000.0 -0.13574219 1.1730822e-11 -22042440.0
1285475900000.0 -0.13639323 1.1730822e-11 -22042440.0
1291612000000.0 -0.1370443 1.1730822e-11 -22042440.0
1297747500000.0 -0.13769528 1.1730822e-11 -22042440.0
1303883700000.0 -0.13834634 1.0934446e-11 -22734818.0
1310019800000.0 -0.1389974 1.0934446e-11 -22734818.0
1316155300000.0 -0.13964841 1.0934446e-11 -22734818.0
1322291600000.0 -0.14029948 1.0934446e-11 -22734818.0
1328427700000.0 -0.14095055 nan nan
1334563200000.0 -0.14160155 nan nan
1340699300000.0 -0.14225261 nan nan
1346835600000.0 -0.14290369 nan nan
1352970900000.0 -0.14355466 nan nan
1359107200000.0 -0.14420575 nan nan
1365243300000.0 -0.14485681 nan nan
1371378800000.0 -0.1455078 nan nan
1377514300000.0 -0.1461588 nan nan
1383651200000.0 -0.14680995 nan nan
1389786600000.0 -0.14746092 nan nan
1395922000000.0 -0.14811192 nan nan
1402059000000.0 -0.14876308 nan nan
1408194400000.0 -0.14941406 nan nan
1414329900000.0 -0.15006506 nan nan
1420466800000.0 -0.1507162 nan nan
1426602300000.0 -0.1513672 nan nan
1432737700000.0 -0.15201817 nan nan
1438874600000.0 -0.15266933 nan nan
1445010100000.0 -0.15332033 nan nan
1451145600000.0 -0.15397131 nan nan
1457281700000.0 -0.15462239 nan nan
1463418000000.0 -0.15527347 nan nan
1469553400000.0 -0.15592445 nan nan
1475689600000.0 -0.15657552 nan nan
1481825700000.0 -0.15722659 nan nan
1487961200000.0 -0.15787758 nan nan
1494097300000.0 -0.15852864 nan nan
1500233600000.0 -0.15917972 nan nan
1506369100000.0 -0.1598307 nan nan
1512505200000.0 -0.16048178 nan nan
1518641300000.0 -0.16113284 nan nan
1524776800000.0 -0.16178384 nan nan
1530913000000.0 -0.1624349 nan nan
1537049200000.0 -0.16308598 nan nan
1543184700000.0 -0.16373697 nan nan
1549320200000.0 -0.16438797 nan nan
1555457000000.0 -0.1650391 nan nan
1561592500000.0 -0.1656901 nan nan
1567728000000.0 -0.1663411 nan nan
1573864900000.0 -0.16699223 nan nan
1580000300000.0 -0.16764323 nan nan
1586135800000.0 -0.16829422 nan nan
1592272600000.0 -0.16894537 nan nan
1598408100000.0 -0.16959636 nan nan
1604543600000.0 -0.17024736 nan nan
1610679700000.0 -0.17089842 nan nan
1616816000000.0 -0.1715495 nan nan
1622951500000.0 -0.17220049 nan nan
1629087600000.0 -0.17285155 nan nan
1635223700000.0 -0.17350262 nan nan
1641359200000.0 -0.17415361 nan nan
1647495500000.0 -0.17480469 nan nan
1653631600000.0 -0.17545575 nan nan
1659767100000.0 -0.17610675 nan nan
1665903200000.0 -0.17675781 nan nan
1672039400000.0 -0.17740889 nan nan
1678174800000.0 -0.17805988 nan nan
1684311100000.0 -0.17871095 nan nan
1690447200000.0 -0.17936201 nan nan
1696582700000.0 -0.180013 nan nan
1702718200000.0 -0.180664 nan nan
1708855000000.0 -0.18131514 nan nan
1714990500000.0 -0.18196614 nan nan
1721126000000.0 -0.18261713 nan nan
1727262900000.0 -0.18326828 nan nan
1733398400000.0 -0.18391927 nan nan
1739533800000.0 -0.18457027 nan nan
1745670800000.0 -0.1852214 nan nan
1751806100000.0 -0.1858724 nan nan
1757941600000.0 -0.1865234 nan nan
1764078500000.0 -0.18717454 nan nan
1770214000000.0 -0.18782553 nan nan
1776349500000.0 -0.18847652 nan nan
1782485600000.0 -0.1891276 nan nan
1788621800000.0 -0.18977866 nan nan
1794757200000.0 -0.19042966 nan nan
1800893500000.0 -0.19108072 nan nan
1807029600000.0 -0.1917318 nan nan
1813165100000.0 -0.19238278 nan nan
1819301200000.0 -0.19303386 nan nan
1825437500000.0 -0.19368492 nan nan
1831572900000.0 -0.19433591 nan nan
1837709100000.0 -0.19498698 nan nan
1843845300000.0 -0.19563805 nan nan
1849980700000.0 -0.19628905 nan nan
1856116900000.0 -0.19694011 nan nan
1862253200000.0 -0.19759119 nan nan
1868388600000.0 -0.19824217 nan nan
1874524000000.0 -0.19889317 nan nan
1880660900000.0 -0.19954431 nan nan
1886796400000.0 -0.20019531 nan nan
1892931900000.0 -0.2008463 nan nan
1899068800000.0 -0.20149745 nan nan
1905204300000.0 -0.20214844 nan nan
1911339600000.0 -0.20279942 nan nan
1917476500000.0 -0.20345058 nan nan
1923612000000.0 -0.20410156 nan nan
1929747500000.0 -0.20475256 nan nan
1935884400000.0 -0.2054037 nan nan
1942019900000.0 -0.2060547 nan nan
1948155400000.0 -0.20670569 nan nan
1954291500000.0 -0.20735677 nan nan
1960427700000.0 -0.20800783 nan nan
1966563100000.0 -0.20865881 nan nan
1972699300000.0 -0.20930989 nan nan
1978835500000.0 -0.20996095 nan nan
1984971000000.0 -0.21061195 nan nan
1991107100000.0 -0.21126302 nan nan
1997243300000.0 -0.21191409 nan nan
2003378800000.0 -0.21256508 nan nan
2009514900000.0 -0.21321616 nan nan
2015651200000.0 -0.21386722 nan nan
2021786600000.0 -0.2145182 nan nan
2027922800000.0 -0.21516928 nan nan
2034058900000.0 -0.21582034 nan nan
2040194400000.0 -0.21647134 nan nan
2046329900000.0 -0.21712233 nan nan
2052466800000.0 -0.21777348 nan nan
2058602300000.0 -0.21842447 nan nan
2064737800000.0 -0.21907547 nan nan
2070874600000.0 -0.2197266 nan nan
2077010000000.0 -0.22037761 nan nan
2083145500000.0 -0.2210286 nan nan
2089282400000.0 -0.22167975 nan nan
2095417900000.0 -0.22233073 nan nan
2101553400000.0 -0.22298172 nan nan
2107690200000.0 -0.22363287 nan nan
2113825700000.0 -0.22428386 nan nan
2119961100000.0 -0.22493486 nan nan
2126097400000.0 -0.22558592 nan nan
