morphology_data/1d_wb_a0.025_l8r1_00001.ecsv
# %ECSV 1.0
# ---
# datatype:
# - {name: b, datatype: float32}
# - {name: phase, datatype: float32}
# - {name: sigma, datatype: float32}
# - {name: vr, datatype: float32}
# meta: {lambda: 8, rp: 1.0, sep: 0.025, wind: b}
# schema: astropy-2.0
b phase sigma vr
[from data line 426]
-523854480000.0 0.22233073 8.578395e-11 14024.323
-522320480000.0 0.22167969 8.578395e-11 14024.323
-520786480000.0 0.22102864 1.01964555e-10 114723.734
-519252500000.0 0.22037761 1.01964555e-10 114723.734
-517718570000.0 0.21972658 1.01964555e-10 114723.734
-516184570000.0 0.21907552 1.01964555e-10 114723.734
-514650570000.0 0.21842447 1.2459705e-10 224480.8
-513116600000.0 0.21777344 1.2459705e-10 224480.8
-511582600000.0 0.21712239 1.2459705e-10 224480.8
-510048600000.0 0.21647134 1.2459705e-10 224480.8
-508514660000.0 0.21582031 1.5727701e-10 345210.2
-506980700000.0 0.21516928 1.5727701e-10 345210.2
-505446700000.0 0.21451823 1.5727701e-10 345210.2
-503912700000.0 0.21386719 1.5727701e-10 345210.2
-502378730000.0 0.21321616 2.0559227e-10 467762.38
-500844760000.0 0.2125651 2.0559227e-10 467762.38
-499310760000.0 0.21191405 2.0559227e-10 467762.38
-497776800000.0 0.21126302 2.0559227e-10 467762.38
-496242820000.0 0.21061198 2.771481e-10 579110.94
-494708820000.0 0.20996094 2.771481e-10 579110.94
-493174820000.0 0.20930989 2.771481e-10 579110.94
-491640880000.0 0.20865886 2.771481e-10 579110.94
-490106880000.0 0.20800781 3.8084919e-10 667942.25
-488572880000.0 0.20735677 3.8084919e-10 667942.25
-487038900000.0 0.20670573 3.8084919e-10 667942.25
-485504970000.0 0.2060547 3.8084919e-10 667942.25
-483970970000.0 0.20540364 5.250337e-10 728520.8
-482436970000.0 0.2047526 5.250337e-10 728520.8
-480903000000.0 0.20410156 5.250337e-10 728520.8
-479369070000.0 0.20345053 5.250337e-10 728520.8
-477835000000.0 0.20279947 7.126787e-10 759424.9
-476301070000.0 0.20214844 7.126787e-10 759424.9
-474767100000.0 0.2014974 7.126787e-10 759424.9
-473233100000.0 0.20084636 7.126787e-10 759424.9
-471699100000.0 0.20019531 9.369651e-10 770905.3
-470165130000.0 0.19954428 9.369651e-10 770905.3
-468631200000.0 0.19889325 9.369651e-10 770905.3
-467097160000.0 0.19824217 9.369651e-10 770905.3
-465563200000.0 0.19759114 1.1787e-09 761538.7
-464029220000.0 0.19694011 1.1787e-09 761538.7
-462495220000.0 0.19628906 1.1787e-09 761538.7
-460961220000.0 0.19563802 1.1787e-09 761538.7
-459427280000.0 0.19498698 1.4106861e-09 738720.56
-457893300000.0 0.19433595 1.4106861e-09 738720.56
-456359280000.0 0.19368488 1.4106861e-09 738720.56
-454825300000.0 0.19303386 1.4106861e-09 738720.56
-453291380000.0 0.19238283 1.6278905e-09 711159.9
-451757380000.0 0.19173177 1.6278905e-09 711159.9
-450223370000.0 0.19108072 1.6278905e-09 711159.9
-448689400000.0 0.19042969 1.6278905e-09 711159.9
-447155440000.0 0.18977866 1.8328309e-09 677467.0
-445621400000.0 0.1891276 1.8328309e-09 677467.0
-444087470000.0 0.18847656 1.8328309e-09 677467.0
-442553500000.0 0.18782553 1.8328309e-09 677467.0
-441019500000.0 0.18717448 2.028761e-09 638892.75
-439485500000.0 0.18652342 2.028761e-09 638892.75
-437951530000.0 0.1858724 2.028761e-09 638892.75
-436417600000.0 0.18522137 2.028761e-09 638892.75
-434883530000.0 0.1845703 2.2215072e-09 599643.7
-433349600000.0 0.18391927 2.2215072e-09 599643.7
-431815620000.0 0.18326823 2.2215072e-09 599643.7
-430281620000.0 0.18261719 2.2215072e-09 599643.7
-428747700000.0 0.18196616 2.4088376e-09 567185.44
-427213700000.0 0.18131511 2.4088376e-09 567185.44
-425679700000.0 0.18066408 2.4088376e-09 567185.44
-424145680000.0 0.180013 2.4088376e-09 567185.44
-422611700000.0 0.17936198 2.5855105e-09 541872.5
-421077780000.0 0.17871095 2.5855105e-09 541872.5
-419543700000.0 0.17805988 2.5855105e-09 541872.5
-418009840000.0 0.17740889 2.5855105e-09 541872.5
-416475800000.0 0.17675781 2.7618052e-09 520912.44
-414941770000.0 0.17610675 2.7618052e-09 520912.44
-413407900000.0 0.17545575 2.7618052e-09 520912.44
-411873870000.0 0.17480469 2.7618052e-09 520912.44
-410339800000.0 0.17415361 2.9445928e-09 502522.97
-408805930000.0 0.17350262 2.9445928e-09 502522.97
-407271900000.0 0.17285155 2.9445928e-09 502522.97
-405737930000.0 0.17220053 2.9445928e-09 502522.97
-404204000000.0 0.1715495 3.1266987e-09 486108.12
-402669930000.0 0.17089842 3.1266987e-09 486108.12
-401136000000.0 0.17024739 3.1266987e-09 486108.12
-399602020000.0 0.16959636 3.1266987e-09 486108.12
-398068000000.0 0.1689453 3.296709e-09 471969.12
-396534120000.0 0.1682943 3.296709e-09 471969.12
-395000100000.0 0.16764323 3.296709e-09 471969.12
-393466020000.0 0.16699216 3.296709e-09 471969.12
-391932180000.0 0.16634117 3.4573377e-09 460416.06
-390398100000.0 0.1656901 3.4573377e-09 460416.06
-388864080000.0 0.16503903 3.4573377e-09 460416.06
-387330200000.0 0.16438805 3.4573377e-09 460416.06
-385796180000.0 0.16373697 3.6275327e-09 449684.66
-384262200000.0 0.16308594 3.6275327e-09 449684.66
-382728240000.0 0.1624349 3.6275327e-09 449684.66
-381194200000.0 0.16178384 3.6275327e-09 449684.66
-379660270000.0 0.16113281 3.804562e-09 438900.0
-378126300000.0 0.16048178 3.804562e-09 438900.0
-376592270000.0 0.1598307 3.804562e-09 438900.0
-375058400000.0 0.15917972 3.804562e-09 438900.0
-373524330000.0 0.15852864 3.9764876e-09 426984.78
-371990300000.0 0.15787758 3.9764876e-09 426984.78
-370456430000.0 0.15722659 3.9764876e-09 426984.78
-368922400000.0 0.15657552 3.9764876e-09 426984.78
-367388360000.0 0.15592445 4.144828e-09 413013.12
-365854500000.0 0.15527347 4.144828e-09 413013.12
-364320420000.0 0.15462239 4.144828e-09 413013.12
-362786500000.0 0.15397136 4.144828e-09 413013.12
-361252520000.0 0.15332033 4.3243196e-09 396935.66
-359718500000.0 0.15266925 4.3243196e-09 396935.66
-358184520000.0 0.15201822 4.3243196e-09 396935.66
-356650580000.0 0.1513672 4.3243196e-09 396935.66
-355116500000.0 0.15071613 4.521943e-09 380487.03
-353582650000.0 0.15006512 4.521943e-09 380487.03
-352048600000.0 0.14941406 4.521943e-09 380487.03
-350514580000.0 0.148763 4.521943e-09 380487.03
-348980700000.0 0.148112 4.728771e-09 362787.5
-347446640000.0 0.14746092 4.728771e-09 362787.5
-345912600000.0 0.14680986 4.728771e-09 362787.5
-344378740000.0 0.14615887 4.728771e-09 362787.5
-342844700000.0 0.1455078 4.935255e-09 343364.7
-341310730000.0 0.14485677 4.935255e-09 343364.7
-339776800000.0 0.14420575 4.935255e-09 343364.7
-338242730000.0 0.14355466 4.935255e-09 343364.7
-336708800000.0 0.14290364 5.1491256e-09 322052.62
-335174830000.0 0.14225261 5.1491256e-09 322052.62
-333640800000.0 0.14160155 5.1491256e-09 322052.62
-332106920000.0 0.14095055 5.1491256e-09 322052.62
-330572900000.0 0.14029948 5.38798e-09 298361.88
-329038820000.0 0.13964841 5.38798e-09 298361.88
-327504950000.0 0.1389974 5.38798e-09 298361.88
-325970920000.0 0.13834634 5.38798e-09 298361.88
-324436900000.0 0.13769528 5.6507115e-09 270601.34
-322903000000.0 0.1370443 5.6507115e-09 270601.34
-321368980000.0 0.13639323 5.6507115e-09 270601.34
-319835000000.0 0.13574219 5.6507115e-09 270601.34
-318301040000.0 0.13509116 5.944657e-09 240374.0
-316767000000.0 0.1344401 5.944657e-09 240374.0
-315233040000.0 0.13378905 5.944657e-09 240374.0
-313699100000.0 0.13313803 5.944657e-09 240374.0
-312165070000.0 0.13248697 6.296369e-09 210860.08
-310631200000.0 0.13183598 6.296369e-09 210860.08
-309097140000.0 0.13118489 6.296369e-09 210860.08
-307563100000.0 0.13053383 6.296369e-09 210860.08
-306029230000.0 0.12988284 6.7171078e-09 184032.86
-304495200000.0 0.12923177 6.7171078e-09 184032.86
-302961130000.0 0.12858069 6.7171078e-09 184032.86
-301427300000.0 0.12792972 6.7171078e-09 184032.86
-299893230000.0 0.12727864 7.2100583e-09 158808.2
-298359300000.0 0.12662761 7.2100583e-09 158808.2
-296825320000.0 0.12597658 7.2100583e-09 158808.2
-295291300000.0 0.1253255 7.2100583e-09 158808.2
-293757320000.0 0.12467448 7.756236e-09 132831.12
-292223400000.0 0.12402345 7.756236e-09 132831.12
-290689320000.0 0.123372376 7.756236e-09 132831.12
-289155450000.0 0.12272138 7.756236e-09 132831.12
-287621400000.0 0.12207031 8.347261e-09 104430.85
-286087380000.0 0.12141925 8.347261e-09 104430.85
-284553500000.0 0.12076825 8.347261e-09 104430.85
-283019440000.0 0.12011717 8.347261e-09 104430.85
-281485400000.0 0.11946611 9.001233e-09 69780.2
-279951540000.0 0.118815124 9.001233e-09 69780.2
-278417500000.0 0.118164055 9.001233e-09 69780.2
-276883540000.0 0.11751302 9.001233e-09 69780.2
-275349600000.0 0.11686199 9.683222e-09 25655.99
-273815550000.0 0.11621092 9.683222e-09 25655.99
-272281600000.0 0.11555989 9.683222e-09 25655.99
-270747630000.0 0.11490886 9.683222e-09 25655.99
-269213600000.0 0.11425779 1.0329614e-08 -29742.219
-267679730000.0 0.113606796 1.0329614e-08 -29742.219
-266145680000.0 0.11295573 1.0329614e-08 -29742.219
-264611640000.0 0.11230466 1.0329614e-08 -29742.219
-263077770000.0 0.11165367 1.0925224e-08 -95776.99
-261543720000.0 0.1110026 1.0925224e-08 -95776.99
-260009670000.0 0.11035153 1.0925224e-08 -95776.99
-258475820000.0 0.10970054 1.0925224e-08 -95776.99
-256941770000.0 0.10904947 1.1500307e-08 -167378.34
-255407820000.0 0.10839844 1.1500307e-08 -167378.34
-253873860000.0 0.107747406 1.1500307e-08 -167378.34
-252339810000.0 0.10709634 1.1500307e-08 -167378.34
-250805860000.0 0.106445305 1.2116553e-08 -241475.33
-249271910000.0 0.10579427 1.2116553e-08 -241475.33
-247737860000.0 0.10514321 1.2116553e-08 -241475.33
-246203990000.0 0.10449222 1.2116553e-08 -241475.33
-244669960000.0 0.10384115 1.2615715e-08 -311511.12
-243135900000.0 0.10319008 1.2615715e-08 -311511.12
-241602040000.0 0.102539085 1.2615715e-08 -311511.12
-240067990000.0 0.101888016 1.2615715e-08 -311511.12
-238533950000.0 0.10123695 1.3059504e-08 -374605.22
-237000080000.0 0.10058595 1.3059504e-08 -374605.22
-235466030000.0 0.09993488 1.3059504e-08 -374605.22
-233932080000.0 0.09928385 1.3059504e-08 -374605.22
-232398130000.0 0.09863283 1.3387419e-08 -432936.56
-230864080000.0 0.09798176 1.3387419e-08 -432936.56
-229330120000.0 0.09733073 1.3387419e-08 -432936.56
-227796170000.0 0.096679695 1.3387419e-08 -432936.56
-226262120000.0 0.096028626 1.3624375e-08 -482776.72
-224728250000.0 0.09537763 1.3624375e-08 -482776.72
-223194220000.0 0.09472656 1.3624375e-08 -482776.72
-221660170000.0 0.09407549 1.3624375e-08 -482776.72
-220126300000.0 0.0934245 1.3893939e-08 -534427.1
-218592260000.0 0.09277343 1.3893939e-08 -534427.1
-217058210000.0 0.09212236 1.3893939e-08 -534427.1
-215524340000.0 0.091471374 1.3893939e-08 -534427.1
-213990310000.0 0.090820305 1.3929573e-08 -584227.3
-212456340000.0 0.09016927 1.3929573e-08 -584227.3
-210922390000.0 0.08951824 1.3929573e-08 -584227.3
-209388360000.0 0.08886717 1.3929573e-08 -584227.3
-207854390000.0 0.08821614 1.3955254e-08 -626992.7
-206320440000.0 0.08756511 1.3955254e-08 -626992.7
-204786400000.0 0.08691404 1.3955254e-08 -626992.7
-203252530000.0 0.086263046 1.3955254e-08 -626992.7
-201718480000.0 0.08561198 1.3880695e-08 -674159.1
-200184430000.0 0.08496091 1.3880695e-08 -674159.1
-198650580000.0 0.08430992 1.3880695e-08 -674159.1
-197116530000.0 0.08365885 1.3880695e-08 -674159.1
-195582570000.0 0.08300782 1.3665368e-08 -810663.06
-194048620000.0 0.08235679 1.3665368e-08 -810663.06
-192514570000.0 0.08170572 1.298034e-08 -823758.0
-190980620000.0 0.08105469 1.298034e-08 -823758.0
-189446670000.0 0.080403656 1.2446359e-08 -846778.06
-187912620000.0 0.07975259 1.2446359e-08 -846778.06
-186378750000.0 0.07910159 1.1852853e-08 -860900.75
-184844700000.0 0.07845052 1.1852853e-08 -860900.75
-183310660000.0 0.077799454 1.1288427e-08 -873745.2
-181776800000.0 0.07714847 1.1288427e-08 -873745.2
-180242740000.0 0.07649739 1.0758925e-08 -883661.6
-178708710000.0 0.07584633 1.0758925e-08 -883661.6
-177174840000.0 0.075195335 1.0266932e-08 -889349.4
-175640790000.0 0.07454426 1.0266932e-08 -889349.4
-174106840000.0 0.073893234 9.793178e-09 -894569.44
-172572880000.0 0.0732422 9.793178e-09 -894569.44
-171038830000.0 0.07259113 9.359838e-09 -897055.06
-169504880000.0 0.0719401 9.359838e-09 -897055.06
-167970930000.0 0.07128907 8.950715e-09 -900399.94
-166436880000.0 0.070638 8.950715e-09 -900399.94
-164903010000.0 0.06998701 8.5364045e-09 -901091.8
-163368980000.0 0.069335945 8.5364045e-09 -901091.8
-161834930000.0 0.068684876 8.152418e-09 -900064.4
-160301060000.0 0.068033874 8.152418e-09 -900064.4
-158767020000.0 0.06738281 7.799657e-09 -900401.06
-157232970000.0 0.06673174 7.799657e-09 -900401.06
-155699100000.0 0.06608075 7.495985e-09 -898408.94
-154165070000.0 0.06542969 7.495985e-09 -898408.94
-152631100000.0 0.06477865 7.2439073e-09 -897632.9
-151097150000.0 0.06412762 7.2439073e-09 -897632.9
-149563110000.0 0.063476555 7.0718036e-09 -901181.75
-148029150000.0 0.062825516 7.0718036e-09 -901181.75
-146495200000.0 0.062174488 6.3117316e-09 -866746.2
-144961160000.0 0.061523426 6.4732224e-09 -874167.2
-143427290000.0 0.060872428 6.5446297e-09 -881705.2
-141893240000.0 0.06022136 6.6528165e-09 -890052.4
-140359190000.0 0.059570286 6.7684245e-09 -898573.94
-138825330000.0 0.058919296 6.897472e-09 -907404.9
-137291284000.0 0.058268227 7.0364075e-09 -916472.25
-135757240000.0 0.057617158 7.180708e-09 -925505.6
-134223370000.0 0.056966167 7.3278223e-09 -934442.9
-132689330000.0 0.056315098 7.473713e-09 -943157.06
-131155370000.0 0.055664066 7.618652e-09 -951893.9
-129621420000.0 0.055013034 7.760346e-09 -960467.9
-128087376000.0 0.05436197 7.8988025e-09 -968949.75
-126553416000.0 0.053710938 8.033624e-09 -977117.1
-125019460000.0 0.053059906 8.166477e-09 -985029.7
-123485420000.0 0.052408837 8.299076e-09 -992489.0
-121951550000.0 0.051757842 8.433473e-09 -999322.5
-120417510000.0 0.051106777 8.569132e-09 -1005888.94
-118883460000.0 0.050455708 8.7080805e-09 -1011948.7
-117349600000.0 0.049804714 8.850485e-09 -1017584.25
-115815555000.0 0.049153645 8.996781e-09 -1022515.75
-114281505000.0 0.048502576 9.148036e-09 -1027290.25
-112747640000.0 0.047851585 9.30339e-09 -1031637.3
-111213590000.0 0.047200516 9.463994e-09 -1035416.6
-109679640000.0 0.046549484 9.629577e-09 -1039218.0
-108145690000.0 0.045898452 9.800734e-09 -1042832.8
-106611640000.0 0.045247383 9.97808e-09 -1045966.1
-105077690000.0 0.04459635 1.0162763e-08 -1048743.4
-103543734000.0 0.043945324 1.0355257e-08 -1051383.0
-102009680000.0 0.043294255 1.0555792e-08 -1053344.8
-100475820000.0 0.04264326 1.0762225e-08 -1054724.2
-98941770000.0 0.04199219 1.0975337e-08 -1055853.9
-97407730000.0 0.041341122 1.1193968e-08 -1056271.0
-95873870000.0 0.04069013 1.1417262e-08 -1055770.2
-94339820000.0 0.040039062 1.1646185e-08 -1055130.0
-92805775000.0 0.039387994 1.1884384e-08 -1053441.4
-91271905000.0 0.038736995 1.2134144e-08 -1050979.4
-89737860000.0 0.03808593 1.2393357e-08 -1048262.2
-88203910000.0 0.0374349 1.2662971e-08 -1045947.5
-86669950000.0 0.03678387 1.2948912e-08 -1043024.0
-85135910000.0 0.0361328 1.32431675e-08 -1040144.06
-83601960000.0 0.035481773 1.3555769e-08 -1037728.5
-82068000000.0 0.034830738 1.3882116e-08 -1035271.94
-80533955000.0 0.03417967 1.4218788e-08 -1033121.7
-79000084000.0 0.033528678 1.456182e-08 -1029384.25
-77466040000.0 0.03287761 1.4900247e-08 -1022658.4
-75932000000.0 0.03222654 1.5256862e-08 -1014159.9
-74398130000.0 0.031575546 1.56206e-08 -1006153.8
-72864090000.0 0.030924477 1.5814969e-08 -1020317.2
-71330050000.0 0.030273411 1.6213093e-08 -1008472.9
-69796176000.0 0.029622415 1.6677868e-08 -998591.0
-68262130000.0 0.028971346 1.7128276e-08 -987170.7
-66728178000.0 0.028320316 1.7621492e-08 -975756.1
-65194220000.0 0.027669284 1.8125213e-08 -964763.2
-63660175000.0 0.027018217 1.8656278e-08 -952484.06
-62126220000.0 0.026367186 1.922028e-08 -941300.1
-60592263000.0 0.025716154 1.984266e-08 -926929.94
-59058220000.0 0.025065087 2.0513042e-08 -911566.56
-57524355000.0 0.024414092 2.1226807e-08 -893518.25
-55990310000.0 0.023763025 2.1941306e-08 -874547.56
-54456267000.0 0.023111956 2.270187e-08 -856181.2
-52922400000.0 0.022460962 2.3485828e-08 -837693.7
-51388355000.0 0.021809895 2.4303862e-08 -820826.44
-49854310000.0 0.021158826 2.521653e-08 -801406.44
-48320442000.0 0.020507833 2.6100002e-08 -785206.75
-46786400000.0 0.019856764 2.7136657e-08 -767419.2
-45252444000.0 0.019205732 2.8167065e-08 -751082.5
-43718490000.0 0.018554702 2.9335563e-08 -735583.44
