morphology_data/1d_wb_a0.05_l4r0.5_00001.ecsv
# %ECSV 1.0
# ---
# datatype:
# - {name: b, datatype: float32}
# - {name: phase, datatype: float32}
# - {name: sigma, datatype: float32}
# - {name: vr, datatype: float32}
# meta: {lambda: 4, rp: 0.5, sep: 0.05, wind: b}
# schema: astropy-2.0
b phase sigma vr
[from data line 656]
-342077670000.0 0.07259113 1.039517e-09 -4831272.0
-339009770000.0 0.0719401 1.039517e-09 -4831272.0
-335941860000.0 0.07128907 9.774466e-10 -5104902.5
-332873760000.0 0.070638 9.774466e-10 -5104902.5
-329806020000.0 0.06998701 9.724704e-10 -5170459.5
-326737950000.0 0.069335945 9.724704e-10 -5170459.5
-323669850000.0 0.068684876 1.00645e-09 -5013421.0
-320602100000.0 0.068033874 1.00645e-09 -5013421.0
-317534040000.0 0.06738281 1.0558885e-09 -4805932.0
-314465940000.0 0.06673174 1.0558885e-09 -4805932.0
-311398200000.0 0.06608075 1.0976485e-09 -4655940.5
-308330140000.0 0.06542969 1.0976485e-09 -4655940.5
-305262200000.0 0.06477865 1.1332426e-09 -4405356.5
-302194300000.0 0.06412762 1.1332426e-09 -4405356.5
-299126230000.0 0.063476555 1.1875122e-09 -4083832.2
-296058300000.0 0.062825516 1.1875122e-09 -4083832.2
-292990400000.0 0.062174488 1.2323775e-09 -3733584.5
-289922320000.0 0.061523426 1.2323775e-09 -3733584.5
-286854580000.0 0.060872428 1.2562306e-09 -3462684.5
-283786480000.0 0.06022136 1.2562306e-09 -3462684.5
-280718380000.0 0.059570286 1.3140784e-09 -3227948.8
-277650670000.0 0.058919296 1.3140784e-09 -3227948.8
-274582570000.0 0.058268227 1.368517e-09 -2840492.5
-271514480000.0 0.057617158 1.368517e-09 -2840492.5
-268446740000.0 0.056966167 1.5061764e-09 -2182991.8
-265378660000.0 0.056315098 1.5061764e-09 -2182991.8
-262310740000.0 0.055664066 1.6705679e-09 -1586368.1
-259242840000.0 0.055013034 1.6705679e-09 -1586368.1
-256174750000.0 0.05436197 1.8939703e-09 -820038.1
-253106830000.0 0.053710938 1.8939703e-09 -820038.1
-250038930000.0 0.053059906 2.064872e-09 -347654.16
-246970840000.0 0.052408837 2.064872e-09 -347654.16
-243903100000.0 0.051757842 2.361464e-09 226124.16
-240835020000.0 0.051106777 2.361464e-09 226124.16
-237766920000.0 0.050455708 2.480267e-09 535054.8
-234699200000.0 0.049804714 2.480267e-09 535054.8
-231631110000.0 0.049153645 2.3345115e-09 635288.6
-228563010000.0 0.048502576 2.3345115e-09 635288.6
-225495290000.0 0.047851585 2.0706543e-09 551537.56
-222427190000.0 0.047200516 2.0706543e-09 551537.56
-219359280000.0 0.046549484 2.1073505e-09 843997.2
-216291380000.0 0.045898452 2.1073505e-09 843997.2
-213223280000.0 0.045247383 2.25047e-09 1011508.2
-210155370000.0 0.04459635 2.25047e-09 1011508.2
-207087470000.0 0.043945324 2.3430635e-09 1126427.1
-204019370000.0 0.043294255 2.3430635e-09 1126427.1
-200951640000.0 0.04264326 2.4531042e-09 1029384.4
-197883540000.0 0.04199219 2.4531042e-09 1029384.4
-194815460000.0 0.041341122 2.4639886e-09 1323227.6
-191747740000.0 0.04069013 2.420971e-09 1393953.5
-188679630000.0 0.040039062 2.4337956e-09 1351726.0
-185611550000.0 0.039387994 2.412496e-09 1366860.4
-182543810000.0 0.038736995 2.3758475e-09 1315219.1
-179475730000.0 0.03808593 2.3806248e-09 1265510.6
-176407820000.0 0.0374349 2.444688e-09 1046945.5
-173339900000.0 0.03678387 2.646986e-09 1245067.9
-170271820000.0 0.0361328 2.8323952e-09 1425930.1
-167203910000.0 0.035481773 2.9021074e-09 1610607.9
-164136000000.0 0.034830738 2.8159481e-09 1470093.0
-161067910000.0 0.03417967 2.7737026e-09 1374486.2
-158000170000.0 0.033528678 2.7309106e-09 1282678.0
-154932080000.0 0.03287761 2.7750666e-09 1283389.4
-151864000000.0 0.03222654 2.8189433e-09 1283324.8
-148796260000.0 0.031575546 2.8660119e-09 1332432.4
-145728180000.0 0.030924477 2.8568534e-09 1241199.6
-142660100000.0 0.030273411 2.8930505e-09 1284634.8
-139592350000.0 0.029622415 2.9254692e-09 1284686.5
-136524260000.0 0.028971346 2.9347784e-09 1273775.2
-133456355000.0 0.028320316 2.9289118e-09 1060852.2
-130388440000.0 0.027669284 2.991952e-09 1097182.0
-127320350000.0 0.027018217 3.1138379e-09 1093401.5
-124252440000.0 0.026367186 3.213279e-09 1202654.4
-121184530000.0 0.025716154 3.339526e-09 1182721.0
-118116440000.0 0.025065087 3.4135201e-09 1255069.5
-115048710000.0 0.024414092 3.5685197e-09 1299071.2
-111980620000.0 0.023763025 3.7744763e-09 1393011.8
-108912530000.0 0.023111956 4.240383e-09 1566732.9
-105844800000.0 0.022460962 4.3819557e-09 1526400.6
-102776710000.0 0.021809895 4.5824073e-09 1608923.2
-99708620000.0 0.021158826 4.3318504e-09 1412501.6
-96640885000.0 0.020507833 4.408371e-09 1460602.8
-93572800000.0 0.019856764 4.384727e-09 1336142.6
-90504890000.0 0.019205732 4.739034e-09 1444389.9
-87436980000.0 0.018554702 4.80327e-09 1386954.2
-84368880000.0 0.017903633 5.199927e-09 1470995.1
-81300970000.0 0.017252602 5.291424e-09 1449932.4
-78233070000.0 0.016601572 5.7331886e-09 1513902.4
-75164975000.0 0.015950503 5.800989e-09 1384956.9
-72097240000.0 0.015299509 6.112584e-09 1325381.5
-69029150000.0 0.014648439 6.230514e-09 1291850.8
-65961062000.0 0.013997372 6.295629e-09 1071516.6
-62893330000.0 0.013346379 6.5483237e-09 1065215.2
-59825242000.0 0.012695311 6.641958e-09 1167209.1
-56757154000.0 0.012044242 6.98597e-09 1149712.4
-53689420000.0 0.011393248 7.348474e-09 1203748.5
-50621334000.0 0.01074218 7.950211e-09 1234395.8
-47553420000.0 0.010091149 8.662905e-09 1462830.4
-44485510000.0 0.009440118 9.112721e-09 1404267.8
-41417420000.0 0.008789049 9.823973e-09 1561689.5
-38349510000.0 0.008138019 1.0346918e-08 1448943.1
-35281600000.0 0.0074869874 1.0843422e-08 1180359.5
-32213510000.0 0.006835919 1.1925049e-08 1120236.1
-29145778000.0 0.006184926 1.2926943e-08 922122.75
-26077688000.0 0.0055338573 1.4582516e-08 844019.2
-23009600000.0 0.0048827888 1.6665165e-08 726122.4
-19941868000.0 0.0042317957 1.971505e-08 633193.25
-16873777000.0 0.0035807267 2.4382654e-08 587962.7
-13805688000.0 0.0029296577 3.164364e-08 510304.88
-10737956000.0 0.0022786648 4.4707335e-08 442273.8
-7669866000.0 0.0016275961 7.212544e-08 289618.75
-4601955300.0 0.0009765653 1.6415622e-07 144375.94
4601955300.0 -0.0009765653 1.9121254e-07 17929.863
7669866000.0 -0.0016275961 7.74379e-08 33938.2
10737956000.0 -0.0022786648 4.6495643e-08 64783.582
13805688000.0 -0.0029296577 3.230255e-08 7223.4937
16873777000.0 -0.0035807267 2.484574e-08 33269.324
19941868000.0 -0.0042317957 1.9854044e-08 -39593.836
23009600000.0 -0.0048827888 1.6660183e-08 -41818.72
26077688000.0 -0.0055338573 1.4248444e-08 -54471.0
29145778000.0 -0.006184926 1.2553768e-08 -19561.846
32213510000.0 -0.006835919 1.1248792e-08 50471.51
35281600000.0 -0.0074869874 1.0360525e-08 124380.64
38349510000.0 -0.008138019 9.604349e-09 281204.2
41417420000.0 -0.008789049 8.6200185e-09 193660.44
44485510000.0 -0.009440118 7.966381e-09 193902.22
47553420000.0 -0.010091149 7.468598e-09 211465.61
50621334000.0 -0.01074218 6.943863e-09 77610.32
53689420000.0 -0.011393248 6.6400676e-09 119691.125
56757154000.0 -0.012044242 6.0632495e-09 -208349.62
59825242000.0 -0.012695311 5.698099e-09 -347399.34
62893330000.0 -0.013346379 5.0917772e-09 -896832.25
65961062000.0 -0.013997372 4.8739306e-09 -964687.25
69029150000.0 -0.014648439 4.4858877e-09 -1361185.1
72097240000.0 -0.015299509 4.3251234e-09 -1418764.9
75164975000.0 -0.015950503 4.0264885e-09 -1664494.9
78233070000.0 -0.016601572 3.8870995e-09 -1763792.6
81300970000.0 -0.017252602 3.662308e-09 -1916109.4
84368880000.0 -0.017903633 3.5585273e-09 -2045306.9
87436980000.0 -0.018554702 3.4031298e-09 -2145697.5
90504890000.0 -0.019205732 3.3069876e-09 -2301790.2
93572800000.0 -0.019856764 3.1784029e-09 -2419363.8
96640885000.0 -0.020507833 3.1505403e-09 -2504104.5
99708620000.0 -0.021158826 3.2208574e-09 -2460240.0
102776710000.0 -0.021809895 3.3889442e-09 -2461010.8
105844800000.0 -0.022460962 3.4777128e-09 -2503238.2
108912530000.0 -0.023111956 3.4613281e-09 -2592234.5
111980620000.0 -0.023763025 3.5592471e-09 -2432487.5
115048710000.0 -0.024414092 3.7618486e-09 -2065825.9
118116440000.0 -0.025065087 3.7777093e-09 -1955929.8
121184530000.0 -0.025716154 3.4639553e-09 -2002250.0
124252440000.0 -0.026367186 2.9897271e-09 -2298533.5
127320350000.0 -0.027018217 2.757659e-09 -2452075.0
130388440000.0 -0.027669284 2.8977878e-09 -2367542.2
133456355000.0 -0.028320316 3.0854324e-09 -2434478.8
136524260000.0 -0.028971346 3.135801e-09 -2701165.2
139592350000.0 -0.029622415 3.3078815e-09 -2784425.8
142660100000.0 -0.030273411 3.9727728e-09 -2539353.0
145728180000.0 -0.030924477 4.417342e-09 -2634267.0
148796260000.0 -0.031575546 4.0980574e-09 -3312757.5
151864000000.0 -0.03222654 4.3587915e-09 -3826154.0
154932080000.0 -0.03287761 4.2850545e-09 -3940446.2
158000170000.0 -0.033528678 3.7908454e-09 -3918409.2
161067910000.0 -0.03417967 3.3620489e-09 -3845584.2
164136000000.0 -0.034830738 2.937302e-09 -3904701.8
167203910000.0 -0.035481773 2.4226394e-09 -4007485.0
170271820000.0 -0.0361328 1.958673e-09 -4068258.8
173339900000.0 -0.03678387 1.6500837e-09 -4073842.2
176407820000.0 -0.0374349 1.5008408e-09 -4027688.8
179475730000.0 -0.03808593 1.4701502e-09 -3848997.0
182543810000.0 -0.038736995 1.4817945e-09 -3676822.0
185611550000.0 -0.039387994 1.3728809e-09 -3689780.5
188679630000.0 -0.040039062 1.1473653e-09 -3788375.5
191747740000.0 -0.04069013 9.346257e-10 -3762425.0
194815460000.0 -0.041341122 8.0149337e-10 -3842977.2
197883540000.0 -0.04199219 7.370957e-10 -4005813.2
200951640000.0 -0.04264326 7.370957e-10 -4005813.2
204019370000.0 -0.043294255 7.06907e-10 -3847326.8
207087470000.0 -0.043945324 7.06907e-10 -3847326.8
210155370000.0 -0.04459635 7.728365e-10 -3621244.0
213223280000.0 -0.045247383 7.728365e-10 -3621244.0
216291380000.0 -0.045898452 8.2216045e-10 -3457478.8
219359280000.0 -0.046549484 8.2216045e-10 -3457478.8
222427190000.0 -0.047200516 8.7843594e-10 -3024018.5
225495290000.0 -0.047851585 8.7843594e-10 -3024018.5
228563010000.0 -0.048502576 8.669625e-10 -2780414.5
231631110000.0 -0.049153645 8.669625e-10 -2780414.5
234699200000.0 -0.049804714 8.8908336e-10 -2136726.0
237766920000.0 -0.050455708 8.8908336e-10 -2136726.0
240835020000.0 -0.051106777 8.4995183e-10 -1949469.6
243903100000.0 -0.051757842 8.4995183e-10 -1949469.6
246970840000.0 -0.052408837 8.6646446e-10 -1434860.1
250038930000.0 -0.053059906 8.6646446e-10 -1434860.1
253106830000.0 -0.053710938 8.71555e-10 -1252152.9
256174750000.0 -0.05436197 8.71555e-10 -1252152.9
259242840000.0 -0.055013034 8.889607e-10 -751034.6
262310740000.0 -0.055664066 8.889607e-10 -751034.6
265378660000.0 -0.056315098 9.133053e-10 -645712.4
268446740000.0 -0.056966167 9.133053e-10 -645712.4
271514480000.0 -0.057617158 9.2673696e-10 -469369.78
274582570000.0 -0.058268227 9.2673696e-10 -469369.78
277650670000.0 -0.058919296 9.597727e-10 -534337.0
280718380000.0 -0.059570286 9.597727e-10 -534337.0
283786480000.0 -0.06022136 9.453792e-10 -919755.56
286854580000.0 -0.060872428 9.453792e-10 -919755.56
289922320000.0 -0.061523426 9.484804e-10 -1073397.5
292990400000.0 -0.062174488 9.484804e-10 -1073397.5
296058300000.0 -0.062825516 9.137982e-10 -1620818.1
299126230000.0 -0.063476555 9.137982e-10 -1620818.1
302194300000.0 -0.06412762 9.506994e-10 -1838006.8
305262200000.0 -0.06477865 9.506994e-10 -1838006.8
308330140000.0 -0.06542969 1.0066639e-09 -2394122.8
311398200000.0 -0.06608075 1.0066639e-09 -2394122.8
314465940000.0 -0.06673174 1.1205227e-09 -2635148.8
317534040000.0 -0.06738281 1.1205227e-09 -2635148.8
320602100000.0 -0.068033874 1.2704306e-09 -2613952.0
323669850000.0 -0.068684876 1.2704306e-09 -2613952.0
326737950000.0 -0.069335945 1.3445016e-09 -2519172.0
329806020000.0 -0.06998701 1.3445016e-09 -2519172.0
332873760000.0 -0.070638 1.4122272e-09 -2413597.0
335941860000.0 -0.07128907 1.4122272e-09 -2413597.0
339009770000.0 -0.0719401 1.513111e-09 -2259009.5
342077670000.0 -0.07259113 1.513111e-09 -2259009.5
345145770000.0 -0.0732422 1.5926619e-09 -2169845.8
348213670000.0 -0.073893234 1.5926619e-09 -2169845.8
351281580000.0 -0.07454426 1.675497e-09 -2113324.0
354349680000.0 -0.075195335 1.675497e-09 -2113324.0
357417420000.0 -0.07584633 1.7419524e-09 -2051916.9
360485500000.0 -0.07649739 1.7419524e-09 -2051916.9
363553600000.0 -0.07714847 1.788185e-09 -2004480.0
366621330000.0 -0.077799454 1.788185e-09 -2004480.0
369689400000.0 -0.07845052 1.8222067e-09 -1907445.4
372757500000.0 -0.07910159 1.8222067e-09 -1907445.4
375825240000.0 -0.07975259 1.8673525e-09 -1814342.5
378893340000.0 -0.080403656 1.8673525e-09 -1814342.5
381961240000.0 -0.08105469 1.9020259e-09 -1650943.6
385029140000.0 -0.08170572 1.9020259e-09 -1650943.6
388097250000.0 -0.08235679 1.86327e-09 -1507936.9
391165150000.0 -0.08300782 1.86327e-09 -1507936.9
394233050000.0 -0.08365885 1.5822885e-09 -1602172.2
397301150000.0 -0.08430992 1.5822885e-09 -1602172.2
400368860000.0 -0.08496091 1.5822885e-09 -1602172.2
403436960000.0 -0.08561198 1.5822885e-09 -1602172.2
406505060000.0 -0.086263046 1.3641618e-09 -1854423.2
409572800000.0 -0.08691404 1.3641618e-09 -1854423.2
412640870000.0 -0.08756511 1.3641618e-09 -1854423.2
415708770000.0 -0.08821614 1.3641618e-09 -1854423.2
418776700000.0 -0.08886717 1.0160927e-09 -2908736.0
421844780000.0 -0.08951824 1.0160927e-09 -2908736.0
424912680000.0 -0.09016927 1.0160927e-09 -2908736.0
427980620000.0 -0.090820305 1.0160927e-09 -2908736.0
431048700000.0 -0.091471374 6.224368e-10 -5053378.5
434116430000.0 -0.09212236 6.224368e-10 -5053378.5
437184530000.0 -0.09277343 6.224368e-10 -5053378.5
440252600000.0 -0.0934245 6.224368e-10 -5053378.5
443320340000.0 -0.09407549 4.950362e-10 -6338655.5
446388440000.0 -0.09472656 4.950362e-10 -6338655.5
449456500000.0 -0.09537763 4.950362e-10 -6338655.5
452524240000.0 -0.096028626 4.950362e-10 -6338655.5
455592350000.0 -0.096679695 4.7980825e-10 -6396486.0
458660250000.0 -0.09733073 4.7980825e-10 -6396486.0
461728150000.0 -0.09798176 4.7980825e-10 -6396486.0
464796250000.0 -0.09863283 4.7980825e-10 -6396486.0
467864160000.0 -0.09928385 4.7634585e-10 -5918417.0
470932060000.0 -0.09993488 4.7634585e-10 -5918417.0
474000160000.0 -0.10058595 4.7634585e-10 -5918417.0
477067900000.0 -0.10123695 4.7634585e-10 -5918417.0
480135970000.0 -0.101888016 4.7713405e-10 -5514098.5
483204070000.0 -0.102539085 4.7713405e-10 -5514098.5
486271800000.0 -0.10319008 4.7713405e-10 -5514098.5
489339900000.0 -0.10384115 4.7713405e-10 -5514098.5
492407980000.0 -0.10449222 5.1630017e-10 -5059578.0
495475720000.0 -0.10514321 5.1630017e-10 -5059578.0
498543820000.0 -0.10579427 5.1630017e-10 -5059578.0
501611720000.0 -0.106445305 5.1630017e-10 -5059578.0
504679630000.0 -0.10709634 6.010892e-10 -4390116.0
507747730000.0 -0.107747406 6.010892e-10 -4390116.0
510815630000.0 -0.10839844 6.010892e-10 -4390116.0
513883540000.0 -0.10904947 6.010892e-10 -4390116.0
516951640000.0 -0.10970054 6.7938466e-10 -3334189.5
520019350000.0 -0.11035153 6.7938466e-10 -3334189.5
523087450000.0 -0.1110026 6.7938466e-10 -3334189.5
526155550000.0 -0.11165367 6.7938466e-10 -3334189.5
529223300000.0 -0.11230466 7.102746e-10 -2188072.5
532291350000.0 -0.11295573 7.102746e-10 -2188072.5
535359460000.0 -0.113606796 7.102746e-10 -2188072.5
538427200000.0 -0.11425779 7.102746e-10 -2188072.5
541495260000.0 -0.11490886 6.893592e-10 -1425598.2
544563200000.0 -0.11555989 6.893592e-10 -1425598.2
547631100000.0 -0.11621092 6.893592e-10 -1425598.2
550699200000.0 -0.11686199 6.893592e-10 -1425598.2
553767100000.0 -0.11751302 6.41439e-10 -1130302.6
556835000000.0 -0.118164055 6.41439e-10 -1130302.6
559903100000.0 -0.118815124 6.41439e-10 -1130302.6
562970800000.0 -0.11946611 6.41439e-10 -1130302.6
566038900000.0 -0.12011717 5.9728367e-10 -1168834.0
569107000000.0 -0.12076825 5.9728367e-10 -1168834.0
572174760000.0 -0.12141925 5.9728367e-10 -1168834.0
575242800000.0 -0.12207031 5.9728367e-10 -1168834.0
578310900000.0 -0.12272138 5.57273e-10 -1330610.8
581378640000.0 -0.123372376 5.57273e-10 -1330610.8
584446800000.0 -0.12402345 5.57273e-10 -1330610.8
587514640000.0 -0.12467448 5.57273e-10 -1330610.8
590582600000.0 -0.1253255 5.033642e-10 -1339528.1
593650650000.0 -0.12597658 5.033642e-10 -1339528.1
596718600000.0 -0.12662761 5.033642e-10 -1339528.1
599786460000.0 -0.12727864 5.033642e-10 -1339528.1
602854600000.0 -0.12792972 4.518122e-10 -1226372.5
605922260000.0 -0.12858069 4.518122e-10 -1226372.5
608990400000.0 -0.12923177 4.518122e-10 -1226372.5
612058460000.0 -0.12988284 4.518122e-10 -1226372.5
