morphology_data/1d_wa_a0.1_l2r1_00001.ecsv
# %ECSV 1.0
# ---
# datatype:
# - {name: b, datatype: float32}
# - {name: phase, datatype: float32}
# - {name: sigma, datatype: float32}
# - {name: vr, datatype: float32}
# meta: {lambda: 2, rp: 1.0, sep: 0.1, wind: a}
# schema: astropy-2.0
b phase sigma vr
[from data line 389]
-2322447000000.0 0.24641925 2.7479113e-10 -5826736.5
-2316311000000.0 0.2457682 2.7479113e-10 -5826736.5
-2310175200000.0 0.24511719 2.7479113e-10 -5826736.5
-2304039200000.0 0.24446614 3.0358457e-10 -5387743.5
-2297903200000.0 0.2438151 3.0358457e-10 -5387743.5
-2291767400000.0 0.24316406 3.0358457e-10 -5387743.5
-2285631700000.0 0.24251305 3.0358457e-10 -5387743.5
-2279495700000.0 0.241862 3.2679948e-10 -5380415.0
-2273359700000.0 0.24121095 3.2679948e-10 -5380415.0
-2267223700000.0 0.2405599 3.2679948e-10 -5380415.0
-2261087700000.0 0.23990884 3.2679948e-10 -5380415.0
-2254951700000.0 0.2392578 3.056207e-10 -5333487.0
-2248816000000.0 0.23860677 3.056207e-10 -5333487.0
-2242680200000.0 0.23795573 3.056207e-10 -5333487.0
-2236544200000.0 0.23730469 3.056207e-10 -5333487.0
-2230408200000.0 0.23665364 3.2351255e-10 -5230349.5
-2224272200000.0 0.2360026 3.2351255e-10 -5230349.5
-2218136200000.0 0.23535155 3.2351255e-10 -5230349.5
-2212000200000.0 0.23470049 3.2351255e-10 -5230349.5
-2205864400000.0 0.23404948 2.3695637e-10 -6062934.5
-2199728700000.0 0.23339845 2.3695637e-10 -6062934.5
-2193592700000.0 0.23274739 2.3695637e-10 -6062934.5
-2187456700000.0 0.23209634 2.3695637e-10 -6062934.5
-2181320800000.0 0.23144531 2.246136e-10 -6363068.5
-2175184800000.0 0.23079427 2.246136e-10 -6363068.5
-2169048800000.0 0.23014322 2.246136e-10 -6363068.5
-2162913000000.0 0.22949219 2.246136e-10 -6363068.5
-2156777200000.0 0.22884116 1.4960719e-10 -7862100.0
-2150641200000.0 0.22819011 1.4960719e-10 -7862100.0
-2144505200000.0 0.22753906 1.4960719e-10 -7862100.0
-2138369300000.0 0.22688803 1.4960719e-10 -7862100.0
-2132233400000.0 0.22623697 1.4209643e-10 -8016647.0
-2126097400000.0 0.22558592 1.4209643e-10 -8016647.0
-2119961500000.0 0.22493489 1.4209643e-10 -8016647.0
-2113825700000.0 0.22428386 1.4209643e-10 -8016647.0
-2107689700000.0 0.22363281 1.3107962e-10 -8132560.0
-2101553700000.0 0.22298177 1.3107962e-10 -8132560.0
-2095417900000.0 0.22233073 1.3107962e-10 -8132560.0
-2089281900000.0 0.22167969 1.3107962e-10 -8132560.0
-2083145900000.0 0.22102864 1.3666261e-10 -8150547.0
-2077010000000.0 0.22037761 1.3666261e-10 -8150547.0
-2070874300000.0 0.21972658 1.3666261e-10 -8150547.0
-2064738300000.0 0.21907552 1.3666261e-10 -8150547.0
-2058602300000.0 0.21842447 1.5442006e-10 -7862709.0
-2052466400000.0 0.21777344 1.5442006e-10 -7862709.0
-2046330400000.0 0.21712239 1.5442006e-10 -7862709.0
-2040194400000.0 0.21647134 1.5442006e-10 -7862709.0
-2034058700000.0 0.21582031 1.6285398e-10 -7821373.5
-2027922800000.0 0.21516928 1.6285398e-10 -7821373.5
-2021786800000.0 0.21451823 1.6285398e-10 -7821373.5
-2015650800000.0 0.21386719 1.6285398e-10 -7821373.5
-2009514900000.0 0.21321616 1.7786363e-10 -7860159.5
-2003379000000.0 0.2125651 1.7786363e-10 -7860159.5
-1997243000000.0 0.21191405 1.7786363e-10 -7860159.5
-1991107100000.0 0.21126302 1.7786363e-10 -7860159.5
-1984971300000.0 0.21061198 1.8355839e-10 -7987203.5
-1978835300000.0 0.20996094 1.8355839e-10 -7987203.5
-1972699300000.0 0.20930989 1.8355839e-10 -7987203.5
-1966563500000.0 0.20865886 1.8355839e-10 -7987203.5
-1960427500000.0 0.20800781 1.7995098e-10 -8535122.0
-1954291500000.0 0.20735677 1.7995098e-10 -8535122.0
-1948155600000.0 0.20670573 1.7995098e-10 -8535122.0
-1942019900000.0 0.2060547 1.7995098e-10 -8535122.0
-1935883900000.0 0.20540364 1.8439338e-10 -8803056.0
-1929747900000.0 0.2047526 1.8439338e-10 -8803056.0
-1923612000000.0 0.20410156 1.8439338e-10 -8803056.0
-1917476300000.0 0.20345053 1.8439338e-10 -8803056.0
-1911340000000.0 0.20279947 1.6545354e-10 -9382813.0
-1905204300000.0 0.20214844 1.6545354e-10 -9382813.0
-1899068400000.0 0.2014974 1.6545354e-10 -9382813.0
-1892932400000.0 0.20084636 1.6545354e-10 -9382813.0
-1886796400000.0 0.20019531 1.2617803e-10 -10646488.0
-1880660500000.0 0.19954428 1.2617803e-10 -10646488.0
-1874524800000.0 0.19889325 1.2617803e-10 -10646488.0
-1868388600000.0 0.19824217 1.2617803e-10 -10646488.0
-1862252800000.0 0.19759114 1.0209013e-10 -8862277.0
-1856116900000.0 0.19694011 1.0209013e-10 -8862277.0
-1849980900000.0 0.19628906 1.0209013e-10 -8862277.0
-1843844900000.0 0.19563802 1.0209013e-10 -8862277.0
-1837709100000.0 0.19498698 1.0791391e-10 -8465645.0
-1831573300000.0 0.19433595 1.0791391e-10 -8465645.0
-1825437100000.0 0.19368488 1.0791391e-10 -8465645.0
-1819301200000.0 0.19303386 1.0791391e-10 -8465645.0
-1813165500000.0 0.19238283 1.0895654e-10 -7671797.5
-1807029500000.0 0.19173177 1.0895654e-10 -7671797.5
-1800893500000.0 0.19108072 1.0895654e-10 -7671797.5
-1794757600000.0 0.19042969 1.0895654e-10 -7671797.5
-1788621800000.0 0.18977866 1.15416024e-10 -7451184.5
-1782485600000.0 0.1891276 1.15416024e-10 -7451184.5
-1776349900000.0 0.18847656 1.15416024e-10 -7451184.5
-1770214000000.0 0.18782553 1.15416024e-10 -7451184.5
-1764078000000.0 0.18717448 1.1184761e-10 -7375615.5
-1757942000000.0 0.18652342 1.1184761e-10 -7375615.5
-1751806100000.0 0.1858724 1.1184761e-10 -7375615.5
-1745670400000.0 0.18522137 1.1184761e-10 -7375615.5
-1739534100000.0 0.1845703 1.1972504e-10 -7482529.0
-1733398400000.0 0.18391927 1.1972504e-10 -7482529.0
-1727262500000.0 0.18326823 1.1972504e-10 -7482529.0
-1721126500000.0 0.18261719 1.1972504e-10 -7482529.0
-1714990700000.0 0.18196616 1.3228268e-10 -7649587.0
-1708854700000.0 0.18131511 1.3228268e-10 -7649587.0
-1702718900000.0 0.18066408 1.3228268e-10 -7649587.0
-1696582700000.0 0.180013 1.3228268e-10 -7649587.0
-1690446900000.0 0.17936198 1.4398767e-10 -7758785.0
-1684311100000.0 0.17871095 1.4398767e-10 -7758785.0
-1678174800000.0 0.17805988 1.4398767e-10 -7758785.0
-1672039400000.0 0.17740889 1.4398767e-10 -7758785.0
-1665903200000.0 0.17675781 1.5698917e-10 -7636102.5
-1659767100000.0 0.17610675 1.5698917e-10 -7636102.5
-1653631600000.0 0.17545575 1.5698917e-10 -7636102.5
-1647495500000.0 0.17480469 1.5698917e-10 -7636102.5
-1641359200000.0 0.17415361 1.6223115e-10 -7337238.0
-1635223700000.0 0.17350262 1.6223115e-10 -7337238.0
-1629087600000.0 0.17285155 1.6223115e-10 -7337238.0
-1622951700000.0 0.17220053 1.6223115e-10 -7337238.0
-1616816000000.0 0.1715495 1.6770639e-10 -6838075.5
-1610679700000.0 0.17089842 1.6770639e-10 -6838075.5
-1604544000000.0 0.17024739 1.6770639e-10 -6838075.5
-1598408100000.0 0.16959636 1.6770639e-10 -6838075.5
-1592272000000.0 0.1689453 1.7133202e-10 -6250327.5
-1586136500000.0 0.1682943 1.7133202e-10 -6250327.5
-1580000300000.0 0.16764323 1.7133202e-10 -6250327.5
-1573864100000.0 0.16699216 1.7133202e-10 -6250327.5
-1567728700000.0 0.16634117 1.8277342e-10 -5762107.0
-1561592500000.0 0.1656901 1.8277342e-10 -5762107.0
-1555456300000.0 0.16503903 1.8277342e-10 -5762107.0
-1549320800000.0 0.16438805 1.8277342e-10 -5762107.0
-1543184700000.0 0.16373697 2.0096824e-10 -5431363.0
-1537048800000.0 0.16308594 2.0096824e-10 -5431363.0
-1530913000000.0 0.1624349 2.0096824e-10 -5431363.0
-1524776800000.0 0.16178384 2.0096824e-10 -5431363.0
-1518641100000.0 0.16113281 2.3702248e-10 -5244144.5
-1512505200000.0 0.16048178 2.3702248e-10 -5244144.5
-1506369100000.0 0.1598307 2.3702248e-10 -5244144.5
-1500233600000.0 0.15917972 2.3702248e-10 -5244144.5
-1494097300000.0 0.15852864 3.0338407e-10 -4794112.0
-1487961200000.0 0.15787758 3.0338407e-10 -4794112.0
-1481825700000.0 0.15722659 3.0338407e-10 -4794112.0
-1475689600000.0 0.15657552 3.0338407e-10 -4794112.0
-1469553400000.0 0.15592445 3.8246203e-10 -4085462.0
-1463418000000.0 0.15527347 3.8246203e-10 -4085462.0
-1457281700000.0 0.15462239 3.8246203e-10 -4085462.0
-1451146000000.0 0.15397136 3.8246203e-10 -4085462.0
-1445010100000.0 0.15332033 4.7165005e-10 -3152122.8
-1438874000000.0 0.15266925 4.7165005e-10 -3152122.8
-1432738100000.0 0.15201822 4.7165005e-10 -3152122.8
-1426602300000.0 0.1513672 4.7165005e-10 -3152122.8
-1420466000000.0 0.15071613 5.7445293e-10 -2121158.2
-1414330600000.0 0.15006512 5.7445293e-10 -2121158.2
-1408194400000.0 0.14941406 5.7445293e-10 -2121158.2
-1402058300000.0 0.148763 5.7445293e-10 -2121158.2
-1395922800000.0 0.148112 6.659925e-10 -1337626.0
-1389786600000.0 0.14746092 6.659925e-10 -1337626.0
-1383650400000.0 0.14680986 6.659925e-10 -1337626.0
-1377515000000.0 0.14615887 6.659925e-10 -1337626.0
-1371378800000.0 0.1455078 7.38569e-10 -726777.4
-1365243000000.0 0.14485677 7.38569e-10 -726777.4
-1359107200000.0 0.14420575 7.38569e-10 -726777.4
-1352970900000.0 0.14355466 7.38569e-10 -726777.4
-1346835200000.0 0.14290364 8.190607e-10 -153495.52
-1340699300000.0 0.14225261 8.190607e-10 -153495.52
-1334563200000.0 0.14160155 8.190607e-10 -153495.52
-1328427700000.0 0.14095055 8.190607e-10 -153495.52
-1322291600000.0 0.14029948 8.410851e-10 215339.58
-1316155300000.0 0.13964841 8.410851e-10 215339.58
-1310019800000.0 0.1389974 8.410851e-10 215339.58
-1303883700000.0 0.13834634 8.410851e-10 215339.58
-1297747500000.0 0.13769528 7.684675e-10 -158376.78
-1291612000000.0 0.1370443 7.684675e-10 -158376.78
-1285475900000.0 0.13639323 7.684675e-10 -158376.78
-1279340000000.0 0.13574219 7.684675e-10 -158376.78
-1273204200000.0 0.13509116 6.051012e-10 -1356804.0
-1267068000000.0 0.1344401 6.051012e-10 -1356804.0
-1260932200000.0 0.13378905 6.051012e-10 -1356804.0
-1254796400000.0 0.13313803 6.051012e-10 -1356804.0
-1248660300000.0 0.13248697 5.1412075e-10 -1816341.4
-1242524800000.0 0.13183598 5.1412075e-10 -1816341.4
-1236388500000.0 0.13118489 5.1412075e-10 -1816341.4
-1230252400000.0 0.13053383 5.1412075e-10 -1816341.4
-1224116900000.0 0.12988284 5.1289367e-10 -1761024.8
-1217980800000.0 0.12923177 5.1289367e-10 -1761024.8
-1211844500000.0 0.12858069 5.1289367e-10 -1761024.8
-1205709200000.0 0.12792972 5.1289367e-10 -1761024.8
-1199572900000.0 0.12727864 5.6379745e-10 -1515598.2
-1193437200000.0 0.12662761 5.6379745e-10 -1515598.2
-1187301300000.0 0.12597658 5.6379745e-10 -1515598.2
-1181165200000.0 0.1253255 5.6379745e-10 -1515598.2
-1175029300000.0 0.12467448 6.159224e-10 -1087234.9
-1168893500000.0 0.12402345 6.159224e-10 -1087234.9
-1162757300000.0 0.123372376 6.159224e-10 -1087234.9
-1156621800000.0 0.12272138 6.159224e-10 -1087234.9
-1150485700000.0 0.12207031 7.2977396e-10 -301589.0
-1144349500000.0 0.12141925 7.2977396e-10 -301589.0
-1138214000000.0 0.12076825 7.2977396e-10 -301589.0
-1132077800000.0 0.12011717 7.2977396e-10 -301589.0
-1125941600000.0 0.11946611 8.744494e-10 976906.6
-1119806200000.0 0.118815124 8.744494e-10 976906.6
-1113670000000.0 0.118164055 8.744494e-10 976906.6
-1107534200000.0 0.11751302 8.744494e-10 976906.6
-1101398400000.0 0.11686199 9.913886e-10 1991122.2
-1095262200000.0 0.11621092 9.913886e-10 1991122.2
-1089126400000.0 0.11555989 9.913886e-10 1991122.2
-1082990500000.0 0.11490886 9.913886e-10 1991122.2
-1076854400000.0 0.11425779 1.0877107e-09 2591558.8
-1070718900000.0 0.113606796 1.0877107e-09 2591558.8
-1064582700000.0 0.11295573 1.0877107e-09 2591558.8
-1058446600000.0 0.11230466 1.0877107e-09 2591558.8
-1052311100000.0 0.11165367 1.2790822e-09 3633177.0
-1046174900000.0 0.1110026 1.2790822e-09 3633177.0
-1040038700000.0 0.11035153 1.2790822e-09 3633177.0
-1033903300000.0 0.10970054 1.2790822e-09 3633177.0
-1027767100000.0 0.10904947 1.437886e-09 4694468.0
-1021631270000.0 0.10839844 1.437886e-09 4694468.0
-1015495460000.0 0.107747406 1.437886e-09 4694468.0
-1009359260000.0 0.10709634 1.437886e-09 4694468.0
-1003223450000.0 0.106445305 1.8496636e-09 6066743.0
-997087640000.0 0.10579427 1.8496636e-09 6066743.0
-990951440000.0 0.10514321 1.8496636e-09 6066743.0
-984815960000.0 0.10449222 1.8496636e-09 6066743.0
-978679800000.0 0.10384115 1.8296658e-09 5982415.5
-972543600000.0 0.10319008 1.8296658e-09 5982415.5
-966408140000.0 0.102539085 1.8296658e-09 5982415.5
-960271940000.0 0.101888016 1.8296658e-09 5982415.5
-954135800000.0 0.10123695 1.3947539e-09 4830948.5
-948000300000.0 0.10058595 1.3947539e-09 4830948.5
-941864100000.0 0.09993488 1.3947539e-09 4830948.5
-935728300000.0 0.09928385 1.3947539e-09 4830948.5
-929592500000.0 0.09863283 1.3186034e-09 4299048.0
-923456300000.0 0.09798176 1.3186034e-09 4299048.0
-917320500000.0 0.09733073 1.3186034e-09 4299048.0
-911184700000.0 0.096679695 1.3186034e-09 4299048.0
-905048500000.0 0.096028626 1.4391043e-09 4199123.5
-898913000000.0 0.09537763 1.4391043e-09 4199123.5
-892776900000.0 0.09472656 1.4391043e-09 4199123.5
-886640700000.0 0.09407549 1.4391043e-09 4199123.5
-880505200000.0 0.0934245 1.5320826e-09 3521439.2
-874369060000.0 0.09277343 1.5320826e-09 3521439.2
-868232860000.0 0.09212236 1.5320826e-09 3521439.2
-862097400000.0 0.091471374 1.5320826e-09 3521439.2
-855961240000.0 0.090820305 1.4014025e-09 2997781.5
-849825370000.0 0.09016927 1.4014025e-09 2997781.5
-843689560000.0 0.08951824 1.4014025e-09 2997781.5
-837553400000.0 0.08886717 1.4014025e-09 2997781.5
-831417550000.0 0.08821614 1.5317708e-09 3663350.8
-825281740000.0 0.08756511 1.5317708e-09 3663350.8
-819145600000.0 0.08691404 1.5317708e-09 3663350.8
-813010100000.0 0.086263046 1.5317708e-09 3663350.8
-806873900000.0 0.08561198 1.4731975e-09 2620370.0
-800737700000.0 0.08496091 1.4731975e-09 2620370.0
-794602300000.0 0.08430992 1.4731975e-09 2620370.0
-788466100000.0 0.08365885 1.4731975e-09 2620370.0
-782330300000.0 0.08300782 1.3820594e-09 1943099.9
-776194500000.0 0.08235679 1.3820594e-09 1943099.9
-770058300000.0 0.08170572 1.408162e-09 1935864.2
-763922500000.0 0.08105469 1.408162e-09 1935864.2
-757786700000.0 0.080403656 1.5579983e-09 2344718.2
-751650500000.0 0.07975259 1.5579983e-09 2344718.2
-745515000000.0 0.07910159 1.5865375e-09 2329802.2
-739378800000.0 0.07845052 1.5865375e-09 2329802.2
-733242650000.0 0.077799454 1.6462378e-09 2601012.5
-727107200000.0 0.07714847 1.6462378e-09 2601012.5
-720971000000.0 0.07649739 1.6773443e-09 2580046.8
-714834840000.0 0.07584633 1.6773443e-09 2580046.8
-708699360000.0 0.075195335 1.6375201e-09 2257937.8
-702563160000.0 0.07454426 1.6375201e-09 2257937.8
-696427350000.0 0.073893234 1.6714886e-09 2240983.5
-690291540000.0 0.0732422 1.6714886e-09 2240983.5
-684155340000.0 0.07259113 1.6957727e-09 2269485.5
-678019500000.0 0.0719401 1.6957727e-09 2269485.5
-671883700000.0 0.07128907 1.7329518e-09 2250297.2
-665747500000.0 0.070638 1.7329518e-09 2250297.2
-659612040000.0 0.06998701 1.7713965e-09 2206669.0
-653475900000.0 0.069335945 1.7713965e-09 2206669.0
-647339700000.0 0.068684876 1.8121911e-09 2186816.8
-641204200000.0 0.068033874 1.8121911e-09 2186816.8
-635068100000.0 0.06738281 1.8789863e-09 2197253.8
-628931900000.0 0.06673174 1.8789863e-09 2197253.8
-622796400000.0 0.06608075 1.9238695e-09 2175682.2
-616660300000.0 0.06542969 1.9238695e-09 2175682.2
-610524400000.0 0.06477865 2.0063649e-09 2190602.8
-604388600000.0 0.06412762 2.0063649e-09 2190602.8
-598252450000.0 0.063476555 2.0558932e-09 2167184.0
-592116600000.0 0.062825516 2.0558932e-09 2167184.0
-585980800000.0 0.062174488 2.1468638e-09 2172882.0
-579844640000.0 0.061523426 2.1468638e-09 2172882.0
-573709160000.0 0.060872428 2.2016955e-09 2147706.0
-567572960000.0 0.06022136 2.2016955e-09 2147706.0
-561436750000.0 0.059570286 2.299283e-09 2150427.8
-555301340000.0 0.058919296 2.299283e-09 2150427.8
-549165140000.0 0.058268227 2.3602023e-09 2123412.8
-543028970000.0 0.057617158 2.3602023e-09 2123412.8
-536893500000.0 0.056966167 2.4556044e-09 2110288.5
-530757320000.0 0.056315098 2.4556044e-09 2110288.5
-524621480000.0 0.055664066 2.5235536e-09 2081598.9
-518485670000.0 0.055013034 2.5235536e-09 2081598.9
-512349500000.0 0.05436197 2.6145062e-09 2049516.2
-506213660000.0 0.053710938 2.6145062e-09 2049516.2
-500077850000.0 0.053059906 2.6906273e-09 2019426.0
-493941700000.0 0.052408837 2.6906273e-09 2019426.0
-487806200000.0 0.051757842 2.7681075e-09 1961005.0
-481670040000.0 0.051106777 2.7681075e-09 1961005.0
-475533840000.0 0.050455708 2.8537956e-09 1929975.6
-469398400000.0 0.049804714 2.8537956e-09 1929975.6
-463262220000.0 0.049153645 2.9408571e-09 1871752.0
-457126020000.0 0.048502576 2.9408571e-09 1871752.0
