morphology_data/1d_wa_a0.1_l8r2_00001.ecsv
# %ECSV 1.0
# ---
# datatype:
# - {name: b, datatype: float32}
# - {name: phase, datatype: float32}
# - {name: sigma, datatype: float32}
# - {name: vr, datatype: float32}
# meta: {lambda: 8, rp: 2.0, sep: 0.1, wind: a}
# schema: astropy-2.0
b phase sigma vr
[from data line 976]
1303883700000.0 -0.13834634 1.06391106e-07 -919454.4
1310019800000.0 -0.1389974 1.06391106e-07 -919454.4
1316155300000.0 -0.13964841 1.06391106e-07 -919454.4
1322291600000.0 -0.14029948 1.06391106e-07 -919454.4
1328427700000.0 -0.14095055 1.05159636e-07 -948886.2
1334563200000.0 -0.14160155 1.05159636e-07 -948886.2
1340699300000.0 -0.14225261 1.05159636e-07 -948886.2
1346835600000.0 -0.14290369 1.05159636e-07 -948886.2
1352970900000.0 -0.14355466 1.03620884e-07 -980353.1
1359107200000.0 -0.14420575 1.03620884e-07 -980353.1
1365243300000.0 -0.14485681 1.03620884e-07 -980353.1
1371378800000.0 -0.1455078 1.03620884e-07 -980353.1
1377514300000.0 -0.1461588 1.01919746e-07 -1014123.75
1383651200000.0 -0.14680995 1.01919746e-07 -1014123.75
1389786600000.0 -0.14746092 1.01919746e-07 -1014123.75
1395922000000.0 -0.14811192 1.01919746e-07 -1014123.75
1402059000000.0 -0.14876308 1.00287544e-07 -1049393.8
1408194400000.0 -0.14941406 1.00287544e-07 -1049393.8
1414329900000.0 -0.15006506 1.00287544e-07 -1049393.8
1420466800000.0 -0.1507162 1.00287544e-07 -1049393.8
1426602300000.0 -0.1513672 9.871668e-08 -1084808.9
1432737700000.0 -0.15201817 9.871668e-08 -1084808.9
1438874600000.0 -0.15266933 9.871668e-08 -1084808.9
1445010100000.0 -0.15332033 9.871668e-08 -1084808.9
1451145600000.0 -0.15397131 9.710721e-08 -1119638.8
1457281700000.0 -0.15462239 9.710721e-08 -1119638.8
1463418000000.0 -0.15527347 9.710721e-08 -1119638.8
1469553400000.0 -0.15592445 9.710721e-08 -1119638.8
1475689600000.0 -0.15657552 9.521247e-08 -1153333.4
1481825700000.0 -0.15722659 9.521247e-08 -1153333.4
1487961200000.0 -0.15787758 9.521247e-08 -1153333.4
1494097300000.0 -0.15852864 9.521247e-08 -1153333.4
1500233600000.0 -0.15917972 9.295388e-08 -1186570.6
1506369100000.0 -0.1598307 9.295388e-08 -1186570.6
1512505200000.0 -0.16048178 9.295388e-08 -1186570.6
1518641300000.0 -0.16113284 9.295388e-08 -1186570.6
1524776800000.0 -0.16178384 9.0659924e-08 -1218512.6
1530913000000.0 -0.1624349 9.0659924e-08 -1218512.6
1537049200000.0 -0.16308598 9.0659924e-08 -1218512.6
1543184700000.0 -0.16373697 9.0659924e-08 -1218512.6
1549320200000.0 -0.16438797 8.858861e-08 -1250413.5
1555457000000.0 -0.1650391 8.858861e-08 -1250413.5
1561592500000.0 -0.1656901 8.858861e-08 -1250413.5
1567728000000.0 -0.1663411 8.858861e-08 -1250413.5
1573864900000.0 -0.16699223 8.6786926e-08 -1282151.8
1580000300000.0 -0.16764323 8.6786926e-08 -1282151.8
1586135800000.0 -0.16829422 8.6786926e-08 -1282151.8
1592272600000.0 -0.16894537 8.6786926e-08 -1282151.8
1598408100000.0 -0.16959636 8.539493e-08 -1310659.5
1604543600000.0 -0.17024736 8.539493e-08 -1310659.5
1610679700000.0 -0.17089842 8.539493e-08 -1310659.5
1616816000000.0 -0.1715495 8.539493e-08 -1310659.5
1622951500000.0 -0.17220049 8.449911e-08 -1332086.8
1629087600000.0 -0.17285155 8.449911e-08 -1332086.8
1635223700000.0 -0.17350262 8.449911e-08 -1332086.8
1641359200000.0 -0.17415361 8.449911e-08 -1332086.8
1647495500000.0 -0.17480469 8.3820794e-08 -1344500.5
1653631600000.0 -0.17545575 8.3820794e-08 -1344500.5
1659767100000.0 -0.17610675 8.3820794e-08 -1344500.5
1665903200000.0 -0.17675781 8.3820794e-08 -1344500.5
1672039400000.0 -0.17740889 8.307223e-08 -1349682.2
1678174800000.0 -0.17805988 8.307223e-08 -1349682.2
1684311100000.0 -0.17871095 8.307223e-08 -1349682.2
1690447200000.0 -0.17936201 8.307223e-08 -1349682.2
1696582700000.0 -0.180013 8.223148e-08 -1356219.1
1702718200000.0 -0.180664 8.223148e-08 -1356219.1
1708855000000.0 -0.18131514 8.223148e-08 -1356219.1
1714990500000.0 -0.18196614 8.223148e-08 -1356219.1
1721126000000.0 -0.18261713 8.158961e-08 -1368690.4
1727262900000.0 -0.18326828 8.158961e-08 -1368690.4
1733398400000.0 -0.18391927 8.158961e-08 -1368690.4
1739533800000.0 -0.18457027 8.158961e-08 -1368690.4
1745670800000.0 -0.1852214 8.1331464e-08 -1382529.1
1751806100000.0 -0.1858724 8.1331464e-08 -1382529.1
1757941600000.0 -0.1865234 8.1331464e-08 -1382529.1
1764078500000.0 -0.18717454 8.1331464e-08 -1382529.1
1770214000000.0 -0.18782553 8.1379405e-08 -1396901.2
1776349500000.0 -0.18847652 8.1379405e-08 -1396901.2
1782485600000.0 -0.1891276 8.1379405e-08 -1396901.2
1788621800000.0 -0.18977866 8.1379405e-08 -1396901.2
1794757200000.0 -0.19042966 8.139176e-08 -1410199.5
1800893500000.0 -0.19108072 8.139176e-08 -1410199.5
1807029600000.0 -0.1917318 8.139176e-08 -1410199.5
1813165100000.0 -0.19238278 8.139176e-08 -1410199.5
1819301200000.0 -0.19303386 8.101552e-08 -1423062.4
1825437500000.0 -0.19368492 8.101552e-08 -1423062.4
1831572900000.0 -0.19433591 8.101552e-08 -1423062.4
1837709100000.0 -0.19498698 8.101552e-08 -1423062.4
1843845300000.0 -0.19563805 8.036327e-08 -1431711.0
1849980700000.0 -0.19628905 8.036327e-08 -1431711.0
1856116900000.0 -0.19694011 8.036327e-08 -1431711.0
1862253200000.0 -0.19759119 8.036327e-08 -1431711.0
1868388600000.0 -0.19824217 7.9754265e-08 -1424874.5
1874524000000.0 -0.19889317 7.9754265e-08 -1424874.5
1880660900000.0 -0.19954431 7.9754265e-08 -1424874.5
1886796400000.0 -0.20019531 7.9754265e-08 -1424874.5
1892931900000.0 -0.2008463 7.9351395e-08 -1412890.0
1899068800000.0 -0.20149745 7.9351395e-08 -1412890.0
1905204300000.0 -0.20214844 7.9351395e-08 -1412890.0
1911339600000.0 -0.20279942 7.9351395e-08 -1412890.0
1917476500000.0 -0.20345058 7.909057e-08 -1408682.0
1923612000000.0 -0.20410156 7.909057e-08 -1408682.0
1929747500000.0 -0.20475256 7.909057e-08 -1408682.0
1935884400000.0 -0.2054037 7.909057e-08 -1408682.0
1942019900000.0 -0.2060547 7.879399e-08 -1414946.0
1948155400000.0 -0.20670569 7.879399e-08 -1414946.0
1954291500000.0 -0.20735677 7.879399e-08 -1414946.0
1960427700000.0 -0.20800783 7.879399e-08 -1414946.0
1966563100000.0 -0.20865881 7.836317e-08 -1423287.6
1972699300000.0 -0.20930989 7.836317e-08 -1423287.6
1978835500000.0 -0.20996095 7.836317e-08 -1423287.6
1984971000000.0 -0.21061195 7.836317e-08 -1423287.6
1991107100000.0 -0.21126302 7.763148e-08 -1435806.6
1997243300000.0 -0.21191409 7.763148e-08 -1435806.6
2003378800000.0 -0.21256508 7.763148e-08 -1435806.6
2009514900000.0 -0.21321616 7.763148e-08 -1435806.6
2015651200000.0 -0.21386722 7.674852e-08 -1450011.0
2021786600000.0 -0.2145182 7.674852e-08 -1450011.0
2027922800000.0 -0.21516928 7.674852e-08 -1450011.0
2034058900000.0 -0.21582034 7.674852e-08 -1450011.0
2040194400000.0 -0.21647134 7.6144794e-08 -1463885.8
2046329900000.0 -0.21712233 7.6144794e-08 -1463885.8
2052466800000.0 -0.21777348 7.6144794e-08 -1463885.8
2058602300000.0 -0.21842447 7.6144794e-08 -1463885.8
2064737800000.0 -0.21907547 7.594003e-08 -1482597.8
2070874600000.0 -0.2197266 7.594003e-08 -1482597.8
2077010000000.0 -0.22037761 7.594003e-08 -1482597.8
2083145500000.0 -0.2210286 7.594003e-08 -1482597.8
2089282400000.0 -0.22167975 7.609052e-08 -1504062.9
2095417900000.0 -0.22233073 7.609052e-08 -1504062.9
2101553400000.0 -0.22298172 7.609052e-08 -1504062.9
2107690200000.0 -0.22363287 7.609052e-08 -1504062.9
2113825700000.0 -0.22428386 7.641266e-08 -1529730.4
2119961100000.0 -0.22493486 7.641266e-08 -1529730.4
2126097400000.0 -0.22558592 7.641266e-08 -1529730.4
2132233600000.0 -0.226237 7.641266e-08 -1529730.4
2138369000000.0 -0.22688799 7.648561e-08 -1559519.2
2144505200000.0 -0.22753906 7.648561e-08 -1559519.2
2150641300000.0 -0.22819012 7.648561e-08 -1559519.2
2156776800000.0 -0.22884111 7.648561e-08 -1559519.2
2162913000000.0 -0.22949219 7.6433416e-08 -1593395.1
2169049200000.0 -0.23014325 7.6433416e-08 -1593395.1
2175184700000.0 -0.23079425 7.6433416e-08 -1593395.1
2181320800000.0 -0.23144531 7.6433416e-08 -1593395.1
2187457100000.0 -0.23209639 7.608114e-08 -1634914.6
2193592400000.0 -0.23274738 7.608114e-08 -1634914.6
2199728700000.0 -0.23339845 7.608114e-08 -1634914.6
2205865000000.0 -0.23404953 7.608114e-08 -1634914.6
2212000200000.0 -0.23470049 7.530164e-08 -1686308.0
2218135700000.0 -0.23535149 7.530164e-08 -1686308.0
2224272700000.0 -0.23600265 7.530164e-08 -1686308.0
2230408200000.0 -0.23665364 7.530164e-08 -1686308.0
2236543700000.0 -0.23730463 7.4425614e-08 -1746426.9
2242680500000.0 -0.23795578 7.4425614e-08 -1746426.9
2248816000000.0 -0.23860677 7.4425614e-08 -1746426.9
2254951400000.0 -0.23925777 7.4425614e-08 -1746426.9
2261088200000.0 -0.2399089 7.388843e-08 -1798945.1
2267223700000.0 -0.2405599 7.388843e-08 -1798945.1
2273359200000.0 -0.2412109 7.388843e-08 -1798945.1
2279496200000.0 -0.24186206 7.388843e-08 -1798945.1
2285631700000.0 -0.24251305 7.337384e-08 -1854766.2
2291767000000.0 -0.243164 7.337384e-08 -1854766.2
2297903200000.0 -0.2438151 7.337384e-08 -1854766.2
2304039500000.0 -0.24446616 7.337384e-08 -1854766.2
2310175000000.0 -0.24511716 7.3812444e-08 -1902877.6
2316311000000.0 -0.2457682 7.3812444e-08 -1902877.6
2322447200000.0 -0.2464193 7.3812444e-08 -1902877.6
2328582700000.0 -0.24707028 7.3812444e-08 -1902877.6
2334719000000.0 -0.24772136 7.483961e-08 -1944844.0
2340855000000.0 -0.24837242 7.483961e-08 -1944844.0
2346990400000.0 -0.24902342 7.483961e-08 -1944844.0
2353126700000.0 -0.24967448 7.483961e-08 -1944844.0
2359263000000.0 -0.25032556 7.605796e-08 -2006837.2
2365398500000.0 -0.25097656 7.605796e-08 -2006837.2
2371534500000.0 -0.25162762 7.605796e-08 -2006837.2
2377670700000.0 -0.2522787 7.605796e-08 -2006837.2
2383806200000.0 -0.2529297 7.846298e-08 -2079911.2
2389941700000.0 -0.25358066 7.846298e-08 -2079911.2
2396078500000.0 -0.2542318 7.846298e-08 -2079911.2
2402214000000.0 -0.2548828 7.846298e-08 -2079911.2
2408349400000.0 -0.2555338 8.2652676e-08 -2154666.8
2414486200000.0 -0.25618494 8.2652676e-08 -2154666.8
2420621700000.0 -0.2568359 8.2652676e-08 -2154666.8
2426757200000.0 -0.25748694 8.2652676e-08 -2154666.8
2432894200000.0 -0.25813806 8.7746e-08 -2222585.5
2439029700000.0 -0.2587891 8.7746e-08 -2222585.5
2445165200000.0 -0.2594401 8.7746e-08 -2222585.5
2451302000000.0 -0.26009122 8.7746e-08 -2222585.5
2457437500000.0 -0.2607422 9.2346376e-08 -2261644.2
2463573000000.0 -0.2613932 9.2346376e-08 -2261644.2
2469709000000.0 -0.26204425 9.2346376e-08 -2261644.2
2475845200000.0 -0.26269534 9.2346376e-08 -2261644.2
2481980700000.0 -0.2633463 9.233161e-08 -2272082.5
2488117000000.0 -0.2639974 9.233161e-08 -2272082.5
2494253000000.0 -0.26464844 9.233161e-08 -2272082.5
2500388500000.0 -0.26529944 9.233161e-08 -2272082.5
2506524700000.0 -0.26595053 8.930816e-08 -2270743.2
2512661000000.0 -0.2666016 8.930816e-08 -2270743.2
2518796500000.0 -0.2672526 8.930816e-08 -2270743.2
2524932500000.0 -0.26790366 8.930816e-08 -2270743.2
2531068700000.0 -0.26855472 8.401913e-08 -2265084.2
2537204200000.0 -0.26920572 8.401913e-08 -2265084.2
2543340500000.0 -0.2698568 8.401913e-08 -2265084.2
2549476500000.0 -0.27050784 8.401913e-08 -2265084.2
2555612000000.0 -0.27115884 7.7870205e-08 -2255768.8
2561747500000.0 -0.27180985 7.7870205e-08 -2255768.8
2567884200000.0 -0.27246097 7.7870205e-08 -2255768.8
2574019700000.0 -0.27311197 7.7870205e-08 -2255768.8
2580155200000.0 -0.27376294 7.2227586e-08 -2245067.8
2586292300000.0 -0.27441412 7.2227586e-08 -2245067.8
2592427700000.0 -0.2750651 7.2227586e-08 -2245067.8
2598563200000.0 -0.27571613 7.2227586e-08 -2245067.8
2604700000000.0 -0.27636725 6.702808e-08 -2231507.2
2610835500000.0 -0.27701825 6.702808e-08 -2231507.2
2616971000000.0 -0.27766922 6.702808e-08 -2231507.2
2623107800000.0 -0.27832037 6.702808e-08 -2231507.2
2629243200000.0 -0.27897137 6.136127e-08 -2213840.0
2635378700000.0 -0.27962235 6.136127e-08 -2213840.0
2641515000000.0 -0.28027344 6.136127e-08 -2213840.0
2647651300000.0 -0.28092453 6.136127e-08 -2213840.0
2653786500000.0 -0.28157547 5.3315233e-08 -2190763.2
2659922700000.0 -0.28222656 5.3315233e-08 -2190763.2
2666059000000.0 -0.28287762 5.3315233e-08 -2190763.2
2672194500000.0 -0.28352863 5.3315233e-08 -2190763.2
2678330500000.0 -0.28417966 4.226707e-08 -2148976.0
2684466800000.0 -0.28483075 4.226707e-08 -2148976.0
2690602200000.0 -0.28548175 4.226707e-08 -2148976.0
2696738500000.0 -0.28613284 4.226707e-08 -2148976.0
2702874500000.0 -0.28678387 3.321068e-08 -2101612.0
2709010000000.0 -0.28743488 3.321068e-08 -2101612.0
2715146300000.0 -0.28808594 3.321068e-08 -2101612.0
2721282500000.0 -0.28873703 3.321068e-08 -2101612.0
2727418000000.0 -0.28938803 2.6218558e-08 -2061740.2
2733553200000.0 -0.29003897 2.6218558e-08 -2061740.2
2739690300000.0 -0.29069015 2.6218558e-08 -2061740.2
2745825800000.0 -0.29134116 2.6218558e-08 -2061740.2
2751961200000.0 -0.29199213 1.9755532e-08 -2002291.4
2758098000000.0 -0.29264328 1.9755532e-08 -2002291.4
2764233500000.0 -0.29329428 1.9755532e-08 -2002291.4
2770369000000.0 -0.29394525 1.9755532e-08 -2002291.4
2776505800000.0 -0.2945964 1.4453813e-08 -1955367.8
2782641300000.0 -0.2952474 1.4453813e-08 -1955367.8
2788776700000.0 -0.2958984 1.4453813e-08 -1955367.8
2794913800000.0 -0.29654956 1.4453813e-08 -1955367.8
2801049300000.0 -0.29720056 1.0191047e-08 -1917008.0
2807184800000.0 -0.29785153 1.0191047e-08 -1917008.0
2813320800000.0 -0.2985026 1.0191047e-08 -1917008.0
2819457000000.0 -0.29915366 1.0191047e-08 -1917008.0
2825592500000.0 -0.29980466 7.2786412e-09 -1882491.2
2831728500000.0 -0.30045572 7.2786412e-09 -1882491.2
2837864800000.0 -0.30110678 7.2786412e-09 -1882491.2
2844000300000.0 -0.30175778 7.2786412e-09 -1882491.2
2850136500000.0 -0.30240884 6.1176726e-09 -1837569.5
2856272500000.0 -0.3030599 6.1176726e-09 -1837569.5
2862408000000.0 -0.3037109 6.1176726e-09 -1837569.5
2868544300000.0 -0.304362 6.1176726e-09 -1837569.5
2874680500000.0 -0.30501306 6.0185004e-09 -1821749.5
2880816000000.0 -0.30566406 6.0185004e-09 -1821749.5
2886952000000.0 -0.30631512 6.0185004e-09 -1821749.5
2893088300000.0 -0.3069662 6.0185004e-09 -1821749.5
2899223800000.0 -0.3076172 5.5637552e-09 -1804517.8
2905359300000.0 -0.30826816 5.5637552e-09 -1804517.8
2911496000000.0 -0.3089193 5.5637552e-09 -1804517.8
2917631500000.0 -0.3095703 5.5637552e-09 -1804517.8
2923767000000.0 -0.3102213 3.829034e-09 -1966155.9
2929903800000.0 -0.31087244 3.829034e-09 -1966155.9
2936039300000.0 -0.3115234 3.829034e-09 -1966155.9
2942174800000.0 -0.31217444 3.829034e-09 -1966155.9
2948311800000.0 -0.3128256 2.141689e-09 -2403696.5
2954447300000.0 -0.31347656 2.141689e-09 -2403696.5
2960582800000.0 -0.3141276 2.141689e-09 -2403696.5
2966719600000.0 -0.31477872 2.141689e-09 -2403696.5
2972855000000.0 -0.3154297 9.943845e-10 -3424535.0
2978990500000.0 -0.3160807 9.943845e-10 -3424535.0
2985126800000.0 -0.31673178 9.943845e-10 -3424535.0
2991262800000.0 -0.31738284 9.943845e-10 -3424535.0
2997398300000.0 -0.3180338 3.1706512e-10 -5496713.5
3003534500000.0 -0.3186849 3.1706512e-10 -5496713.5
3009670500000.0 -0.31933597 3.1706512e-10 -5496713.5
3015806000000.0 -0.31998697 3.1706512e-10 -5496713.5
3021942300000.0 -0.32063803 6.439381e-11 -6424516.0
3028078600000.0 -0.3212891 6.439381e-11 -6424516.0
3034214000000.0 -0.3219401 6.439381e-11 -6424516.0
3040350000000.0 -0.32259116 6.439381e-11 -6424516.0
3046486300000.0 -0.32324222 5.0761683e-11 -1067728.8
3052621800000.0 -0.32389322 5.0761683e-11 -1067728.8
3058758000000.0 -0.32454428 5.0761683e-11 -1067728.8
3064894000000.0 -0.32519534 5.0761683e-11 -1067728.8
3071029500000.0 -0.32584634 7.345076e-11 -1625432.9
3077165000000.0 -0.32649735 7.345076e-11 -1625432.9
3083302000000.0 -0.3271485 7.345076e-11 -1625432.9
3089437300000.0 -0.32779947 7.345076e-11 -1625432.9
3095572800000.0 -0.32845047 8.228127e-11 -1841266.1
3101709800000.0 -0.32910162 8.228127e-11 -1841266.1
3107845300000.0 -0.3297526 8.228127e-11 -1841266.1
3113980800000.0 -0.3304036 8.228127e-11 -1841266.1
3120117600000.0 -0.33105475 8.224704e-11 -881078.25
3126253000000.0 -0.33170575 8.224704e-11 -881078.25
3132388500000.0 -0.33235672 8.224704e-11 -881078.25
3138524800000.0 -0.3330078 8.224704e-11 -881078.25
3144660800000.0 -0.33365887 7.645024e-11 -1052257.1
3150796300000.0 -0.33430985 7.645024e-11 -1052257.1
3156932600000.0 -0.33496094 7.645024e-11 -1052257.1
3163068800000.0 -0.335612 7.645024e-11 -1052257.1
3169204000000.0 -0.336263 5.7681224e-11 -2508025.0
3175340300000.0 -0.33691406 5.7681224e-11 -2508025.0
