morphology_data/1d_wc_a0.025_l4r1_00001.ecsv
# %ECSV 1.0
# ---
# datatype:
# - {name: b, datatype: float32}
# - {name: phase, datatype: float32}
# - {name: sigma, datatype: float32}
# - {name: vr, datatype: float32}
# meta: {lambda: 4, rp: 1.0, sep: 0.025, wind: c}
# schema: astropy-2.0
b phase sigma vr
[from data line 632]
-207854390000.0 0.08821614 2.167234e-10 -4708483.0
-206320440000.0 0.08756511 2.167234e-10 -4708483.0
-204786400000.0 0.08691404 2.167234e-10 -4708483.0
-203252530000.0 0.086263046 2.167234e-10 -4708483.0
-201718480000.0 0.08561198 2.5554314e-10 -4364392.0
-200184430000.0 0.08496091 2.5554314e-10 -4364392.0
-198650580000.0 0.08430992 2.5554314e-10 -4364392.0
-197116530000.0 0.08365885 2.5554314e-10 -4364392.0
-195582570000.0 0.08300782 3.0955546e-10 -3442202.5
-194048620000.0 0.08235679 3.0955546e-10 -3442202.5
-192514570000.0 0.08170572 3.4308922e-10 -3215380.5
-190980620000.0 0.08105469 3.4308922e-10 -3215380.5
-189446670000.0 0.080403656 3.7640052e-10 -2971391.2
-187912620000.0 0.07975259 3.7640052e-10 -2971391.2
-186378750000.0 0.07910159 4.116546e-10 -2661105.5
-184844700000.0 0.07845052 4.116546e-10 -2661105.5
-183310660000.0 0.077799454 4.3758788e-10 -2380482.2
-181776800000.0 0.07714847 4.3758788e-10 -2380482.2
-180242740000.0 0.07649739 4.422201e-10 -2245093.8
-178708710000.0 0.07584633 4.422201e-10 -2245093.8
-177174840000.0 0.075195335 4.2428103e-10 -2196294.5
-175640790000.0 0.07454426 4.2428103e-10 -2196294.5
-174106840000.0 0.073893234 4.257431e-10 -2157392.2
-172572880000.0 0.0732422 4.257431e-10 -2157392.2
-171038830000.0 0.07259113 4.460881e-10 -2152489.0
-169504880000.0 0.0719401 4.460881e-10 -2152489.0
-167970930000.0 0.07128907 4.734635e-10 -2212075.8
-166436880000.0 0.070638 4.734635e-10 -2212075.8
-164903010000.0 0.06998701 4.944883e-10 -2461343.8
-163368980000.0 0.069335945 4.944883e-10 -2461343.8
-161834930000.0 0.068684876 5.140432e-10 -2732422.0
-160301060000.0 0.068033874 5.140432e-10 -2732422.0
-158767020000.0 0.06738281 5.4772326e-10 -2920540.8
-157232970000.0 0.06673174 5.4772326e-10 -2920540.8
-155699100000.0 0.06608075 5.90513e-10 -2953758.0
-154165070000.0 0.06542969 5.90513e-10 -2953758.0
-152631100000.0 0.06477865 6.395199e-10 -2768161.5
-151097150000.0 0.06412762 6.395199e-10 -2768161.5
-149563110000.0 0.063476555 6.850244e-10 -2558262.2
-148029150000.0 0.062825516 6.850244e-10 -2558262.2
-146495200000.0 0.062174488 7.5063333e-10 -2386719.0
-144961160000.0 0.061523426 7.77373e-10 -2257928.5
-143427290000.0 0.060872428 8.2849033e-10 -2129038.0
-141893240000.0 0.06022136 8.921144e-10 -1981743.8
-140359190000.0 0.059570286 9.561721e-10 -1841300.4
-138825330000.0 0.058919296 1.003067e-09 -1731775.1
-137291284000.0 0.058268227 1.0330076e-09 -1647475.5
-135757240000.0 0.057617158 1.0385094e-09 -1598958.6
-134223370000.0 0.056966167 1.0153881e-09 -1612892.5
-132689330000.0 0.056315098 9.818375e-10 -1706880.8
-131155370000.0 0.055664066 9.520484e-10 -1897076.4
-129621420000.0 0.055013034 9.1604685e-10 -2130505.2
-128087376000.0 0.05436197 8.978533e-10 -2206960.8
-126553416000.0 0.053710938 9.086312e-10 -2219658.2
-125019460000.0 0.053059906 9.357729e-10 -2240306.8
-123485420000.0 0.052408837 9.775997e-10 -2258433.2
-121951550000.0 0.051757842 1.0369572e-09 -2246785.2
-120417510000.0 0.051106777 1.1096075e-09 -2217224.0
-118883460000.0 0.050455708 1.1907088e-09 -2179965.5
-117349600000.0 0.049804714 1.2918153e-09 -2144331.5
-115815555000.0 0.049153645 1.417339e-09 -2075510.9
-114281505000.0 0.048502576 1.5660505e-09 -1984237.1
-112747640000.0 0.047851585 1.7341611e-09 -1882458.8
-111213590000.0 0.047200516 1.916634e-09 -1779312.9
-109679640000.0 0.046549484 2.1161186e-09 -1678977.5
-108145690000.0 0.045898452 2.308537e-09 -1589586.5
-106611640000.0 0.045247383 2.5011155e-09 -1527745.8
-105077690000.0 0.04459635 2.685765e-09 -1482429.6
-103543734000.0 0.043945324 2.8941607e-09 -1444079.0
-102009680000.0 0.043294255 3.1102478e-09 -1403144.1
-100475820000.0 0.04264326 3.3619365e-09 -1356369.2
-98941770000.0 0.04199219 3.6058982e-09 -1292398.4
-97407730000.0 0.041341122 3.8389922e-09 -1222434.5
-95873870000.0 0.04069013 4.0083044e-09 -1152588.8
-94339820000.0 0.040039062 4.112477e-09 -1083502.4
-92805775000.0 0.039387994 4.173319e-09 -1018632.4
-91271905000.0 0.038736995 4.183127e-09 -962700.8
-89737860000.0 0.03808593 4.1733617e-09 -915288.3
-88203910000.0 0.0374349 4.189104e-09 -875466.3
-86669950000.0 0.03678387 4.3069717e-09 -833687.7
-85135910000.0 0.0361328 4.637546e-09 -767914.6
-83601960000.0 0.035481773 5.268305e-09 -665494.44
-82068000000.0 0.034830738 6.058761e-09 -559281.1
-80533955000.0 0.03417967 6.6579973e-09 -477078.84
-79000084000.0 0.033528678 6.720361e-09 -444253.72
-77466040000.0 0.03287761 6.0850955e-09 -468093.3
-75932000000.0 0.03222654 4.8955573e-09 -617513.8
-74398130000.0 0.031575546 3.623772e-09 -805372.0
-72864090000.0 0.030924477 2.8787233e-09 -983484.2
-71330050000.0 0.030273411 2.599175e-09 -1114065.0
-69796176000.0 0.029622415 2.5753113e-09 -1188123.2
-68262130000.0 0.028971346 2.5976488e-09 -1261754.2
-66728178000.0 0.028320316 2.6543157e-09 -1387411.6
-65194220000.0 0.027669284 2.876293e-09 -1294194.0
-63660175000.0 0.027018217 3.263247e-09 -1172191.2
-62126220000.0 0.026367186 3.5183156e-09 -1190606.0
-60592263000.0 0.025716154 3.804549e-09 -1195880.0
-59058220000.0 0.025065087 2.6666793e-09 -1267663.6
-57524355000.0 0.024414092 2.1540159e-09 -1177584.8
-55990310000.0 0.023763025 2.0106206e-09 -1232599.4
-54456267000.0 0.023111956 1.9536752e-09 -1297238.8
-52922400000.0 0.022460962 2.1128426e-09 -1347659.2
-51388355000.0 0.021809895 2.4494256e-09 -1334075.1
-49854310000.0 0.021158826 2.6445295e-09 -1268712.4
-48320442000.0 0.020507833 2.5680593e-09 -1291579.4
-46786400000.0 0.019856764 2.5038074e-09 -1378861.9
-45252444000.0 0.019205732 2.5428153e-09 -1436814.6
-43718490000.0 0.018554702 2.6485298e-09 -1414531.8
-42184440000.0 0.017903633 2.816489e-09 -1354993.5
-40650486000.0 0.017252602 2.9518747e-09 -1326701.8
-39116534000.0 0.016601572 2.9470515e-09 -1334711.2
-37582488000.0 0.015950503 2.792845e-09 -1357382.1
-36048620000.0 0.015299509 2.6697702e-09 -1452944.0
-34514575000.0 0.014648439 2.7133815e-09 -1538999.6
-32980531000.0 0.013997372 2.80038e-09 -1579967.5
-31446665000.0 0.013346379 3.3043759e-09 -1288598.6
-29912621000.0 0.012695311 3.6146863e-09 -878536.4
-28378577000.0 0.012044242 3.7020846e-09 -802081.06
-26844710000.0 0.011393248 4.668177e-09 -676542.75
-25310667000.0 0.01074218 5.4092153e-09 -581181.5
-23776710000.0 0.010091149 5.93397e-09 -485072.16
-22242755000.0 0.009440118 6.254571e-09 -220638.2
-20708710000.0 0.008789049 7.159357e-09 -69143.04
-19174754000.0 0.008138019 8.137772e-09 46421.35
-17640800000.0 0.0074869874 9.116778e-09 69856.586
-16106755000.0 0.006835919 1.0790351e-08 114792.21
-14572889000.0 0.006184926 1.2524509e-08 94484.62
-13038844000.0 0.0055338573 1.4267737e-08 7267.3203
-11504800000.0 0.0048827888 1.6016864e-08 -66845.26
-9970934000.0 0.0042317957 1.9163302e-08 -100327.555
-8436888600.0 0.0035807267 2.5019375e-08 -114453.35
8436888600.0 -0.0035807267 1.5190894e-08 -288307.9
9970934000.0 -0.0042317957 2.1052268e-10 -2199463.2
11504800000.0 -0.0048827888 nan nan
13038844000.0 -0.0055338573 nan nan
14572889000.0 -0.006184926 nan nan
16106755000.0 -0.006835919 nan nan
17640800000.0 -0.0074869874 nan nan
19174754000.0 -0.008138019 nan nan
20708710000.0 -0.008789049 nan nan
22242755000.0 -0.009440118 nan nan
23776710000.0 -0.010091149 nan nan
25310667000.0 -0.01074218 nan nan
26844710000.0 -0.011393248 nan nan
28378577000.0 -0.012044242 nan nan
29912621000.0 -0.012695311 nan nan
31446665000.0 -0.013346379 nan nan
32980531000.0 -0.013997372 nan nan
34514575000.0 -0.014648439 nan nan
36048620000.0 -0.015299509 nan nan
37582488000.0 -0.015950503 nan nan
39116534000.0 -0.016601572 nan nan
40650486000.0 -0.017252602 nan nan
42184440000.0 -0.017903633 nan nan
43718490000.0 -0.018554702 nan nan
45252444000.0 -0.019205732 nan nan
46786400000.0 -0.019856764 nan nan
48320442000.0 -0.020507833 nan nan
49854310000.0 -0.021158826 nan nan
51388355000.0 -0.021809895 nan nan
52922400000.0 -0.022460962 nan nan
54456267000.0 -0.023111956 nan nan
55990310000.0 -0.023763025 nan nan
57524355000.0 -0.024414092 nan nan
59058220000.0 -0.025065087 nan nan
60592263000.0 -0.025716154 nan nan
62126220000.0 -0.026367186 nan nan
63660175000.0 -0.027018217 nan nan
65194220000.0 -0.027669284 nan nan
66728178000.0 -0.028320316 nan nan
68262130000.0 -0.028971346 nan nan
69796176000.0 -0.029622415 nan nan
71330050000.0 -0.030273411 nan nan
72864090000.0 -0.030924477 nan nan
74398130000.0 -0.031575546 nan nan
75932000000.0 -0.03222654 nan nan
77466040000.0 -0.03287761 nan nan
79000084000.0 -0.033528678 nan nan
80533955000.0 -0.03417967 nan nan
82068000000.0 -0.034830738 nan nan
83601960000.0 -0.035481773 nan nan
85135910000.0 -0.0361328 nan nan
86669950000.0 -0.03678387 nan nan
88203910000.0 -0.0374349 nan nan
89737860000.0 -0.03808593 nan nan
91271905000.0 -0.038736995 nan nan
92805775000.0 -0.039387994 nan nan
94339820000.0 -0.040039062 nan nan
95873870000.0 -0.04069013 nan nan
97407730000.0 -0.041341122 nan nan
98941770000.0 -0.04199219 nan nan
100475820000.0 -0.04264326 nan nan
102009680000.0 -0.043294255 nan nan
103543734000.0 -0.043945324 nan nan
105077690000.0 -0.04459635 nan nan
106611640000.0 -0.045247383 nan nan
108145690000.0 -0.045898452 nan nan
109679640000.0 -0.046549484 nan nan
111213590000.0 -0.047200516 nan nan
112747640000.0 -0.047851585 nan nan
114281505000.0 -0.048502576 nan nan
115815555000.0 -0.049153645 nan nan
117349600000.0 -0.049804714 nan nan
118883460000.0 -0.050455708 nan nan
120417510000.0 -0.051106777 nan nan
121951550000.0 -0.051757842 nan nan
123485420000.0 -0.052408837 nan nan
125019460000.0 -0.053059906 nan nan
126553416000.0 -0.053710938 nan nan
128087376000.0 -0.05436197 nan nan
129621420000.0 -0.055013034 nan nan
131155370000.0 -0.055664066 nan nan
132689330000.0 -0.056315098 nan nan
134223370000.0 -0.056966167 nan nan
135757240000.0 -0.057617158 nan nan
137291284000.0 -0.058268227 nan nan
138825330000.0 -0.058919296 nan nan
140359190000.0 -0.059570286 nan nan
141893240000.0 -0.06022136 nan nan
143427290000.0 -0.060872428 nan nan
144961160000.0 -0.061523426 nan nan
146495200000.0 -0.062174488 nan nan
148029150000.0 -0.062825516 nan nan
149563110000.0 -0.063476555 nan nan
151097150000.0 -0.06412762 nan nan
152631100000.0 -0.06477865 nan nan
154165070000.0 -0.06542969 nan nan
155699100000.0 -0.06608075 nan nan
157232970000.0 -0.06673174 nan nan
158767020000.0 -0.06738281 nan nan
160301060000.0 -0.068033874 nan nan
161834930000.0 -0.068684876 nan nan
163368980000.0 -0.069335945 nan nan
164903010000.0 -0.06998701 nan nan
166436880000.0 -0.070638 nan nan
167970930000.0 -0.07128907 nan nan
169504880000.0 -0.0719401 nan nan
171038830000.0 -0.07259113 nan nan
172572880000.0 -0.0732422 nan nan
174106840000.0 -0.073893234 nan nan
175640790000.0 -0.07454426 nan nan
177174840000.0 -0.075195335 nan nan
178708710000.0 -0.07584633 nan nan
180242740000.0 -0.07649739 nan nan
181776800000.0 -0.07714847 nan nan
183310660000.0 -0.077799454 nan nan
184844700000.0 -0.07845052 nan nan
186378750000.0 -0.07910159 nan nan
187912620000.0 -0.07975259 nan nan
189446670000.0 -0.080403656 nan nan
190980620000.0 -0.08105469 nan nan
192514570000.0 -0.08170572 nan nan
194048620000.0 -0.08235679 nan nan
195582570000.0 -0.08300782 nan nan
197116530000.0 -0.08365885 nan nan
198650580000.0 -0.08430992 nan nan
200184430000.0 -0.08496091 nan nan
201718480000.0 -0.08561198 nan nan
203252530000.0 -0.086263046 nan nan
204786400000.0 -0.08691404 nan nan
206320440000.0 -0.08756511 nan nan
207854390000.0 -0.08821614 nan nan
209388360000.0 -0.08886717 nan nan
210922390000.0 -0.08951824 nan nan
212456340000.0 -0.09016927 nan nan
213990310000.0 -0.090820305 nan nan
215524340000.0 -0.091471374 nan nan
217058210000.0 -0.09212236 nan nan
218592260000.0 -0.09277343 nan nan
220126300000.0 -0.0934245 nan nan
221660170000.0 -0.09407549 nan nan
223194220000.0 -0.09472656 nan nan
224728250000.0 -0.09537763 nan nan
226262120000.0 -0.096028626 nan nan
227796170000.0 -0.096679695 nan nan
229330120000.0 -0.09733073 nan nan
230864080000.0 -0.09798176 nan nan
232398130000.0 -0.09863283 nan nan
233932080000.0 -0.09928385 nan nan
235466030000.0 -0.09993488 nan nan
237000080000.0 -0.10058595 nan nan
238533950000.0 -0.10123695 nan nan
240067990000.0 -0.101888016 nan nan
241602040000.0 -0.102539085 nan nan
243135900000.0 -0.10319008 nan nan
244669960000.0 -0.10384115 nan nan
246203990000.0 -0.10449222 nan nan
247737860000.0 -0.10514321 nan nan
249271910000.0 -0.10579427 nan nan
250805860000.0 -0.106445305 nan nan
252339810000.0 -0.10709634 nan nan
253873860000.0 -0.107747406 nan nan
255407820000.0 -0.10839844 nan nan
256941770000.0 -0.10904947 nan nan
258475820000.0 -0.10970054 nan nan
260009670000.0 -0.11035153 nan nan
261543720000.0 -0.1110026 nan nan
263077770000.0 -0.11165367 nan nan
264611640000.0 -0.11230466 nan nan
266145680000.0 -0.11295573 nan nan
267679730000.0 -0.113606796 nan nan
269213600000.0 -0.11425779 nan nan
270747630000.0 -0.11490886 nan nan
272281600000.0 -0.11555989 nan nan
273815550000.0 -0.11621092 nan nan
275349600000.0 -0.11686199 nan nan
276883540000.0 -0.11751302 nan nan
278417500000.0 -0.118164055 nan nan
279951540000.0 -0.118815124 nan nan
281485400000.0 -0.11946611 nan nan
283019440000.0 -0.12011717 nan nan
284553500000.0 -0.12076825 nan nan
286087380000.0 -0.12141925 nan nan
287621400000.0 -0.12207031 nan nan
289155450000.0 -0.12272138 nan nan
290689320000.0 -0.123372376 nan nan
292223400000.0 -0.12402345 nan nan
293757320000.0 -0.12467448 nan nan
295291300000.0 -0.1253255 nan nan
296825320000.0 -0.12597658 nan nan
298359300000.0 -0.12662761 nan nan
299893230000.0 -0.12727864 nan nan
301427300000.0 -0.12792972 nan nan
302961130000.0 -0.12858069 nan nan
304495200000.0 -0.12923177 nan nan
306029230000.0 -0.12988284 nan nan
307563100000.0 -0.13053383 nan nan
309097140000.0 -0.13118489 nan nan
310631200000.0 -0.13183598 nan nan
312165070000.0 -0.13248697 nan nan
313699100000.0 -0.13313803 nan nan
315233040000.0 -0.13378905 nan nan
316767000000.0 -0.1344401 nan nan
318301040000.0 -0.13509116 nan nan
319835000000.0 -0.13574219 nan nan
321368980000.0 -0.13639323 nan nan
322903000000.0 -0.1370443 nan nan
324436900000.0 -0.13769528 nan nan
325970920000.0 -0.13834634 nan nan
327504950000.0 -0.1389974 nan nan
329038820000.0 -0.13964841 nan nan
330572900000.0 -0.14029948 nan nan
332106920000.0 -0.14095055 nan nan
333640800000.0 -0.14160155 nan nan
335174830000.0 -0.14225261 nan nan
336708900000.0 -0.14290369 nan nan
338242730000.0 -0.14355466 nan nan
339776800000.0 -0.14420575 nan nan
341310830000.0 -0.14485681 nan nan
342844700000.0 -0.1455078 nan nan
344378570000.0 -0.1461588 nan nan
345912800000.0 -0.14680995 nan nan
347446640000.0 -0.14746092 nan nan
348980500000.0 -0.14811192 nan nan
350514740000.0 -0.14876308 nan nan
352048600000.0 -0.14941406 nan nan
353582480000.0 -0.15006506 nan nan
355116700000.0 -0.1507162 nan nan
356650580000.0 -0.1513672 nan nan
358184420000.0 -0.15201817 nan nan
359718650000.0 -0.15266933 nan nan
361252520000.0 -0.15332033 nan nan
362786400000.0 -0.15397131 nan nan
364320420000.0 -0.15462239 nan nan
365854500000.0 -0.15527347 nan nan
367388360000.0 -0.15592445 nan nan
368922400000.0 -0.15657552 nan nan
370456430000.0 -0.15722659 nan nan
371990300000.0 -0.15787758 nan nan
373524330000.0 -0.15852864 nan nan
375058400000.0 -0.15917972 nan nan
376592270000.0 -0.1598307 nan nan
378126300000.0 -0.16048178 nan nan
379660340000.0 -0.16113284 nan nan
381194200000.0 -0.16178384 nan nan
382728240000.0 -0.1624349 nan nan
384262300000.0 -0.16308598 nan nan
385796180000.0 -0.16373697 nan nan
387330050000.0 -0.16438797 nan nan
388864250000.0 -0.1650391 nan nan
390398100000.0 -0.1656901 nan nan
391932000000.0 -0.1663411 nan nan
393466220000.0 -0.16699223 nan nan
395000100000.0 -0.16764323 nan nan
396533960000.0 -0.16829422 nan nan
398068150000.0 -0.16894537 nan nan
399602020000.0 -0.16959636 nan nan
401135900000.0 -0.17024736 nan nan
402669930000.0 -0.17089842 nan nan
404204000000.0 -0.1715495 nan nan
405737870000.0 -0.17220049 nan nan
407271900000.0 -0.17285155 nan nan
408805930000.0 -0.17350262 nan nan
