morphology_data/1d_wa_a0.05_l8r2_00001.ecsv
# %ECSV 1.0
# ---
# datatype:
# - {name: b, datatype: float32}
# - {name: phase, datatype: float32}
# - {name: sigma, datatype: float32}
# - {name: vr, datatype: float32}
# meta: {lambda: 8, rp: 2.0, sep: 0.05, wind: a}
# schema: astropy-2.0
b phase sigma vr
[from data line 770]
38349510000.0 -0.008138019 9.339523e-07 -59562.504
41417420000.0 -0.008789049 7.9698026e-07 -19156.188
44485510000.0 -0.009440118 6.956002e-07 20712.523
47553420000.0 -0.010091149 6.18137e-07 59270.215
50621334000.0 -0.01074218 5.5513976e-07 94996.73
53689420000.0 -0.011393248 5.0439485e-07 125479.07
56757154000.0 -0.012044242 4.6382758e-07 152522.72
59825242000.0 -0.012695311 4.3107613e-07 175365.03
62893330000.0 -0.013346379 4.0310118e-07 195133.58
65961062000.0 -0.013997372 3.7794229e-07 213255.88
69029150000.0 -0.014648439 3.5640159e-07 227951.67
72097240000.0 -0.015299509 3.3847e-07 240812.45
75164975000.0 -0.015950503 3.2538162e-07 249215.48
78233070000.0 -0.016601572 3.112105e-07 257535.47
81300970000.0 -0.017252602 2.9817866e-07 263257.4
84368880000.0 -0.017903633 2.8637015e-07 269697.12
87436980000.0 -0.018554702 2.7556013e-07 275949.72
90504890000.0 -0.019205732 2.6614754e-07 279918.9
93572800000.0 -0.019856764 2.575865e-07 281525.3
96640885000.0 -0.020507833 2.4959718e-07 281333.88
99708620000.0 -0.021158826 2.4256596e-07 280923.53
102776710000.0 -0.021809895 2.3607602e-07 280129.75
105844800000.0 -0.022460962 2.2994489e-07 279100.56
108912530000.0 -0.023111956 2.2427682e-07 277844.5
111980620000.0 -0.023763025 2.1903708e-07 276374.28
115048710000.0 -0.024414092 2.1400771e-07 274133.4
118116440000.0 -0.025065087 2.0944292e-07 270519.88
121184530000.0 -0.025716154 2.0500407e-07 266259.3
124252440000.0 -0.026367186 2.0061101e-07 261845.05
127320350000.0 -0.027018217 1.9669451e-07 256368.52
130388440000.0 -0.027669284 1.931037e-07 249891.52
133456355000.0 -0.028320316 1.8949791e-07 243193.17
136524260000.0 -0.028971346 1.8613494e-07 236208.86
139592350000.0 -0.029622415 1.8312e-07 229307.12
142660100000.0 -0.030273411 1.8015345e-07 222202.48
145728180000.0 -0.030924477 1.7741456e-07 214093.08
148796260000.0 -0.031575546 1.7300331e-07 190644.78
151864000000.0 -0.03222654 1.7070354e-07 182917.67
154932080000.0 -0.03287761 1.6858021e-07 175378.81
158000170000.0 -0.033528678 1.6666817e-07 168060.38
161067910000.0 -0.03417967 1.6488006e-07 161271.56
164136000000.0 -0.034830738 1.6313061e-07 155368.08
167203910000.0 -0.035481773 1.6143285e-07 149833.56
170271820000.0 -0.0361328 1.5984023e-07 144189.1
173339900000.0 -0.03678387 1.5834917e-07 138279.22
176407820000.0 -0.0374349 1.5696575e-07 131564.42
179475730000.0 -0.03808593 1.5570755e-07 123743.43
182543810000.0 -0.038736995 1.5454475e-07 114663.32
185611550000.0 -0.039387994 1.5344973e-07 104696.73
188679630000.0 -0.040039062 1.5240622e-07 93278.25
191747740000.0 -0.04069013 1.514265e-07 81611.82
194815460000.0 -0.041341122 1.5025054e-07 65194.098
197883540000.0 -0.04199219 1.4939522e-07 75802.0
200951640000.0 -0.04264326 1.4939522e-07 75802.0
204019370000.0 -0.043294255 1.4841828e-07 42533.297
207087470000.0 -0.043945324 1.4841828e-07 42533.297
210155370000.0 -0.04459635 1.4763691e-07 8467.517
213223280000.0 -0.045247383 1.4763691e-07 8467.517
216291380000.0 -0.045898452 1.4698051e-07 -25949.238
219359280000.0 -0.046549484 1.4698051e-07 -25949.238
222427190000.0 -0.047200516 1.4647595e-07 -60476.656
225495290000.0 -0.047851585 1.4647595e-07 -60476.656
228563010000.0 -0.048502576 1.4611946e-07 -94040.34
231631110000.0 -0.049153645 1.4611946e-07 -94040.34
234699200000.0 -0.049804714 1.4589229e-07 -126136.67
237766920000.0 -0.050455708 1.4589229e-07 -126136.67
240835020000.0 -0.051106777 1.4572547e-07 -157661.34
243903100000.0 -0.051757842 1.4572547e-07 -157661.34
246970840000.0 -0.052408837 1.4565138e-07 -189533.23
250038930000.0 -0.053059906 1.4565138e-07 -189533.23
253106830000.0 -0.053710938 1.4570696e-07 -220729.02
256174750000.0 -0.05436197 1.4570696e-07 -220729.02
259242840000.0 -0.055013034 1.459073e-07 -250388.27
262310740000.0 -0.055664066 1.459073e-07 -250388.27
265378660000.0 -0.056315098 1.4629487e-07 -279642.12
268446740000.0 -0.056966167 1.4629487e-07 -279642.12
271514480000.0 -0.057617158 1.4688034e-07 -309052.25
274582570000.0 -0.058268227 1.4688034e-07 -309052.25
277650670000.0 -0.058919296 1.4763707e-07 -338549.06
280718380000.0 -0.059570286 1.4763707e-07 -338549.06
283786480000.0 -0.06022136 1.4853121e-07 -366671.53
286854580000.0 -0.060872428 1.4853121e-07 -366671.53
289922320000.0 -0.061523426 1.4942286e-07 -394097.84
292990400000.0 -0.062174488 1.4942286e-07 -394097.84
296058300000.0 -0.062825516 1.5023625e-07 -421116.8
299126230000.0 -0.063476555 1.5023625e-07 -421116.8
302194300000.0 -0.06412762 1.5104905e-07 -449008.6
305262200000.0 -0.06477865 1.5104905e-07 -449008.6
308330140000.0 -0.06542969 1.5191236e-07 -476954.9
311398200000.0 -0.06608075 1.5191236e-07 -476954.9
314465940000.0 -0.06673174 1.5283393e-07 -503426.03
317534040000.0 -0.06738281 1.5283393e-07 -503426.03
320602100000.0 -0.068033874 1.537374e-07 -529684.8
323669850000.0 -0.068684876 1.537374e-07 -529684.8
326737950000.0 -0.069335945 1.5456857e-07 -556570.7
329806020000.0 -0.06998701 1.5456857e-07 -556570.7
332873760000.0 -0.070638 1.5531603e-07 -584465.4
335941860000.0 -0.07128907 1.5531603e-07 -584465.4
339009770000.0 -0.0719401 1.5603231e-07 -612341.1
342077670000.0 -0.07259113 1.5603231e-07 -612341.1
345145770000.0 -0.0732422 1.5666011e-07 -639194.25
348213670000.0 -0.073893234 1.5666011e-07 -639194.25
351281580000.0 -0.07454426 1.5722375e-07 -665480.3
354349680000.0 -0.075195335 1.5722375e-07 -665480.3
357417420000.0 -0.07584633 1.5783542e-07 -691487.2
360485500000.0 -0.07649739 1.5783542e-07 -691487.2
363553600000.0 -0.07714847 1.5843968e-07 -717681.25
366621330000.0 -0.077799454 1.5843968e-07 -717681.25
369689400000.0 -0.07845052 1.5892384e-07 -743867.94
372757500000.0 -0.07910159 1.5892384e-07 -743867.94
375825240000.0 -0.07975259 1.59367e-07 -769602.2
378893340000.0 -0.080403656 1.59367e-07 -769602.2
381961240000.0 -0.08105469 1.5950215e-07 -794241.56
385029140000.0 -0.08170572 1.5950215e-07 -794241.56
388097250000.0 -0.08235679 1.5998467e-07 -821466.5
391165150000.0 -0.08300782 1.5998467e-07 -821466.5
394233050000.0 -0.08365885 1.5295701e-07 -850355.6
397301150000.0 -0.08430992 1.5295701e-07 -850355.6
400368860000.0 -0.08496091 1.5295701e-07 -850355.6
403436960000.0 -0.08561198 1.5295701e-07 -850355.6
406505060000.0 -0.086263046 1.504634e-07 -897625.2
409572800000.0 -0.08691404 1.504634e-07 -897625.2
412640870000.0 -0.08756511 1.504634e-07 -897625.2
415708770000.0 -0.08821614 1.504634e-07 -897625.2
418776700000.0 -0.08886717 1.4801e-07 -942574.4
421844780000.0 -0.08951824 1.4801e-07 -942574.4
424912680000.0 -0.09016927 1.4801e-07 -942574.4
427980620000.0 -0.090820305 1.4801e-07 -942574.4
431048700000.0 -0.091471374 1.4560813e-07 -984933.25
434116430000.0 -0.09212236 1.4560813e-07 -984933.25
437184530000.0 -0.09277343 1.4560813e-07 -984933.25
440252600000.0 -0.0934245 1.4560813e-07 -984933.25
443320340000.0 -0.09407549 1.4320752e-07 -1023409.9
446388440000.0 -0.09472656 1.4320752e-07 -1023409.9
449456500000.0 -0.09537763 1.4320752e-07 -1023409.9
452524240000.0 -0.096028626 1.4320752e-07 -1023409.9
455592350000.0 -0.096679695 1.403519e-07 -1059616.2
458660250000.0 -0.09733073 1.403519e-07 -1059616.2
461728150000.0 -0.09798176 1.403519e-07 -1059616.2
464796250000.0 -0.09863283 1.403519e-07 -1059616.2
467864160000.0 -0.09928385 1.3714134e-07 -1095240.9
470932060000.0 -0.09993488 1.3714134e-07 -1095240.9
474000160000.0 -0.10058595 1.3714134e-07 -1095240.9
477067900000.0 -0.10123695 1.3714134e-07 -1095240.9
480135970000.0 -0.101888016 1.3403027e-07 -1128378.6
483204070000.0 -0.102539085 1.3403027e-07 -1128378.6
486271800000.0 -0.10319008 1.3403027e-07 -1128378.6
489339900000.0 -0.10384115 1.3403027e-07 -1128378.6
492407980000.0 -0.10449222 1.309754e-07 -1158734.5
495475720000.0 -0.10514321 1.309754e-07 -1158734.5
498543820000.0 -0.10579427 1.309754e-07 -1158734.5
501611720000.0 -0.106445305 1.309754e-07 -1158734.5
504679630000.0 -0.10709634 1.2795797e-07 -1187094.0
507747730000.0 -0.107747406 1.2795797e-07 -1187094.0
510815630000.0 -0.10839844 1.2795797e-07 -1187094.0
513883540000.0 -0.10904947 1.2795797e-07 -1187094.0
516951640000.0 -0.10970054 1.2487601e-07 -1214332.6
520019350000.0 -0.11035153 1.2487601e-07 -1214332.6
523087450000.0 -0.1110026 1.2487601e-07 -1214332.6
526155550000.0 -0.11165367 1.2487601e-07 -1214332.6
529223300000.0 -0.11230466 1.218064e-07 -1239365.8
532291350000.0 -0.11295573 1.218064e-07 -1239365.8
535359460000.0 -0.113606796 1.218064e-07 -1239365.8
538427200000.0 -0.11425779 1.218064e-07 -1239365.8
541495260000.0 -0.11490886 1.18905376e-07 -1261650.1
544563200000.0 -0.11555989 1.18905376e-07 -1261650.1
547631100000.0 -0.11621092 1.18905376e-07 -1261650.1
550699200000.0 -0.11686199 1.18905376e-07 -1261650.1
553767100000.0 -0.11751302 1.1614695e-07 -1281449.8
556835000000.0 -0.118164055 1.1614695e-07 -1281449.8
559903100000.0 -0.118815124 1.1614695e-07 -1281449.8
562970800000.0 -0.11946611 1.1614695e-07 -1281449.8
566038900000.0 -0.12011717 1.135513e-07 -1299483.6
569107000000.0 -0.12076825 1.135513e-07 -1299483.6
572174760000.0 -0.12141925 1.135513e-07 -1299483.6
575242800000.0 -0.12207031 1.135513e-07 -1299483.6
578310900000.0 -0.12272138 1.1097612e-07 -1316599.4
581378640000.0 -0.123372376 1.1097612e-07 -1316599.4
584446800000.0 -0.12402345 1.1097612e-07 -1316599.4
587514640000.0 -0.12467448 1.1097612e-07 -1316599.4
590582600000.0 -0.1253255 1.08260934e-07 -1333290.5
593650650000.0 -0.12597658 1.08260934e-07 -1333290.5
596718600000.0 -0.12662761 1.08260934e-07 -1333290.5
599786460000.0 -0.12727864 1.08260934e-07 -1333290.5
602854600000.0 -0.12792972 1.0524039e-07 -1350222.1
605922260000.0 -0.12858069 1.0524039e-07 -1350222.1
608990400000.0 -0.12923177 1.0524039e-07 -1350222.1
612058460000.0 -0.12988284 1.0524039e-07 -1350222.1
615126200000.0 -0.13053383 1.01847334e-07 -1367568.4
618194300000.0 -0.13118489 1.01847334e-07 -1367568.4
621262400000.0 -0.13183598 1.01847334e-07 -1367568.4
624330150000.0 -0.13248697 1.01847334e-07 -1367568.4
627398200000.0 -0.13313803 9.818058e-08 -1384975.1
630466100000.0 -0.13378905 9.818058e-08 -1384975.1
633534000000.0 -0.1344401 9.818058e-08 -1384975.1
636602100000.0 -0.13509116 9.818058e-08 -1384975.1
639670000000.0 -0.13574219 9.436575e-08 -1401873.1
642737960000.0 -0.13639323 9.436575e-08 -1401873.1
645806000000.0 -0.1370443 9.436575e-08 -1401873.1
648873800000.0 -0.13769528 9.436575e-08 -1401873.1
651941840000.0 -0.13834634 9.043427e-08 -1417999.9
655009900000.0 -0.1389974 9.043427e-08 -1417999.9
658077650000.0 -0.13964841 9.043427e-08 -1417999.9
661145800000.0 -0.14029948 9.043427e-08 -1417999.9
664213850000.0 -0.14095055 8.6444814e-08 -1433214.6
667281600000.0 -0.14160155 8.6444814e-08 -1433214.6
670349660000.0 -0.14225261 8.6444814e-08 -1433214.6
673417800000.0 -0.14290369 8.6444814e-08 -1433214.6
676485460000.0 -0.14355466 8.232556e-08 -1447738.8
679553600000.0 -0.14420575 8.232556e-08 -1447738.8
682621670000.0 -0.14485681 8.232556e-08 -1447738.8
685689400000.0 -0.1455078 8.232556e-08 -1447738.8
688757150000.0 -0.1461588 7.786032e-08 -1462014.8
691825600000.0 -0.14680995 7.786032e-08 -1462014.8
694893300000.0 -0.14746092 7.786032e-08 -1462014.8
697961000000.0 -0.14811192 7.786032e-08 -1462014.8
701029500000.0 -0.14876308 7.30587e-08 -1475757.4
704097200000.0 -0.14941406 7.30587e-08 -1475757.4
707164960000.0 -0.15006506 7.30587e-08 -1475757.4
710233400000.0 -0.1507162 7.30587e-08 -1475757.4
713301160000.0 -0.1513672 6.774947e-08 -1488078.1
716368840000.0 -0.15201817 6.774947e-08 -1488078.1
719437300000.0 -0.15266933 6.774947e-08 -1488078.1
722505040000.0 -0.15332033 6.774947e-08 -1488078.1
725572800000.0 -0.15397131 6.196396e-08 -1498331.1
728640850000.0 -0.15462239 6.196396e-08 -1498331.1
731709000000.0 -0.15527347 6.196396e-08 -1498331.1
734776700000.0 -0.15592445 6.196396e-08 -1498331.1
737844800000.0 -0.15657552 5.57832e-08 -1506703.9
740912860000.0 -0.15722659 5.57832e-08 -1506703.9
743980600000.0 -0.15787758 5.57832e-08 -1506703.9
747048670000.0 -0.15852864 5.57832e-08 -1506703.9
750116800000.0 -0.15917972 4.922808e-08 -1513072.4
753184540000.0 -0.1598307 4.922808e-08 -1513072.4
756252600000.0 -0.16048178 4.922808e-08 -1513072.4
759320700000.0 -0.16113284 4.922808e-08 -1513072.4
762388400000.0 -0.16178384 4.255058e-08 -1516979.1
765456500000.0 -0.1624349 4.255058e-08 -1516979.1
768524600000.0 -0.16308598 4.255058e-08 -1516979.1
771592360000.0 -0.16373697 4.255058e-08 -1516979.1
774660100000.0 -0.16438797 3.6008963e-08 -1519564.4
777728500000.0 -0.1650391 3.6008963e-08 -1519564.4
780796200000.0 -0.1656901 3.6008963e-08 -1519564.4
783864000000.0 -0.1663411 3.6008963e-08 -1519564.4
786932430000.0 -0.16699223 2.9820914e-08 -1521389.9
790000200000.0 -0.16764323 2.9820914e-08 -1521389.9
793067900000.0 -0.16829422 2.9820914e-08 -1521389.9
796136300000.0 -0.16894537 2.9820914e-08 -1521389.9
799204050000.0 -0.16959636 2.4169228e-08 -1522181.4
802271800000.0 -0.17024736 2.4169228e-08 -1522181.4
805339860000.0 -0.17089842 2.4169228e-08 -1522181.4
808408000000.0 -0.1715495 2.4169228e-08 -1522181.4
811475700000.0 -0.17220049 1.9202606e-08 -1521050.2
814543800000.0 -0.17285155 1.9202606e-08 -1521050.2
817611870000.0 -0.17350262 1.9202606e-08 -1521050.2
820679600000.0 -0.17415361 1.9202606e-08 -1521050.2
823747740000.0 -0.17480469 1.4985652e-08 -1514181.5
826815800000.0 -0.17545575 1.4985652e-08 -1514181.5
829883550000.0 -0.17610675 1.4985652e-08 -1514181.5
832951600000.0 -0.17675781 1.4985652e-08 -1514181.5
836019700000.0 -0.17740889 1.149529e-08 -1498196.0
839087400000.0 -0.17805988 1.149529e-08 -1498196.0
842155560000.0 -0.17871095 1.149529e-08 -1498196.0
845223600000.0 -0.17936201 1.149529e-08 -1498196.0
848291360000.0 -0.180013 8.656426e-09 -1478390.8
851359100000.0 -0.180664 8.656426e-09 -1478390.8
854427500000.0 -0.18131514 8.656426e-09 -1478390.8
857495240000.0 -0.18196614 8.656426e-09 -1478390.8
860563000000.0 -0.18261713 6.3865735e-09 -1463001.8
863631440000.0 -0.18326828 6.3865735e-09 -1463001.8
866699200000.0 -0.18391927 6.3865735e-09 -1463001.8
869766900000.0 -0.18457027 6.3865735e-09 -1463001.8
872835400000.0 -0.1852214 4.607956e-09 -1456819.1
875903060000.0 -0.1858724 4.607956e-09 -1456819.1
878970800000.0 -0.1865234 4.607956e-09 -1456819.1
882039260000.0 -0.18717454 4.607956e-09 -1456819.1
885107000000.0 -0.18782553 3.2494227e-09 -1460038.5
888174740000.0 -0.18847652 3.2494227e-09 -1460038.5
891242800000.0 -0.1891276 3.2494227e-09 -1460038.5
894310900000.0 -0.18977866 3.2494227e-09 -1460038.5
897378600000.0 -0.19042966 2.2388056e-09 -1466313.9
900446750000.0 -0.19108072 2.2388056e-09 -1466313.9
903514800000.0 -0.1917318 2.2388056e-09 -1466313.9
906582560000.0 -0.19238278 2.2388056e-09 -1466313.9
909650600000.0 -0.19303386 1.4958931e-09 -1454655.5
912718760000.0 -0.19368492 1.4958931e-09 -1454655.5
915786400000.0 -0.19433591 1.4958931e-09 -1454655.5
918854570000.0 -0.19498698 1.4958931e-09 -1454655.5
921922630000.0 -0.19563805 9.619129e-10 -1435378.1
924990400000.0 -0.19628905 9.619129e-10 -1435378.1
928058440000.0 -0.19694011 9.619129e-10 -1435378.1
931126600000.0 -0.19759119 9.619129e-10 -1435378.1
934194300000.0 -0.19824217 5.9396e-10 -1414544.5
937262000000.0 -0.19889317 5.9396e-10 -1414544.5
940330450000.0 -0.19954431 5.9396e-10 -1414544.5
943398200000.0 -0.20019531 5.9396e-10 -1414544.5
946465900000.0 -0.2008463 3.528529e-10 -1389355.9
949534400000.0 -0.20149745 3.528529e-10 -1389355.9
952602100000.0 -0.20214844 3.528529e-10 -1389355.9
955669800000.0 -0.20279942 3.528529e-10 -1389355.9
958738300000.0 -0.20345058 2.0237874e-10 -1359358.0
961806000000.0 -0.20410156 2.0237874e-10 -1359358.0
964873750000.0 -0.20475256 2.0237874e-10 -1359358.0
967942200000.0 -0.2054037 2.0237874e-10 -1359358.0
971009950000.0 -0.2060547 1.12523935e-10 -1332192.0
974077700000.0 -0.20670569 1.12523935e-10 -1332192.0
977145760000.0 -0.20735677 1.12523935e-10 -1332192.0
980213800000.0 -0.20800783 1.12523935e-10 -1332192.0
983281570000.0 -0.20865881 6.1122336e-11 -1312521.8
986349630000.0 -0.20930989 6.1122336e-11 -1312521.8
