morphology_data/1d_wc_a0.025_l2r1_00001.ecsv
# %ECSV 1.0
# ---
# datatype:
# - {name: b, datatype: float32}
# - {name: phase, datatype: float32}
# - {name: sigma, datatype: float32}
# - {name: vr, datatype: float32}
# meta: {lambda: 2, rp: 1.0, sep: 0.025, wind: c}
# schema: astropy-2.0
b phase sigma vr
[from data line 635]
-203252530000.0 0.086263046 7.9698137e-10 778107.0
-201718480000.0 0.08561198 8.407684e-10 423912.75
-200184430000.0 0.08496091 8.407684e-10 423912.75
-198650580000.0 0.08430992 8.407684e-10 423912.75
-197116530000.0 0.08365885 8.407684e-10 423912.75
-195582570000.0 0.08300782 8.090515e-10 219916.64
-194048620000.0 0.08235679 8.090515e-10 219916.64
-192514570000.0 0.08170572 8.211999e-10 -133887.73
-190980620000.0 0.08105469 8.211999e-10 -133887.73
-189446670000.0 0.080403656 7.134916e-10 -704171.1
-187912620000.0 0.07975259 7.134916e-10 -704171.1
-186378750000.0 0.07910159 5.6489824e-10 -585054.56
-184844700000.0 0.07845052 5.6489824e-10 -585054.56
-183310660000.0 0.077799454 5.4849963e-10 -103032.195
-181776800000.0 0.07714847 5.4849963e-10 -103032.195
-180242740000.0 0.07649739 5.686962e-10 118124.88
-178708710000.0 0.07584633 5.686962e-10 118124.88
-177174840000.0 0.075195335 5.884708e-10 139753.88
-175640790000.0 0.07454426 5.884708e-10 139753.88
-174106840000.0 0.073893234 6.0313793e-10 -59700.36
-172572880000.0 0.0732422 6.0313793e-10 -59700.36
-171038830000.0 0.07259113 6.077225e-10 -475531.8
-169504880000.0 0.0719401 6.077225e-10 -475531.8
-167970930000.0 0.07128907 6.0837235e-10 -955783.2
-166436880000.0 0.070638 6.0837235e-10 -955783.2
-164903010000.0 0.06998701 6.1927824e-10 -1257385.4
-163368980000.0 0.069335945 6.1927824e-10 -1257385.4
-161834930000.0 0.068684876 6.377755e-10 -1241915.9
-160301060000.0 0.068033874 6.377755e-10 -1241915.9
-158767020000.0 0.06738281 6.65574e-10 -1047533.1
-157232970000.0 0.06673174 6.65574e-10 -1047533.1
-155699100000.0 0.06608075 6.9747996e-10 -866424.0
-154165070000.0 0.06542969 6.9747996e-10 -866424.0
-152631100000.0 0.06477865 7.6746254e-10 -748644.56
-151097150000.0 0.06412762 7.6746254e-10 -748644.56
-149563110000.0 0.063476555 8.7980906e-10 -623945.3
-148029150000.0 0.062825516 8.7980906e-10 -623945.3
-146495200000.0 0.062174488 9.789305e-10 -458614.97
-144961160000.0 0.061523426 1.0531397e-09 -442782.3
-143427290000.0 0.060872428 1.1272254e-09 -415081.16
-141893240000.0 0.06022136 1.199041e-09 -398333.22
-140359190000.0 0.059570286 1.2714682e-09 -388436.2
-138825330000.0 0.058919296 1.3391229e-09 -380955.88
-137291284000.0 0.058268227 1.4091843e-09 -382944.66
-135757240000.0 0.057617158 1.4843082e-09 -388650.8
-134223370000.0 0.056966167 1.5663257e-09 -381196.94
-132689330000.0 0.056315098 1.6697831e-09 -350491.7
-131155370000.0 0.055664066 1.7925872e-09 -296707.44
-129621420000.0 0.055013034 1.9451993e-09 -231111.42
-128087376000.0 0.05436197 2.115979e-09 -161581.73
-126553416000.0 0.053710938 2.287025e-09 -88494.58
-125019460000.0 0.053059906 2.4414237e-09 -12897.59
-123485420000.0 0.052408837 2.573438e-09 59518.05
-121951550000.0 0.051757842 2.6769325e-09 132838.52
-120417510000.0 0.051106777 2.751867e-09 202681.45
-118883460000.0 0.050455708 2.802421e-09 265178.5
-117349600000.0 0.049804714 2.8371676e-09 311592.9
-115815555000.0 0.049153645 2.8586644e-09 341042.12
-114281505000.0 0.048502576 2.8741132e-09 343137.5
-112747640000.0 0.047851585 2.8730636e-09 324516.6
-111213590000.0 0.047200516 2.8590494e-09 286049.94
-109679640000.0 0.046549484 2.8380187e-09 236978.06
-108145690000.0 0.045898452 2.8031855e-09 179380.52
-106611640000.0 0.045247383 2.7663896e-09 131037.055
-105077690000.0 0.04459635 2.7237204e-09 100575.9
-103543734000.0 0.043945324 2.6738212e-09 90392.42
-102009680000.0 0.043294255 2.5814244e-09 100331.77
-100475820000.0 0.04264326 2.4636095e-09 127651.31
-98941770000.0 0.04199219 2.3773785e-09 163325.16
-97407730000.0 0.041341122 2.3447568e-09 214970.8
-95873870000.0 0.04069013 2.3606317e-09 276845.25
-94339820000.0 0.040039062 2.432155e-09 349025.66
-92805775000.0 0.039387994 2.5634042e-09 427417.34
-91271905000.0 0.038736995 2.7409452e-09 515288.28
-89737860000.0 0.03808593 2.956225e-09 594385.06
-88203910000.0 0.0374349 3.0993648e-09 620459.4
-86669950000.0 0.03678387 3.1254643e-09 598339.9
-85135910000.0 0.0361328 3.084793e-09 561529.2
-83601960000.0 0.035481773 3.0663663e-09 541833.9
-82068000000.0 0.034830738 3.1219176e-09 579894.25
-80533955000.0 0.03417967 3.2153753e-09 657462.44
-79000084000.0 0.033528678 3.327494e-09 725376.5
-77466040000.0 0.03287761 3.4019694e-09 689282.1
-75932000000.0 0.03222654 3.502906e-09 621001.44
-74398130000.0 0.031575546 3.697384e-09 600286.8
-72864090000.0 0.030924477 3.816572e-09 594252.75
-71330050000.0 0.030273411 4.1174486e-09 531082.25
-69796176000.0 0.029622415 4.3828243e-09 473916.25
-68262130000.0 0.028971346 4.661236e-09 460611.72
-66728178000.0 0.028320316 4.9881566e-09 579295.06
-65194220000.0 0.027669284 5.528294e-09 832028.25
-63660175000.0 0.027018217 6.0035994e-09 1007209.1
-62126220000.0 0.026367186 6.8792048e-09 1180983.4
-60592263000.0 0.025716154 8.037285e-09 1349373.9
-59058220000.0 0.025065087 8.457352e-09 1328466.8
-57524355000.0 0.024414092 7.896105e-09 1108597.5
-55990310000.0 0.023763025 7.511542e-09 905302.44
-54456267000.0 0.023111956 7.602013e-09 803808.4
-52922400000.0 0.022460962 7.69016e-09 693616.9
-51388355000.0 0.021809895 7.552482e-09 563399.7
-49854310000.0 0.021158826 7.3962756e-09 443144.56
-48320442000.0 0.020507833 7.2762307e-09 352620.12
-46786400000.0 0.019856764 7.2794e-09 277893.88
-45252444000.0 0.019205732 7.2822943e-09 221951.72
-43718490000.0 0.018554702 7.3132873e-09 173138.75
-42184440000.0 0.017903633 7.3571282e-09 124068.98
-40650486000.0 0.017252602 7.3983673e-09 72659.17
-39116534000.0 0.016601572 7.467857e-09 27643.129
-37582488000.0 0.015950503 7.501899e-09 -13976.905
-36048620000.0 0.015299509 7.3160074e-09 -59788.098
-34514575000.0 0.014648439 7.276568e-09 -81651.375
-32980531000.0 0.013997372 7.3195423e-09 -103030.44
-31446665000.0 0.013346379 7.379998e-09 -131356.9
-29912621000.0 0.012695311 7.604569e-09 -128490.52
-28378577000.0 0.012044242 8.133984e-09 -114362.19
-26844710000.0 0.011393248 8.3322576e-09 -124459.18
-25310667000.0 0.01074218 8.395328e-09 -145694.23
-23776710000.0 0.010091149 8.407708e-09 -185166.84
-22242755000.0 0.009440118 8.4388265e-09 -213341.88
-20708710000.0 0.008789049 8.455062e-09 -224760.38
-19174754000.0 0.008138019 8.7105e-09 -209676.77
-17640800000.0 0.0074869874 8.917828e-09 -214240.27
-16106755000.0 0.006835919 9.2187e-09 -237553.03
-14572889000.0 0.006184926 9.5606545e-09 -250735.86
-13038844000.0 0.0055338573 9.785603e-09 -280015.6
-11504800000.0 0.0048827888 1.0346469e-08 -284096.4
-9970934000.0 0.0042317957 1.0980404e-08 -272965.9
-8436888600.0 0.0035807267 1.1980163e-08 -261029.34
8436888600.0 -0.0035807267 1.0331931e-08 -518429.78
9970934000.0 -0.0042317957 5.475793e-09 -774359.3
11504800000.0 -0.0048827888 nan nan
13038844000.0 -0.0055338573 nan nan
14572889000.0 -0.006184926 nan nan
16106755000.0 -0.006835919 nan nan
17640800000.0 -0.0074869874 nan nan
19174754000.0 -0.008138019 nan nan
20708710000.0 -0.008789049 nan nan
22242755000.0 -0.009440118 nan nan
23776710000.0 -0.010091149 nan nan
25310667000.0 -0.01074218 nan nan
26844710000.0 -0.011393248 nan nan
28378577000.0 -0.012044242 nan nan
29912621000.0 -0.012695311 nan nan
31446665000.0 -0.013346379 nan nan
32980531000.0 -0.013997372 nan nan
34514575000.0 -0.014648439 nan nan
36048620000.0 -0.015299509 nan nan
37582488000.0 -0.015950503 nan nan
39116534000.0 -0.016601572 nan nan
40650486000.0 -0.017252602 nan nan
42184440000.0 -0.017903633 nan nan
43718490000.0 -0.018554702 nan nan
45252444000.0 -0.019205732 nan nan
46786400000.0 -0.019856764 nan nan
48320442000.0 -0.020507833 nan nan
49854310000.0 -0.021158826 nan nan
51388355000.0 -0.021809895 nan nan
52922400000.0 -0.022460962 nan nan
54456267000.0 -0.023111956 nan nan
55990310000.0 -0.023763025 nan nan
57524355000.0 -0.024414092 nan nan
59058220000.0 -0.025065087 nan nan
60592263000.0 -0.025716154 nan nan
62126220000.0 -0.026367186 nan nan
63660175000.0 -0.027018217 nan nan
65194220000.0 -0.027669284 nan nan
66728178000.0 -0.028320316 nan nan
68262130000.0 -0.028971346 nan nan
69796176000.0 -0.029622415 nan nan
71330050000.0 -0.030273411 nan nan
72864090000.0 -0.030924477 nan nan
74398130000.0 -0.031575546 nan nan
75932000000.0 -0.03222654 nan nan
77466040000.0 -0.03287761 nan nan
79000084000.0 -0.033528678 nan nan
80533955000.0 -0.03417967 nan nan
82068000000.0 -0.034830738 nan nan
83601960000.0 -0.035481773 nan nan
85135910000.0 -0.0361328 nan nan
86669950000.0 -0.03678387 nan nan
88203910000.0 -0.0374349 nan nan
89737860000.0 -0.03808593 nan nan
91271905000.0 -0.038736995 nan nan
92805775000.0 -0.039387994 nan nan
94339820000.0 -0.040039062 nan nan
95873870000.0 -0.04069013 nan nan
97407730000.0 -0.041341122 nan nan
98941770000.0 -0.04199219 nan nan
100475820000.0 -0.04264326 nan nan
102009680000.0 -0.043294255 nan nan
103543734000.0 -0.043945324 nan nan
105077690000.0 -0.04459635 nan nan
106611640000.0 -0.045247383 nan nan
108145690000.0 -0.045898452 nan nan
109679640000.0 -0.046549484 nan nan
111213590000.0 -0.047200516 nan nan
112747640000.0 -0.047851585 nan nan
114281505000.0 -0.048502576 nan nan
115815555000.0 -0.049153645 nan nan
117349600000.0 -0.049804714 nan nan
118883460000.0 -0.050455708 nan nan
120417510000.0 -0.051106777 nan nan
121951550000.0 -0.051757842 nan nan
123485420000.0 -0.052408837 nan nan
125019460000.0 -0.053059906 nan nan
126553416000.0 -0.053710938 nan nan
128087376000.0 -0.05436197 nan nan
129621420000.0 -0.055013034 nan nan
131155370000.0 -0.055664066 nan nan
132689330000.0 -0.056315098 nan nan
134223370000.0 -0.056966167 nan nan
135757240000.0 -0.057617158 nan nan
137291284000.0 -0.058268227 nan nan
138825330000.0 -0.058919296 nan nan
140359190000.0 -0.059570286 nan nan
141893240000.0 -0.06022136 nan nan
143427290000.0 -0.060872428 nan nan
144961160000.0 -0.061523426 nan nan
146495200000.0 -0.062174488 nan nan
148029150000.0 -0.062825516 nan nan
149563110000.0 -0.063476555 nan nan
151097150000.0 -0.06412762 nan nan
152631100000.0 -0.06477865 nan nan
154165070000.0 -0.06542969 nan nan
155699100000.0 -0.06608075 nan nan
157232970000.0 -0.06673174 nan nan
158767020000.0 -0.06738281 nan nan
160301060000.0 -0.068033874 nan nan
161834930000.0 -0.068684876 nan nan
163368980000.0 -0.069335945 nan nan
164903010000.0 -0.06998701 nan nan
166436880000.0 -0.070638 nan nan
167970930000.0 -0.07128907 nan nan
169504880000.0 -0.0719401 nan nan
171038830000.0 -0.07259113 nan nan
172572880000.0 -0.0732422 nan nan
174106840000.0 -0.073893234 nan nan
175640790000.0 -0.07454426 nan nan
177174840000.0 -0.075195335 nan nan
178708710000.0 -0.07584633 nan nan
180242740000.0 -0.07649739 nan nan
181776800000.0 -0.07714847 nan nan
183310660000.0 -0.077799454 nan nan
184844700000.0 -0.07845052 nan nan
186378750000.0 -0.07910159 nan nan
187912620000.0 -0.07975259 nan nan
189446670000.0 -0.080403656 nan nan
190980620000.0 -0.08105469 nan nan
192514570000.0 -0.08170572 nan nan
194048620000.0 -0.08235679 nan nan
195582570000.0 -0.08300782 nan nan
197116530000.0 -0.08365885 nan nan
198650580000.0 -0.08430992 nan nan
200184430000.0 -0.08496091 nan nan
201718480000.0 -0.08561198 nan nan
203252530000.0 -0.086263046 nan nan
204786400000.0 -0.08691404 nan nan
206320440000.0 -0.08756511 nan nan
207854390000.0 -0.08821614 nan nan
209388360000.0 -0.08886717 nan nan
210922390000.0 -0.08951824 nan nan
212456340000.0 -0.09016927 nan nan
213990310000.0 -0.090820305 nan nan
215524340000.0 -0.091471374 nan nan
217058210000.0 -0.09212236 nan nan
218592260000.0 -0.09277343 nan nan
220126300000.0 -0.0934245 nan nan
221660170000.0 -0.09407549 nan nan
223194220000.0 -0.09472656 nan nan
224728250000.0 -0.09537763 nan nan
226262120000.0 -0.096028626 nan nan
227796170000.0 -0.096679695 nan nan
229330120000.0 -0.09733073 nan nan
230864080000.0 -0.09798176 nan nan
232398130000.0 -0.09863283 nan nan
233932080000.0 -0.09928385 nan nan
235466030000.0 -0.09993488 nan nan
237000080000.0 -0.10058595 nan nan
238533950000.0 -0.10123695 nan nan
240067990000.0 -0.101888016 nan nan
241602040000.0 -0.102539085 nan nan
243135900000.0 -0.10319008 nan nan
244669960000.0 -0.10384115 nan nan
246203990000.0 -0.10449222 nan nan
247737860000.0 -0.10514321 nan nan
249271910000.0 -0.10579427 nan nan
250805860000.0 -0.106445305 nan nan
252339810000.0 -0.10709634 nan nan
253873860000.0 -0.107747406 nan nan
255407820000.0 -0.10839844 nan nan
256941770000.0 -0.10904947 nan nan
258475820000.0 -0.10970054 nan nan
260009670000.0 -0.11035153 nan nan
261543720000.0 -0.1110026 nan nan
263077770000.0 -0.11165367 nan nan
264611640000.0 -0.11230466 nan nan
266145680000.0 -0.11295573 nan nan
267679730000.0 -0.113606796 nan nan
269213600000.0 -0.11425779 nan nan
270747630000.0 -0.11490886 nan nan
272281600000.0 -0.11555989 nan nan
273815550000.0 -0.11621092 nan nan
275349600000.0 -0.11686199 nan nan
276883540000.0 -0.11751302 nan nan
278417500000.0 -0.118164055 nan nan
279951540000.0 -0.118815124 nan nan
281485400000.0 -0.11946611 nan nan
283019440000.0 -0.12011717 nan nan
284553500000.0 -0.12076825 nan nan
286087380000.0 -0.12141925 nan nan
287621400000.0 -0.12207031 nan nan
289155450000.0 -0.12272138 nan nan
290689320000.0 -0.123372376 nan nan
292223400000.0 -0.12402345 nan nan
293757320000.0 -0.12467448 nan nan
295291300000.0 -0.1253255 nan nan
296825320000.0 -0.12597658 nan nan
298359300000.0 -0.12662761 nan nan
299893230000.0 -0.12727864 nan nan
301427300000.0 -0.12792972 nan nan
302961130000.0 -0.12858069 nan nan
304495200000.0 -0.12923177 nan nan
306029230000.0 -0.12988284 nan nan
307563100000.0 -0.13053383 nan nan
309097140000.0 -0.13118489 nan nan
310631200000.0 -0.13183598 nan nan
312165070000.0 -0.13248697 nan nan
313699100000.0 -0.13313803 nan nan
315233040000.0 -0.13378905 nan nan
316767000000.0 -0.1344401 nan nan
318301040000.0 -0.13509116 nan nan
319835000000.0 -0.13574219 nan nan
321368980000.0 -0.13639323 nan nan
322903000000.0 -0.1370443 nan nan
324436900000.0 -0.13769528 nan nan
325970920000.0 -0.13834634 nan nan
327504950000.0 -0.1389974 nan nan
329038820000.0 -0.13964841 nan nan
330572900000.0 -0.14029948 nan nan
332106920000.0 -0.14095055 nan nan
333640800000.0 -0.14160155 nan nan
335174830000.0 -0.14225261 nan nan
336708900000.0 -0.14290369 nan nan
338242730000.0 -0.14355466 nan nan
339776800000.0 -0.14420575 nan nan
341310830000.0 -0.14485681 nan nan
342844700000.0 -0.1455078 nan nan
344378570000.0 -0.1461588 nan nan
345912800000.0 -0.14680995 nan nan
347446640000.0 -0.14746092 nan nan
348980500000.0 -0.14811192 nan nan
350514740000.0 -0.14876308 nan nan
352048600000.0 -0.14941406 nan nan
353582480000.0 -0.15006506 nan nan
355116700000.0 -0.1507162 nan nan
356650580000.0 -0.1513672 nan nan
358184420000.0 -0.15201817 nan nan
359718650000.0 -0.15266933 nan nan
361252520000.0 -0.15332033 nan nan
362786400000.0 -0.15397131 nan nan
364320420000.0 -0.15462239 nan nan
365854500000.0 -0.15527347 nan nan
367388360000.0 -0.15592445 nan nan
368922400000.0 -0.15657552 nan nan
370456430000.0 -0.15722659 nan nan
371990300000.0 -0.15787758 nan nan
373524330000.0 -0.15852864 nan nan
375058400000.0 -0.15917972 nan nan
376592270000.0 -0.1598307 nan nan
378126300000.0 -0.16048178 nan nan
379660340000.0 -0.16113284 nan nan
381194200000.0 -0.16178384 nan nan
382728240000.0 -0.1624349 nan nan
384262300000.0 -0.16308598 nan nan
385796180000.0 -0.16373697 nan nan
387330050000.0 -0.16438797 nan nan
388864250000.0 -0.1650391 nan nan
390398100000.0 -0.1656901 nan nan
391932000000.0 -0.1663411 nan nan
393466220000.0 -0.16699223 nan nan
395000100000.0 -0.16764323 nan nan
396533960000.0 -0.16829422 nan nan
398068150000.0 -0.16894537 nan nan
399602020000.0 -0.16959636 nan nan
401135900000.0 -0.17024736 nan nan
402669930000.0 -0.17089842 nan nan
404204000000.0 -0.1715495 nan nan
405737870000.0 -0.17220049 nan nan
407271900000.0 -0.17285155 nan nan
408805930000.0 -0.17350262 nan nan
410339800000.0 -0.17415361 nan nan
411873870000.0 -0.17480469 nan nan
413407900000.0 -0.17545575 nan nan
414941770000.0 -0.17610675 nan nan
416475800000.0 -0.17675781 nan nan
418009840000.0 -0.17740889 nan nan
