morphology_data/1d_wb_a0.05_l2r0.5_00001.ecsv
# %ECSV 1.0
# ---
# datatype:
# - {name: b, datatype: float32}
# - {name: phase, datatype: float32}
# - {name: sigma, datatype: float32}
# - {name: vr, datatype: float32}
# meta: {lambda: 2, rp: 0.5, sep: 0.05, wind: b}
# schema: astropy-2.0
b phase sigma vr
-2354660500000.0 0.49967447 nan nan
-2351592600000.0 0.49902344 nan nan
-2348524800000.0 0.4983724 nan nan
-2345456600000.0 0.49772134 nan nan
-2342388800000.0 0.4970703 nan nan
-2339321000000.0 0.49641928 nan nan
-2336253000000.0 0.49576828 nan nan
-2333185000000.0 0.4951172 nan nan
-2330117000000.0 0.4944662 nan nan
-2327049000000.0 0.49381506 nan nan
-2323981000000.0 0.4931641 nan nan
-2320913000000.0 0.49251297 nan nan
-2317845000000.0 0.49186197 nan nan
-2314777100000.0 0.49121094 nan nan
-2311709000000.0 0.49055988 nan nan
-2308641000000.0 0.48990884 nan nan
-2305573300000.0 0.4892578 nan nan
-2302505000000.0 0.48860675 nan nan
-2299437300000.0 0.48795572 nan nan
-2296369400000.0 0.4873047 nan nan
-2293301500000.0 0.48665366 nan nan
-2290233400000.0 0.4860026 nan nan
-2287165500000.0 0.48535156 nan nan
-2284097600000.0 0.48470056 nan nan
-2281029500000.0 0.48404947 nan nan
-2277961600000.0 0.48339847 nan nan
-2274893500000.0 0.48274735 nan nan
-2271825600000.0 0.48209637 nan nan
-2268757500000.0 0.48144525 nan nan
-2265689600000.0 0.48079422 nan nan
-2262621700000.0 0.48014325 nan nan
-2259553600000.0 0.47949213 nan nan
-2256485700000.0 0.47884113 nan nan
-2253418000000.0 0.4781901 nan nan
-2250350000000.0 0.47753906 nan nan
-2247281900000.0 0.476888 nan nan
-2244214000000.0 0.47623697 nan nan
-2241146000000.0 0.47558594 nan nan
-2238078300000.0 0.47493497 nan nan
-2235010000000.0 0.47428384 nan nan
-2231942300000.0 0.47363284 nan nan
-2228874000000.0 0.47298175 nan nan
-2225806200000.0 0.47233072 nan nan
-2222738400000.0 0.47167972 nan nan
-2219670200000.0 0.47102863 nan nan
-2216602400000.0 0.47037762 nan nan
-2213534200000.0 0.4697265 nan nan
-2210466400000.0 0.46907553 nan nan
-2207398500000.0 0.4684245 nan nan
-2204330400000.0 0.46777344 nan nan
-2201262500000.0 0.4671224 nan nan
-2198194600000.0 0.46647137 nan nan
-2195126700000.0 0.46582034 nan nan
-2192058600000.0 0.46516925 nan nan
-2188990700000.0 0.46451822 nan nan
-2185922700000.0 0.4638672 nan nan
-2182854700000.0 0.46321613 nan nan
-2179786700000.0 0.4625651 nan nan
-2176718900000.0 0.46191406 nan nan
-2173650700000.0 0.461263 nan nan
-2170582900000.0 0.46061197 nan nan
-2167515000000.0 0.45996094 nan nan
-2164447000000.0 0.4593099 nan nan
-2161379000000.0 0.45865884 nan nan
-2158311100000.0 0.4580078 nan nan
-2155243100000.0 0.45735678 nan nan
-2152175200000.0 0.45670575 nan nan
-2149107100000.0 0.4560547 nan nan
-2146039200000.0 0.45540366 nan nan
-2142971400000.0 0.45475262 nan nan
-2139903200000.0 0.45410153 nan nan
-2136835400000.0 0.45345053 nan nan
-2133767400000.0 0.4527995 nan nan
-2130699400000.0 0.4521484 nan nan
-2127631400000.0 0.45149738 nan nan
-2124563500000.0 0.45084634 nan nan
-2121495600000.0 0.4501953 1.0358484e-11 -15098594.0
-2118427500000.0 0.44954425 1.0358484e-11 -15098594.0
-2115359600000.0 0.44889322 1.0358484e-11 -15098594.0
-2112291700000.0 0.4482422 1.0358484e-11 -15098594.0
-2109223700000.0 0.44759116 1.2510423e-11 -14973870.0
-2106155700000.0 0.4469401 1.2510423e-11 -14973870.0
-2103087700000.0 0.44628906 1.2510423e-11 -14973870.0
-2100019900000.0 0.44563803 1.2510423e-11 -14973870.0
-2096951700000.0 0.44498697 1.4956435e-11 -14614510.0
-2093883900000.0 0.44433594 1.4956435e-11 -14614510.0
-2090816000000.0 0.4436849 1.4956435e-11 -14614510.0
-2087747800000.0 0.44303384 1.4956435e-11 -14614510.0
-2084680000000.0 0.4423828 1.715261e-11 -14283136.0
-2081612000000.0 0.44173178 1.715261e-11 -14283136.0
-2078544100000.0 0.44108075 1.715261e-11 -14283136.0
-2075476000000.0 0.44042966 1.715261e-11 -14283136.0
-2072408100000.0 0.43977866 1.909346e-11 -13908559.0
-2069340200000.0 0.43912762 1.909346e-11 -13908559.0
-2066272400000.0 0.4384766 1.909346e-11 -13908559.0
-2063204200000.0 0.4378255 1.909346e-11 -13908559.0
-2060136300000.0 0.43717447 2.0460168e-11 -13631729.0
-2057068300000.0 0.43652344 2.0460168e-11 -13631729.0
-2054000300000.0 0.43587238 2.0460168e-11 -13631729.0
-2050932300000.0 0.43522134 2.0460168e-11 -13631729.0
-2047864500000.0 0.4345703 2.1442393e-11 -13411829.0
-2044796300000.0 0.43391925 2.1442393e-11 -13411829.0
-2041728500000.0 0.43326822 2.1442393e-11 -13411829.0
-2038660600000.0 0.4326172 2.1442393e-11 -13411829.0
-2035592600000.0 0.43196616 2.1361503e-11 -13187124.0
-2032524600000.0 0.4313151 2.1361503e-11 -13187124.0
-2029456600000.0 0.43066406 2.1361503e-11 -13187124.0
-2026388700000.0 0.43001303 2.1361503e-11 -13187124.0
-2023320800000.0 0.429362 2.1256833e-11 -13053476.0
-2020252700000.0 0.42871094 2.1256833e-11 -13053476.0
-2017184800000.0 0.4280599 2.1256833e-11 -13053476.0
-2014117000000.0 0.42740887 2.1256833e-11 -13053476.0
-2011048800000.0 0.42675778 2.0072074e-11 -12784912.0
-2007981000000.0 0.42610675 2.0072074e-11 -12784912.0
-2004913000000.0 0.42545575 2.0072074e-11 -12784912.0
-2001845000000.0 0.42480466 2.0072074e-11 -12784912.0
-1998777000000.0 0.42415363 1.9276847e-11 -12679667.0
-1995709100000.0 0.4235026 1.9276847e-11 -12679667.0
-1992641200000.0 0.42285156 1.9276847e-11 -12679667.0
-1989573200000.0 0.42220053 1.9276847e-11 -12679667.0
-1986505200000.0 0.42154947 1.7892984e-11 -12445458.0
-1983437300000.0 0.42089844 1.7892984e-11 -12445458.0
-1980369300000.0 0.4202474 1.7892984e-11 -12445458.0
-1977301300000.0 0.41959634 1.7892984e-11 -12445458.0
-1974233300000.0 0.4189453 1.6905893e-11 -12367385.0
-1971165500000.0 0.41829428 1.6905893e-11 -12367385.0
-1968097300000.0 0.41764322 1.6905893e-11 -12367385.0
-1965029500000.0 0.4169922 1.6905893e-11 -12367385.0
-1961961600000.0 0.41634116 1.5882306e-11 -12268224.0
-1958893500000.0 0.4156901 1.5882306e-11 -12268224.0
-1955825700000.0 0.4150391 1.5882306e-11 -12268224.0
-1952757600000.0 0.41438803 1.5882306e-11 -12268224.0
-1949689600000.0 0.41373694 1.5150848e-11 -12306662.0
-1946621800000.0 0.41308597 1.5150848e-11 -12306662.0
-1943553700000.0 0.41243488 1.5150848e-11 -12306662.0
-1940485800000.0 0.41178387 1.5150848e-11 -12306662.0
-1937418000000.0 0.41113284 1.4406419e-11 -12411950.0
-1934349800000.0 0.41048175 1.4406419e-11 -12411950.0
-1931282000000.0 0.40983072 1.4406419e-11 -12411950.0
-1928214000000.0 0.4091797 1.4406419e-11 -12411950.0
-1925146000000.0 0.40852863 1.3487859e-11 -12643717.0
-1922078000000.0 0.4078776 1.3487859e-11 -12643717.0
-1919010100000.0 0.40722656 1.3487859e-11 -12643717.0
-1915942000000.0 0.4065755 1.3487859e-11 -12643717.0
-1912874200000.0 0.4059245 1.2224777e-11 -13027072.0
-1909806200000.0 0.40527344 1.2224777e-11 -13027072.0
-1906738100000.0 0.40462238 1.2224777e-11 -13027072.0
-1903670300000.0 0.40397137 1.2224777e-11 -13027072.0
-1900602200000.0 0.4033203 1.0323081e-11 -13455604.0
-1897534300000.0 0.40266928 1.0323081e-11 -13455604.0
-1894466500000.0 0.40201825 1.0323081e-11 -13455604.0
-1891398300000.0 0.4013672 1.0323081e-11 -13455604.0
-1888330400000.0 0.40071616 nan nan
-1885262600000.0 0.40006512 nan nan
-1882194400000.0 0.39941403 nan nan
-1879126600000.0 0.398763 nan nan
-1876058600000.0 0.39811197 nan nan
-1872990600000.0 0.3974609 nan nan
-1869922800000.0 0.39680994 nan nan
-1866854700000.0 0.39615884 nan nan
-1863786800000.0 0.3955078 nan nan
-1860718800000.0 0.39485678 nan nan
-1857650800000.0 0.39420572 nan nan
-1854582800000.0 0.3935547 nan nan
-1851515000000.0 0.39290366 nan nan
-1848447000000.0 0.3922526 nan nan
-1845379000000.0 0.39160156 nan nan
-1842311100000.0 0.39095053 nan nan
-1839243000000.0 0.39029947 nan nan
-1836175000000.0 0.38964844 nan nan
-1833107200000.0 0.3889974 nan nan
-1830039000000.0 0.38834634 nan nan
-1826971300000.0 0.38769534 nan nan
-1823903200000.0 0.38704428 nan nan
-1820835300000.0 0.38639325 nan nan
-1817767400000.0 0.38574222 nan nan
-1814699300000.0 0.38509113 nan nan
-1811631400000.0 0.3844401 nan nan
-1808563400000.0 0.3837891 nan nan
-1805495400000.0 0.383138 nan nan
-1802427600000.0 0.38248697 nan nan
-1799359600000.0 0.38183594 nan nan
-1796291600000.0 0.38118488 nan nan
-1793223600000.0 0.38053384 nan nan
-1790155700000.0 0.3798828 nan nan
-1787087600000.0 0.37923175 nan nan
-1784019800000.0 0.37858075 nan nan
-1780951800000.0 0.3779297 nan nan
-1777883800000.0 0.37727866 nan nan
-1774816000000.0 0.37662762 nan nan
-1771747800000.0 0.37597656 nan nan
-1768679900000.0 0.37532553 nan nan
-1765612000000.0 0.3746745 nan nan
-1762543900000.0 0.37402344 nan nan
-1759476000000.0 0.3733724 nan nan
-1756408200000.0 0.37272137 nan nan
-1753340000000.0 0.37207028 nan nan
-1750272200000.0 0.37141925 nan nan
-1747204200000.0 0.37076822 nan nan
-1744136200000.0 0.37011716 nan nan
-1741068400000.0 0.3694662 nan nan
-1738000300000.0 0.3688151 nan nan
-1734932400000.0 0.36816406 nan nan
-1731864400000.0 0.36751303 nan nan
-1728796400000.0 0.36686197 nan nan
-1725728400000.0 0.36621094 nan nan
-1722660600000.0 0.3655599 nan nan
-1719592400000.0 0.36490884 nan nan
-1716524500000.0 0.3642578 nan nan
-1713456700000.0 0.36360678 nan nan
-1710388500000.0 0.36295572 nan nan
-1707320700000.0 0.3623047 nan nan
-1704252800000.0 0.36165366 nan nan
-1701184700000.0 0.3610026 nan nan
-1698116900000.0 0.3603516 nan nan
-1695048800000.0 0.35970053 nan nan
-1691980900000.0 0.3590495 nan nan
-1688913000000.0 0.35839847 nan nan
-1685844900000.0 0.35774738 nan nan
-1682777000000.0 0.35709634 nan nan
-1679709000000.0 0.3564453 nan nan
-1676641000000.0 0.35579425 nan nan
-1673573200000.0 0.35514322 nan nan
-1670505200000.0 0.3544922 nan nan
-1667437200000.0 0.35384113 nan nan
-1664369200000.0 0.3531901 nan nan
-1661301300000.0 0.35253906 nan nan
-1658233200000.0 0.351888 nan nan
-1655165400000.0 0.351237 nan nan
-1652097400000.0 0.35058594 nan nan
-1649029400000.0 0.3499349 nan nan
-1645961500000.0 0.34928387 nan nan
-1642893400000.0 0.3486328 1.4089637e-11 -16729231.0
-1639825500000.0 0.34798178 1.4089637e-11 -16729231.0
-1636757700000.0 0.34733075 1.4089637e-11 -16729231.0
-1633689500000.0 0.3466797 1.4089637e-11 -16729231.0
-1630621700000.0 0.34602866 1.5905955e-11 -16861754.0
-1627553800000.0 0.34537762 1.5905955e-11 -16861754.0
-1624485700000.0 0.34472653 1.5905955e-11 -16861754.0
-1621417800000.0 0.3440755 1.5905955e-11 -16861754.0
-1618349800000.0 0.34342447 2.627822e-11 -15323308.0
-1615281800000.0 0.3427734 2.627822e-11 -15323308.0
-1612214000000.0 0.3421224 2.627822e-11 -15323308.0
-1609145900000.0 0.34147134 2.627822e-11 -15323308.0
-1606078000000.0 0.3408203 3.3076382e-11 -14878019.0
-1603010000000.0 0.34016928 3.3076382e-11 -14878019.0
-1599942000000.0 0.33951822 3.3076382e-11 -14878019.0
-1596874000000.0 0.3388672 3.3076382e-11 -14878019.0
-1593806200000.0 0.33821616 4.541194e-11 -13990015.0
-1590738000000.0 0.3375651 4.541194e-11 -13990015.0
-1587670200000.0 0.33691406 4.541194e-11 -13990015.0
-1584602300000.0 0.33626303 4.541194e-11 -13990015.0
-1581534200000.0 0.33561197 5.7533568e-11 -13323160.0
-1578466300000.0 0.33496094 5.7533568e-11 -13323160.0
-1575398400000.0 0.3343099 5.7533568e-11 -13323160.0
-1572330400000.0 0.33365887 5.7533568e-11 -13323160.0
-1569262400000.0 0.3330078 7.309206e-11 -12655318.0
-1566194400000.0 0.33235678 7.309206e-11 -12655318.0
-1563126500000.0 0.33170575 7.309206e-11 -12655318.0
-1560058700000.0 0.33105472 7.309206e-11 -12655318.0
-1556990500000.0 0.33040363 9.126589e-11 -11912680.0
-1553922700000.0 0.3297526 9.126589e-11 -11912680.0
-1550854700000.0 0.32910156 9.126589e-11 -11912680.0
-1547786600000.0 0.3284505 9.126589e-11 -11912680.0
-1544718600000.0 0.32779947 1.1401899e-10 -11151316.0
-1541650800000.0 0.32714844 1.1401899e-10 -11151316.0
-1538582800000.0 0.32649738 1.1401899e-10 -11151316.0
-1535514800000.0 0.32584634 1.1401899e-10 -11151316.0
-1532446900000.0 0.3251953 1.3554989e-10 -10424060.0
-1529379000000.0 0.32454428 1.3554989e-10 -10424060.0
-1526310900000.0 0.32389322 1.3554989e-10 -10424060.0
-1523243000000.0 0.3232422 1.3554989e-10 -10424060.0
-1520175000000.0 0.32259116 1.6288687e-10 -9734665.0
-1517107200000.0 0.32194012 1.6288687e-10 -9734665.0
-1514039000000.0 0.32128906 1.6288687e-10 -9734665.0
-1510971100000.0 0.32063803 1.6288687e-10 -9734665.0
-1507903300000.0 0.319987 1.8223512e-10 -9274951.0
-1504835100000.0 0.31933594 1.8223512e-10 -9274951.0
-1501767300000.0 0.3186849 1.8223512e-10 -9274951.0
-1498699400000.0 0.31803387 1.8223512e-10 -9274951.0
-1495631400000.0 0.31738284 2.1093213e-10 -8828971.0
-1492563400000.0 0.31673178 2.1093213e-10 -8828971.0
-1489495400000.0 0.31608072 2.1093213e-10 -8828971.0
-1486427500000.0 0.3154297 2.1093213e-10 -8828971.0
-1483359400000.0 0.31477863 2.2403959e-10 -8621108.0
-1480291500000.0 0.3141276 2.2403959e-10 -8621108.0
-1477223600000.0 0.31347656 2.2403959e-10 -8621108.0
-1474155600000.0 0.31282553 2.2403959e-10 -8621108.0
-1471087600000.0 0.31217447 2.519985e-10 -8314212.5
-1468019600000.0 0.3115234 2.519985e-10 -8314212.5
-1464951800000.0 0.3108724 2.519985e-10 -8314212.5
-1461883600000.0 0.3102213 2.519985e-10 -8314212.5
-1458815800000.0 0.3095703 2.625143e-10 -8146877.5
-1455747900000.0 0.30891928 2.625143e-10 -8146877.5
-1452679900000.0 0.30826822 2.625143e-10 -8146877.5
-1449611900000.0 0.3076172 2.625143e-10 -8146877.5
-1446544000000.0 0.30696616 2.828954e-10 -7842691.5
-1443476000000.0 0.30631512 2.828954e-10 -7842691.5
-1440408000000.0 0.30566406 2.828954e-10 -7842691.5
-1437340000000.0 0.30501303 2.828954e-10 -7842691.5
-1434272100000.0 0.304362 2.8926517e-10 -7668946.5
-1431204100000.0 0.30371094 2.8926517e-10 -7668946.5
-1428136100000.0 0.30305988 2.8926517e-10 -7668946.5
-1425068300000.0 0.30240884 2.8926517e-10 -7668946.5
-1422000300000.0 0.3017578 2.9607064e-10 -7532862.5
-1418932300000.0 0.30110675 2.9607064e-10 -7532862.5
-1415864300000.0 0.30045572 2.9607064e-10 -7532862.5
-1412796400000.0 0.2998047 2.9607064e-10 -7532862.5
-1409728400000.0 0.29915366 2.899817e-10 -7498011.5
-1406660400000.0 0.2985026 2.899817e-10 -7498011.5
-1403592500000.0 0.29785156 2.899817e-10 -7498011.5
-1400524600000.0 0.29720056 2.899817e-10 -7498011.5
-1397456500000.0 0.29654947 2.720483e-10 -7648423.5
-1394388600000.0 0.29589847 2.720483e-10 -7648423.5
-1391320600000.0 0.2952474 2.720483e-10 -7648423.5
-1388252600000.0 0.29459634 2.720483e-10 -7648423.5
-1385184600000.0 0.29394528 2.454091e-10 -8001911.0
-1382116800000.0 0.29329428 2.454091e-10 -8001911.0
-1379048900000.0 0.29264325 2.454091e-10 -8001911.0
-1375980900000.0 0.2919922 2.454091e-10 -8001911.0
-1372912900000.0 0.29134116 2.0006367e-10 -8969423.0
-1369844900000.0 0.2906901 2.0006367e-10 -8969423.0
-1366776900000.0 0.29003903 2.0006367e-10 -8969423.0
-1363709000000.0 0.28938803 2.0006367e-10 -8969423.0
-1360641000000.0 0.28873697 1.5859113e-10 -10189429.0
-1357573100000.0 0.28808594 1.5859113e-10 -10189429.0
-1354505100000.0 0.2874349 1.5859113e-10 -10189429.0
-1351437100000.0 0.28678384 1.5859113e-10 -10189429.0
-1348369300000.0 0.28613284 1.2357623e-10 -11270731.0
-1345301300000.0 0.28548178 1.2357623e-10 -11270731.0
-1342233200000.0 0.28483072 1.2357623e-10 -11270731.0
-1339165200000.0 0.28417966 1.2357623e-10 -11270731.0
-1336097400000.0 0.28352866 1.01612774e-10 -11490620.0
-1333029400000.0 0.2828776 1.01612774e-10 -11490620.0
-1329961400000.0 0.28222656 1.01612774e-10 -11490620.0
-1326893500000.0 0.28157553 1.01612774e-10 -11490620.0
-1323825500000.0 0.28092447 9.426197e-11 -11263643.0
-1320757500000.0 0.28027344 9.426197e-11 -11263643.0
-1317689600000.0 0.2796224 9.426197e-11 -11263643.0
-1314621600000.0 0.27897137 9.426197e-11 -11263643.0
-1311553600000.0 0.2783203 8.959692e-11 -11044137.0
-1308485600000.0 0.27766928 8.959692e-11 -11044137.0
-1305417700000.0 0.27701825 8.959692e-11 -11044137.0
-1302349700000.0 0.2763672 8.959692e-11 -11044137.0
-1299281700000.0 0.27571613 9.813346e-11 -10603742.0
-1296213900000.0 0.2750651 9.813346e-11 -10603742.0
-1293145900000.0 0.27441406 9.813346e-11 -10603742.0
-1290077900000.0 0.273763 9.813346e-11 -10603742.0
-1287009900000.0 0.27311197 9.741781e-11 -10525653.0
-1283942000000.0 0.27246094 9.741781e-11 -10525653.0
-1280874000000.0 0.2718099 9.741781e-11 -10525653.0
-1277806000000.0 0.27115884 9.741781e-11 -10525653.0
