morphology_data/1d_wa_a0.05_l2r0.5_00001.ecsv
# %ECSV 1.0
# ---
# datatype:
# - {name: b, datatype: float32}
# - {name: phase, datatype: float32}
# - {name: sigma, datatype: float32}
# - {name: vr, datatype: float32}
# meta: {lambda: 2, rp: 0.5, sep: 0.05, wind: a}
# schema: astropy-2.0
b phase sigma vr
[from data line 925]
489339900000.0 -0.10384115 7.1949517e-09 -4714379.5
492407980000.0 -0.10449222 5.9809353e-09 -3988286.5
495475720000.0 -0.10514321 5.9809353e-09 -3988286.5
498543820000.0 -0.10579427 5.9809353e-09 -3988286.5
501611720000.0 -0.106445305 5.9809353e-09 -3988286.5
504679630000.0 -0.10709634 5.4332805e-09 -2770485.0
507747730000.0 -0.107747406 5.4332805e-09 -2770485.0
510815630000.0 -0.10839844 5.4332805e-09 -2770485.0
513883540000.0 -0.10904947 5.4332805e-09 -2770485.0
516951640000.0 -0.10970054 5.0932765e-09 -1891035.5
520019350000.0 -0.11035153 5.0932765e-09 -1891035.5
523087450000.0 -0.1110026 5.0932765e-09 -1891035.5
526155550000.0 -0.11165367 5.0932765e-09 -1891035.5
529223300000.0 -0.11230466 5.033755e-09 -807734.5
532291350000.0 -0.11295573 5.033755e-09 -807734.5
535359460000.0 -0.113606796 5.033755e-09 -807734.5
538427200000.0 -0.11425779 5.033755e-09 -807734.5
541495260000.0 -0.11490886 5.402556e-09 344602.16
544563200000.0 -0.11555989 5.402556e-09 344602.16
547631100000.0 -0.11621092 5.402556e-09 344602.16
550699200000.0 -0.11686199 5.402556e-09 344602.16
553767100000.0 -0.11751302 5.2910787e-09 906591.3
556835000000.0 -0.118164055 5.2910787e-09 906591.3
559903100000.0 -0.118815124 5.2910787e-09 906591.3
562970800000.0 -0.11946611 5.2910787e-09 906591.3
566038900000.0 -0.12011717 3.9476484e-09 2515.597
569107000000.0 -0.12076825 3.9476484e-09 2515.597
572174760000.0 -0.12141925 3.9476484e-09 2515.597
575242800000.0 -0.12207031 3.9476484e-09 2515.597
578310900000.0 -0.12272138 2.9871643e-09 -1624336.6
581378640000.0 -0.123372376 2.9871643e-09 -1624336.6
584446800000.0 -0.12402345 2.9871643e-09 -1624336.6
587514640000.0 -0.12467448 2.9871643e-09 -1624336.6
590582600000.0 -0.1253255 2.7860343e-09 -2269386.2
593650650000.0 -0.12597658 2.7860343e-09 -2269386.2
596718600000.0 -0.12662761 2.7860343e-09 -2269386.2
599786460000.0 -0.12727864 2.7860343e-09 -2269386.2
602854600000.0 -0.12792972 2.862232e-09 -2379354.0
605922260000.0 -0.12858069 2.862232e-09 -2379354.0
608990400000.0 -0.12923177 2.862232e-09 -2379354.0
612058460000.0 -0.12988284 2.862232e-09 -2379354.0
615126200000.0 -0.13053383 3.0389518e-09 -2277075.0
618194300000.0 -0.13118489 3.0389518e-09 -2277075.0
621262400000.0 -0.13183598 3.0389518e-09 -2277075.0
624330150000.0 -0.13248697 3.0389518e-09 -2277075.0
627398200000.0 -0.13313803 3.2609644e-09 -2079858.8
630466100000.0 -0.13378905 3.2609644e-09 -2079858.8
633534000000.0 -0.1344401 3.2609644e-09 -2079858.8
636602100000.0 -0.13509116 3.2609644e-09 -2079858.8
639670000000.0 -0.13574219 3.4628318e-09 -1941617.9
642737960000.0 -0.13639323 3.4628318e-09 -1941617.9
645806000000.0 -0.1370443 3.4628318e-09 -1941617.9
648873800000.0 -0.13769528 3.4628318e-09 -1941617.9
651941840000.0 -0.13834634 3.6040286e-09 -1846846.4
655009900000.0 -0.1389974 3.6040286e-09 -1846846.4
658077650000.0 -0.13964841 3.6040286e-09 -1846846.4
661145800000.0 -0.14029948 3.6040286e-09 -1846846.4
664213850000.0 -0.14095055 3.719534e-09 -1745242.5
667281600000.0 -0.14160155 3.719534e-09 -1745242.5
670349660000.0 -0.14225261 3.719534e-09 -1745242.5
673417800000.0 -0.14290369 3.719534e-09 -1745242.5
676485460000.0 -0.14355466 3.868533e-09 -1589207.0
679553600000.0 -0.14420575 3.868533e-09 -1589207.0
682621670000.0 -0.14485681 3.868533e-09 -1589207.0
685689400000.0 -0.1455078 3.868533e-09 -1589207.0
688757150000.0 -0.1461588 3.9503565e-09 -1419043.9
691825600000.0 -0.14680995 3.9503565e-09 -1419043.9
694893300000.0 -0.14746092 3.9503565e-09 -1419043.9
697961000000.0 -0.14811192 3.9503565e-09 -1419043.9
701029500000.0 -0.14876308 3.9101353e-09 -1302812.2
704097200000.0 -0.14941406 3.9101353e-09 -1302812.2
707164960000.0 -0.15006506 3.9101353e-09 -1302812.2
710233400000.0 -0.1507162 3.9101353e-09 -1302812.2
713301160000.0 -0.1513672 3.838513e-09 -1266427.4
716368840000.0 -0.15201817 3.838513e-09 -1266427.4
719437300000.0 -0.15266933 3.838513e-09 -1266427.4
722505040000.0 -0.15332033 3.838513e-09 -1266427.4
725572800000.0 -0.15397131 3.7294883e-09 -1413200.2
728640850000.0 -0.15462239 3.7294883e-09 -1413200.2
731709000000.0 -0.15527347 3.7294883e-09 -1413200.2
734776700000.0 -0.15592445 3.7294883e-09 -1413200.2
737844800000.0 -0.15657552 3.604652e-09 -1673032.4
740912860000.0 -0.15722659 3.604652e-09 -1673032.4
743980600000.0 -0.15787758 3.604652e-09 -1673032.4
747048670000.0 -0.15852864 3.604652e-09 -1673032.4
750116800000.0 -0.15917972 3.525892e-09 -1938983.5
753184540000.0 -0.1598307 3.525892e-09 -1938983.5
756252600000.0 -0.16048178 3.525892e-09 -1938983.5
759320700000.0 -0.16113284 3.525892e-09 -1938983.5
762388400000.0 -0.16178384 3.3918623e-09 -2176741.2
765456500000.0 -0.1624349 3.3918623e-09 -2176741.2
768524600000.0 -0.16308598 3.3918623e-09 -2176741.2
771592360000.0 -0.16373697 3.3918623e-09 -2176741.2
774660100000.0 -0.16438797 3.293887e-09 -2335631.5
777728500000.0 -0.1650391 3.293887e-09 -2335631.5
780796200000.0 -0.1656901 3.293887e-09 -2335631.5
783864000000.0 -0.1663411 3.293887e-09 -2335631.5
786932430000.0 -0.16699223 3.2855076e-09 -2280197.0
790000200000.0 -0.16764323 3.2855076e-09 -2280197.0
793067900000.0 -0.16829422 3.2855076e-09 -2280197.0
796136300000.0 -0.16894537 3.2855076e-09 -2280197.0
799204050000.0 -0.16959636 3.391155e-09 -2291052.0
802271800000.0 -0.17024736 3.391155e-09 -2291052.0
805339860000.0 -0.17089842 3.391155e-09 -2291052.0
808408000000.0 -0.1715495 3.391155e-09 -2291052.0
811475700000.0 -0.17220049 3.6027574e-09 -2163002.0
814543800000.0 -0.17285155 3.6027574e-09 -2163002.0
817611870000.0 -0.17350262 3.6027574e-09 -2163002.0
820679600000.0 -0.17415361 3.6027574e-09 -2163002.0
823747740000.0 -0.17480469 3.7549315e-09 -2130178.0
826815800000.0 -0.17545575 3.7549315e-09 -2130178.0
829883550000.0 -0.17610675 3.7549315e-09 -2130178.0
832951600000.0 -0.17675781 3.7549315e-09 -2130178.0
836019700000.0 -0.17740889 3.6801941e-09 -2161695.2
839087400000.0 -0.17805988 3.6801941e-09 -2161695.2
842155560000.0 -0.17871095 3.6801941e-09 -2161695.2
845223600000.0 -0.17936201 3.6801941e-09 -2161695.2
848291360000.0 -0.180013 3.535767e-09 -2142069.0
851359100000.0 -0.180664 3.535767e-09 -2142069.0
854427500000.0 -0.18131514 3.535767e-09 -2142069.0
857495240000.0 -0.18196614 3.535767e-09 -2142069.0
860563000000.0 -0.18261713 3.3198737e-09 -2231919.0
863631440000.0 -0.18326828 3.3198737e-09 -2231919.0
866699200000.0 -0.18391927 3.3198737e-09 -2231919.0
869766900000.0 -0.18457027 3.3198737e-09 -2231919.0
872835400000.0 -0.1852214 3.0939429e-09 -2392057.2
875903060000.0 -0.1858724 3.0939429e-09 -2392057.2
878970800000.0 -0.1865234 3.0939429e-09 -2392057.2
882039260000.0 -0.18717454 3.0939429e-09 -2392057.2
885107000000.0 -0.18782553 2.8715228e-09 -2572203.5
888174740000.0 -0.18847652 2.8715228e-09 -2572203.5
891242800000.0 -0.1891276 2.8715228e-09 -2572203.5
894310900000.0 -0.18977866 2.8715228e-09 -2572203.5
897378600000.0 -0.19042966 2.5756188e-09 -2981108.2
900446750000.0 -0.19108072 2.5756188e-09 -2981108.2
903514800000.0 -0.1917318 2.5756188e-09 -2981108.2
906582560000.0 -0.19238278 2.5756188e-09 -2981108.2
909650600000.0 -0.19303386 2.399656e-09 -3255952.5
912718760000.0 -0.19368492 2.399656e-09 -3255952.5
915786400000.0 -0.19433591 2.399656e-09 -3255952.5
918854570000.0 -0.19498698 2.399656e-09 -3255952.5
921922630000.0 -0.19563805 2.1976925e-09 -3594532.8
924990400000.0 -0.19628905 2.1976925e-09 -3594532.8
928058440000.0 -0.19694011 2.1976925e-09 -3594532.8
931126600000.0 -0.19759119 2.1976925e-09 -3594532.8
934194300000.0 -0.19824217 2.14895e-09 -3621129.8
937262000000.0 -0.19889317 2.14895e-09 -3621129.8
940330450000.0 -0.19954431 2.14895e-09 -3621129.8
943398200000.0 -0.20019531 2.14895e-09 -3621129.8
946465900000.0 -0.2008463 2.056236e-09 -3751002.8
949534400000.0 -0.20149745 2.056236e-09 -3751002.8
952602100000.0 -0.20214844 2.056236e-09 -3751002.8
955669800000.0 -0.20279942 2.056236e-09 -3751002.8
958738300000.0 -0.20345058 2.1517659e-09 -3755432.8
961806000000.0 -0.20410156 2.1517659e-09 -3755432.8
964873750000.0 -0.20475256 2.1517659e-09 -3755432.8
967942200000.0 -0.2054037 2.1517659e-09 -3755432.8
971009950000.0 -0.2060547 2.2368882e-09 -3773043.2
974077700000.0 -0.20670569 2.2368882e-09 -3773043.2
977145760000.0 -0.20735677 2.2368882e-09 -3773043.2
980213800000.0 -0.20800783 2.2368882e-09 -3773043.2
983281570000.0 -0.20865881 2.3043802e-09 -4023631.8
986349630000.0 -0.20930989 2.3043802e-09 -4023631.8
989417770000.0 -0.20996095 2.3043802e-09 -4023631.8
992485500000.0 -0.21061195 2.3043802e-09 -4023631.8
995553600000.0 -0.21126302 2.3291868e-09 -3755817.5
998621640000.0 -0.21191409 2.3291868e-09 -3755817.5
1001689400000.0 -0.21256508 2.3291868e-09 -3755817.5
1004757450000.0 -0.21321616 2.3291868e-09 -3755817.5
1007825600000.0 -0.21386722 1.949909e-09 -4436474.5
1010893300000.0 -0.2145182 1.949909e-09 -4436474.5
1013961400000.0 -0.21516928 1.949909e-09 -4436474.5
1017029460000.0 -0.21582034 1.949909e-09 -4436474.5
1020097200000.0 -0.21647134 1.8402984e-09 -4409783.5
1023164940000.0 -0.21712233 1.8402984e-09 -4409783.5
1026233400000.0 -0.21777348 1.8402984e-09 -4409783.5
1029301140000.0 -0.21842447 1.8402984e-09 -4409783.5
1032368900000.0 -0.21907547 1.6630283e-09 -4916358.0
1035437300000.0 -0.2197266 1.6630283e-09 -4916358.0
1038505000000.0 -0.22037761 1.6630283e-09 -4916358.0
1041572760000.0 -0.2210286 1.6630283e-09 -4916358.0
1044641200000.0 -0.22167975 1.6934896e-09 -4709182.0
1047708960000.0 -0.22233073 1.6934896e-09 -4709182.0
1050776700000.0 -0.22298172 1.6934896e-09 -4709182.0
1053845100000.0 -0.22363287 1.6934896e-09 -4709182.0
1056912830000.0 -0.22428386 1.6459637e-09 -4790377.5
1059980600000.0 -0.22493486 1.6459637e-09 -4790377.5
1063048700000.0 -0.22558592 1.6459637e-09 -4790377.5
1066116800000.0 -0.226237 1.6459637e-09 -4790377.5
1069184500000.0 -0.22688799 1.6355876e-09 -4688301.0
1072252600000.0 -0.22753906 1.6355876e-09 -4688301.0
1075320650000.0 -0.22819012 1.6355876e-09 -4688301.0
1078388400000.0 -0.22884111 1.6355876e-09 -4688301.0
1081456500000.0 -0.22949219 1.6612426e-09 -4477219.0
1084524600000.0 -0.23014325 1.6612426e-09 -4477219.0
1087592330000.0 -0.23079425 1.6612426e-09 -4477219.0
1090660400000.0 -0.23144531 1.6612426e-09 -4477219.0
1093728530000.0 -0.23209639 1.6937021e-09 -4140910.8
1096796200000.0 -0.23274738 1.6937021e-09 -4140910.8
1099864300000.0 -0.23339845 1.6937021e-09 -4140910.8
1102932500000.0 -0.23404953 1.6937021e-09 -4140910.8
1106000100000.0 -0.23470049 1.6375462e-09 -3675033.5
1109067800000.0 -0.23535149 1.6375462e-09 -3675033.5
1112136400000.0 -0.23600265 1.6375462e-09 -3675033.5
1115204100000.0 -0.23665364 1.6375462e-09 -3675033.5
1118271800000.0 -0.23730463 1.4441188e-09 -3473705.8
1121340200000.0 -0.23795578 1.4441188e-09 -3473705.8
1124408000000.0 -0.23860677 1.4441188e-09 -3473705.8
1127475700000.0 -0.23925777 1.4441188e-09 -3473705.8
1130544100000.0 -0.2399089 1.2759906e-09 -3052476.8
1133611800000.0 -0.2405599 1.2759906e-09 -3052476.8
1136679600000.0 -0.2412109 1.2759906e-09 -3052476.8
1139748100000.0 -0.24186206 1.2759906e-09 -3052476.8
1142815900000.0 -0.24251305 1.1149974e-09 -3046372.2
1145883500000.0 -0.243164 1.1149974e-09 -3046372.2
1148951600000.0 -0.2438151 1.1149974e-09 -3046372.2
1152019700000.0 -0.24446616 1.1149974e-09 -3046372.2
1155087500000.0 -0.24511716 1.0546723e-09 -2495940.8
1158155500000.0 -0.2457682 1.0546723e-09 -2495940.8
1161223600000.0 -0.2464193 1.0546723e-09 -2495940.8
1164291300000.0 -0.24707028 1.0546723e-09 -2495940.8
1167359500000.0 -0.24772136 9.719944e-10 -2561580.8
1170427500000.0 -0.24837242 9.719944e-10 -2561580.8
1173495200000.0 -0.24902342 9.719944e-10 -2561580.8
1176563400000.0 -0.24967448 9.719944e-10 -2561580.8
1179631500000.0 -0.25032556 9.689483e-10 -2149122.0
1182699200000.0 -0.25097656 9.689483e-10 -2149122.0
1185767200000.0 -0.25162762 9.689483e-10 -2149122.0
1188835400000.0 -0.2522787 9.689483e-10 -2149122.0
1191903100000.0 -0.2529297 9.093473e-10 -2286809.0
1194970800000.0 -0.25358066 9.093473e-10 -2286809.0
1198039200000.0 -0.2542318 9.093473e-10 -2286809.0
1201107000000.0 -0.2548828 9.093473e-10 -2286809.0
1204174700000.0 -0.2555338 9.355021e-10 -2321538.2
1207243100000.0 -0.25618494 9.355021e-10 -2321538.2
1210310900000.0 -0.2568359 9.355021e-10 -2321538.2
1213378600000.0 -0.25748694 9.355021e-10 -2321538.2
1216447100000.0 -0.25813806 8.922789e-10 -2611148.8
1219514900000.0 -0.2587891 8.922789e-10 -2611148.8
1222582600000.0 -0.2594401 8.922789e-10 -2611148.8
1225651000000.0 -0.26009122 8.922789e-10 -2611148.8
1228718700000.0 -0.2607422 8.966867e-10 -2942713.0
1231786500000.0 -0.2613932 8.966867e-10 -2942713.0
1234854500000.0 -0.26204425 8.966867e-10 -2942713.0
1237922600000.0 -0.26269534 8.966867e-10 -2942713.0
1240990400000.0 -0.2633463 8.8658403e-10 -3110361.8
1244058500000.0 -0.2639974 8.8658403e-10 -3110361.8
1247126500000.0 -0.26464844 8.8658403e-10 -3110361.8
1250194200000.0 -0.26529944 8.8658403e-10 -3110361.8
1253262400000.0 -0.26595053 8.6942986e-10 -3585270.0
1256330500000.0 -0.2666016 8.6942986e-10 -3585270.0
1259398200000.0 -0.2672526 8.6942986e-10 -3585270.0
1262466200000.0 -0.26790366 8.6942986e-10 -3585270.0
1265534400000.0 -0.26855472 8.812906e-10 -3638040.2
1268602100000.0 -0.26920572 8.812906e-10 -3638040.2
1271670200000.0 -0.2698568 8.812906e-10 -3638040.2
1274738200000.0 -0.27050784 8.812906e-10 -3638040.2
1277806000000.0 -0.27115884 8.3771196e-10 -4157474.8
1280873700000.0 -0.27180985 8.3771196e-10 -4157474.8
1283942100000.0 -0.27246097 8.3771196e-10 -4157474.8
1287009900000.0 -0.27311197 8.3771196e-10 -4157474.8
1290077600000.0 -0.27376294 8.470544e-10 -4251854.0
1293146100000.0 -0.27441412 8.470544e-10 -4251854.0
1296213900000.0 -0.2750651 8.470544e-10 -4251854.0
1299281600000.0 -0.27571613 8.470544e-10 -4251854.0
1302350000000.0 -0.27636725 8.172241e-10 -4572744.5
1305417700000.0 -0.27701825 8.172241e-10 -4572744.5
1308485500000.0 -0.27766922 8.172241e-10 -4572744.5
1311553900000.0 -0.27832037 8.172241e-10 -4572744.5
1314621600000.0 -0.27897137 8.086044e-10 -4692539.5
1317689400000.0 -0.27962235 8.086044e-10 -4692539.5
1320757500000.0 -0.28027344 8.086044e-10 -4692539.5
1323825600000.0 -0.28092453 8.086044e-10 -4692539.5
1326893200000.0 -0.28157547 7.6995443e-10 -4864673.0
1329961400000.0 -0.28222656 7.6995443e-10 -4864673.0
1333029500000.0 -0.28287762 7.6995443e-10 -4864673.0
1336097200000.0 -0.28352863 7.6995443e-10 -4864673.0
1339165200000.0 -0.28417966 7.556692e-10 -4949011.5
1342233400000.0 -0.28483075 7.556692e-10 -4949011.5
1345301100000.0 -0.28548175 7.556692e-10 -4949011.5
1348369300000.0 -0.28613284 7.556692e-10 -4949011.5
1351437300000.0 -0.28678387 7.1057155e-10 -5197333.0
1354505000000.0 -0.28743488 7.1057155e-10 -5197333.0
1357573100000.0 -0.28808594 7.1057155e-10 -5197333.0
1360641300000.0 -0.28873703 7.1057155e-10 -5197333.0
1363709000000.0 -0.28938803 7.103317e-10 -5251699.5
1366776600000.0 -0.29003897 7.103317e-10 -5251699.5
1369845100000.0 -0.29069015 7.103317e-10 -5251699.5
1372912900000.0 -0.29134116 7.103317e-10 -5251699.5
1375980600000.0 -0.29199213 6.427672e-10 -5941367.0
1379049000000.0 -0.29264328 6.427672e-10 -5941367.0
1382116800000.0 -0.29329428 6.427672e-10 -5941367.0
1385184500000.0 -0.29394525 6.427672e-10 -5941367.0
1388252900000.0 -0.2945964 6.44479e-10 -6004137.5
1391320600000.0 -0.2952474 6.44479e-10 -6004137.5
1394388400000.0 -0.2958984 6.44479e-10 -6004137.5
1397456900000.0 -0.29654956 6.44479e-10 -6004137.5
1400524600000.0 -0.29720056 5.178483e-10 -7618416.0
1403592400000.0 -0.29785153 5.178483e-10 -7618416.0
1406660400000.0 -0.2985026 5.178483e-10 -7618416.0
1409728500000.0 -0.29915366 5.178483e-10 -7618416.0
1412796300000.0 -0.29980466 5.14523e-10 -7690352.0
1415864300000.0 -0.30045572 5.14523e-10 -7690352.0
1418932400000.0 -0.30110678 5.14523e-10 -7690352.0
1422000100000.0 -0.30175778 5.14523e-10 -7690352.0
1425068300000.0 -0.30240884 4.251421e-10 -9128798.0
1428136300000.0 -0.3030599 4.251421e-10 -9128798.0
1431204000000.0 -0.3037109 4.251421e-10 -9128798.0
