morphology_data/1d_wa_a0.1_l8r2_00001.ecsv
# %ECSV 1.0
# ---
# datatype:
# - {name: b, datatype: float32}
# - {name: phase, datatype: float32}
# - {name: sigma, datatype: float32}
# - {name: vr, datatype: float32}
# meta: {lambda: 8, rp: 2.0, sep: 0.1, wind: a}
# schema: astropy-2.0
b phase sigma vr
[from data line 667]
-616660300000.0 0.06542969 2.9852256e-08 -239377.77
-610524400000.0 0.06477865 3.0066843e-08 -220835.77
-604388600000.0 0.06412762 3.0066843e-08 -220835.77
-598252450000.0 0.063476555 3.0348858e-08 -223103.61
-592116600000.0 0.062825516 3.0348858e-08 -223103.61
-585980800000.0 0.062174488 3.0471234e-08 -207688.08
-579844640000.0 0.061523426 3.0471234e-08 -207688.08
-573709160000.0 0.060872428 3.08785e-08 -235557.44
-567572960000.0 0.06022136 3.08785e-08 -235557.44
-561436750000.0 0.059570286 3.1328007e-08 -215434.11
-555301340000.0 0.058919296 3.1328007e-08 -215434.11
-549165140000.0 0.058268227 3.1899894e-08 -239358.45
-543028970000.0 0.057617158 3.1899894e-08 -239358.45
-536893500000.0 0.056966167 3.229231e-08 -212487.77
-530757320000.0 0.056315098 3.229231e-08 -212487.77
-524621480000.0 0.055664066 3.2799495e-08 -241516.39
-518485670000.0 0.055013034 3.2799495e-08 -241516.39
-512349500000.0 0.05436197 3.3294512e-08 -216890.11
-506213660000.0 0.053710938 3.3294512e-08 -216890.11
-500077850000.0 0.053059906 3.374074e-08 -240808.6
-493941700000.0 0.052408837 3.374074e-08 -240808.6
-487806200000.0 0.051757842 3.4287837e-08 -229824.83
-481670040000.0 0.051106777 3.4287837e-08 -229824.83
-475533840000.0 0.050455708 3.4777877e-08 -246829.31
-469398400000.0 0.049804714 3.4777877e-08 -246829.31
-463262220000.0 0.049153645 3.533873e-08 -242383.02
-457126020000.0 0.048502576 3.533873e-08 -242383.02
-450990570000.0 0.047851585 3.5813827e-08 -257558.25
-444854370000.0 0.047200516 3.5813827e-08 -257558.25
-438718560000.0 0.046549484 3.643608e-08 -256988.25
-432582750000.0 0.045898452 3.643608e-08 -256988.25
-426446550000.0 0.045247383 3.6915342e-08 -269494.12
-420310750000.0 0.04459635 3.6915342e-08 -269494.12
-414174940000.0 0.043945324 3.767224e-08 -268755.03
-408038740000.0 0.043294255 3.767224e-08 -268755.03
-401903300000.0 0.04264326 3.8201264e-08 -281035.5
-395767100000.0 0.04199219 3.8201264e-08 -281035.5
-389630920000.0 0.041341122 3.9050942e-08 -280019.3
-383495470000.0 0.04069013 3.9401208e-08 -278435.25
-377359270000.0 0.040039062 3.979197e-08 -288547.12
-371223100000.0 0.039387994 4.020358e-08 -283776.56
-365087620000.0 0.038736995 4.0600767e-08 -293019.0
-358951450000.0 0.03808593 4.1060474e-08 -287078.72
-352815640000.0 0.0374349 4.1588475e-08 -294543.2
-346679800000.0 0.03678387 4.2097213e-08 -288331.4
-340543640000.0 0.0361328 4.2709672e-08 -292225.28
-334407830000.0 0.035481773 4.3284537e-08 -285401.56
-328272000000.0 0.034830738 4.401338e-08 -287011.0
-322135820000.0 0.03417967 4.4671935e-08 -279765.34
-316000340000.0 0.033528678 4.5469594e-08 -277221.47
-309864170000.0 0.03287761 4.6196114e-08 -269325.16
-303728000000.0 0.03222654 4.7068088e-08 -266576.56
-297592520000.0 0.031575546 4.788054e-08 -258177.12
-291456350000.0 0.030924477 4.885032e-08 -254722.62
-285320200000.0 0.030273411 4.9744408e-08 -245679.7
-279184700000.0 0.029622415 5.085332e-08 -240543.33
-273048520000.0 0.028971346 5.1888648e-08 -228940.78
-266912710000.0 0.028320316 5.3149027e-08 -222007.58
-260776890000.0 0.027669284 5.4296777e-08 -208465.0
-254640700000.0 0.027018217 5.5736244e-08 -197441.33
-248504880000.0 0.026367186 5.698425e-08 -183902.56
-242369050000.0 0.025716154 5.8650315e-08 -171072.73
-236232880000.0 0.025065087 6.012745e-08 -156679.48
-230097420000.0 0.024414092 6.195744e-08 -141020.1
-223961240000.0 0.023763025 6.372204e-08 -125920.08
-217825070000.0 0.023111956 6.577288e-08 -109693.805
-211689600000.0 0.022460962 6.791084e-08 -93287.12
-205553420000.0 0.021809895 7.02135e-08 -76514.21
-199417230000.0 0.021158826 7.273562e-08 -59561.426
-193281770000.0 0.020507833 7.509689e-08 -43800.71
-187145600000.0 0.019856764 7.8520735e-08 -22563.7
-181009780000.0 0.019205732 8.145877e-08 -1080.1035
-174873950000.0 0.018554702 8.5487834e-08 17943.508
-168737770000.0 0.017903633 8.857232e-08 38397.62
-162601940000.0 0.017252602 9.3480246e-08 57395.86
-156466140000.0 0.016601572 9.675667e-08 75105.414
-150329950000.0 0.015950503 1.0154155e-07 79018.53
-144194490000.0 0.015299509 1.0723123e-07 99875.51
-138058300000.0 0.014648439 1.1381172e-07 111135.695
-131922125000.0 0.013997372 1.2028845e-07 131955.58
-125786660000.0 0.013346379 1.2849114e-07 141548.88
-119650484000.0 0.012695311 1.3684357e-07 159477.1
-113514310000.0 0.012044242 1.4730001e-07 166884.23
-107378840000.0 0.011393248 1.582263e-07 183184.92
-101242670000.0 0.01074218 1.7208464e-07 187824.08
-95106840000.0 0.010091149 1.8710774e-07 200653.08
-88971020000.0 0.009440118 2.0627454e-07 202298.38
-82834840000.0 0.008789049 2.2777547e-07 212266.88
-76699020000.0 0.008138019 2.557475e-07 210244.95
-70563200000.0 0.0074869874 2.9129444e-07 213478.66
-64427020000.0 0.006835919 3.3642218e-07 207042.97
-58291556000.0 0.006184926 3.9458655e-07 206308.84
-52155376000.0 0.0055338573 4.764309e-07 195022.36
-46019200000.0 0.0048827888 5.9475354e-07 186641.44
-39883735000.0 0.0042317957 7.8184735e-07 169491.95
-33747554000.0 0.0035807267 1.1240738e-06 149788.53
-27611376000.0 0.0029296577 1.8331394e-06 122562.28
-21475912000.0 0.0022786648 3.896113e-06 87893.83
-15339732000.0 0.0016275961 1.5768113e-05 37823.418
15339732000.0 -0.0016275961 1.7955255e-05 -31468.27
21475912000.0 -0.0022786648 4.151979e-06 -89616.79
27611376000.0 -0.0029296577 1.9079787e-06 -136734.33
33747554000.0 -0.0035807267 1.1578959e-06 -176646.25
39883735000.0 -0.0042317957 8.152905e-07 -207053.42
46019200000.0 -0.0048827888 6.1589355e-07 -236427.22
52155376000.0 -0.0055338573 4.914551e-07 -259742.64
58291556000.0 -0.006184926 4.0620927e-07 -282370.16
64427020000.0 -0.006835919 3.457011e-07 -298769.22
70563200000.0 -0.0074869874 2.997146e-07 -315808.78
76699020000.0 -0.008138019 2.6648297e-07 -324617.97
82834840000.0 -0.008789049 2.3763108e-07 -337371.16
88971020000.0 -0.009440118 2.1488188e-07 -344161.28
95106840000.0 -0.010091149 1.9557203e-07 -352833.5
101242670000.0 -0.01074218 1.7980024e-07 -356314.47
107378840000.0 -0.011393248 1.6599772e-07 -362368.94
113514310000.0 -0.012044242 1.5460614e-07 -362094.06
119650484000.0 -0.012695311 1.4437151e-07 -365410.3
125786660000.0 -0.013346379 1.3572344e-07 -362845.03
131922125000.0 -0.013997372 1.2789266e-07 -364765.3
138058300000.0 -0.014648439 1.212256e-07 -359421.34
144194490000.0 -0.015299509 1.150474e-07 -359014.03
150329950000.0 -0.015950503 1.1032741e-07 -349912.94
156466140000.0 -0.016601572 1.05298376e-07 -348604.47
162601940000.0 -0.017252602 1.009706e-07 -340696.44
168737770000.0 -0.017903633 9.6803774e-08 -337656.78
174873950000.0 -0.018554702 9.334829e-08 -330004.94
181009780000.0 -0.019205732 8.98204e-08 -325918.66
187145600000.0 -0.019856764 8.700731e-08 -317465.75
193281770000.0 -0.020507833 8.403735e-08 -313405.5
199417230000.0 -0.021158826 8.1122096e-08 -309358.16
205553420000.0 -0.021809895 7.8637306e-08 -305108.22
211689600000.0 -0.022460962 7.6717e-08 -296357.8
217825070000.0 -0.023111956 7.464304e-08 -292771.78
223961240000.0 -0.023763025 7.29179e-08 -284507.12
230097420000.0 -0.024414092 7.115326e-08 -281943.2
236232880000.0 -0.025065087 6.966516e-08 -274633.75
242369050000.0 -0.025716154 6.81195e-08 -272404.03
248504880000.0 -0.026367186 6.6833884e-08 -265550.9
254640700000.0 -0.027018217 6.55273e-08 -264190.4
260776890000.0 -0.027669284 6.434233e-08 -261571.22
266912710000.0 -0.028320316 6.3192374e-08 -261221.56
273048520000.0 -0.028971346 6.232022e-08 -256065.77
279184700000.0 -0.029622415 6.1300575e-08 -256170.19
285320200000.0 -0.030273411 6.039391e-08 -260240.36
291456350000.0 -0.030924477 5.9523323e-08 -262043.3
297592520000.0 -0.031575546 5.897256e-08 -256085.12
303728000000.0 -0.03222654 5.8176056e-08 -257826.9
309864170000.0 -0.03287761 5.7420422e-08 -268667.22
316000340000.0 -0.033528678 5.6755724e-08 -271864.72
322135820000.0 -0.03417967 5.64767e-08 -264193.2
328272000000.0 -0.034830738 5.588679e-08 -268332.38
334407830000.0 -0.035481773 5.530942e-08 -287185.66
340543640000.0 -0.0361328 5.47874e-08 -291841.7
346679800000.0 -0.03678387 5.481672e-08 -282948.56
352815640000.0 -0.0374349 5.438517e-08 -287993.03
358951450000.0 -0.03808593 5.3826362e-08 -311926.7
365087620000.0 -0.038736995 5.3430476e-08 -317089.44
371223100000.0 -0.039387994 5.3712743e-08 -303011.12
377359270000.0 -0.040039062 5.343461e-08 -309345.4
383495470000.0 -0.04069013 5.290363e-08 -330131.0
389630920000.0 -0.041341122 5.2544763e-08 -334763.78
395767100000.0 -0.04199219 5.2844896e-08 -313316.38
401903300000.0 -0.04264326 5.2844896e-08 -313316.38
408038740000.0 -0.043294255 5.2488474e-08 -342503.6
414174940000.0 -0.043945324 5.2488474e-08 -342503.6
420310750000.0 -0.04459635 5.3000264e-08 -323218.03
426446550000.0 -0.045247383 5.3000264e-08 -323218.03
432582750000.0 -0.045898452 5.2630995e-08 -346527.6
438718560000.0 -0.046549484 5.2630995e-08 -346527.6
444854370000.0 -0.047200516 5.336161e-08 -326398.06
450990570000.0 -0.047851585 5.336161e-08 -326398.06
457126020000.0 -0.048502576 5.3152867e-08 -348467.8
463262220000.0 -0.049153645 5.3152867e-08 -348467.8
469398400000.0 -0.049804714 5.4053896e-08 -330058.0
475533840000.0 -0.050455708 5.4053896e-08 -330058.0
481670040000.0 -0.051106777 5.3925945e-08 -349671.0
487806200000.0 -0.051757842 5.3925945e-08 -349671.0
493941700000.0 -0.052408837 5.4863662e-08 -336485.88
500077850000.0 -0.053059906 5.4863662e-08 -336485.88
506213660000.0 -0.053710938 5.4894596e-08 -357188.78
512349500000.0 -0.05436197 5.4894596e-08 -357188.78
518485670000.0 -0.055013034 5.5894603e-08 -349057.34
524621480000.0 -0.055664066 5.5894603e-08 -349057.34
530757320000.0 -0.056315098 5.5962726e-08 -367222.3
536893500000.0 -0.056966167 5.5962726e-08 -367222.3
543028970000.0 -0.057617158 5.7015814e-08 -363121.9
549165140000.0 -0.058268227 5.7015814e-08 -363121.9
555301340000.0 -0.058919296 5.7299076e-08 -382678.53
561436750000.0 -0.059570286 5.7299076e-08 -382678.53
567572960000.0 -0.06022136 5.831565e-08 -384176.9
573709160000.0 -0.060872428 5.831565e-08 -384176.9
579844640000.0 -0.061523426 5.862237e-08 -399950.44
585980800000.0 -0.062174488 5.862237e-08 -399950.44
592116600000.0 -0.062825516 5.981047e-08 -407154.97
598252450000.0 -0.063476555 5.981047e-08 -407154.97
604388600000.0 -0.06412762 6.018085e-08 -421580.75
610524400000.0 -0.06477865 6.018085e-08 -421580.75
616660300000.0 -0.06542969 6.127755e-08 -431897.06
622796400000.0 -0.06608075 6.127755e-08 -431897.06
628931900000.0 -0.06673174 6.1762904e-08 -445534.06
635068100000.0 -0.06738281 6.1762904e-08 -445534.06
641204200000.0 -0.068033874 6.280105e-08 -459389.78
647339700000.0 -0.068684876 6.280105e-08 -459389.78
653475900000.0 -0.069335945 6.3358975e-08 -473810.84
659612040000.0 -0.06998701 6.3358975e-08 -473810.84
665747500000.0 -0.070638 6.438411e-08 -490893.2
671883700000.0 -0.07128907 6.438411e-08 -490893.2
678019500000.0 -0.0719401 6.506178e-08 -505136.03
684155340000.0 -0.07259113 6.506178e-08 -505136.03
690291540000.0 -0.0732422 6.614459e-08 -526524.2
696427350000.0 -0.073893234 6.614459e-08 -526524.2
702563160000.0 -0.07454426 6.714523e-08 -540744.2
708699360000.0 -0.075195335 6.714523e-08 -540744.2
714834840000.0 -0.07584633 6.853694e-08 -562360.0
720971000000.0 -0.07649739 6.853694e-08 -562360.0
727107200000.0 -0.07714847 6.978208e-08 -575612.1
733242650000.0 -0.077799454 6.978208e-08 -575612.1
739378800000.0 -0.07845052 7.137176e-08 -596715.1
745515000000.0 -0.07910159 7.137176e-08 -596715.1
751650500000.0 -0.07975259 7.281908e-08 -608991.44
757786700000.0 -0.080403656 7.281908e-08 -608991.44
763922500000.0 -0.08105469 7.428523e-08 -628269.56
770058300000.0 -0.08170572 7.428523e-08 -628269.56
776194500000.0 -0.08235679 7.636491e-08 -645171.44
782330300000.0 -0.08300782 7.636491e-08 -645171.44
788466100000.0 -0.08365885 7.121352e-08 -612054.1
794602300000.0 -0.08430992 7.121352e-08 -612054.1
800737700000.0 -0.08496091 7.121352e-08 -612054.1
806873900000.0 -0.08561198 7.121352e-08 -612054.1
813010100000.0 -0.086263046 7.343689e-08 -638388.0
819145600000.0 -0.08691404 7.343689e-08 -638388.0
825281740000.0 -0.08756511 7.343689e-08 -638388.0
831417550000.0 -0.08821614 7.343689e-08 -638388.0
837553400000.0 -0.08886717 7.586356e-08 -659598.25
843689560000.0 -0.08951824 7.586356e-08 -659598.25
849825370000.0 -0.09016927 7.586356e-08 -659598.25
855961240000.0 -0.090820305 7.586356e-08 -659598.25
862097400000.0 -0.091471374 7.804148e-08 -677184.56
868232860000.0 -0.09212236 7.804148e-08 -677184.56
874369060000.0 -0.09277343 7.804148e-08 -677184.56
880505200000.0 -0.0934245 7.804148e-08 -677184.56
886640700000.0 -0.09407549 8.020257e-08 -694471.25
892776900000.0 -0.09472656 8.020257e-08 -694471.25
898913000000.0 -0.09537763 8.020257e-08 -694471.25
905048500000.0 -0.096028626 8.020257e-08 -694471.25
911184700000.0 -0.096679695 8.2656015e-08 -712150.94
917320500000.0 -0.09733073 8.2656015e-08 -712150.94
923456300000.0 -0.09798176 8.2656015e-08 -712150.94
929592500000.0 -0.09863283 8.2656015e-08 -712150.94
935728300000.0 -0.09928385 8.543757e-08 -726058.1
941864100000.0 -0.09993488 8.543757e-08 -726058.1
948000300000.0 -0.10058595 8.543757e-08 -726058.1
954135800000.0 -0.10123695 8.543757e-08 -726058.1
960271940000.0 -0.101888016 8.828571e-08 -735000.0
966408140000.0 -0.102539085 8.828571e-08 -735000.0
972543600000.0 -0.10319008 8.828571e-08 -735000.0
978679800000.0 -0.10384115 8.828571e-08 -735000.0
984815960000.0 -0.10449222 9.1079954e-08 -743652.5
990951440000.0 -0.10514321 9.1079954e-08 -743652.5
997087640000.0 -0.10579427 9.1079954e-08 -743652.5
1003223450000.0 -0.106445305 9.1079954e-08 -743652.5
1009359260000.0 -0.10709634 9.374319e-08 -754660.75
1015495460000.0 -0.107747406 9.374319e-08 -754660.75
1021631270000.0 -0.10839844 9.374319e-08 -754660.75
1027767100000.0 -0.10904947 9.374319e-08 -754660.75
1033903300000.0 -0.10970054 9.6389144e-08 -763946.6
1040038700000.0 -0.11035153 9.6389144e-08 -763946.6
1046174900000.0 -0.1110026 9.6389144e-08 -763946.6
1052311100000.0 -0.11165367 9.6389144e-08 -763946.6
1058446600000.0 -0.11230466 9.871635e-08 -769186.1
1064582700000.0 -0.11295573 9.871635e-08 -769186.1
1070718900000.0 -0.113606796 9.871635e-08 -769186.1
1076854400000.0 -0.11425779 9.871635e-08 -769186.1
1082990500000.0 -0.11490886 1.0040006e-07 -773462.2
1089126400000.0 -0.11555989 1.0040006e-07 -773462.2
1095262200000.0 -0.11621092 1.0040006e-07 -773462.2
1101398400000.0 -0.11686199 1.0040006e-07 -773462.2
1107534200000.0 -0.11751302 1.0191466e-07 -781127.7
1113670000000.0 -0.118164055 1.0191466e-07 -781127.7
1119806200000.0 -0.118815124 1.0191466e-07 -781127.7
1125941600000.0 -0.11946611 1.0191466e-07 -781127.7
1132077800000.0 -0.12011717 1.03495296e-07 -791326.9
1138214000000.0 -0.12076825 1.03495296e-07 -791326.9
1144349500000.0 -0.12141925 1.03495296e-07 -791326.9
1150485700000.0 -0.12207031 1.03495296e-07 -791326.9
1156621800000.0 -0.12272138 1.0514388e-07 -801905.06
1162757300000.0 -0.123372376 1.0514388e-07 -801905.06
1168893500000.0 -0.12402345 1.0514388e-07 -801905.06
1175029300000.0 -0.12467448 1.0514388e-07 -801905.06
1181165200000.0 -0.1253255 1.0630308e-07 -813120.1
1187301300000.0 -0.12597658 1.0630308e-07 -813120.1
1193437200000.0 -0.12662761 1.0630308e-07 -813120.1
1199572900000.0 -0.12727864 1.0630308e-07 -813120.1
1205709200000.0 -0.12792972 1.06902185e-07 -828116.1
1211844500000.0 -0.12858069 1.06902185e-07 -828116.1
1217980800000.0 -0.12923177 1.06902185e-07 -828116.1
1224116900000.0 -0.12988284 1.06902185e-07 -828116.1
1230252400000.0 -0.13053383 1.0709465e-07 -847141.4
1236388500000.0 -0.13118489 1.0709465e-07 -847141.4
1242524800000.0 -0.13183598 1.0709465e-07 -847141.4
1248660300000.0 -0.13248697 1.0709465e-07 -847141.4
1254796400000.0 -0.13313803 1.0716896e-07 -869588.94
1260932200000.0 -0.13378905 1.0716896e-07 -869588.94
1267068000000.0 -0.1344401 1.0716896e-07 -869588.94
1273204200000.0 -0.13509116 1.0716896e-07 -869588.94
1279340000000.0 -0.13574219 1.0710987e-07 -893200.56
1285475900000.0 -0.13639323 1.0710987e-07 -893200.56
1291612000000.0 -0.1370443 1.0710987e-07 -893200.56
