morphology_data/1d_wa_a0.1_l2r2_00001.ecsv
# %ECSV 1.0
# ---
# datatype:
# - {name: b, datatype: float32}
# - {name: phase, datatype: float32}
# - {name: sigma, datatype: float32}
# - {name: vr, datatype: float32}
# meta: {lambda: 2, rp: 2.0, sep: 0.1, wind: a}
# schema: astropy-2.0
b phase sigma vr
[from data line 923]
978679800000.0 -0.10384115 9.3409795e-09 -2039862.4
984815960000.0 -0.10449222 9.334895e-09 -2067876.4
990951440000.0 -0.10514321 9.334895e-09 -2067876.4
997087640000.0 -0.10579427 9.334895e-09 -2067876.4
1003223450000.0 -0.106445305 9.334895e-09 -2067876.4
1009359260000.0 -0.10709634 9.0669525e-09 -2050224.1
1015495460000.0 -0.107747406 9.0669525e-09 -2050224.1
1021631270000.0 -0.10839844 9.0669525e-09 -2050224.1
1027767100000.0 -0.10904947 9.0669525e-09 -2050224.1
1033903300000.0 -0.10970054 8.664119e-09 -2034792.8
1040038700000.0 -0.11035153 8.664119e-09 -2034792.8
1046174900000.0 -0.1110026 8.664119e-09 -2034792.8
1052311100000.0 -0.11165367 8.664119e-09 -2034792.8
1058446600000.0 -0.11230466 8.190706e-09 -2094602.8
1064582700000.0 -0.11295573 8.190706e-09 -2094602.8
1070718900000.0 -0.113606796 8.190706e-09 -2094602.8
1076854400000.0 -0.11425779 8.190706e-09 -2094602.8
1082990500000.0 -0.11490886 7.585398e-09 -2129979.8
1089126400000.0 -0.11555989 7.585398e-09 -2129979.8
1095262200000.0 -0.11621092 7.585398e-09 -2129979.8
1101398400000.0 -0.11686199 7.585398e-09 -2129979.8
1107534200000.0 -0.11751302 7.040173e-09 -2079302.2
1113670000000.0 -0.118164055 7.040173e-09 -2079302.2
1119806200000.0 -0.118815124 7.040173e-09 -2079302.2
1125941600000.0 -0.11946611 7.040173e-09 -2079302.2
1132077800000.0 -0.12011717 6.721744e-09 -1971225.1
1138214000000.0 -0.12076825 6.721744e-09 -1971225.1
1144349500000.0 -0.12141925 6.721744e-09 -1971225.1
1150485700000.0 -0.12207031 6.721744e-09 -1971225.1
1156621800000.0 -0.12272138 6.5882877e-09 -1827822.9
1162757300000.0 -0.123372376 6.5882877e-09 -1827822.9
1168893500000.0 -0.12402345 6.5882877e-09 -1827822.9
1175029300000.0 -0.12467448 6.5882877e-09 -1827822.9
1181165200000.0 -0.1253255 6.584995e-09 -1668301.9
1187301300000.0 -0.12597658 6.584995e-09 -1668301.9
1193437200000.0 -0.12662761 6.584995e-09 -1668301.9
1199572900000.0 -0.12727864 6.584995e-09 -1668301.9
1205709200000.0 -0.12792972 6.6510135e-09 -1513345.9
1211844500000.0 -0.12858069 6.6510135e-09 -1513345.9
1217980800000.0 -0.12923177 6.6510135e-09 -1513345.9
1224116900000.0 -0.12988284 6.6510135e-09 -1513345.9
1230252400000.0 -0.13053383 6.666731e-09 -1419406.1
1236388500000.0 -0.13118489 6.666731e-09 -1419406.1
1242524800000.0 -0.13183598 6.666731e-09 -1419406.1
1248660300000.0 -0.13248697 6.666731e-09 -1419406.1
1254796400000.0 -0.13313803 6.732863e-09 -1391090.0
1260932200000.0 -0.13378905 6.732863e-09 -1391090.0
1267068000000.0 -0.1344401 6.732863e-09 -1391090.0
1273204200000.0 -0.13509116 6.732863e-09 -1391090.0
1279340000000.0 -0.13574219 6.790966e-09 -1391000.0
1285475900000.0 -0.13639323 6.790966e-09 -1391000.0
1291612000000.0 -0.1370443 6.790966e-09 -1391000.0
1297747500000.0 -0.13769528 6.790966e-09 -1391000.0
1303883700000.0 -0.13834634 6.8309225e-09 -1410662.5
1310019800000.0 -0.1389974 6.8309225e-09 -1410662.5
1316155300000.0 -0.13964841 6.8309225e-09 -1410662.5
1322291600000.0 -0.14029948 6.8309225e-09 -1410662.5
1328427700000.0 -0.14095055 6.9180013e-09 -1426421.9
1334563200000.0 -0.14160155 6.9180013e-09 -1426421.9
1340699300000.0 -0.14225261 6.9180013e-09 -1426421.9
1346835600000.0 -0.14290369 6.9180013e-09 -1426421.9
1352970900000.0 -0.14355466 6.9926984e-09 -1431955.6
1359107200000.0 -0.14420575 6.9926984e-09 -1431955.6
1365243300000.0 -0.14485681 6.9926984e-09 -1431955.6
1371378800000.0 -0.1455078 6.9926984e-09 -1431955.6
1377514300000.0 -0.1461588 7.0038e-09 -1446209.8
1383651200000.0 -0.14680995 7.0038e-09 -1446209.8
1389786600000.0 -0.14746092 7.0038e-09 -1446209.8
1395922000000.0 -0.14811192 7.0038e-09 -1446209.8
1402059000000.0 -0.14876308 7.0243438e-09 -1467690.1
1408194400000.0 -0.14941406 7.0243438e-09 -1467690.1
1414329900000.0 -0.15006506 7.0243438e-09 -1467690.1
1420466800000.0 -0.1507162 7.0243438e-09 -1467690.1
1426602300000.0 -0.1513672 7.104088e-09 -1497604.8
1432737700000.0 -0.15201817 7.104088e-09 -1497604.8
1438874600000.0 -0.15266933 7.104088e-09 -1497604.8
1445010100000.0 -0.15332033 7.104088e-09 -1497604.8
1451145600000.0 -0.15397131 7.2046293e-09 -1508825.9
1457281700000.0 -0.15462239 7.2046293e-09 -1508825.9
1463418000000.0 -0.15527347 7.2046293e-09 -1508825.9
1469553400000.0 -0.15592445 7.2046293e-09 -1508825.9
1475689600000.0 -0.15657552 7.350591e-09 -1485357.1
1481825700000.0 -0.15722659 7.350591e-09 -1485357.1
1487961200000.0 -0.15787758 7.350591e-09 -1485357.1
1494097300000.0 -0.15852864 7.350591e-09 -1485357.1
1500233600000.0 -0.15917972 7.400378e-09 -1435673.5
1506369100000.0 -0.1598307 7.400378e-09 -1435673.5
1512505200000.0 -0.16048178 7.400378e-09 -1435673.5
1518641300000.0 -0.16113284 7.400378e-09 -1435673.5
1524776800000.0 -0.16178384 7.334625e-09 -1374732.6
1530913000000.0 -0.1624349 7.334625e-09 -1374732.6
1537049200000.0 -0.16308598 7.334625e-09 -1374732.6
1543184700000.0 -0.16373697 7.334625e-09 -1374732.6
1549320200000.0 -0.16438797 7.160856e-09 -1306715.0
1555457000000.0 -0.1650391 7.160856e-09 -1306715.0
1561592500000.0 -0.1656901 7.160856e-09 -1306715.0
1567728000000.0 -0.1663411 7.160856e-09 -1306715.0
1573864900000.0 -0.16699223 6.973628e-09 -1257705.6
1580000300000.0 -0.16764323 6.973628e-09 -1257705.6
1586135800000.0 -0.16829422 6.973628e-09 -1257705.6
1592272600000.0 -0.16894537 6.973628e-09 -1257705.6
1598408100000.0 -0.16959636 6.82825e-09 -1224310.8
1604543600000.0 -0.17024736 6.82825e-09 -1224310.8
1610679700000.0 -0.17089842 6.82825e-09 -1224310.8
1616816000000.0 -0.1715495 6.82825e-09 -1224310.8
1622951500000.0 -0.17220049 6.68711e-09 -1204471.8
1629087600000.0 -0.17285155 6.68711e-09 -1204471.8
1635223700000.0 -0.17350262 6.68711e-09 -1204471.8
1641359200000.0 -0.17415361 6.68711e-09 -1204471.8
1647495500000.0 -0.17480469 6.5063297e-09 -1199228.5
1653631600000.0 -0.17545575 6.5063297e-09 -1199228.5
1659767100000.0 -0.17610675 6.5063297e-09 -1199228.5
1665903200000.0 -0.17675781 6.5063297e-09 -1199228.5
1672039400000.0 -0.17740889 6.292284e-09 -1184502.5
1678174800000.0 -0.17805988 6.292284e-09 -1184502.5
1684311100000.0 -0.17871095 6.292284e-09 -1184502.5
1690447200000.0 -0.17936201 6.292284e-09 -1184502.5
1696582700000.0 -0.180013 6.0512937e-09 -1175782.9
1702718200000.0 -0.180664 6.0512937e-09 -1175782.9
1708855000000.0 -0.18131514 6.0512937e-09 -1175782.9
1714990500000.0 -0.18196614 6.0512937e-09 -1175782.9
1721126000000.0 -0.18261713 5.7555245e-09 -1172713.9
1727262900000.0 -0.18326828 5.7555245e-09 -1172713.9
1733398400000.0 -0.18391927 5.7555245e-09 -1172713.9
1739533800000.0 -0.18457027 5.7555245e-09 -1172713.9
1745670800000.0 -0.1852214 5.514055e-09 -1187883.6
1751806100000.0 -0.1858724 5.514055e-09 -1187883.6
1757941600000.0 -0.1865234 5.514055e-09 -1187883.6
1764078500000.0 -0.18717454 5.514055e-09 -1187883.6
1770214000000.0 -0.18782553 5.3566103e-09 -1226977.9
1776349500000.0 -0.18847652 5.3566103e-09 -1226977.9
1782485600000.0 -0.1891276 5.3566103e-09 -1226977.9
1788621800000.0 -0.18977866 5.3566103e-09 -1226977.9
1794757200000.0 -0.19042966 5.201169e-09 -1306580.1
1800893500000.0 -0.19108072 5.201169e-09 -1306580.1
1807029600000.0 -0.1917318 5.201169e-09 -1306580.1
1813165100000.0 -0.19238278 5.201169e-09 -1306580.1
1819301200000.0 -0.19303386 5.084841e-09 -1420578.0
1825437500000.0 -0.19368492 5.084841e-09 -1420578.0
1831572900000.0 -0.19433591 5.084841e-09 -1420578.0
1837709100000.0 -0.19498698 5.084841e-09 -1420578.0
1843845300000.0 -0.19563805 4.9917563e-09 -1548108.2
1849980700000.0 -0.19628905 4.9917563e-09 -1548108.2
1856116900000.0 -0.19694011 4.9917563e-09 -1548108.2
1862253200000.0 -0.19759119 4.9917563e-09 -1548108.2
1868388600000.0 -0.19824217 5.01782e-09 -1619979.0
1874524000000.0 -0.19889317 5.01782e-09 -1619979.0
1880660900000.0 -0.19954431 5.01782e-09 -1619979.0
1886796400000.0 -0.20019531 5.01782e-09 -1619979.0
1892931900000.0 -0.2008463 5.1352766e-09 -1638279.1
1899068800000.0 -0.20149745 5.1352766e-09 -1638279.1
1905204300000.0 -0.20214844 5.1352766e-09 -1638279.1
1911339600000.0 -0.20279942 5.1352766e-09 -1638279.1
1917476500000.0 -0.20345058 5.2374443e-09 -1627752.8
1923612000000.0 -0.20410156 5.2374443e-09 -1627752.8
1929747500000.0 -0.20475256 5.2374443e-09 -1627752.8
1935884400000.0 -0.2054037 5.2374443e-09 -1627752.8
1942019900000.0 -0.2060547 5.356294e-09 -1598413.4
1948155400000.0 -0.20670569 5.356294e-09 -1598413.4
1954291500000.0 -0.20735677 5.356294e-09 -1598413.4
1960427700000.0 -0.20800783 5.356294e-09 -1598413.4
1966563100000.0 -0.20865881 5.475073e-09 -1573955.4
1972699300000.0 -0.20930989 5.475073e-09 -1573955.4
1978835500000.0 -0.20996095 5.475073e-09 -1573955.4
1984971000000.0 -0.21061195 5.475073e-09 -1573955.4
1991107100000.0 -0.21126302 5.523315e-09 -1577688.8
1997243300000.0 -0.21191409 5.523315e-09 -1577688.8
2003378800000.0 -0.21256508 5.523315e-09 -1577688.8
2009514900000.0 -0.21321616 5.523315e-09 -1577688.8
2015651200000.0 -0.21386722 5.4972764e-09 -1614136.9
2021786600000.0 -0.2145182 5.4972764e-09 -1614136.9
2027922800000.0 -0.21516928 5.4972764e-09 -1614136.9
2034058900000.0 -0.21582034 5.4972764e-09 -1614136.9
2040194400000.0 -0.21647134 5.458197e-09 -1643194.0
2046329900000.0 -0.21712233 5.458197e-09 -1643194.0
2052466800000.0 -0.21777348 5.458197e-09 -1643194.0
2058602300000.0 -0.21842447 5.458197e-09 -1643194.0
2064737800000.0 -0.21907547 5.3671956e-09 -1660284.8
2070874600000.0 -0.2197266 5.3671956e-09 -1660284.8
2077010000000.0 -0.22037761 5.3671956e-09 -1660284.8
2083145500000.0 -0.2210286 5.3671956e-09 -1660284.8
2089282400000.0 -0.22167975 5.2272005e-09 -1658497.8
2095417900000.0 -0.22233073 5.2272005e-09 -1658497.8
2101553400000.0 -0.22298172 5.2272005e-09 -1658497.8
2107690200000.0 -0.22363287 5.2272005e-09 -1658497.8
2113825700000.0 -0.22428386 5.0170534e-09 -1656763.1
2119961100000.0 -0.22493486 5.0170534e-09 -1656763.1
2126097400000.0 -0.22558592 5.0170534e-09 -1656763.1
2132233600000.0 -0.226237 5.0170534e-09 -1656763.1
2138369000000.0 -0.22688799 4.728446e-09 -1656392.4
2144505200000.0 -0.22753906 4.728446e-09 -1656392.4
2150641300000.0 -0.22819012 4.728446e-09 -1656392.4
2156776800000.0 -0.22884111 4.728446e-09 -1656392.4
2162913000000.0 -0.22949219 4.416696e-09 -1652924.9
2169049200000.0 -0.23014325 4.416696e-09 -1652924.9
2175184700000.0 -0.23079425 4.416696e-09 -1652924.9
2181320800000.0 -0.23144531 4.416696e-09 -1652924.9
2187457100000.0 -0.23209639 4.1342667e-09 -1654296.4
2193592400000.0 -0.23274738 4.1342667e-09 -1654296.4
2199728700000.0 -0.23339845 4.1342667e-09 -1654296.4
2205865000000.0 -0.23404953 4.1342667e-09 -1654296.4
2212000200000.0 -0.23470049 3.9839083e-09 -1654718.0
2218135700000.0 -0.23535149 3.9839083e-09 -1654718.0
2224272700000.0 -0.23600265 3.9839083e-09 -1654718.0
2230408200000.0 -0.23665364 3.9839083e-09 -1654718.0
2236543700000.0 -0.23730463 3.9163828e-09 -1659037.5
2242680500000.0 -0.23795578 3.9163828e-09 -1659037.5
2248816000000.0 -0.23860677 3.9163828e-09 -1659037.5
2254951400000.0 -0.23925777 3.9163828e-09 -1659037.5
2261088200000.0 -0.2399089 3.9041144e-09 -1704285.6
2267223700000.0 -0.2405599 3.9041144e-09 -1704285.6
2273359200000.0 -0.2412109 3.9041144e-09 -1704285.6
2279496200000.0 -0.24186206 3.9041144e-09 -1704285.6
2285631700000.0 -0.24251305 3.871497e-09 -1793645.2
2291767000000.0 -0.243164 3.871497e-09 -1793645.2
2297903200000.0 -0.2438151 3.871497e-09 -1793645.2
2304039500000.0 -0.24446616 3.871497e-09 -1793645.2
2310175000000.0 -0.24511716 3.8399945e-09 -1865603.0
2316311000000.0 -0.2457682 3.8399945e-09 -1865603.0
2322447200000.0 -0.2464193 3.8399945e-09 -1865603.0
2328582700000.0 -0.24707028 3.8399945e-09 -1865603.0
2334719000000.0 -0.24772136 3.830781e-09 -1857659.4
2340855000000.0 -0.24837242 3.830781e-09 -1857659.4
2346990400000.0 -0.24902342 3.830781e-09 -1857659.4
2353126700000.0 -0.24967448 3.830781e-09 -1857659.4
2359263000000.0 -0.25032556 3.8461443e-09 -1800739.0
2365398500000.0 -0.25097656 3.8461443e-09 -1800739.0
2371534500000.0 -0.25162762 3.8461443e-09 -1800739.0
2377670700000.0 -0.2522787 3.8461443e-09 -1800739.0
2383806200000.0 -0.2529297 3.8827146e-09 -1720507.4
2389941700000.0 -0.25358066 3.8827146e-09 -1720507.4
2396078500000.0 -0.2542318 3.8827146e-09 -1720507.4
2402214000000.0 -0.2548828 3.8827146e-09 -1720507.4
2408349400000.0 -0.2555338 3.835638e-09 -1666032.5
2414486200000.0 -0.25618494 3.835638e-09 -1666032.5
2420621700000.0 -0.2568359 3.835638e-09 -1666032.5
2426757200000.0 -0.25748694 3.835638e-09 -1666032.5
2432894200000.0 -0.25813806 3.7493786e-09 -1697963.5
2439029700000.0 -0.2587891 3.7493786e-09 -1697963.5
2445165200000.0 -0.2594401 3.7493786e-09 -1697963.5
2451302000000.0 -0.26009122 3.7493786e-09 -1697963.5
2457437500000.0 -0.2607422 3.6043681e-09 -1813973.8
2463573000000.0 -0.2613932 3.6043681e-09 -1813973.8
2469709000000.0 -0.26204425 3.6043681e-09 -1813973.8
2475845200000.0 -0.26269534 3.6043681e-09 -1813973.8
2481980700000.0 -0.2633463 3.482081e-09 -1998515.0
2488117000000.0 -0.2639974 3.482081e-09 -1998515.0
2494253000000.0 -0.26464844 3.482081e-09 -1998515.0
2500388500000.0 -0.26529944 3.482081e-09 -1998515.0
2506524700000.0 -0.26595053 3.414292e-09 -2199473.5
2512661000000.0 -0.2666016 3.414292e-09 -2199473.5
2518796500000.0 -0.2672526 3.414292e-09 -2199473.5
2524932500000.0 -0.26790366 3.414292e-09 -2199473.5
2531068700000.0 -0.26855472 3.3656933e-09 -2415916.0
2537204200000.0 -0.26920572 3.3656933e-09 -2415916.0
2543340500000.0 -0.2698568 3.3656933e-09 -2415916.0
2549476500000.0 -0.27050784 3.3656933e-09 -2415916.0
2555612000000.0 -0.27115884 3.3086165e-09 -2596396.5
2561747500000.0 -0.27180985 3.3086165e-09 -2596396.5
2567884200000.0 -0.27246097 3.3086165e-09 -2596396.5
2574019700000.0 -0.27311197 3.3086165e-09 -2596396.5
2580155200000.0 -0.27376294 3.2189589e-09 -2682971.5
2586292300000.0 -0.27441412 3.2189589e-09 -2682971.5
2592427700000.0 -0.2750651 3.2189589e-09 -2682971.5
2598563200000.0 -0.27571613 3.2189589e-09 -2682971.5
2604700000000.0 -0.27636725 3.0673686e-09 -2644362.5
2610835500000.0 -0.27701825 3.0673686e-09 -2644362.5
2616971000000.0 -0.27766922 3.0673686e-09 -2644362.5
2623107800000.0 -0.27832037 3.0673686e-09 -2644362.5
2629243200000.0 -0.27897137 2.915871e-09 -2588206.2
2635378700000.0 -0.27962235 2.915871e-09 -2588206.2
2641515000000.0 -0.28027344 2.915871e-09 -2588206.2
2647651300000.0 -0.28092453 2.915871e-09 -2588206.2
2653786500000.0 -0.28157547 2.8389717e-09 -2520116.5
2659922700000.0 -0.28222656 2.8389717e-09 -2520116.5
2666059000000.0 -0.28287762 2.8389717e-09 -2520116.5
2672194500000.0 -0.28352863 2.8389717e-09 -2520116.5
2678330500000.0 -0.28417966 2.8361835e-09 -2403852.8
2684466800000.0 -0.28483075 2.8361835e-09 -2403852.8
2690602200000.0 -0.28548175 2.8361835e-09 -2403852.8
2696738500000.0 -0.28613284 2.8361835e-09 -2403852.8
2702874500000.0 -0.28678387 2.9069154e-09 -2145212.5
2709010000000.0 -0.28743488 2.9069154e-09 -2145212.5
2715146300000.0 -0.28808594 2.9069154e-09 -2145212.5
2721282500000.0 -0.28873703 2.9069154e-09 -2145212.5
2727418000000.0 -0.28938803 3.0863758e-09 -1802758.6
2733553200000.0 -0.29003897 3.0863758e-09 -1802758.6
2739690300000.0 -0.29069015 3.0863758e-09 -1802758.6
2745825800000.0 -0.29134116 3.0863758e-09 -1802758.6
2751961200000.0 -0.29199213 3.1558673e-09 -1612155.9
2758098000000.0 -0.29264328 3.1558673e-09 -1612155.9
2764233500000.0 -0.29329428 3.1558673e-09 -1612155.9
2770369000000.0 -0.29394525 3.1558673e-09 -1612155.9
2776505800000.0 -0.2945964 3.1825482e-09 -1583310.9
2782641300000.0 -0.2952474 3.1825482e-09 -1583310.9
2788776700000.0 -0.2958984 3.1825482e-09 -1583310.9
2794913800000.0 -0.29654956 3.1825482e-09 -1583310.9
2801049300000.0 -0.29720056 3.1378196e-09 -1656183.8
2807184800000.0 -0.29785153 3.1378196e-09 -1656183.8
2813320800000.0 -0.2985026 3.1378196e-09 -1656183.8
2819457000000.0 -0.29915366 3.1378196e-09 -1656183.8
2825592500000.0 -0.29980466 2.990525e-09 -1852867.1
2831728500000.0 -0.30045572 2.990525e-09 -1852867.1
2837864800000.0 -0.30110678 2.990525e-09 -1852867.1
2844000300000.0 -0.30175778 2.990525e-09 -1852867.1
