morphology_data/1d_wa_a0.025_l2r1_00001.ecsv
# %ECSV 1.0
# ---
# datatype:
# - {name: b, datatype: float32}
# - {name: phase, datatype: float32}
# - {name: sigma, datatype: float32}
# - {name: vr, datatype: float32}
# meta: {lambda: 2, rp: 1.0, sep: 0.025, wind: a}
# schema: astropy-2.0
b phase sigma vr
[from data line 950]
295291300000.0 -0.1253255 1.1895558e-07 331724.78
296825320000.0 -0.12597658 1.1895558e-07 331724.78
298359300000.0 -0.12662761 1.1895558e-07 331724.78
299893230000.0 -0.12727864 1.1895558e-07 331724.78
301427300000.0 -0.12792972 1.2254286e-07 394234.25
302961130000.0 -0.12858069 1.2254286e-07 394234.25
304495200000.0 -0.12923177 1.2254286e-07 394234.25
306029230000.0 -0.12988284 1.2254286e-07 394234.25
307563100000.0 -0.13053383 1.239146e-07 474809.4
309097140000.0 -0.13118489 1.239146e-07 474809.4
310631200000.0 -0.13183598 1.239146e-07 474809.4
312165070000.0 -0.13248697 1.239146e-07 474809.4
313699100000.0 -0.13313803 1.2432986e-07 459957.47
315233040000.0 -0.13378905 1.2432986e-07 459957.47
316767000000.0 -0.1344401 1.2432986e-07 459957.47
318301040000.0 -0.13509116 1.2432986e-07 459957.47
319835000000.0 -0.13574219 1.2059856e-07 371753.22
321368980000.0 -0.13639323 1.2059856e-07 371753.22
322903000000.0 -0.1370443 1.2059856e-07 371753.22
324436900000.0 -0.13769528 1.2059856e-07 371753.22
325970920000.0 -0.13834634 1.16020246e-07 229316.05
327504950000.0 -0.1389974 1.16020246e-07 229316.05
329038820000.0 -0.13964841 1.16020246e-07 229316.05
330572900000.0 -0.14029948 1.16020246e-07 229316.05
332106920000.0 -0.14095055 1.1096292e-07 124818.06
333640800000.0 -0.14160155 1.1096292e-07 124818.06
335174830000.0 -0.14225261 1.1096292e-07 124818.06
336708900000.0 -0.14290369 1.1096292e-07 124818.06
338242730000.0 -0.14355466 1.0550787e-07 69342.55
339776800000.0 -0.14420575 1.0550787e-07 69342.55
341310830000.0 -0.14485681 1.0550787e-07 69342.55
342844700000.0 -0.1455078 1.0550787e-07 69342.55
344378570000.0 -0.1461588 9.953818e-08 74926.7
345912800000.0 -0.14680995 9.953818e-08 74926.7
347446640000.0 -0.14746092 9.953818e-08 74926.7
348980500000.0 -0.14811192 9.953818e-08 74926.7
350514740000.0 -0.14876308 9.274636e-08 132097.28
352048600000.0 -0.14941406 9.274636e-08 132097.28
353582480000.0 -0.15006506 9.274636e-08 132097.28
355116700000.0 -0.1507162 9.274636e-08 132097.28
356650580000.0 -0.1513672 8.519639e-08 187427.31
358184420000.0 -0.15201817 8.519639e-08 187427.31
359718650000.0 -0.15266933 8.519639e-08 187427.31
361252520000.0 -0.15332033 8.519639e-08 187427.31
362786400000.0 -0.15397131 7.764872e-08 188559.61
364320420000.0 -0.15462239 7.764872e-08 188559.61
365854500000.0 -0.15527347 7.764872e-08 188559.61
367388360000.0 -0.15592445 7.764872e-08 188559.61
368922400000.0 -0.15657552 7.063242e-08 159326.5
370456430000.0 -0.15722659 7.063242e-08 159326.5
371990300000.0 -0.15787758 7.063242e-08 159326.5
373524330000.0 -0.15852864 7.063242e-08 159326.5
375058400000.0 -0.15917972 6.448884e-08 83385.5
376592270000.0 -0.1598307 6.448884e-08 83385.5
378126300000.0 -0.16048178 6.448884e-08 83385.5
379660340000.0 -0.16113284 6.448884e-08 83385.5
381194200000.0 -0.16178384 5.978716e-08 -33938.08
382728240000.0 -0.1624349 5.978716e-08 -33938.08
384262300000.0 -0.16308598 5.978716e-08 -33938.08
385796180000.0 -0.16373697 5.978716e-08 -33938.08
387330050000.0 -0.16438797 5.628338e-08 -178173.34
388864250000.0 -0.1650391 5.628338e-08 -178173.34
390398100000.0 -0.1656901 5.628338e-08 -178173.34
391932000000.0 -0.1663411 5.628338e-08 -178173.34
393466220000.0 -0.16699223 5.3558768e-08 -334436.62
395000100000.0 -0.16764323 5.3558768e-08 -334436.62
396533960000.0 -0.16829422 5.3558768e-08 -334436.62
398068150000.0 -0.16894537 5.3558768e-08 -334436.62
399602020000.0 -0.16959636 5.127552e-08 -490004.94
401135900000.0 -0.17024736 5.127552e-08 -490004.94
402669930000.0 -0.17089842 5.127552e-08 -490004.94
404204000000.0 -0.1715495 5.127552e-08 -490004.94
405737870000.0 -0.17220049 4.9034472e-08 -646239.44
407271900000.0 -0.17285155 4.9034472e-08 -646239.44
408805930000.0 -0.17350262 4.9034472e-08 -646239.44
410339800000.0 -0.17415361 4.9034472e-08 -646239.44
411873870000.0 -0.17480469 4.6929998e-08 -804688.94
413407900000.0 -0.17545575 4.6929998e-08 -804688.94
414941770000.0 -0.17610675 4.6929998e-08 -804688.94
416475800000.0 -0.17675781 4.6929998e-08 -804688.94
418009840000.0 -0.17740889 4.4955172e-08 -964846.3
419543700000.0 -0.17805988 4.4955172e-08 -964846.3
421077780000.0 -0.17871095 4.4955172e-08 -964846.3
422611800000.0 -0.17936201 4.4955172e-08 -964846.3
424145680000.0 -0.180013 4.3356135e-08 -1123717.2
425679550000.0 -0.180664 4.3356135e-08 -1123717.2
427213750000.0 -0.18131514 4.3356135e-08 -1123717.2
428747620000.0 -0.18196614 4.3356135e-08 -1123717.2
430281500000.0 -0.18261713 4.1858694e-08 -1268987.2
431815720000.0 -0.18326828 4.1858694e-08 -1268987.2
433349600000.0 -0.18391927 4.1858694e-08 -1268987.2
434883460000.0 -0.18457027 4.1858694e-08 -1268987.2
436417700000.0 -0.1852214 4.078729e-08 -1382517.1
437951530000.0 -0.1858724 4.078729e-08 -1382517.1
439485400000.0 -0.1865234 4.078729e-08 -1382517.1
441019630000.0 -0.18717454 4.078729e-08 -1382517.1
442553500000.0 -0.18782553 4.012254e-08 -1466413.2
444087370000.0 -0.18847652 4.012254e-08 -1466413.2
445621400000.0 -0.1891276 4.012254e-08 -1466413.2
447155440000.0 -0.18977866 4.012254e-08 -1466413.2
448689300000.0 -0.19042966 4.003472e-08 -1493306.8
450223370000.0 -0.19108072 4.003472e-08 -1493306.8
451757400000.0 -0.1917318 4.003472e-08 -1493306.8
453291280000.0 -0.19238278 4.003472e-08 -1493306.8
454825300000.0 -0.19303386 4.0844643e-08 -1448465.5
456359380000.0 -0.19368492 4.0844643e-08 -1448465.5
457893200000.0 -0.19433591 4.0844643e-08 -1448465.5
459427280000.0 -0.19498698 4.0844643e-08 -1448465.5
460961320000.0 -0.19563805 4.198591e-08 -1383975.2
462495200000.0 -0.19628905 4.198591e-08 -1383975.2
464029220000.0 -0.19694011 4.198591e-08 -1383975.2
465563300000.0 -0.19759119 4.198591e-08 -1383975.2
467097160000.0 -0.19824217 4.3412157e-08 -1351865.8
468631000000.0 -0.19889317 4.3412157e-08 -1351865.8
470165230000.0 -0.19954431 4.3412157e-08 -1351865.8
471699100000.0 -0.20019531 4.3412157e-08 -1351865.8
473232970000.0 -0.2008463 4.4346475e-08 -1360890.5
474767200000.0 -0.20149745 4.4346475e-08 -1360890.5
476301070000.0 -0.20214844 4.4346475e-08 -1360890.5
477834900000.0 -0.20279942 4.4346475e-08 -1360890.5
479369130000.0 -0.20345058 4.5808527e-08 -1333708.8
480903000000.0 -0.20410156 4.5808527e-08 -1333708.8
482436870000.0 -0.20475256 4.5808527e-08 -1333708.8
483971100000.0 -0.2054037 4.5808527e-08 -1333708.8
485504970000.0 -0.2060547 4.800516e-08 -1286250.9
487038840000.0 -0.20670569 4.800516e-08 -1286250.9
488572880000.0 -0.20735677 4.800516e-08 -1286250.9
490106900000.0 -0.20800783 4.800516e-08 -1286250.9
491640780000.0 -0.20865881 5.1517983e-08 -1213480.9
493174820000.0 -0.20930989 5.1517983e-08 -1213480.9
494708880000.0 -0.20996095 5.1517983e-08 -1213480.9
496242750000.0 -0.21061195 5.1517983e-08 -1213480.9
497776800000.0 -0.21126302 5.6768226e-08 -1171735.5
499310820000.0 -0.21191409 5.6768226e-08 -1171735.5
500844700000.0 -0.21256508 5.6768226e-08 -1171735.5
502378730000.0 -0.21321616 5.6768226e-08 -1171735.5
503912800000.0 -0.21386722 6.604698e-08 -1252004.5
505446660000.0 -0.2145182 6.604698e-08 -1252004.5
506980700000.0 -0.21516928 6.604698e-08 -1252004.5
508514730000.0 -0.21582034 6.604698e-08 -1252004.5
510048600000.0 -0.21647134 7.838711e-08 -1370817.5
511582470000.0 -0.21712233 7.838711e-08 -1370817.5
513116700000.0 -0.21777348 7.838711e-08 -1370817.5
514650570000.0 -0.21842447 7.838711e-08 -1370817.5
516184440000.0 -0.21907547 8.814779e-08 -1449364.2
517718640000.0 -0.2197266 8.814779e-08 -1449364.2
519252500000.0 -0.22037761 8.814779e-08 -1449364.2
520786380000.0 -0.2210286 8.814779e-08 -1449364.2
522320600000.0 -0.22167975 9.187818e-08 -1472739.0
523854480000.0 -0.22233073 9.187818e-08 -1472739.0
525388350000.0 -0.22298172 9.187818e-08 -1472739.0
526922550000.0 -0.22363287 9.187818e-08 -1472739.0
528456420000.0 -0.22428386 9.2648996e-08 -1472465.5
529990300000.0 -0.22493486 9.2648996e-08 -1472465.5
531524350000.0 -0.22558592 9.2648996e-08 -1472465.5
533058400000.0 -0.226237 9.2648996e-08 -1472465.5
534592260000.0 -0.22688799 9.107776e-08 -1464395.1
536126300000.0 -0.22753906 9.107776e-08 -1464395.1
537660330000.0 -0.22819012 9.107776e-08 -1464395.1
539194200000.0 -0.22884111 9.107776e-08 -1464395.1
540728260000.0 -0.22949219 8.716609e-08 -1407896.1
542262300000.0 -0.23014325 8.716609e-08 -1407896.1
543796170000.0 -0.23079425 8.716609e-08 -1407896.1
545330200000.0 -0.23144531 8.716609e-08 -1407896.1
546864270000.0 -0.23209639 7.462367e-08 -1378246.5
548398100000.0 -0.23274738 7.462367e-08 -1378246.5
549932200000.0 -0.23339845 7.462367e-08 -1378246.5
551466240000.0 -0.23404953 7.462367e-08 -1378246.5
553000040000.0 -0.23470049 5.7634324e-08 -1437821.8
554533900000.0 -0.23535149 5.7634324e-08 -1437821.8
556068200000.0 -0.23600265 5.7634324e-08 -1437821.8
557602050000.0 -0.23665364 5.7634324e-08 -1437821.8
559135900000.0 -0.23730463 4.747095e-08 -1512384.1
560670100000.0 -0.23795578 4.747095e-08 -1512384.1
562204000000.0 -0.23860677 4.747095e-08 -1512384.1
563737850000.0 -0.23925777 4.747095e-08 -1512384.1
565272050000.0 -0.2399089 4.2401624e-08 -1551026.9
566805900000.0 -0.2405599 4.2401624e-08 -1551026.9
568339800000.0 -0.2412109 4.2401624e-08 -1551026.9
569874060000.0 -0.24186206 4.2401624e-08 -1551026.9
571407900000.0 -0.24251305 3.987023e-08 -1588131.1
572941700000.0 -0.243164 3.987023e-08 -1588131.1
574475800000.0 -0.2438151 3.987023e-08 -1588131.1
576009860000.0 -0.24446616 3.987023e-08 -1588131.1
577543730000.0 -0.24511716 3.836773e-08 -1615021.1
579077730000.0 -0.2457682 3.836773e-08 -1615021.1
580611800000.0 -0.2464193 3.836773e-08 -1615021.1
582145700000.0 -0.24707028 3.836773e-08 -1615021.1
583679740000.0 -0.24772136 3.734411e-08 -1637180.9
585213740000.0 -0.24837242 3.734411e-08 -1637180.9
586747600000.0 -0.24902342 3.734411e-08 -1637180.9
588281700000.0 -0.24967448 3.734411e-08 -1637180.9
589815740000.0 -0.25032556 3.676431e-08 -1661964.0
591349600000.0 -0.25097656 3.676431e-08 -1661964.0
592883600000.0 -0.25162762 3.676431e-08 -1661964.0
594417700000.0 -0.2522787 3.676431e-08 -1661964.0
595951550000.0 -0.2529297 3.618991e-08 -1643498.9
597485400000.0 -0.25358066 3.618991e-08 -1643498.9
599019600000.0 -0.2542318 3.618991e-08 -1643498.9
600553500000.0 -0.2548828 3.618991e-08 -1643498.9
602087360000.0 -0.2555338 3.5581994e-08 -1496012.5
603621560000.0 -0.25618494 3.5581994e-08 -1496012.5
605155400000.0 -0.2568359 3.5581994e-08 -1496012.5
606689300000.0 -0.25748694 3.5581994e-08 -1496012.5
608223560000.0 -0.25813806 3.5823373e-08 -1259737.2
609757400000.0 -0.2587891 3.5823373e-08 -1259737.2
611291300000.0 -0.2594401 3.5823373e-08 -1259737.2
612825500000.0 -0.26009122 3.5823373e-08 -1259737.2
614359400000.0 -0.2607422 3.754024e-08 -1031293.1
615893240000.0 -0.2613932 3.754024e-08 -1031293.1
617427240000.0 -0.26204425 3.754024e-08 -1031293.1
618961300000.0 -0.26269534 3.754024e-08 -1031293.1
620495200000.0 -0.2633463 4.0165364e-08 -799750.2
622029240000.0 -0.2639974 4.0165364e-08 -799750.2
623563240000.0 -0.26464844 4.0165364e-08 -799750.2
625097100000.0 -0.26529944 4.0165364e-08 -799750.2
626631200000.0 -0.26595053 4.235023e-08 -570883.94
628165250000.0 -0.2666016 4.235023e-08 -570883.94
629699100000.0 -0.2672526 4.235023e-08 -570883.94
631233100000.0 -0.26790366 4.235023e-08 -570883.94
632767200000.0 -0.26855472 4.4143416e-08 -420253.34
634301050000.0 -0.26920572 4.4143416e-08 -420253.34
635835100000.0 -0.2698568 4.4143416e-08 -420253.34
637369100000.0 -0.27050784 4.4143416e-08 -420253.34
638903000000.0 -0.27115884 4.5542897e-08 -327754.06
640436860000.0 -0.27180985 4.5542897e-08 -327754.06
641971060000.0 -0.27246097 4.5542897e-08 -327754.06
643504900000.0 -0.27311197 4.5542897e-08 -327754.06
645038800000.0 -0.27376294 4.5061707e-08 -169485.33
646573060000.0 -0.27441412 4.5061707e-08 -169485.33
648106930000.0 -0.2750651 4.5061707e-08 -169485.33
649640800000.0 -0.27571613 4.5061707e-08 -169485.33
651175000000.0 -0.27636725 4.312723e-08 34571.156
652708900000.0 -0.27701825 4.312723e-08 34571.156
654242740000.0 -0.27766922 4.312723e-08 34571.156
655776940000.0 -0.27832037 4.312723e-08 34571.156
657310800000.0 -0.27897137 4.0395584e-08 256871.17
658844700000.0 -0.27962235 4.0395584e-08 256871.17
660378750000.0 -0.28027344 4.0395584e-08 256871.17
661912800000.0 -0.28092453 4.0395584e-08 256871.17
663446600000.0 -0.28157547 3.7120348e-08 478931.22
664980700000.0 -0.28222656 3.7120348e-08 478931.22
666514750000.0 -0.28287762 3.7120348e-08 478931.22
668048600000.0 -0.28352863 3.7120348e-08 478931.22
669582600000.0 -0.28417966 3.3869785e-08 588180.1
671116700000.0 -0.28483075 3.3869785e-08 588180.1
672650560000.0 -0.28548175 3.3869785e-08 588180.1
674184600000.0 -0.28613284 3.3869785e-08 588180.1
675718600000.0 -0.28678387 3.1694352e-08 592473.5
677252500000.0 -0.28743488 3.1694352e-08 592473.5
678786560000.0 -0.28808594 3.1694352e-08 592473.5
680320600000.0 -0.28873703 3.1694352e-08 592473.5
681854500000.0 -0.28938803 3.200402e-08 765727.9
683388300000.0 -0.29003897 3.200402e-08 765727.9
684922600000.0 -0.29069015 3.200402e-08 765727.9
686456440000.0 -0.29134116 3.200402e-08 765727.9
687990300000.0 -0.29199213 3.439619e-08 1134154.9
689524500000.0 -0.29264328 3.439619e-08 1134154.9
691058400000.0 -0.29329428 3.439619e-08 1134154.9
692592250000.0 -0.29394525 3.439619e-08 1134154.9
694126440000.0 -0.2945964 3.5779713e-08 1054159.5
695660300000.0 -0.2952474 3.5779713e-08 1054159.5
697194200000.0 -0.2958984 3.5779713e-08 1054159.5
698728450000.0 -0.29654956 3.5779713e-08 1054159.5
700262300000.0 -0.29720056 3.392517e-08 513794.44
701796200000.0 -0.29785153 3.392517e-08 513794.44
703330200000.0 -0.2985026 3.392517e-08 513794.44
704864260000.0 -0.29915366 3.392517e-08 513794.44
706398100000.0 -0.29980466 2.9739876e-08 -115213.46
707932100000.0 -0.30045572 2.9739876e-08 -115213.46
709466200000.0 -0.30110678 2.9739876e-08 -115213.46
711000060000.0 -0.30175778 2.9739876e-08 -115213.46
712534100000.0 -0.30240884 2.5971218e-08 -485977.84
714068100000.0 -0.3030599 2.5971218e-08 -485977.84
715602000000.0 -0.3037109 2.5971218e-08 -485977.84
717136100000.0 -0.304362 2.5971218e-08 -485977.84
718670140000.0 -0.30501306 2.4102754e-08 -600106.4
720204000000.0 -0.30566406 2.4102754e-08 -600106.4
721738000000.0 -0.30631512 2.4102754e-08 -600106.4
723272100000.0 -0.3069662 2.4102754e-08 -600106.4
724805940000.0 -0.3076172 2.3533897e-08 -732735.75
726339800000.0 -0.30826816 2.3533897e-08 -732735.75
727874000000.0 -0.3089193 2.3533897e-08 -732735.75
729407900000.0 -0.3095703 2.3533897e-08 -732735.75
730941750000.0 -0.3102213 2.2855126e-08 -888733.25
732475950000.0 -0.31087244 2.2855126e-08 -888733.25
734009800000.0 -0.3115234 2.2855126e-08 -888733.25
735543700000.0 -0.31217444 2.2855126e-08 -888733.25
737077950000.0 -0.3128256 2.168018e-08 -1042141.0
738611800000.0 -0.31347656 2.168018e-08 -1042141.0
740145700000.0 -0.3141276 2.168018e-08 -1042141.0
741679900000.0 -0.31477872 2.168018e-08 -1042141.0
743213760000.0 -0.3154297 2.0283837e-08 -1204093.2
744747600000.0 -0.3160807 2.0283837e-08 -1204093.2
746281700000.0 -0.31673178 2.0283837e-08 -1204093.2
747815700000.0 -0.31738284 2.0283837e-08 -1204093.2
749349600000.0 -0.3180338 1.9324633e-08 -1334235.9
750883640000.0 -0.3186849 1.9324633e-08 -1334235.9
752417640000.0 -0.31933597 1.9324633e-08 -1334235.9
753951500000.0 -0.31998697 1.9324633e-08 -1334235.9
755485600000.0 -0.32063803 1.8764442e-08 -1401164.8
757019640000.0 -0.3212891 1.8764442e-08 -1401164.8
758553500000.0 -0.3219401 1.8764442e-08 -1401164.8
760087500000.0 -0.32259116 1.8764442e-08 -1401164.8
761621600000.0 -0.32324222 1.8554749e-08 -1375381.1
763155450000.0 -0.32389322 1.8554749e-08 -1375381.1
764689500000.0 -0.32454428 1.8554749e-08 -1375381.1
766223500000.0 -0.32519534 1.8554749e-08 -1375381.1
767757400000.0 -0.32584634 1.84559e-08 -1318280.9
769291260000.0 -0.32649735 1.84559e-08 -1318280.9
770825500000.0 -0.3271485 1.84559e-08 -1318280.9
772359300000.0 -0.32779947 1.84559e-08 -1318280.9
773893200000.0 -0.32845047 1.8072761e-08 -1211499.5
