morphology_data/1d_wa_a0.1_l8r0.5_00001.ecsv
# %ECSV 1.0
# ---
# datatype:
# - {name: b, datatype: float32}
# - {name: phase, datatype: float32}
# - {name: sigma, datatype: float32}
# - {name: vr, datatype: float32}
# meta: {lambda: 8, rp: 0.5, sep: 0.1, wind: a}
# schema: astropy-2.0
b phase sigma vr
[from data line 920]
948000300000.0 -0.10058595 6.219123e-09 -2818374.0
954135800000.0 -0.10123695 6.219123e-09 -2818374.0
960271940000.0 -0.101888016 6.9318915e-09 -2373059.0
966408140000.0 -0.102539085 6.9318915e-09 -2373059.0
972543600000.0 -0.10319008 6.9318915e-09 -2373059.0
978679800000.0 -0.10384115 6.9318915e-09 -2373059.0
984815960000.0 -0.10449222 7.810073e-09 -1819287.2
990951440000.0 -0.10514321 7.810073e-09 -1819287.2
997087640000.0 -0.10579427 7.810073e-09 -1819287.2
1003223450000.0 -0.106445305 7.810073e-09 -1819287.2
1009359260000.0 -0.10709634 9.396689e-09 -1378846.8
1015495460000.0 -0.107747406 9.396689e-09 -1378846.8
1021631270000.0 -0.10839844 9.396689e-09 -1378846.8
1027767100000.0 -0.10904947 9.396689e-09 -1378846.8
1033903300000.0 -0.10970054 1.4288173e-08 -594522.25
1040038700000.0 -0.11035153 1.4288173e-08 -594522.25
1046174900000.0 -0.1110026 1.4288173e-08 -594522.25
1052311100000.0 -0.11165367 1.4288173e-08 -594522.25
1058446600000.0 -0.11230466 2.0609592e-08 105233.67
1064582700000.0 -0.11295573 2.0609592e-08 105233.67
1070718900000.0 -0.113606796 2.0609592e-08 105233.67
1076854400000.0 -0.11425779 2.0609592e-08 105233.67
1082990500000.0 -0.11490886 2.3678782e-08 -95079.086
1089126400000.0 -0.11555989 2.3678782e-08 -95079.086
1095262200000.0 -0.11621092 2.3678782e-08 -95079.086
1101398400000.0 -0.11686199 2.3678782e-08 -95079.086
1107534200000.0 -0.11751302 2.5478624e-08 -339371.25
1113670000000.0 -0.118164055 2.5478624e-08 -339371.25
1119806200000.0 -0.118815124 2.5478624e-08 -339371.25
1125941600000.0 -0.11946611 2.5478624e-08 -339371.25
1132077800000.0 -0.12011717 2.6667639e-08 -557256.94
1138214000000.0 -0.12076825 2.6667639e-08 -557256.94
1144349500000.0 -0.12141925 2.6667639e-08 -557256.94
1150485700000.0 -0.12207031 2.6667639e-08 -557256.94
1156621800000.0 -0.12272138 2.6947594e-08 -723659.3
1162757300000.0 -0.123372376 2.6947594e-08 -723659.3
1168893500000.0 -0.12402345 2.6947594e-08 -723659.3
1175029300000.0 -0.12467448 2.6947594e-08 -723659.3
1181165200000.0 -0.1253255 2.6111891e-08 -829920.56
1187301300000.0 -0.12597658 2.6111891e-08 -829920.56
1193437200000.0 -0.12662761 2.6111891e-08 -829920.56
1199572900000.0 -0.12727864 2.6111891e-08 -829920.56
1205709200000.0 -0.12792972 2.3864155e-08 -920996.94
1211844500000.0 -0.12858069 2.3864155e-08 -920996.94
1217980800000.0 -0.12923177 2.3864155e-08 -920996.94
1224116900000.0 -0.12988284 2.3864155e-08 -920996.94
1230252400000.0 -0.13053383 2.0816145e-08 -1033155.7
1236388500000.0 -0.13118489 2.0816145e-08 -1033155.7
1242524800000.0 -0.13183598 2.0816145e-08 -1033155.7
1248660300000.0 -0.13248697 2.0816145e-08 -1033155.7
1254796400000.0 -0.13313803 1.7758733e-08 -1153456.5
1260932200000.0 -0.13378905 1.7758733e-08 -1153456.5
1267068000000.0 -0.1344401 1.7758733e-08 -1153456.5
1273204200000.0 -0.13509116 1.7758733e-08 -1153456.5
1279340000000.0 -0.13574219 1.5330505e-08 -1267075.1
1285475900000.0 -0.13639323 1.5330505e-08 -1267075.1
1291612000000.0 -0.1370443 1.5330505e-08 -1267075.1
1297747500000.0 -0.13769528 1.5330505e-08 -1267075.1
1303883700000.0 -0.13834634 1.3322303e-08 -1312905.0
1310019800000.0 -0.1389974 1.3322303e-08 -1312905.0
1316155300000.0 -0.13964841 1.3322303e-08 -1312905.0
1322291600000.0 -0.14029948 1.3322303e-08 -1312905.0
1328427700000.0 -0.14095055 1.1166913e-08 -1242318.5
1334563200000.0 -0.14160155 1.1166913e-08 -1242318.5
1340699300000.0 -0.14225261 1.1166913e-08 -1242318.5
1346835600000.0 -0.14290369 1.1166913e-08 -1242318.5
1352970900000.0 -0.14355466 9.404614e-09 -910799.56
1359107200000.0 -0.14420575 9.404614e-09 -910799.56
1365243300000.0 -0.14485681 9.404614e-09 -910799.56
1371378800000.0 -0.1455078 9.404614e-09 -910799.56
1377514300000.0 -0.1461588 8.240809e-09 -346715.16
1383651200000.0 -0.14680995 8.240809e-09 -346715.16
1389786600000.0 -0.14746092 8.240809e-09 -346715.16
1395922000000.0 -0.14811192 8.240809e-09 -346715.16
1402059000000.0 -0.14876308 7.691268e-09 -31575.227
1408194400000.0 -0.14941406 7.691268e-09 -31575.227
1414329900000.0 -0.15006506 7.691268e-09 -31575.227
1420466800000.0 -0.1507162 7.691268e-09 -31575.227
1426602300000.0 -0.1513672 7.6152125e-09 -5018.545
1432737700000.0 -0.15201817 7.6152125e-09 -5018.545
1438874600000.0 -0.15266933 7.6152125e-09 -5018.545
1445010100000.0 -0.15332033 7.6152125e-09 -5018.545
1451145600000.0 -0.15397131 7.962916e-09 -102141.55
1457281700000.0 -0.15462239 7.962916e-09 -102141.55
1463418000000.0 -0.15527347 7.962916e-09 -102141.55
1469553400000.0 -0.15592445 7.962916e-09 -102141.55
1475689600000.0 -0.15657552 8.60498e-09 -151293.67
1481825700000.0 -0.15722659 8.60498e-09 -151293.67
1487961200000.0 -0.15787758 8.60498e-09 -151293.67
1494097300000.0 -0.15852864 8.60498e-09 -151293.67
1500233600000.0 -0.15917972 9.266505e-09 -170431.55
1506369100000.0 -0.1598307 9.266505e-09 -170431.55
1512505200000.0 -0.16048178 9.266505e-09 -170431.55
1518641300000.0 -0.16113284 9.266505e-09 -170431.55
1524776800000.0 -0.16178384 9.634337e-09 -164230.83
1530913000000.0 -0.1624349 9.634337e-09 -164230.83
1537049200000.0 -0.16308598 9.634337e-09 -164230.83
1543184700000.0 -0.16373697 9.634337e-09 -164230.83
1549320200000.0 -0.16438797 9.531265e-09 -149091.88
1555457000000.0 -0.1650391 9.531265e-09 -149091.88
1561592500000.0 -0.1656901 9.531265e-09 -149091.88
1567728000000.0 -0.1663411 9.531265e-09 -149091.88
1573864900000.0 -0.16699223 9.07063e-09 -143173.72
1580000300000.0 -0.16764323 9.07063e-09 -143173.72
1586135800000.0 -0.16829422 9.07063e-09 -143173.72
1592272600000.0 -0.16894537 9.07063e-09 -143173.72
1598408100000.0 -0.16959636 8.334823e-09 -139318.9
1604543600000.0 -0.17024736 8.334823e-09 -139318.9
1610679700000.0 -0.17089842 8.334823e-09 -139318.9
1616816000000.0 -0.1715495 8.334823e-09 -139318.9
1622951500000.0 -0.17220049 7.550611e-09 -171775.55
1629087600000.0 -0.17285155 7.550611e-09 -171775.55
1635223700000.0 -0.17350262 7.550611e-09 -171775.55
1641359200000.0 -0.17415361 7.550611e-09 -171775.55
1647495500000.0 -0.17480469 6.910234e-09 -235448.86
1653631600000.0 -0.17545575 6.910234e-09 -235448.86
1659767100000.0 -0.17610675 6.910234e-09 -235448.86
1665903200000.0 -0.17675781 6.910234e-09 -235448.86
1672039400000.0 -0.17740889 6.402655e-09 -329282.56
1678174800000.0 -0.17805988 6.402655e-09 -329282.56
1684311100000.0 -0.17871095 6.402655e-09 -329282.56
1690447200000.0 -0.17936201 6.402655e-09 -329282.56
1696582700000.0 -0.180013 6.0097767e-09 -450176.97
1702718200000.0 -0.180664 6.0097767e-09 -450176.97
1708855000000.0 -0.18131514 6.0097767e-09 -450176.97
1714990500000.0 -0.18196614 6.0097767e-09 -450176.97
1721126000000.0 -0.18261713 5.697849e-09 -575477.4
1727262900000.0 -0.18326828 5.697849e-09 -575477.4
1733398400000.0 -0.18391927 5.697849e-09 -575477.4
1739533800000.0 -0.18457027 5.697849e-09 -575477.4
1745670800000.0 -0.1852214 5.4850853e-09 -694744.8
1751806100000.0 -0.1858724 5.4850853e-09 -694744.8
1757941600000.0 -0.1865234 5.4850853e-09 -694744.8
1764078500000.0 -0.18717454 5.4850853e-09 -694744.8
1770214000000.0 -0.18782553 5.373295e-09 -798401.4
1776349500000.0 -0.18847652 5.373295e-09 -798401.4
1782485600000.0 -0.1891276 5.373295e-09 -798401.4
1788621800000.0 -0.18977866 5.373295e-09 -798401.4
1794757200000.0 -0.19042966 5.3227613e-09 -885805.0
1800893500000.0 -0.19108072 5.3227613e-09 -885805.0
1807029600000.0 -0.1917318 5.3227613e-09 -885805.0
1813165100000.0 -0.19238278 5.3227613e-09 -885805.0
1819301200000.0 -0.19303386 5.2618896e-09 -963402.4
1825437500000.0 -0.19368492 5.2618896e-09 -963402.4
1831572900000.0 -0.19433591 5.2618896e-09 -963402.4
1837709100000.0 -0.19498698 5.2618896e-09 -963402.4
1843845300000.0 -0.19563805 5.2190265e-09 -1042676.44
1849980700000.0 -0.19628905 5.2190265e-09 -1042676.44
1856116900000.0 -0.19694011 5.2190265e-09 -1042676.44
1862253200000.0 -0.19759119 5.2190265e-09 -1042676.44
1868388600000.0 -0.19824217 5.1819105e-09 -1122340.5
1874524000000.0 -0.19889317 5.1819105e-09 -1122340.5
1880660900000.0 -0.19954431 5.1819105e-09 -1122340.5
1886796400000.0 -0.20019531 5.1819105e-09 -1122340.5
1892931900000.0 -0.2008463 5.1619407e-09 -1216501.8
1899068800000.0 -0.20149745 5.1619407e-09 -1216501.8
1905204300000.0 -0.20214844 5.1619407e-09 -1216501.8
1911339600000.0 -0.20279942 5.1619407e-09 -1216501.8
1917476500000.0 -0.20345058 5.1084177e-09 -1321543.0
1923612000000.0 -0.20410156 5.1084177e-09 -1321543.0
1929747500000.0 -0.20475256 5.1084177e-09 -1321543.0
1935884400000.0 -0.2054037 5.1084177e-09 -1321543.0
1942019900000.0 -0.2060547 5.058812e-09 -1418140.1
1948155400000.0 -0.20670569 5.058812e-09 -1418140.1
1954291500000.0 -0.20735677 5.058812e-09 -1418140.1
1960427700000.0 -0.20800783 5.058812e-09 -1418140.1
1966563100000.0 -0.20865881 5.0139777e-09 -1481079.9
1972699300000.0 -0.20930989 5.0139777e-09 -1481079.9
1978835500000.0 -0.20996095 5.0139777e-09 -1481079.9
1984971000000.0 -0.21061195 5.0139777e-09 -1481079.9
1991107100000.0 -0.21126302 4.995576e-09 -1546438.4
1997243300000.0 -0.21191409 4.995576e-09 -1546438.4
2003378800000.0 -0.21256508 4.995576e-09 -1546438.4
2009514900000.0 -0.21321616 4.995576e-09 -1546438.4
2015651200000.0 -0.21386722 4.9444893e-09 -1609540.8
2021786600000.0 -0.2145182 4.9444893e-09 -1609540.8
2027922800000.0 -0.21516928 4.9444893e-09 -1609540.8
2034058900000.0 -0.21582034 4.9444893e-09 -1609540.8
2040194400000.0 -0.21647134 4.8912083e-09 -1672872.6
2046329900000.0 -0.21712233 4.8912083e-09 -1672872.6
2052466800000.0 -0.21777348 4.8912083e-09 -1672872.6
2058602300000.0 -0.21842447 4.8912083e-09 -1672872.6
2064737800000.0 -0.21907547 4.951165e-09 -1723456.0
2070874600000.0 -0.2197266 4.951165e-09 -1723456.0
2077010000000.0 -0.22037761 4.951165e-09 -1723456.0
2083145500000.0 -0.2210286 4.951165e-09 -1723456.0
2089282400000.0 -0.22167975 5.011318e-09 -1758038.2
2095417900000.0 -0.22233073 5.011318e-09 -1758038.2
2101553400000.0 -0.22298172 5.011318e-09 -1758038.2
2107690200000.0 -0.22363287 5.011318e-09 -1758038.2
2113825700000.0 -0.22428386 5.067355e-09 -1788343.2
2119961100000.0 -0.22493486 5.067355e-09 -1788343.2
2126097400000.0 -0.22558592 5.067355e-09 -1788343.2
2132233600000.0 -0.226237 5.067355e-09 -1788343.2
2138369000000.0 -0.22688799 5.1947153e-09 -1813701.2
2144505200000.0 -0.22753906 5.1947153e-09 -1813701.2
2150641300000.0 -0.22819012 5.1947153e-09 -1813701.2
2156776800000.0 -0.22884111 5.1947153e-09 -1813701.2
2162913000000.0 -0.22949219 5.408271e-09 -1823385.5
2169049200000.0 -0.23014325 5.408271e-09 -1823385.5
2175184700000.0 -0.23079425 5.408271e-09 -1823385.5
2181320800000.0 -0.23144531 5.408271e-09 -1823385.5
2187457100000.0 -0.23209639 5.5486185e-09 -1788955.4
2193592400000.0 -0.23274738 5.5486185e-09 -1788955.4
2199728700000.0 -0.23339845 5.5486185e-09 -1788955.4
2205865000000.0 -0.23404953 5.5486185e-09 -1788955.4
2212000200000.0 -0.23470049 5.65219e-09 -1758827.4
2218135700000.0 -0.23535149 5.65219e-09 -1758827.4
2224272700000.0 -0.23600265 5.65219e-09 -1758827.4
2230408200000.0 -0.23665364 5.65219e-09 -1758827.4
2236543700000.0 -0.23730463 5.6864344e-09 -1740925.9
2242680500000.0 -0.23795578 5.6864344e-09 -1740925.9
2248816000000.0 -0.23860677 5.6864344e-09 -1740925.9
2254951400000.0 -0.23925777 5.6864344e-09 -1740925.9
2261088200000.0 -0.2399089 5.6985097e-09 -1734109.5
2267223700000.0 -0.2405599 5.6985097e-09 -1734109.5
2273359200000.0 -0.2412109 5.6985097e-09 -1734109.5
2279496200000.0 -0.24186206 5.6985097e-09 -1734109.5
2285631700000.0 -0.24251305 5.5197074e-09 -1731477.0
2291767000000.0 -0.243164 5.5197074e-09 -1731477.0
2297903200000.0 -0.2438151 5.5197074e-09 -1731477.0
2304039500000.0 -0.24446616 5.5197074e-09 -1731477.0
2310175000000.0 -0.24511716 5.2558193e-09 -1749756.8
2316311000000.0 -0.2457682 5.2558193e-09 -1749756.8
2322447200000.0 -0.2464193 5.2558193e-09 -1749756.8
2328582700000.0 -0.24707028 5.2558193e-09 -1749756.8
2334719000000.0 -0.24772136 5.0417985e-09 -1765077.8
2340855000000.0 -0.24837242 5.0417985e-09 -1765077.8
2346990400000.0 -0.24902342 5.0417985e-09 -1765077.8
2353126700000.0 -0.24967448 5.0417985e-09 -1765077.8
2359263000000.0 -0.25032556 4.873935e-09 -1793704.1
2365398500000.0 -0.25097656 4.873935e-09 -1793704.1
2371534500000.0 -0.25162762 4.873935e-09 -1793704.1
2377670700000.0 -0.2522787 4.873935e-09 -1793704.1
2383806200000.0 -0.2529297 4.730475e-09 -1831356.2
2389941700000.0 -0.25358066 4.730475e-09 -1831356.2
2396078500000.0 -0.2542318 4.730475e-09 -1831356.2
2402214000000.0 -0.2548828 4.730475e-09 -1831356.2
2408349400000.0 -0.2555338 4.6334594e-09 -1880118.1
2414486200000.0 -0.25618494 4.6334594e-09 -1880118.1
2420621700000.0 -0.2568359 4.6334594e-09 -1880118.1
2426757200000.0 -0.25748694 4.6334594e-09 -1880118.1
2432894200000.0 -0.25813806 4.5596873e-09 -1952864.5
2439029700000.0 -0.2587891 4.5596873e-09 -1952864.5
2445165200000.0 -0.2594401 4.5596873e-09 -1952864.5
2451302000000.0 -0.26009122 4.5596873e-09 -1952864.5
2457437500000.0 -0.2607422 4.491305e-09 -2012896.6
2463573000000.0 -0.2613932 4.491305e-09 -2012896.6
2469709000000.0 -0.26204425 4.491305e-09 -2012896.6
2475845200000.0 -0.26269534 4.491305e-09 -2012896.6
2481980700000.0 -0.2633463 4.3978567e-09 -2035396.1
2488117000000.0 -0.2639974 4.3978567e-09 -2035396.1
2494253000000.0 -0.26464844 4.3978567e-09 -2035396.1
2500388500000.0 -0.26529944 4.3978567e-09 -2035396.1
2506524700000.0 -0.26595053 4.315528e-09 -2027931.1
2512661000000.0 -0.2666016 4.315528e-09 -2027931.1
2518796500000.0 -0.2672526 4.315528e-09 -2027931.1
2524932500000.0 -0.26790366 4.315528e-09 -2027931.1
2531068700000.0 -0.26855472 4.2156874e-09 -2012394.5
2537204200000.0 -0.26920572 4.2156874e-09 -2012394.5
2543340500000.0 -0.2698568 4.2156874e-09 -2012394.5
2549476500000.0 -0.27050784 4.2156874e-09 -2012394.5
2555612000000.0 -0.27115884 4.1488577e-09 -1967909.2
2561747500000.0 -0.27180985 4.1488577e-09 -1967909.2
2567884200000.0 -0.27246097 4.1488577e-09 -1967909.2
2574019700000.0 -0.27311197 4.1488577e-09 -1967909.2
2580155200000.0 -0.27376294 4.0760493e-09 -1907163.9
2586292300000.0 -0.27441412 4.0760493e-09 -1907163.9
2592427700000.0 -0.2750651 4.0760493e-09 -1907163.9
2598563200000.0 -0.27571613 4.0760493e-09 -1907163.9
2604700000000.0 -0.27636725 4.07545e-09 -1819088.0
2610835500000.0 -0.27701825 4.07545e-09 -1819088.0
2616971000000.0 -0.27766922 4.07545e-09 -1819088.0
2623107800000.0 -0.27832037 4.07545e-09 -1819088.0
2629243200000.0 -0.27897137 4.105504e-09 -1718706.2
2635378700000.0 -0.27962235 4.105504e-09 -1718706.2
2641515000000.0 -0.28027344 4.105504e-09 -1718706.2
2647651300000.0 -0.28092453 4.105504e-09 -1718706.2
2653786500000.0 -0.28157547 4.1157917e-09 -1633399.6
2659922700000.0 -0.28222656 4.1157917e-09 -1633399.6
2666059000000.0 -0.28287762 4.1157917e-09 -1633399.6
2672194500000.0 -0.28352863 4.1157917e-09 -1633399.6
2678330500000.0 -0.28417966 4.0478345e-09 -1599571.4
2684466800000.0 -0.28483075 4.0478345e-09 -1599571.4
2690602200000.0 -0.28548175 4.0478345e-09 -1599571.4
2696738500000.0 -0.28613284 4.0478345e-09 -1599571.4
2702874500000.0 -0.28678387 3.934349e-09 -1610134.5
2709010000000.0 -0.28743488 3.934349e-09 -1610134.5
2715146300000.0 -0.28808594 3.934349e-09 -1610134.5
2721282500000.0 -0.28873703 3.934349e-09 -1610134.5
2727418000000.0 -0.28938803 3.8649413e-09 -1634112.9
2733553200000.0 -0.29003897 3.8649413e-09 -1634112.9
2739690300000.0 -0.29069015 3.8649413e-09 -1634112.9
2745825800000.0 -0.29134116 3.8649413e-09 -1634112.9
2751961200000.0 -0.29199213 3.8882417e-09 -1641608.1
2758098000000.0 -0.29264328 3.8882417e-09 -1641608.1
2764233500000.0 -0.29329428 3.8882417e-09 -1641608.1
2770369000000.0 -0.29394525 3.8882417e-09 -1641608.1
2776505800000.0 -0.2945964 3.9579713e-09 -1646679.5
2782641300000.0 -0.2952474 3.9579713e-09 -1646679.5
2788776700000.0 -0.2958984 3.9579713e-09 -1646679.5
2794913800000.0 -0.29654956 3.9579713e-09 -1646679.5
2801049300000.0 -0.29720056 4.0763477e-09 -1632613.1
2807184800000.0 -0.29785153 4.0763477e-09 -1632613.1
2813320800000.0 -0.2985026 4.0763477e-09 -1632613.1
2819457000000.0 -0.29915366 4.0763477e-09 -1632613.1
