morphology_data/1d_wa_a0.05_l2r1_00001.ecsv
# %ECSV 1.0
# ---
# datatype:
# - {name: b, datatype: float32}
# - {name: phase, datatype: float32}
# - {name: sigma, datatype: float32}
# - {name: vr, datatype: float32}
# meta: {lambda: 2, rp: 1.0, sep: 0.05, wind: a}
# schema: astropy-2.0
b phase sigma vr
[from data line 618]
-458660250000.0 0.09733073 7.0416464e-09 2724670.8
-455592350000.0 0.096679695 7.0416464e-09 2724670.8
-452524240000.0 0.096028626 7.56024e-09 2710079.2
-449456500000.0 0.09537763 7.56024e-09 2710079.2
-446388440000.0 0.09472656 7.56024e-09 2710079.2
-443320340000.0 0.09407549 7.56024e-09 2710079.2
-440252600000.0 0.0934245 7.8979765e-09 2702882.2
-437184530000.0 0.09277343 7.8979765e-09 2702882.2
-434116430000.0 0.09212236 7.8979765e-09 2702882.2
-431048700000.0 0.091471374 7.8979765e-09 2702882.2
-427980620000.0 0.090820305 8.133757e-09 2659442.8
-424912680000.0 0.09016927 8.133757e-09 2659442.8
-421844780000.0 0.08951824 8.133757e-09 2659442.8
-418776700000.0 0.08886717 8.133757e-09 2659442.8
-415708770000.0 0.08821614 8.290191e-09 2609418.8
-412640870000.0 0.08756511 8.290191e-09 2609418.8
-409572800000.0 0.08691404 8.290191e-09 2609418.8
-406505060000.0 0.086263046 8.290191e-09 2609418.8
-403436960000.0 0.08561198 8.40811e-09 2563814.8
-400368860000.0 0.08496091 8.40811e-09 2563814.8
-397301150000.0 0.08430992 8.40811e-09 2563814.8
-394233050000.0 0.08365885 8.40811e-09 2563814.8
-391165150000.0 0.08300782 8.633182e-09 2396499.0
-388097250000.0 0.08235679 8.633182e-09 2396499.0
-385029140000.0 0.08170572 8.845603e-09 2368065.5
-381961240000.0 0.08105469 8.845603e-09 2368065.5
-378893340000.0 0.080403656 9.068309e-09 2364657.2
-375825240000.0 0.07975259 9.068309e-09 2364657.2
-372757500000.0 0.07910159 9.152569e-09 2405471.5
-369689400000.0 0.07845052 9.152569e-09 2405471.5
-366621330000.0 0.077799454 9.183879e-09 2408390.8
-363553600000.0 0.07714847 9.183879e-09 2408390.8
-360485500000.0 0.07649739 9.099788e-09 2400525.0
-357417420000.0 0.07584633 9.099788e-09 2400525.0
-354349680000.0 0.075195335 9.089971e-09 2386476.5
-351281580000.0 0.07454426 9.089971e-09 2386476.5
-348213670000.0 0.073893234 8.973957e-09 2421440.0
-345145770000.0 0.0732422 8.973957e-09 2421440.0
-342077670000.0 0.07259113 8.857101e-09 2438853.8
-339009770000.0 0.0719401 8.857101e-09 2438853.8
-335941860000.0 0.07128907 8.658338e-09 2476936.0
-332873760000.0 0.070638 8.658338e-09 2476936.0
-329806020000.0 0.06998701 8.592524e-09 2468799.0
-326737950000.0 0.069335945 8.592524e-09 2468799.0
-323669850000.0 0.068684876 8.523573e-09 2507481.5
-320602100000.0 0.068033874 8.523573e-09 2507481.5
-317534040000.0 0.06738281 8.600431e-09 2553156.2
-314465940000.0 0.06673174 8.600431e-09 2553156.2
-311398200000.0 0.06608075 8.582058e-09 2600972.2
-308330140000.0 0.06542969 8.582058e-09 2600972.2
-305262200000.0 0.06477865 8.674657e-09 2659585.2
-302194300000.0 0.06412762 8.674657e-09 2659585.2
-299126230000.0 0.063476555 8.6307566e-09 2708329.2
-296058300000.0 0.062825516 8.6307566e-09 2708329.2
-292990400000.0 0.062174488 8.7119965e-09 2762184.2
-289922320000.0 0.061523426 8.7119965e-09 2762184.2
-286854580000.0 0.060872428 8.658383e-09 2772647.2
-283786480000.0 0.06022136 8.658383e-09 2772647.2
-280718380000.0 0.059570286 8.789707e-09 2781543.5
-277650670000.0 0.058919296 8.789707e-09 2781543.5
-274582570000.0 0.058268227 8.681392e-09 2724666.2
-271514480000.0 0.057617158 8.681392e-09 2724666.2
-268446740000.0 0.056966167 8.7774055e-09 2613395.2
-265378660000.0 0.056315098 8.7774055e-09 2613395.2
-262310740000.0 0.055664066 8.695411e-09 2518827.5
-259242840000.0 0.055013034 8.695411e-09 2518827.5
-256174750000.0 0.05436197 8.742365e-09 2350270.0
-253106830000.0 0.053710938 8.742365e-09 2350270.0
-250038930000.0 0.053059906 8.776024e-09 2311824.0
-246970840000.0 0.052408837 8.776024e-09 2311824.0
-243903100000.0 0.051757842 8.817727e-09 2096429.1
-240835020000.0 0.051106777 8.817727e-09 2096429.1
-237766920000.0 0.050455708 8.990593e-09 2067109.2
-234699200000.0 0.049804714 8.990593e-09 2067109.2
-231631110000.0 0.049153645 8.929886e-09 1817036.6
-228563010000.0 0.048502576 8.929886e-09 1817036.6
-225495290000.0 0.047851585 9.141373e-09 1763319.8
-222427190000.0 0.047200516 9.141373e-09 1763319.8
-219359280000.0 0.046549484 9.201435e-09 1625927.2
-216291380000.0 0.045898452 9.201435e-09 1625927.2
-213223280000.0 0.045247383 9.483247e-09 1583917.0
-210155370000.0 0.04459635 9.483247e-09 1583917.0
-207087470000.0 0.043945324 9.902454e-09 1524462.1
-204019370000.0 0.043294255 9.902454e-09 1524462.1
-200951640000.0 0.04264326 1.0278283e-08 1513212.0
-197883540000.0 0.04199219 1.0278283e-08 1513212.0
-194815460000.0 0.041341122 1.07038245e-08 1436348.9
-191747740000.0 0.04069013 1.08471685e-08 1438547.2
-188679630000.0 0.040039062 1.1114832e-08 1442551.6
-185611550000.0 0.039387994 1.1271116e-08 1444102.0
-182543810000.0 0.038736995 1.1669086e-08 1369664.9
-179475730000.0 0.03808593 1.1838921e-08 1371523.8
-176407820000.0 0.0374349 1.2081017e-08 1382391.0
-173339900000.0 0.03678387 1.2265921e-08 1383295.9
-170271820000.0 0.0361328 1.2639861e-08 1322596.4
-167203910000.0 0.035481773 1.2841623e-08 1323545.0
-164136000000.0 0.034830738 1.3034727e-08 1322083.4
-161067910000.0 0.03417967 1.3255441e-08 1322059.1
-158000170000.0 0.033528678 1.3689891e-08 1303345.0
-154932080000.0 0.03287761 1.393203e-08 1302501.8
-151864000000.0 0.03222654 1.4087192e-08 1282982.2
-148796260000.0 0.031575546 1.4354512e-08 1281138.2
-145728180000.0 0.030924477 1.4896353e-08 1302936.1
-142660100000.0 0.030273411 1.5186831e-08 1299772.5
-139592350000.0 0.029622415 1.5374525e-08 1262181.9
-136524260000.0 0.028971346 1.5696392e-08 1258145.8
-133456355000.0 0.028320316 1.6452184e-08 1272074.6
-130388440000.0 0.027669284 1.6810159e-08 1266146.4
-127320350000.0 0.027018217 1.7168372e-08 1227086.4
-124252440000.0 0.026367186 1.7568357e-08 1220199.6
-121184530000.0 0.025716154 1.8418461e-08 1226628.8
-118116440000.0 0.025065087 1.8867706e-08 1217885.5
-115048710000.0 0.024414092 1.944262e-08 1174264.4
-111980620000.0 0.023763025 1.9949997e-08 1164704.0
-108912530000.0 0.023111956 2.0848207e-08 1202396.6
-105844800000.0 0.022460962 2.142475e-08 1189969.6
-102776710000.0 0.021809895 2.21275e-08 1171089.1
-99708620000.0 0.021158826 2.2787052e-08 1157002.5
-96640885000.0 0.020507833 2.3641977e-08 1240204.8
-93572800000.0 0.019856764 2.4402148e-08 1221143.4
-90504890000.0 0.019205732 2.5110642e-08 1224793.4
-87436980000.0 0.018554702 2.599441e-08 1202596.9
-84368880000.0 0.017903633 2.649858e-08 1094530.8
-81300970000.0 0.017252602 2.753695e-08 1072730.8
-78233070000.0 0.016601572 2.8557128e-08 967803.94
-75164975000.0 0.015950503 2.9792469e-08 946884.56
-72097240000.0 0.015299509 3.0773695e-08 772866.06
-69029150000.0 0.014648439 3.228105e-08 755329.94
-65961062000.0 0.013997372 3.4047783e-08 701932.2
-62893330000.0 0.013346379 3.589971e-08 683683.06
-59825242000.0 0.012695311 3.7641833e-08 590614.44
-56757154000.0 0.012044242 3.9966622e-08 573891.4
-53689420000.0 0.011393248 4.275053e-08 540820.25
-50621334000.0 0.01074218 4.574833e-08 522647.75
-47553420000.0 0.010091149 4.9017345e-08 480243.0
-44485510000.0 0.009440118 5.3017512e-08 461382.34
-41417420000.0 0.008789049 5.7794185e-08 429821.1
-38349510000.0 0.008138019 6.33785e-08 409353.84
-35281600000.0 0.0074869874 7.047243e-08 374757.62
-32213510000.0 0.006835919 7.883583e-08 350584.4
-29145778000.0 0.006184926 8.936754e-08 315508.62
-26077688000.0 0.0055338573 1.02825965e-07 287616.16
-23009600000.0 0.0048827888 1.2075297e-07 258610.3
-19941868000.0 0.0042317957 1.4552674e-07 227028.62
-16873777000.0 0.0035807267 1.8157743e-07 187811.69
-13805688000.0 0.0029296577 2.3793444e-07 147617.88
-10737956000.0 0.0022786648 3.3793987e-07 108794.22
-7669866000.0 0.0016275961 5.542757e-07 49555.645
7669866000.0 -0.0016275961 5.978013e-07 -79894.77
10737956000.0 -0.0022786648 3.5597816e-07 -177207.19
13805688000.0 -0.0029296577 2.4734143e-07 -254742.95
16873777000.0 -0.0035807267 1.8728105e-07 -333408.6
19941868000.0 -0.0042317957 1.494191e-07 -410225.22
23009600000.0 -0.0048827888 1.2358359e-07 -479180.7
26077688000.0 -0.0055338573 1.0491096e-07 -545191.0
29145778000.0 -0.006184926 9.0991165e-08 -611873.75
32213510000.0 -0.006835919 8.023285e-08 -682034.0
35281600000.0 -0.0074869874 7.163698e-08 -745513.2
38349510000.0 -0.008138019 6.4826345e-08 -793384.3
41417420000.0 -0.008789049 5.8985627e-08 -853174.56
44485510000.0 -0.009440118 5.4079873e-08 -915507.4
47553420000.0 -0.010091149 4.991968e-08 -972528.75
50621334000.0 -0.01074218 4.6130236e-08 -1021447.06
53689420000.0 -0.011393248 4.3024873e-08 -1075558.1
56757154000.0 -0.012044242 4.025829e-08 -1131741.0
59825242000.0 -0.012695311 3.7857255e-08 -1183719.6
62893330000.0 -0.013346379 3.5552198e-08 -1230538.5
65961062000.0 -0.013997372 3.364503e-08 -1280610.0
69029150000.0 -0.014648439 3.1906715e-08 -1342949.1
72097240000.0 -0.015299509 3.03596e-08 -1392548.5
75164975000.0 -0.015950503 2.9049044e-08 -1424143.9
78233070000.0 -0.016601572 2.7753337e-08 -1473250.1
81300970000.0 -0.017252602 2.6613485e-08 -1553183.4
84368880000.0 -0.017903633 2.5532021e-08 -1601940.4
87436980000.0 -0.018554702 2.4592165e-08 -1643203.1
90504890000.0 -0.019205732 2.3675105e-08 -1689492.1
93572800000.0 -0.019856764 2.2922428e-08 -1751550.1
96640885000.0 -0.020507833 2.2135525e-08 -1795895.4
99708620000.0 -0.021158826 2.1550306e-08 -1742201.9
102776710000.0 -0.021809895 2.0868379e-08 -1780858.0
105844800000.0 -0.022460962 2.0293989e-08 -1795665.6
108912530000.0 -0.023111956 1.9698318e-08 -1831595.0
111980620000.0 -0.023763025 1.9254696e-08 -1770819.1
115048710000.0 -0.024414092 1.873115e-08 -1802375.1
118116440000.0 -0.025065087 1.8265752e-08 -1814871.0
121184530000.0 -0.025716154 1.780336e-08 -1844686.1
124252440000.0 -0.026367186 1.7326986e-08 -1854569.1
127320350000.0 -0.027018217 1.6916662e-08 -1882725.4
130388440000.0 -0.027669284 1.6499245e-08 -1903695.6
133456355000.0 -0.028320316 1.6133317e-08 -1930270.9
136524260000.0 -0.028971346 1.5636896e-08 -2029436.4
139592350000.0 -0.029622415 1.5308796e-08 -2056126.2
142660100000.0 -0.030273411 1.4953162e-08 -2085079.8
145728180000.0 -0.030924477 1.4657349e-08 -2110084.5
148796260000.0 -0.031575546 1.4107375e-08 -2305780.5
151864000000.0 -0.03222654 1.38419765e-08 -2332332.2
154932080000.0 -0.03287761 1.3598901e-08 -2362078.0
158000170000.0 -0.033528678 1.33583775e-08 -2386650.2
161067910000.0 -0.03417967 1.2954212e-08 -2543657.5
164136000000.0 -0.034830738 1.2734767e-08 -2569078.0
167203910000.0 -0.035481773 1.2524888e-08 -2563207.8
170271820000.0 -0.0361328 1.2323922e-08 -2586276.0
173339900000.0 -0.03678387 1.2028041e-08 -2633494.5
176407820000.0 -0.0374349 1.1843627e-08 -2655392.8
179475730000.0 -0.03808593 1.1667552e-08 -2639899.0
182543810000.0 -0.038736995 1.1498068e-08 -2659642.0
185611550000.0 -0.039387994 1.1304444e-08 -2654965.8
188679630000.0 -0.040039062 1.11912914e-08 -2695355.0
191747740000.0 -0.04069013 1.1004705e-08 -2671747.0
194815460000.0 -0.041341122 1.10830305e-08 -2739005.2
197883540000.0 -0.04199219 1.0652982e-08 -2679252.5
200951640000.0 -0.04264326 1.0652982e-08 -2679252.5
204019370000.0 -0.043294255 1.0443832e-08 -2681123.2
207087470000.0 -0.043945324 1.0443832e-08 -2681123.2
210155370000.0 -0.04459635 1.0238866e-08 -2671598.0
213223280000.0 -0.045247383 1.0238866e-08 -2671598.0
216291380000.0 -0.045898452 1.0031033e-08 -2653106.5
219359280000.0 -0.046549484 1.0031033e-08 -2653106.5
222427190000.0 -0.047200516 9.8558015e-09 -2644244.0
225495290000.0 -0.047851585 9.8558015e-09 -2644244.0
228563010000.0 -0.048502576 9.668069e-09 -2633548.5
231631110000.0 -0.049153645 9.668069e-09 -2633548.5
234699200000.0 -0.049804714 9.497149e-09 -2653851.2
237766920000.0 -0.050455708 9.497149e-09 -2653851.2
240835020000.0 -0.051106777 9.373769e-09 -2650775.8
243903100000.0 -0.051757842 9.373769e-09 -2650775.8
246970840000.0 -0.052408837 9.259912e-09 -2681931.5
250038930000.0 -0.053059906 9.259912e-09 -2681931.5
253106830000.0 -0.053710938 9.209563e-09 -2666692.5
256174750000.0 -0.05436197 9.209563e-09 -2666692.5
259242840000.0 -0.055013034 9.1349195e-09 -2689772.5
262310740000.0 -0.055664066 9.1349195e-09 -2689772.5
265378660000.0 -0.056315098 9.152885e-09 -2661754.0
268446740000.0 -0.056966167 9.152885e-09 -2661754.0
271514480000.0 -0.057617158 9.100721e-09 -2676312.2
274582570000.0 -0.058268227 9.100721e-09 -2676312.2
277650670000.0 -0.058919296 9.131784e-09 -2651225.8
280718380000.0 -0.059570286 9.131784e-09 -2651225.8
283786480000.0 -0.06022136 9.101191e-09 -2660999.2
286854580000.0 -0.060872428 9.101191e-09 -2660999.2
289922320000.0 -0.061523426 9.103661e-09 -2635994.2
292990400000.0 -0.062174488 9.103661e-09 -2635994.2
296058300000.0 -0.062825516 9.06874e-09 -2641699.8
299126230000.0 -0.063476555 9.06874e-09 -2641699.8
302194300000.0 -0.06412762 9.045599e-09 -2629354.2
305262200000.0 -0.06477865 9.045599e-09 -2629354.2
308330140000.0 -0.06542969 8.977775e-09 -2648887.2
311398200000.0 -0.06608075 8.977775e-09 -2648887.2
314465940000.0 -0.06673174 8.8946415e-09 -2661584.0
317534040000.0 -0.06738281 8.8946415e-09 -2661584.0
320602100000.0 -0.068033874 8.767367e-09 -2694043.2
323669850000.0 -0.068684876 8.767367e-09 -2694043.2
326737950000.0 -0.069335945 8.598594e-09 -2741516.2
329806020000.0 -0.06998701 8.598594e-09 -2741516.2
332873760000.0 -0.070638 8.424229e-09 -2812510.0
335941860000.0 -0.07128907 8.424229e-09 -2812510.0
339009770000.0 -0.0719401 8.31591e-09 -2870041.0
342077670000.0 -0.07259113 8.31591e-09 -2870041.0
345145770000.0 -0.0732422 8.2910265e-09 -2935418.2
348213670000.0 -0.073893234 8.2910265e-09 -2935418.2
351281580000.0 -0.07454426 8.303886e-09 -2983936.2
354349680000.0 -0.075195335 8.303886e-09 -2983936.2
357417420000.0 -0.07584633 8.3785565e-09 -3025898.2
360485500000.0 -0.07649739 8.3785565e-09 -3025898.2
363553600000.0 -0.07714847 8.596074e-09 -3071402.0
366621330000.0 -0.077799454 8.596074e-09 -3071402.0
369689400000.0 -0.07845052 9.11157e-09 -3076762.2
372757500000.0 -0.07910159 9.11157e-09 -3076762.2
375825240000.0 -0.07975259 9.705981e-09 -3083010.8
378893340000.0 -0.080403656 9.705981e-09 -3083010.8
381961240000.0 -0.08105469 1.0575534e-08 -2889972.8
385029140000.0 -0.08170572 1.0575534e-08 -2889972.8
388097250000.0 -0.08235679 1.1563567e-08 -2430972.5
391165150000.0 -0.08300782 1.1563567e-08 -2430972.5
394233050000.0 -0.08365885 1.1817081e-08 -2075252.8
397301150000.0 -0.08430992 1.1817081e-08 -2075252.8
400368860000.0 -0.08496091 1.1817081e-08 -2075252.8
403436960000.0 -0.08561198 1.1817081e-08 -2075252.8
406505060000.0 -0.086263046 1.31078695e-08 -1778627.9
409572800000.0 -0.08691404 1.31078695e-08 -1778627.9
412640870000.0 -0.08756511 1.31078695e-08 -1778627.9
415708770000.0 -0.08821614 1.31078695e-08 -1778627.9
418776700000.0 -0.08886717 1.4374907e-08 -1744854.9
421844780000.0 -0.08951824 1.4374907e-08 -1744854.9
424912680000.0 -0.09016927 1.4374907e-08 -1744854.9
427980620000.0 -0.090820305 1.4374907e-08 -1744854.9
431048700000.0 -0.091471374 1.4734045e-08 -1542761.0
434116430000.0 -0.09212236 1.4734045e-08 -1542761.0
437184530000.0 -0.09277343 1.4734045e-08 -1542761.0
440252600000.0 -0.0934245 1.4734045e-08 -1542761.0
443320340000.0 -0.09407549 1.5171732e-08 -1257170.9
446388440000.0 -0.09472656 1.5171732e-08 -1257170.9
449456500000.0 -0.09537763 1.5171732e-08 -1257170.9
452524240000.0 -0.096028626 1.5171732e-08 -1257170.9
455592350000.0 -0.096679695 1.7071118e-08 -743560.5
458660250000.0 -0.09733073 1.7071118e-08 -743560.5
461728150000.0 -0.09798176 1.7071118e-08 -743560.5
464796250000.0 -0.09863283 1.7071118e-08 -743560.5
467864160000.0 -0.09928385 2.0197605e-08 -225478.9
470932060000.0 -0.09993488 2.0197605e-08 -225478.9
474000160000.0 -0.10058595 2.0197605e-08 -225478.9
477067900000.0 -0.10123695 2.0197605e-08 -225478.9
480135970000.0 -0.101888016 2.3412356e-08 120473.64
483204070000.0 -0.102539085 2.3412356e-08 120473.64
486271800000.0 -0.10319008 2.3412356e-08 120473.64
489339900000.0 -0.10384115 2.3412356e-08 120473.64
492407980000.0 -0.10449222 2.5739627e-08 -132696.31
495475720000.0 -0.10514321 2.5739627e-08 -132696.31
498543820000.0 -0.10579427 2.5739627e-08 -132696.31
501611720000.0 -0.106445305 2.5739627e-08 -132696.31
