morphology_data/1d_wc_a0.025_l2r1_00001.ecsv
# %ECSV 1.0
# ---
# datatype:
# - {name: b, datatype: float32}
# - {name: phase, datatype: float32}
# - {name: sigma, datatype: float32}
# - {name: vr, datatype: float32}
# meta: {lambda: 2, rp: 1.0, sep: 0.025, wind: c}
# schema: astropy-2.0
b phase sigma vr
[from data line 320]
-686456440000.0 0.29134116 2.9371144e-10 -1578443.0
-684922440000.0 0.2906901 2.9371144e-10 -1578443.0
-683388440000.0 0.29003903 2.9371144e-10 -1578443.0
-681854500000.0 0.28938803 2.9371144e-10 -1578443.0
-680320500000.0 0.28873697 3.2591932e-10 -1465931.5
-678786560000.0 0.28808594 3.2591932e-10 -1465931.5
-677252560000.0 0.2874349 3.2591932e-10 -1465931.5
-675718560000.0 0.28678384 3.2591932e-10 -1465931.5
-674184600000.0 0.28613284 3.738941e-10 -1345853.5
-672650600000.0 0.28548178 3.738941e-10 -1345853.5
-671116600000.0 0.28483072 3.738941e-10 -1345853.5
-669582600000.0 0.28417966 3.738941e-10 -1345853.5
-668048700000.0 0.28352866 4.525671e-10 -1130420.5
-666514700000.0 0.2828776 4.525671e-10 -1130420.5
-664980700000.0 0.28222656 4.525671e-10 -1130420.5
-663446750000.0 0.28157553 4.525671e-10 -1130420.5
-661912750000.0 0.28092447 5.358096e-10 -453892.0
-660378750000.0 0.28027344 5.358096e-10 -453892.0
-658844800000.0 0.2796224 5.358096e-10 -453892.0
-657310800000.0 0.27897137 5.358096e-10 -453892.0
-655776800000.0 0.2783203 5.8331934e-10 524605.8
-654242800000.0 0.27766928 5.8331934e-10 524605.8
-652708900000.0 0.27701825 5.8331934e-10 524605.8
-651174900000.0 0.2763672 5.8331934e-10 524605.8
-649640900000.0 0.27571613 5.9332556e-10 1302650.0
-648106930000.0 0.2750651 5.9332556e-10 1302650.0
-646572930000.0 0.27441406 5.9332556e-10 1302650.0
-645038900000.0 0.273763 5.9332556e-10 1302650.0
-643504900000.0 0.27311197 5.8383604e-10 1745356.4
-641971000000.0 0.27246094 5.8383604e-10 1745356.4
-640437000000.0 0.2718099 5.8383604e-10 1745356.4
-638903000000.0 0.27115884 5.8383604e-10 1745356.4
-637369060000.0 0.2705078 5.646209e-10 1994956.1
-635835100000.0 0.2698568 5.646209e-10 1994956.1
-634301100000.0 0.26920575 5.646209e-10 1994956.1
-632767100000.0 0.2685547 5.646209e-10 1994956.1
-631233100000.0 0.26790366 5.26454e-10 1878371.6
-629699100000.0 0.2672526 5.26454e-10 1878371.6
-628165100000.0 0.26660156 5.26454e-10 1878371.6
-626631200000.0 0.26595053 5.26454e-10 1878371.6
-625097240000.0 0.2652995 4.7248283e-10 1533497.4
-623563240000.0 0.26464844 4.7248283e-10 1533497.4
-622029240000.0 0.2639974 4.7248283e-10 1533497.4
-620495240000.0 0.26334634 4.7248283e-10 1533497.4
-618961240000.0 0.26269528 4.2711498e-10 1135910.1
-617427240000.0 0.26204425 4.2711498e-10 1135910.1
-615893300000.0 0.26139322 4.2711498e-10 1135910.1
-614359400000.0 0.2607422 4.2711498e-10 1135910.1
-612825370000.0 0.26009116 4.0734743e-10 641898.3
-611291370000.0 0.2594401 4.0734743e-10 641898.3
-609757400000.0 0.2587891 4.0734743e-10 641898.3
-608223400000.0 0.25813803 4.0734743e-10 641898.3
-606689400000.0 0.257487 4.0844175e-10 100065.47
-605155400000.0 0.2568359 4.0844175e-10 100065.47
-603621500000.0 0.2561849 4.0844175e-10 100065.47
-602087500000.0 0.25553384 4.0844175e-10 100065.47
-600553500000.0 0.2548828 4.3636694e-10 -480863.66
-599019550000.0 0.25423178 4.3636694e-10 -480863.66
-597485550000.0 0.25358072 4.3636694e-10 -480863.66
-595951550000.0 0.2529297 4.3636694e-10 -480863.66
-594417600000.0 0.25227866 4.8160714e-10 -927499.1
-592883600000.0 0.25162762 4.8160714e-10 -927499.1
-591349600000.0 0.25097656 4.8160714e-10 -927499.1
-589815600000.0 0.2503255 4.8160714e-10 -927499.1
-588281700000.0 0.24967448 5.1747256e-10 -1017571.75
-586747700000.0 0.24902344 5.1747256e-10 -1017571.75
-585213700000.0 0.24837239 5.1747256e-10 -1017571.75
-583679740000.0 0.24772136 5.1747256e-10 -1017571.75
-582145740000.0 0.2470703 5.434864e-10 -915800.0
-580611740000.0 0.24641925 5.434864e-10 -915800.0
-579077730000.0 0.2457682 5.434864e-10 -915800.0
-577543800000.0 0.24511719 5.434864e-10 -915800.0
-576009800000.0 0.24446614 5.604114e-10 -787831.56
-574475800000.0 0.2438151 5.604114e-10 -787831.56
-572941860000.0 0.24316406 5.604114e-10 -787831.56
-571407900000.0 0.24251305 5.604114e-10 -787831.56
-569873900000.0 0.241862 5.7095506e-10 -657218.94
-568339900000.0 0.24121095 5.7095506e-10 -657218.94
-566805900000.0 0.2405599 5.7095506e-10 -657218.94
-565271900000.0 0.23990884 5.7095506e-10 -657218.94
-563737900000.0 0.2392578 5.851898e-10 -505979.97
-562204000000.0 0.23860677 5.851898e-10 -505979.97
-560670050000.0 0.23795573 5.851898e-10 -505979.97
-559136050000.0 0.23730469 5.851898e-10 -505979.97
-557602050000.0 0.23665364 5.948714e-10 -405728.25
-556068040000.0 0.2360026 5.948714e-10 -405728.25
-554534040000.0 0.23535155 5.948714e-10 -405728.25
-553000040000.0 0.23470049 5.948714e-10 -405728.25
-551466100000.0 0.23404948 5.8734084e-10 -429217.84
-549932200000.0 0.23339845 5.8734084e-10 -429217.84
-548398170000.0 0.23274739 5.8734084e-10 -429217.84
-546864170000.0 0.23209634 5.8734084e-10 -429217.84
-545330200000.0 0.23144531 5.562343e-10 -519222.8
-543796200000.0 0.23079427 5.562343e-10 -519222.8
-542262200000.0 0.23014322 5.562343e-10 -519222.8
-540728260000.0 0.22949219 5.562343e-10 -519222.8
-539194300000.0 0.22884116 4.9759324e-10 -809982.2
-537660300000.0 0.22819011 4.9759324e-10 -809982.2
-536126300000.0 0.22753906 4.9759324e-10 -809982.2
-534592320000.0 0.22688803 4.9759324e-10 -809982.2
-533058360000.0 0.22623697 4.0684772e-10 -1727004.6
-531524350000.0 0.22558592 4.0684772e-10 -1727004.6
-529990400000.0 0.22493489 4.0684772e-10 -1727004.6
-528456420000.0 0.22428386 4.0684772e-10 -1727004.6
-526922400000.0 0.22363281 2.9967545e-10 -2937489.8
-525388400000.0 0.22298177 2.9967545e-10 -2937489.8
-523854480000.0 0.22233073 2.9967545e-10 -2937489.8
-522320480000.0 0.22167969 2.9967545e-10 -2937489.8
-520786480000.0 0.22102864 2.4545255e-10 -3329563.2
-519252500000.0 0.22037761 2.4545255e-10 -3329563.2
-517718570000.0 0.21972658 2.4545255e-10 -3329563.2
-516184570000.0 0.21907552 2.4545255e-10 -3329563.2
-514650570000.0 0.21842447 2.4440117e-10 -2831200.8
-513116600000.0 0.21777344 2.4440117e-10 -2831200.8
-511582600000.0 0.21712239 2.4440117e-10 -2831200.8
-510048600000.0 0.21647134 2.4440117e-10 -2831200.8
-508514660000.0 0.21582031 2.6561608e-10 -2000294.2
-506980700000.0 0.21516928 2.6561608e-10 -2000294.2
-505446700000.0 0.21451823 2.6561608e-10 -2000294.2
-503912700000.0 0.21386719 2.6561608e-10 -2000294.2
-502378730000.0 0.21321616 2.897424e-10 -1182251.9
-500844760000.0 0.2125651 2.897424e-10 -1182251.9
-499310760000.0 0.21191405 2.897424e-10 -1182251.9
-497776800000.0 0.21126302 2.897424e-10 -1182251.9
-496242820000.0 0.21061198 3.1703712e-10 -513031.78
-494708820000.0 0.20996094 3.1703712e-10 -513031.78
-493174820000.0 0.20930989 3.1703712e-10 -513031.78
-491640880000.0 0.20865886 3.1703712e-10 -513031.78
-490106880000.0 0.20800781 3.5052736e-10 -57199.883
-488572880000.0 0.20735677 3.5052736e-10 -57199.883
-487038900000.0 0.20670573 3.5052736e-10 -57199.883
-485504970000.0 0.2060547 3.5052736e-10 -57199.883
-483970970000.0 0.20540364 3.8567882e-10 187274.69
-482436970000.0 0.2047526 3.8567882e-10 187274.69
-480903000000.0 0.20410156 3.8567882e-10 187274.69
-479369070000.0 0.20345053 3.8567882e-10 187274.69
-477835000000.0 0.20279947 4.1220533e-10 240442.12
-476301070000.0 0.20214844 4.1220533e-10 240442.12
-474767100000.0 0.2014974 4.1220533e-10 240442.12
-473233100000.0 0.20084636 4.1220533e-10 240442.12
-471699100000.0 0.20019531 4.226006e-10 73866.74
-470165130000.0 0.19954428 4.226006e-10 73866.74
-468631200000.0 0.19889325 4.226006e-10 73866.74
-467097160000.0 0.19824217 4.226006e-10 73866.74
-465563200000.0 0.19759114 4.1751802e-10 -125641.01
-464029220000.0 0.19694011 4.1751802e-10 -125641.01
-462495220000.0 0.19628906 4.1751802e-10 -125641.01
-460961220000.0 0.19563802 4.1751802e-10 -125641.01
-459427280000.0 0.19498698 4.140202e-10 -40639.336
-457893300000.0 0.19433595 4.140202e-10 -40639.336
-456359280000.0 0.19368488 4.140202e-10 -40639.336
-454825300000.0 0.19303386 4.140202e-10 -40639.336
-453291380000.0 0.19238283 4.2510473e-10 406092.3
-451757380000.0 0.19173177 4.2510473e-10 406092.3
-450223370000.0 0.19108072 4.2510473e-10 406092.3
-448689400000.0 0.19042969 4.2510473e-10 406092.3
-447155440000.0 0.18977866 4.4741355e-10 930830.0
-445621400000.0 0.1891276 4.4741355e-10 930830.0
-444087470000.0 0.18847656 4.4741355e-10 930830.0
-442553500000.0 0.18782553 4.4741355e-10 930830.0
-441019500000.0 0.18717448 4.5518483e-10 1237618.9
-439485500000.0 0.18652342 4.5518483e-10 1237618.9
-437951530000.0 0.1858724 4.5518483e-10 1237618.9
-436417600000.0 0.18522137 4.5518483e-10 1237618.9
-434883530000.0 0.1845703 4.406659e-10 1220377.5
-433349600000.0 0.18391927 4.406659e-10 1220377.5
-431815620000.0 0.18326823 4.406659e-10 1220377.5
-430281620000.0 0.18261719 4.406659e-10 1220377.5
-428747700000.0 0.18196616 3.9202439e-10 642590.06
-427213700000.0 0.18131511 3.9202439e-10 642590.06
-425679700000.0 0.18066408 3.9202439e-10 642590.06
-424145680000.0 0.180013 3.9202439e-10 642590.06
-422611700000.0 0.17936198 3.4393433e-10 -408719.25
-421077780000.0 0.17871095 3.4393433e-10 -408719.25
-419543700000.0 0.17805988 3.4393433e-10 -408719.25
-418009840000.0 0.17740889 3.4393433e-10 -408719.25
-416475800000.0 0.17675781 3.0503883e-10 -1759129.4
-414941770000.0 0.17610675 3.0503883e-10 -1759129.4
-413407900000.0 0.17545575 3.0503883e-10 -1759129.4
-411873870000.0 0.17480469 3.0503883e-10 -1759129.4
-410339800000.0 0.17415361 2.7032215e-10 -2857274.0
-408805930000.0 0.17350262 2.7032215e-10 -2857274.0
-407271900000.0 0.17285155 2.7032215e-10 -2857274.0
-405737930000.0 0.17220053 2.7032215e-10 -2857274.0
-404204000000.0 0.1715495 2.4644362e-10 -3373247.5
-402669930000.0 0.17089842 2.4644362e-10 -3373247.5
-401136000000.0 0.17024739 2.4644362e-10 -3373247.5
-399602020000.0 0.16959636 2.4644362e-10 -3373247.5
-398068000000.0 0.1689453 2.329739e-10 -3516893.2
-396534120000.0 0.1682943 2.329739e-10 -3516893.2
-395000100000.0 0.16764323 2.329739e-10 -3516893.2
-393466020000.0 0.16699216 2.329739e-10 -3516893.2
-391932180000.0 0.16634117 2.271352e-10 -3515140.0
-390398100000.0 0.1656901 2.271352e-10 -3515140.0
-388864080000.0 0.16503903 2.271352e-10 -3515140.0
-387330200000.0 0.16438805 2.271352e-10 -3515140.0
-385796180000.0 0.16373697 2.250869e-10 -3445266.0
-384262200000.0 0.16308594 2.250869e-10 -3445266.0
-382728240000.0 0.1624349 2.250869e-10 -3445266.0
-381194200000.0 0.16178384 2.250869e-10 -3445266.0
-379660270000.0 0.16113281 2.2207453e-10 -3361855.8
-378126300000.0 0.16048178 2.2207453e-10 -3361855.8
-376592270000.0 0.1598307 2.2207453e-10 -3361855.8
-375058400000.0 0.15917972 2.2207453e-10 -3361855.8
-373524330000.0 0.15852864 2.2253047e-10 -3340501.8
-371990300000.0 0.15787758 2.2253047e-10 -3340501.8
-370456430000.0 0.15722659 2.2253047e-10 -3340501.8
-368922400000.0 0.15657552 2.2253047e-10 -3340501.8
-367388360000.0 0.15592445 2.370588e-10 -3391530.0
-365854500000.0 0.15527347 2.370588e-10 -3391530.0
-364320420000.0 0.15462239 2.370588e-10 -3391530.0
-362786500000.0 0.15397136 2.370588e-10 -3391530.0
-361252520000.0 0.15332033 2.639128e-10 -3378412.5
-359718500000.0 0.15266925 2.639128e-10 -3378412.5
-358184520000.0 0.15201822 2.639128e-10 -3378412.5
-356650580000.0 0.1513672 2.639128e-10 -3378412.5
-355116500000.0 0.15071613 3.032988e-10 -3155888.0
-353582650000.0 0.15006512 3.032988e-10 -3155888.0
-352048600000.0 0.14941406 3.032988e-10 -3155888.0
-350514580000.0 0.148763 3.032988e-10 -3155888.0
-348980700000.0 0.148112 3.5838843e-10 -2714843.2
-347446640000.0 0.14746092 3.5838843e-10 -2714843.2
-345912600000.0 0.14680986 3.5838843e-10 -2714843.2
-344378740000.0 0.14615887 3.5838843e-10 -2714843.2
-342844700000.0 0.1455078 4.2758824e-10 -2190633.2
-341310730000.0 0.14485677 4.2758824e-10 -2190633.2
-339776800000.0 0.14420575 4.2758824e-10 -2190633.2
-338242730000.0 0.14355466 4.2758824e-10 -2190633.2
-336708800000.0 0.14290364 5.0927185e-10 -1605483.9
-335174830000.0 0.14225261 5.0927185e-10 -1605483.9
-333640800000.0 0.14160155 5.0927185e-10 -1605483.9
-332106920000.0 0.14095055 5.0927185e-10 -1605483.9
-330572900000.0 0.14029948 5.909607e-10 -988390.2
-329038820000.0 0.13964841 5.909607e-10 -988390.2
-327504950000.0 0.1389974 5.909607e-10 -988390.2
-325970920000.0 0.13834634 5.909607e-10 -988390.2
-324436900000.0 0.13769528 6.639077e-10 -407357.1
-322903000000.0 0.1370443 6.639077e-10 -407357.1
-321368980000.0 0.13639323 6.639077e-10 -407357.1
-319835000000.0 0.13574219 6.639077e-10 -407357.1
-318301040000.0 0.13509116 7.2702744e-10 101955.555
-316767000000.0 0.1344401 7.2702744e-10 101955.555
-315233040000.0 0.13378905 7.2702744e-10 101955.555
-313699100000.0 0.13313803 7.2702744e-10 101955.555
-312165070000.0 0.13248697 7.829367e-10 619057.44
-310631200000.0 0.13183598 7.829367e-10 619057.44
-309097140000.0 0.13118489 7.829367e-10 619057.44
-307563100000.0 0.13053383 7.829367e-10 619057.44
-306029230000.0 0.12988284 8.3017837e-10 1287037.9
-304495200000.0 0.12923177 8.3017837e-10 1287037.9
-302961130000.0 0.12858069 8.3017837e-10 1287037.9
-301427300000.0 0.12792972 8.3017837e-10 1287037.9
-299893230000.0 0.12727864 8.9165547e-10 2105213.5
-298359300000.0 0.12662761 8.9165547e-10 2105213.5
-296825320000.0 0.12597658 8.9165547e-10 2105213.5
-295291300000.0 0.1253255 8.9165547e-10 2105213.5
-293757320000.0 0.12467448 9.847942e-10 2903568.2
-292223400000.0 0.12402345 9.847942e-10 2903568.2
-290689320000.0 0.123372376 9.847942e-10 2903568.2
-289155450000.0 0.12272138 9.847942e-10 2903568.2
-287621400000.0 0.12207031 1.0746125e-09 3404118.5
-286087380000.0 0.12141925 1.0746125e-09 3404118.5
-284553500000.0 0.12076825 1.0746125e-09 3404118.5
-283019440000.0 0.12011717 1.0746125e-09 3404118.5
-281485400000.0 0.11946611 1.1194058e-09 3427340.5
-279951540000.0 0.118815124 1.1194058e-09 3427340.5
-278417500000.0 0.118164055 1.1194058e-09 3427340.5
-276883540000.0 0.11751302 1.1194058e-09 3427340.5
-275349600000.0 0.11686199 1.097407e-09 2984690.5
-273815550000.0 0.11621092 1.097407e-09 2984690.5
-272281600000.0 0.11555989 1.097407e-09 2984690.5
-270747630000.0 0.11490886 1.097407e-09 2984690.5
-269213600000.0 0.11425779 9.731469e-10 2298963.5
-267679730000.0 0.113606796 9.731469e-10 2298963.5
-266145680000.0 0.11295573 9.731469e-10 2298963.5
-264611640000.0 0.11230466 9.731469e-10 2298963.5
-263077770000.0 0.11165367 8.6558904e-10 2839066.8
-261543720000.0 0.1110026 8.6558904e-10 2839066.8
-260009670000.0 0.11035153 8.6558904e-10 2839066.8
-258475820000.0 0.10970054 8.6558904e-10 2839066.8
-256941770000.0 0.10904947 7.459926e-10 2668164.5
-255407820000.0 0.10839844 7.459926e-10 2668164.5
-253873860000.0 0.107747406 7.459926e-10 2668164.5
-252339810000.0 0.10709634 7.459926e-10 2668164.5
-250805860000.0 0.106445305 4.5691967e-10 260307.81
-249271910000.0 0.10579427 4.5691967e-10 260307.81
-247737860000.0 0.10514321 4.5691967e-10 260307.81
-246203990000.0 0.10449222 4.5691967e-10 260307.81
-244669960000.0 0.10384115 3.231451e-10 -1089412.1
-243135900000.0 0.10319008 3.231451e-10 -1089412.1
-241602040000.0 0.102539085 3.231451e-10 -1089412.1
-240067990000.0 0.101888016 3.231451e-10 -1089412.1
-238533950000.0 0.10123695 3.800561e-10 -610709.2
-237000080000.0 0.10058595 3.800561e-10 -610709.2
-235466030000.0 0.09993488 3.800561e-10 -610709.2
-233932080000.0 0.09928385 3.800561e-10 -610709.2
-232398130000.0 0.09863283 4.5818455e-10 101052.64
-230864080000.0 0.09798176 4.5818455e-10 101052.64
-229330120000.0 0.09733073 4.5818455e-10 101052.64
-227796170000.0 0.096679695 4.5818455e-10 101052.64
-226262120000.0 0.096028626 5.366421e-10 585037.6
-224728250000.0 0.09537763 5.366421e-10 585037.6
-223194220000.0 0.09472656 5.366421e-10 585037.6
-221660170000.0 0.09407549 5.366421e-10 585037.6
-220126300000.0 0.0934245 6.221397e-10 824257.75
-218592260000.0 0.09277343 6.221397e-10 824257.75
-217058210000.0 0.09212236 6.221397e-10 824257.75
-215524340000.0 0.091471374 6.221397e-10 824257.75
-213990310000.0 0.090820305 7.124658e-10 890595.9
-212456340000.0 0.09016927 7.124658e-10 890595.9
-210922390000.0 0.08951824 7.124658e-10 890595.9
-209388360000.0 0.08886717 7.124658e-10 890595.9
-207854390000.0 0.08821614 7.9698137e-10 778107.0
-206320440000.0 0.08756511 7.9698137e-10 778107.0
