morphology_data/1d_wa_a0.025_l8r2_00001.ecsv
# %ECSV 1.0
# ---
# datatype:
# - {name: b, datatype: float32}
# - {name: phase, datatype: float32}
# - {name: sigma, datatype: float32}
# - {name: vr, datatype: float32}
# meta: {lambda: 8, rp: 2.0, sep: 0.025, wind: a}
# schema: astropy-2.0
b phase sigma vr
[from data line 1339]
904281850000.0 -0.38378912 3.5568562e-11 -1643815.6
905815700000.0 -0.3844401 3.5568562e-11 -1643815.6
907349600000.0 -0.3850911 3.5568562e-11 -1643815.6
908883800000.0 -0.38574225 3.2337962e-11 -1607681.5
910417660000.0 -0.38639325 3.2337962e-11 -1607681.5
911951500000.0 -0.38704422 3.2337962e-11 -1607681.5
913485600000.0 -0.3876953 3.2337962e-11 -1607681.5
915019600000.0 -0.38834637 2.9073039e-11 -1604162.1
916553470000.0 -0.38899738 2.9073039e-11 -1604162.1
918087500000.0 -0.38964844 2.9073039e-11 -1604162.1
919621600000.0 -0.3902995 2.9073039e-11 -1604162.1
921155500000.0 -0.3909505 2.6342177e-11 -1605258.2
922689500000.0 -0.39160156 2.6342177e-11 -1605258.2
924223540000.0 -0.39225262 2.6342177e-11 -1605258.2
925757400000.0 -0.39290363 2.6342177e-11 -1605258.2
927291400000.0 -0.3935547 2.3776444e-11 -1623876.8
928825500000.0 -0.39420575 2.3776444e-11 -1623876.8
930359350000.0 -0.39485675 2.3776444e-11 -1623876.8
931893400000.0 -0.3955078 2.3776444e-11 -1623876.8
933427400000.0 -0.3961589 2.1708298e-11 -1668145.9
934961300000.0 -0.39680988 2.1708298e-11 -1668145.9
936495150000.0 -0.39746088 2.1708298e-11 -1668145.9
938029400000.0 -0.39811203 2.1708298e-11 -1668145.9
939563300000.0 -0.398763 2.0025414e-11 -1732486.5
941097160000.0 -0.399414 2.0025414e-11 -1732486.5
942631350000.0 -0.40006515 2.0025414e-11 -1732486.5
944165200000.0 -0.40071616 2.0025414e-11 -1732486.5
945699100000.0 -0.40136713 1.8638714e-11 -1774390.2
947233300000.0 -0.40201828 1.8638714e-11 -1774390.2
948767160000.0 -0.40266928 1.8638714e-11 -1774390.2
950301000000.0 -0.40332028 1.8638714e-11 -1774390.2
951835200000.0 -0.4039714 1.6661877e-11 -1685495.4
953369100000.0 -0.4046224 1.6661877e-11 -1685495.4
954903000000.0 -0.4052734 1.6661877e-11 -1685495.4
956437040000.0 -0.40592447 1.6661877e-11 -1685495.4
957971100000.0 -0.40657553 1.4275268e-11 -1515343.0
959505000000.0 -0.40722653 1.4275268e-11 -1515343.0
961039000000.0 -0.4078776 1.4275268e-11 -1515343.0
962573040000.0 -0.40852866 1.4275268e-11 -1515343.0
964106900000.0 -0.40917966 1.1910136e-11 -1304311.6
965641000000.0 -0.40983072 1.1910136e-11 -1304311.6
967175000000.0 -0.4104818 1.1910136e-11 -1304311.6
968708850000.0 -0.41113278 1.1910136e-11 -1304311.6
970242900000.0 -0.41178387 nan nan
971776900000.0 -0.41243494 nan nan
973310800000.0 -0.4130859 nan nan
974844850000.0 -0.413737 nan nan
976378900000.0 -0.41438806 nan nan
977912800000.0 -0.41503906 nan nan
979446660000.0 -0.41569003 nan nan
980980860000.0 -0.4163412 nan nan
982514700000.0 -0.4169922 nan nan
984048600000.0 -0.4176432 nan nan
985582800000.0 -0.4182943 nan nan
987116670000.0 -0.4189453 nan nan
988650540000.0 -0.4195963 nan nan
990184800000.0 -0.42024744 nan nan
991718700000.0 -0.42089844 nan nan
993252500000.0 -0.42154944 nan nan
994786740000.0 -0.4222006 nan nan
996320600000.0 -0.42285156 nan nan
997854500000.0 -0.42350256 nan nan
999388500000.0 -0.42415363 nan nan
1000922550000.0 -0.42480472 nan nan
1002456400000.0 -0.4254557 nan nan
1003990500000.0 -0.42610675 nan nan
1005524500000.0 -0.42675784 nan nan
1007058350000.0 -0.4274088 nan nan
1008592400000.0 -0.4280599 nan nan
1010126500000.0 -0.42871097 nan nan
1011660360000.0 -0.42936197 nan nan
1013194360000.0 -0.43001303 nan nan
1014728400000.0 -0.4306641 nan nan
1016262300000.0 -0.4313151 nan nan
1017796300000.0 -0.43196616 nan nan
1019330360000.0 -0.43261722 nan nan
1020864230000.0 -0.43326822 nan nan
1022398100000.0 -0.43391922 nan nan
1023932300000.0 -0.43457034 nan nan
1025466200000.0 -0.43522134 nan nan
1027000040000.0 -0.43587235 nan nan
1028534300000.0 -0.4365235 nan nan
1030068200000.0 -0.43717447 nan nan
1031602040000.0 -0.43782547 nan nan
1033136240000.0 -0.43847662 nan nan
1034670100000.0 -0.43912762 nan nan
1036204000000.0 -0.4397786 nan nan
1037738200000.0 -0.44042975 nan nan
1039272050000.0 -0.44108075 nan nan
1040805900000.0 -0.44173172 nan nan
1042340000000.0 -0.4423828 nan nan
1043874000000.0 -0.44303387 nan nan
1045407860000.0 -0.44368488 nan nan
1046941900000.0 -0.44433594 nan nan
1048476000000.0 -0.444987 nan nan
1050009860000.0 -0.445638 nan nan
1051543860000.0 -0.44628906 nan nan
1053077900000.0 -0.44694012 nan nan
1054611800000.0 -0.44759113 nan nan
1056145870000.0 -0.4482422 nan nan
1057679900000.0 -0.44889325 nan nan
1059213740000.0 -0.44954425 nan nan
1060747800000.0 -0.4501953 nan nan
1062281800000.0 -0.4508464 nan nan
1063815700000.0 -0.45149738 nan nan
1065349550000.0 -0.45214838 nan nan
1066883800000.0 -0.45279953 nan nan
1068417700000.0 -0.45345053 nan nan
1069951550000.0 -0.4541015 nan nan
1071485750000.0 -0.45475265 nan nan
1073019600000.0 -0.45540366 nan nan
1074553500000.0 -0.45605463 nan nan
1076087700000.0 -0.45670578 nan nan
1077621560000.0 -0.45735678 nan nan
1079155400000.0 -0.45800778 nan nan
1080689700000.0 -0.4586589 nan nan
1082223500000.0 -0.4593099 nan nan
1083757360000.0 -0.4599609 nan nan
1085291400000.0 -0.46061197 nan nan
1086825500000.0 -0.46126303 nan nan
1088359370000.0 -0.46191403 nan nan
1089893400000.0 -0.4625651 nan nan
1091427430000.0 -0.46321616 nan nan
1092961300000.0 -0.46386716 nan nan
1094495400000.0 -0.46451822 nan nan
1096029400000.0 -0.4651693 nan nan
1097563240000.0 -0.46582028 nan nan
1099097300000.0 -0.46647137 nan nan
1100631400000.0 -0.46712244 nan nan
1102165200000.0 -0.46777344 nan nan
1103699200000.0 -0.4684245 nan nan
1105233300000.0 -0.46907556 nan nan
1106767100000.0 -0.4697265 nan nan
1108301000000.0 -0.47037753 nan nan
1109835300000.0 -0.4710287 nan nan
1111369200000.0 -0.47167972 nan nan
1112903000000.0 -0.4723307 nan nan
1114437200000.0 -0.4729818 nan nan
1115971100000.0 -0.47363284 nan nan
1117504900000.0 -0.4742838 nan nan
1119039100000.0 -0.47493497 nan nan
1120573000000.0 -0.47558594 nan nan
1122106900000.0 -0.47623694 nan nan
1123641000000.0 -0.47688803 nan nan
1125175000000.0 -0.47753906 nan nan
1126708800000.0 -0.47819003 nan nan
1128242900000.0 -0.47884113 nan nan
1129777000000.0 -0.47949222 nan nan
1131310900000.0 -0.48014325 nan nan
1132844800000.0 -0.48079422 nan nan
1134378900000.0 -0.48144534 nan nan
1135912800000.0 -0.48209637 nan nan
1137446700000.0 -0.48274735 nan nan
1138980800000.0 -0.48339847 nan nan
1140514800000.0 -0.48404947 nan nan
1142048800000.0 -0.48470056 nan nan
1143582800000.0 -0.48535156 nan nan
1145116700000.0 -0.4860026 nan nan
1146650800000.0 -0.48665366 nan nan
1148184800000.0 -0.48730478 nan nan
1149718600000.0 -0.48795572 nan nan
1151252600000.0 -0.48860675 nan nan
1152786800000.0 -0.48925787 nan nan
1154320600000.0 -0.48990884 nan nan
1155854500000.0 -0.49055988 nan nan
1157388700000.0 -0.491211 nan nan
1158922500000.0 -0.49186197 nan nan
1160456400000.0 -0.49251297 nan nan
1161990600000.0 -0.49316412 nan nan
1163524400000.0 -0.49381506 nan nan
1165058400000.0 -0.4944661 nan nan
1166592600000.0 -0.49511725 nan nan
1168126500000.0 -0.49576828 nan nan
1169660300000.0 -0.49641922 nan nan
1171194400000.0 -0.4970703 nan nan
1172728400000.0 -0.49772137 nan nan
1174262300000.0 -0.49837238 nan nan
1175796300000.0 -0.49902344 nan nan
1177330400000.0 -0.4996745 nan nan
