morphology_data/1d_wa_a0.1_l4r0.5_00001.ecsv
# %ECSV 1.0
# ---
# datatype:
# - {name: b, datatype: float32}
# - {name: phase, datatype: float32}
# - {name: sigma, datatype: float32}
# - {name: vr, datatype: float32}
# meta: {lambda: 4, rp: 0.5, sep: 0.1, wind: a}
# schema: astropy-2.0
b phase sigma vr
[from data line 605]
-997087640000.0 0.10579427 2.476772e-09 2890703.8
-990951440000.0 0.10514321 2.476772e-09 2890703.8
-984815960000.0 0.10449222 2.476772e-09 2890703.8
-978679800000.0 0.10384115 1.50512e-09 291121.22
-972543600000.0 0.10319008 1.50512e-09 291121.22
-966408140000.0 0.102539085 1.50512e-09 291121.22
-960271940000.0 0.101888016 1.50512e-09 291121.22
-954135800000.0 0.10123695 1.0658069e-09 246078.86
-948000300000.0 0.10058595 1.0658069e-09 246078.86
-941864100000.0 0.09993488 1.0658069e-09 246078.86
-935728300000.0 0.09928385 1.0658069e-09 246078.86
-929592500000.0 0.09863283 1.0662546e-09 241822.16
-923456300000.0 0.09798176 1.0662546e-09 241822.16
-917320500000.0 0.09733073 1.0662546e-09 241822.16
-911184700000.0 0.096679695 1.0662546e-09 241822.16
-905048500000.0 0.096028626 1.0882891e-09 200557.48
-898913000000.0 0.09537763 1.0882891e-09 200557.48
-892776900000.0 0.09472656 1.0882891e-09 200557.48
-886640700000.0 0.09407549 1.0882891e-09 200557.48
-880505200000.0 0.0934245 1.135406e-09 269908.94
-874369060000.0 0.09277343 1.135406e-09 269908.94
-868232860000.0 0.09212236 1.135406e-09 269908.94
-862097400000.0 0.091471374 1.135406e-09 269908.94
-855961240000.0 0.090820305 1.1970208e-09 217956.72
-849825370000.0 0.09016927 1.1970208e-09 217956.72
-843689560000.0 0.08951824 1.1970208e-09 217956.72
-837553400000.0 0.08886717 1.1970208e-09 217956.72
-831417550000.0 0.08821614 1.3207306e-09 186994.61
-825281740000.0 0.08756511 1.3207306e-09 186994.61
-819145600000.0 0.08691404 1.3207306e-09 186994.61
-813010100000.0 0.086263046 1.3207306e-09 186994.61
-806873900000.0 0.08561198 1.4530456e-09 193125.67
-800737700000.0 0.08496091 1.4530456e-09 193125.67
-794602300000.0 0.08430992 1.4530456e-09 193125.67
-788466100000.0 0.08365885 1.4530456e-09 193125.67
-782330300000.0 0.08300782 1.6130022e-09 151949.94
-776194500000.0 0.08235679 1.6130022e-09 151949.94
-770058300000.0 0.08170572 1.638699e-09 162628.77
-763922500000.0 0.08105469 1.638699e-09 162628.77
-757786700000.0 0.080403656 1.9119433e-09 452147.88
-751650500000.0 0.07975259 1.9119433e-09 452147.88
-745515000000.0 0.07910159 1.8976483e-09 462248.25
-739378800000.0 0.07845052 1.8976483e-09 462248.25
-733242650000.0 0.077799454 2.2953888e-09 1063701.4
-727107200000.0 0.07714847 2.2953888e-09 1063701.4
-720971000000.0 0.07649739 2.294219e-09 1154972.0
-714834840000.0 0.07584633 2.294219e-09 1154972.0
-708699360000.0 0.075195335 2.574421e-09 1772853.1
-702563160000.0 0.07454426 2.574421e-09 1772853.1
-696427350000.0 0.073893234 2.6549793e-09 1856619.9
-690291540000.0 0.0732422 2.6549793e-09 1856619.9
-684155340000.0 0.07259113 3.1541187e-09 2685846.5
-678019500000.0 0.0719401 3.1541187e-09 2685846.5
-671883700000.0 0.07128907 3.152077e-09 2624082.2
-665747500000.0 0.070638 3.152077e-09 2624082.2
-659612040000.0 0.06998701 3.430454e-09 2678873.2
-653475900000.0 0.069335945 3.430454e-09 2678873.2
-647339700000.0 0.068684876 3.3595624e-09 2442999.2
-641204200000.0 0.068033874 3.3595624e-09 2442999.2
-635068100000.0 0.06738281 2.5986089e-09 1294544.1
-628931900000.0 0.06673174 2.5986089e-09 1294544.1
-622796400000.0 0.06608075 2.6544869e-09 1293149.6
-616660300000.0 0.06542969 2.6544869e-09 1293149.6
-610524400000.0 0.06477865 2.2046198e-09 657409.1
-604388600000.0 0.06412762 2.2046198e-09 657409.1
-598252450000.0 0.063476555 2.2646378e-09 668687.7
-592116600000.0 0.062825516 2.2646378e-09 668687.7
-585980800000.0 0.062174488 2.233349e-09 709061.5
-579844640000.0 0.061523426 2.233349e-09 709061.5
-573709160000.0 0.060872428 2.298637e-09 727093.7
-567572960000.0 0.06022136 2.298637e-09 727093.7
-561436750000.0 0.059570286 2.3735076e-09 686849.06
-555301340000.0 0.058919296 2.3735076e-09 686849.06
-549165140000.0 0.058268227 2.4475033e-09 709571.1
-543028970000.0 0.057617158 2.4475033e-09 709571.1
-536893500000.0 0.056966167 2.6311349e-09 651649.94
-530757320000.0 0.056315098 2.6311349e-09 651649.94
-524621480000.0 0.055664066 2.7183114e-09 696344.1
-518485670000.0 0.055013034 2.7183114e-09 696344.1
-512349500000.0 0.05436197 3.0500238e-09 930986.44
-506213660000.0 0.053710938 3.0500238e-09 930986.44
-500077850000.0 0.053059906 3.1111884e-09 941069.3
-493941700000.0 0.052408837 3.1111884e-09 941069.3
-487806200000.0 0.051757842 3.6852983e-09 1530243.0
-481670040000.0 0.051106777 3.6852983e-09 1530243.0
-475533840000.0 0.050455708 3.783296e-09 1493968.2
-469398400000.0 0.049804714 3.783296e-09 1493968.2
-463262220000.0 0.049153645 4.453627e-09 2022399.5
-457126020000.0 0.048502576 4.453627e-09 2022399.5
-450990570000.0 0.047851585 4.574636e-09 1992699.1
-444854370000.0 0.047200516 4.574636e-09 1992699.1
-438718560000.0 0.046549484 3.948779e-09 916438.5
-432582750000.0 0.045898452 3.948779e-09 916438.5
-426446550000.0 0.045247383 4.0876316e-09 914610.9
-420310750000.0 0.04459635 4.0876316e-09 914610.9
-414174940000.0 0.043945324 3.772289e-09 697733.06
-408038740000.0 0.043294255 3.772289e-09 697733.06
-401903300000.0 0.04264326 3.930122e-09 700977.2
-395767100000.0 0.04199219 3.930122e-09 700977.2
-389630920000.0 0.041341122 4.081728e-09 662207.7
-383495470000.0 0.04069013 4.1609107e-09 665986.7
-377359270000.0 0.040039062 4.259393e-09 664091.8
-371223100000.0 0.039387994 4.3455843e-09 667489.56
-365087620000.0 0.038736995 4.611752e-09 657083.8
-358951450000.0 0.03808593 4.7052793e-09 660029.2
-352815640000.0 0.0374349 4.8175286e-09 656109.6
-346679800000.0 0.03678387 4.9192206e-09 658561.1
-340543640000.0 0.0361328 5.453786e-09 855227.25
-334407830000.0 0.035481773 5.564624e-09 853002.9
-328272000000.0 0.034830738 5.6970624e-09 844328.25
-322135820000.0 0.03417967 5.818187e-09 841577.06
-316000340000.0 0.033528678 6.280005e-09 1216351.9
-309864170000.0 0.03287761 6.4127446e-09 1205256.9
-303728000000.0 0.03222654 6.5686674e-09 1186826.6
-297592520000.0 0.031575546 6.7145787e-09 1175119.9
-291456350000.0 0.030924477 6.2155476e-09 640818.44
-285320200000.0 0.030273411 6.3764674e-09 640186.7
-279184700000.0 0.029622415 6.563064e-09 633242.94
-273048520000.0 0.028971346 6.741171e-09 631920.8
-266912710000.0 0.028320316 6.876423e-09 597162.75
-260776890000.0 0.027669284 7.074324e-09 595857.25
-254640700000.0 0.027018217 7.3005246e-09 588069.3
-248504880000.0 0.026367186 7.521364e-09 585994.8
-242369050000.0 0.025716154 7.839726e-09 583506.56
-236232880000.0 0.025065087 8.087357e-09 580470.4
-230097420000.0 0.024414092 8.366654e-09 570767.94
-223961240000.0 0.023763025 8.6458645e-09 566926.9
-217825070000.0 0.023111956 9.004893e-09 553941.56
-211689600000.0 0.022460962 9.321715e-09 549377.44
-205553420000.0 0.021809895 9.675992e-09 538390.4
-199417230000.0 0.021158826 1.0038532e-08 532945.44
-193281770000.0 0.020507833 1.03532205e-08 521805.88
-187145600000.0 0.019856764 1.0762122e-08 516283.16
-181009780000.0 0.019205732 1.121728e-08 504616.94
-174873950000.0 0.018554702 1.1691721e-08 498104.72
-168737770000.0 0.017903633 1.2193389e-08 465741.12
-162601940000.0 0.017252602 1.2749272e-08 459057.38
-156466140000.0 0.016601572 1.3367503e-08 446724.03
-150329950000.0 0.015950503 1.4026453e-08 438975.94
-144194490000.0 0.015299509 1.4805771e-08 398254.7
-138058300000.0 0.014648439 1.5606805e-08 390144.72
-131922125000.0 0.013997372 1.6502744e-08 377029.47
-125786660000.0 0.013346379 1.7482147e-08 367776.1
-119650484000.0 0.012695311 1.8549564e-08 342279.1
-113514310000.0 0.012044242 1.9771367e-08 332556.5
-107378840000.0 0.011393248 2.1158598e-08 318559.84
-101242670000.0 0.01074218 2.2720915e-08 307623.12
-95106840000.0 0.010091149 2.451479e-08 289461.1
-88971020000.0 0.009440118 2.6575348e-08 277542.47
-82834840000.0 0.008789049 2.8984687e-08 262171.38
-76699020000.0 0.008138019 3.1816352e-08 248992.2
-70563200000.0 0.0074869874 3.5482316e-08 228952.03
-64427020000.0 0.006835919 3.9643197e-08 214067.2
-58291556000.0 0.006184926 4.4804352e-08 196625.0
-52155376000.0 0.0055338573 5.1346387e-08 180573.72
-46019200000.0 0.0048827888 5.999949e-08 167627.56
-39883735000.0 0.0042317957 7.159726e-08 149522.02
-33747554000.0 0.0035807267 8.8747285e-08 122702.516
-27611376000.0 0.0029296577 1.1442596e-07 103156.195
-21475912000.0 0.0022786648 1.5807306e-07 80933.125
-15339732000.0 0.0016275961 2.4593277e-07 60395.465
-9203911000.0 0.0009765653 4.906675e-07 37252.758
9203911000.0 -0.0009765653 5.203351e-07 -69335.64
15339732000.0 -0.0016275961 2.545206e-07 -127593.04
21475912000.0 -0.0022786648 1.6198928e-07 -185455.02
27611376000.0 -0.0029296577 1.1665553e-07 -243835.56
33747554000.0 -0.0035807267 9.020448e-08 -300600.97
39883735000.0 -0.0042317957 7.336846e-08 -348163.47
46019200000.0 -0.0048827888 6.1283025e-08 -404602.72
52155376000.0 -0.0055338573 5.2461992e-08 -459671.72
58291556000.0 -0.006184926 4.570998e-08 -515392.28
64427020000.0 -0.006835919 4.039935e-08 -572569.75
70563200000.0 -0.0074869874 3.612985e-08 -627830.8
76699020000.0 -0.008138019 3.2832098e-08 -668631.8
82834840000.0 -0.008789049 2.9875252e-08 -722937.6
88971020000.0 -0.009440118 2.7366537e-08 -779610.25
95106840000.0 -0.010091149 2.5227065e-08 -833563.1
101242670000.0 -0.01074218 2.3349687e-08 -902096.7
107378840000.0 -0.011393248 2.1734614e-08 -956535.25
113514310000.0 -0.012044242 2.0303279e-08 -1014141.7
119650484000.0 -0.012695311 1.9044455e-08 -1068141.6
125786660000.0 -0.013346379 1.7958024e-08 -1145251.0
131922125000.0 -0.013997372 1.695165e-08 -1199782.5
138058300000.0 -0.014648439 1.603239e-08 -1258295.6
144194490000.0 -0.015299509 1.5211194e-08 -1312304.8
150329950000.0 -0.015950503 1.4640536e-08 -1393983.9
156466140000.0 -0.016601572 1.395037e-08 -1449391.6
162601940000.0 -0.017252602 1.3305548e-08 -1509454.9
168737770000.0 -0.017903633 1.2726047e-08 -1564161.0
174873950000.0 -0.018554702 1.2322718e-08 -1708006.9
181009780000.0 -0.019205732 1.1829622e-08 -1764931.8
187145600000.0 -0.019856764 1.13578675e-08 -1827512.9
193281770000.0 -0.020507833 1.0933701e-08 -1883693.4
199417230000.0 -0.021158826 1.0578354e-08 -2114950.8
205553420000.0 -0.021809895 1.0215572e-08 -2174344.2
211689600000.0 -0.022460962 9.861175e-09 -2240312.0
217825070000.0 -0.023111956 9.544218e-09 -2298664.8
223961240000.0 -0.023763025 9.418423e-09 -2464957.8
230097420000.0 -0.024414092 9.13909e-09 -2524219.0
236232880000.0 -0.025065087 8.859709e-09 -2591112.8
242369050000.0 -0.025716154 8.611943e-09 -2649225.8
248504880000.0 -0.026367186 8.51757e-09 -2743554.2
254640700000.0 -0.027018217 8.296604e-09 -2800171.0
260776890000.0 -0.027669284 8.070672e-09 -2865223.8
266912710000.0 -0.028320316 7.872663e-09 -2920553.2
273048520000.0 -0.028971346 7.73689e-09 -2992115.2
279184700000.0 -0.029622415 7.558692e-09 -3045819.5
285320200000.0 -0.030273411 7.37236e-09 -3108781.8
291456350000.0 -0.030924477 7.211369e-09 -3161129.2
297592520000.0 -0.031575546 7.1054203e-09 -3179248.8
303728000000.0 -0.03222654 6.9594543e-09 -3228833.2
309864170000.0 -0.03287761 6.803298e-09 -3288294.8
316000340000.0 -0.033528678 6.670515e-09 -3336477.2
322135820000.0 -0.03417967 6.552449e-09 -3320461.8
328272000000.0 -0.034830738 6.4312884e-09 -3365648.5
334407830000.0 -0.035481773 6.2986594e-09 -3421200.0
340543640000.0 -0.0361328 6.187794e-09 -3464990.0
346679800000.0 -0.03678387 6.0552687e-09 -3463928.8
352815640000.0 -0.0374349 5.9535656e-09 -3505461.8
358951450000.0 -0.03808593 5.839647e-09 -3557817.2
365087620000.0 -0.038736995 5.7461036e-09 -3597966.5
371223100000.0 -0.039387994 5.6168683e-09 -3577036.8
377359270000.0 -0.040039062 5.5306817e-09 -3614887.2
383495470000.0 -0.04069013 5.4317564e-09 -3663852.2
389630920000.0 -0.041341122 5.352607e-09 -3700388.5
395767100000.0 -0.04199219 5.1457634e-09 -3730655.5
401903300000.0 -0.04264326 5.1457634e-09 -3730655.5
408038740000.0 -0.043294255 4.988328e-09 -3812396.0
414174940000.0 -0.043945324 4.988328e-09 -3812396.0
420310750000.0 -0.04459635 4.8806577e-09 -3667843.8
426446550000.0 -0.045247383 4.8806577e-09 -3667843.8
432582750000.0 -0.045898452 4.7433772e-09 -3737545.8
438718560000.0 -0.046549484 4.7433772e-09 -3737545.8
444854370000.0 -0.047200516 4.8809765e-09 -3212305.2
450990570000.0 -0.047851585 4.8809765e-09 -3212305.2
457126020000.0 -0.048502576 4.7604294e-09 -3258749.0
463262220000.0 -0.049153645 4.7604294e-09 -3258749.0
469398400000.0 -0.049804714 4.7125943e-09 -3153631.0
475533840000.0 -0.050455708 4.7125943e-09 -3153631.0
481670040000.0 -0.051106777 4.615199e-09 -3205304.2
487806200000.0 -0.051757842 4.615199e-09 -3205304.2
493941700000.0 -0.052408837 4.3435366e-09 -3480796.2
500077850000.0 -0.053059906 4.3435366e-09 -3480796.2
506213660000.0 -0.053710938 4.2846438e-09 -3555846.2
512349500000.0 -0.05436197 4.2846438e-09 -3555846.2
518485670000.0 -0.055013034 4.066128e-09 -3816876.8
524621480000.0 -0.055664066 4.066128e-09 -3816876.8
530757320000.0 -0.056315098 4.016006e-09 -3890806.5
536893500000.0 -0.056966167 4.016006e-09 -3890806.5
543028970000.0 -0.057617158 3.763829e-09 -4373826.5
549165140000.0 -0.058268227 3.763829e-09 -4373826.5
555301340000.0 -0.058919296 3.7205432e-09 -4455040.5
561436750000.0 -0.059570286 3.7205432e-09 -4455040.5
567572960000.0 -0.06022136 3.2630787e-09 -5124727.5
573709160000.0 -0.060872428 3.2630787e-09 -5124727.5
579844640000.0 -0.061523426 3.2292373e-09 -5218488.0
585980800000.0 -0.062174488 3.2292373e-09 -5218488.0
592116600000.0 -0.062825516 2.7893465e-09 -5629307.0
598252450000.0 -0.063476555 2.7893465e-09 -5629307.0
604388600000.0 -0.06412762 2.7799918e-09 -5696633.0
610524400000.0 -0.06477865 2.7799918e-09 -5696633.0
616660300000.0 -0.06542969 2.5373643e-09 -5783507.0
622796400000.0 -0.06608075 2.5373643e-09 -5783507.0
628931900000.0 -0.06673174 2.5217974e-09 -5873390.5
635068100000.0 -0.06738281 2.5217974e-09 -5873390.5
641204200000.0 -0.068033874 2.4036342e-09 -5944264.5
647339700000.0 -0.068684876 2.4036342e-09 -5944264.5
653475900000.0 -0.069335945 2.382167e-09 -6050497.5
659612040000.0 -0.06998701 2.382167e-09 -6050497.5
665747500000.0 -0.070638 2.345612e-09 -6110124.0
671883700000.0 -0.07128907 2.345612e-09 -6110124.0
678019500000.0 -0.0719401 2.3306503e-09 -6240025.0
684155340000.0 -0.07259113 2.3306503e-09 -6240025.0
690291540000.0 -0.0732422 2.3115296e-09 -6266924.0
696427350000.0 -0.073893234 2.3115296e-09 -6266924.0
702563160000.0 -0.07454426 2.3005997e-09 -6401785.5
708699360000.0 -0.075195335 2.3005997e-09 -6401785.5
714834840000.0 -0.07584633 2.27502e-09 -6421994.0
720971000000.0 -0.07649739 2.27502e-09 -6421994.0
727107200000.0 -0.07714847 2.252552e-09 -6533933.5
733242650000.0 -0.077799454 2.252552e-09 -6533933.5
739378800000.0 -0.07845052 2.19366e-09 -6497968.0
745515000000.0 -0.07910159 2.19366e-09 -6497968.0
751650500000.0 -0.07975259 2.1479607e-09 -6540813.0
757786700000.0 -0.080403656 2.1479607e-09 -6540813.0
763922500000.0 -0.08105469 2.110792e-09 -6516975.0
770058300000.0 -0.08170572 2.110792e-09 -6516975.0
776194500000.0 -0.08235679 2.1735764e-09 -6630049.0
782330300000.0 -0.08300782 2.1735764e-09 -6630049.0
788466100000.0 -0.08365885 2.2720832e-09 -6792432.0
794602300000.0 -0.08430992 2.2720832e-09 -6792432.0
800737700000.0 -0.08496091 2.2720832e-09 -6792432.0
806873900000.0 -0.08561198 2.2720832e-09 -6792432.0
813010100000.0 -0.086263046 2.9786222e-09 -6869024.0
819145600000.0 -0.08691404 2.9786222e-09 -6869024.0
825281740000.0 -0.08756511 2.9786222e-09 -6869024.0
831417550000.0 -0.08821614 2.9786222e-09 -6869024.0
837553400000.0 -0.08886717 4.0085295e-09 -6040944.5
843689560000.0 -0.08951824 4.0085295e-09 -6040944.5
849825370000.0 -0.09016927 4.0085295e-09 -6040944.5
855961240000.0 -0.090820305 4.0085295e-09 -6040944.5
862097400000.0 -0.091471374 4.564036e-09 -5132426.0
868232860000.0 -0.09212236 4.564036e-09 -5132426.0
874369060000.0 -0.09277343 4.564036e-09 -5132426.0
880505200000.0 -0.0934245 4.564036e-09 -5132426.0
886640700000.0 -0.09407549 3.829545e-09 -4774230.0
892776900000.0 -0.09472656 3.829545e-09 -4774230.0
898913000000.0 -0.09537763 3.829545e-09 -4774230.0
905048500000.0 -0.096028626 3.829545e-09 -4774230.0
911184700000.0 -0.096679695 4.343569e-09 -4224743.0
