morphology_data/1d_wb_a0.025_l4r1_00001.ecsv
# %ECSV 1.0
# ---
# datatype:
# - {name: b, datatype: float32}
# - {name: phase, datatype: float32}
# - {name: sigma, datatype: float32}
# - {name: vr, datatype: float32}
# meta: {lambda: 4, rp: 1.0, sep: 0.025, wind: b}
# schema: astropy-2.0
b phase sigma vr
[from data line 622]
-223194220000.0 0.09472656 1.4347695e-08 2606.97
-221660170000.0 0.09407549 1.4347695e-08 2606.97
-220126300000.0 0.0934245 1.5652198e-08 31614.617
-218592260000.0 0.09277343 1.5652198e-08 31614.617
-217058210000.0 0.09212236 1.5652198e-08 31614.617
-215524340000.0 0.091471374 1.5652198e-08 31614.617
-213990310000.0 0.090820305 1.7050107e-08 47986.477
-212456340000.0 0.09016927 1.7050107e-08 47986.477
-210922390000.0 0.08951824 1.7050107e-08 47986.477
-209388360000.0 0.08886717 1.7050107e-08 47986.477
-207854390000.0 0.08821614 1.836175e-08 35537.312
-206320440000.0 0.08756511 1.836175e-08 35537.312
-204786400000.0 0.08691404 1.836175e-08 35537.312
-203252530000.0 0.086263046 1.836175e-08 35537.312
-201718480000.0 0.08561198 1.9311535e-08 -14390.34
-200184430000.0 0.08496091 1.9311535e-08 -14390.34
-198650580000.0 0.08430992 1.9311535e-08 -14390.34
-197116530000.0 0.08365885 1.9311535e-08 -14390.34
-195582570000.0 0.08300782 2.1542943e-08 -67623.7
-194048620000.0 0.08235679 2.1542943e-08 -67623.7
-192514570000.0 0.08170572 2.1219764e-08 -115459.5
-190980620000.0 0.08105469 2.1219764e-08 -115459.5
-189446670000.0 0.080403656 2.1205773e-08 -145932.16
-187912620000.0 0.07975259 2.1205773e-08 -145932.16
-186378750000.0 0.07910159 2.1287148e-08 -174755.98
-184844700000.0 0.07845052 2.1287148e-08 -174755.98
-183310660000.0 0.077799454 2.1428654e-08 -203837.16
-181776800000.0 0.07714847 2.1428654e-08 -203837.16
-180242740000.0 0.07649739 2.1566253e-08 -232895.62
-178708710000.0 0.07584633 2.1566253e-08 -232895.62
-177174840000.0 0.075195335 2.1737986e-08 -256423.39
-175640790000.0 0.07454426 2.1737986e-08 -256423.39
-174106840000.0 0.073893234 2.1923814e-08 -268319.1
-172572880000.0 0.0732422 2.1923814e-08 -268319.1
-171038830000.0 0.07259113 2.2082636e-08 -275389.5
-169504880000.0 0.0719401 2.2082636e-08 -275389.5
-167970930000.0 0.07128907 2.2094182e-08 -287847.53
-166436880000.0 0.070638 2.2094182e-08 -287847.53
-164903010000.0 0.06998701 2.1883046e-08 -309243.47
-163368980000.0 0.069335945 2.1883046e-08 -309243.47
-161834930000.0 0.068684876 2.1617199e-08 -339692.62
-160301060000.0 0.068033874 2.1617199e-08 -339692.62
-158767020000.0 0.06738281 2.1206864e-08 -373592.84
-157232970000.0 0.06673174 2.1206864e-08 -373592.84
-155699100000.0 0.06608075 2.0742387e-08 -402073.62
-154165070000.0 0.06542969 2.0742387e-08 -402073.62
-152631100000.0 0.06477865 2.018474e-08 -425481.0
-151097150000.0 0.06412762 2.018474e-08 -425481.0
-149563110000.0 0.063476555 1.9835822e-08 -444788.1
-148029150000.0 0.062825516 1.9835822e-08 -444788.1
-146495200000.0 0.062174488 2.1136492e-08 -442550.12
-144961160000.0 0.061523426 2.0489145e-08 -438807.88
-143427290000.0 0.060872428 2.0087978e-08 -439541.72
-141893240000.0 0.06022136 1.969661e-08 -439920.94
-140359190000.0 0.059570286 1.9343686e-08 -436330.22
-138825330000.0 0.058919296 1.8997179e-08 -432346.53
-137291284000.0 0.058268227 1.8697344e-08 -424895.94
-135757240000.0 0.057617158 1.842935e-08 -415192.66
-134223370000.0 0.056966167 1.8227961e-08 -405643.6
-132689330000.0 0.056315098 1.8096621e-08 -394261.12
-131155370000.0 0.055664066 1.8049072e-08 -383767.16
-129621420000.0 0.055013034 1.8048764e-08 -370258.12
-128087376000.0 0.05436197 1.8139932e-08 -356845.62
-126553416000.0 0.053710938 1.824307e-08 -339992.5
-125019460000.0 0.053059906 1.8412035e-08 -324405.88
-123485420000.0 0.052408837 1.8574326e-08 -307674.22
-121951550000.0 0.051757842 1.8777722e-08 -294985.78
-120417510000.0 0.051106777 1.89663e-08 -287184.0
-118883460000.0 0.050455708 1.919813e-08 -280769.12
-117349600000.0 0.049804714 1.9393429e-08 -277817.8
-115815555000.0 0.049153645 1.959433e-08 -271273.28
-114281505000.0 0.048502576 1.9780547e-08 -268302.0
-112747640000.0 0.047851585 1.9978073e-08 -256806.25
-111213590000.0 0.047200516 2.0145173e-08 -245689.3
-109679640000.0 0.046549484 2.0309455e-08 -220246.4
-108145690000.0 0.045898452 2.0388104e-08 -204552.39
-106611640000.0 0.045247383 2.043565e-08 -182430.0
-105077690000.0 0.04459635 2.0443098e-08 -169123.33
-103543734000.0 0.043945324 2.0435417e-08 -155156.94
-102009680000.0 0.043294255 2.0389212e-08 -155288.14
-100475820000.0 0.04264326 2.0342586e-08 -156014.75
-98941770000.0 0.04199219 2.0268e-08 -154307.72
-97407730000.0 0.041341122 2.0169946e-08 -156440.22
-95873870000.0 0.04069013 2.0070077e-08 -156844.7
-94339820000.0 0.040039062 1.9947901e-08 -150862.42
-92805775000.0 0.039387994 1.983941e-08 -139067.88
-91271905000.0 0.038736995 1.9770606e-08 -131451.2
-89737860000.0 0.03808593 1.9742547e-08 -121347.586
-88203910000.0 0.0374349 1.9776529e-08 -111448.68
-86669950000.0 0.03678387 1.9908237e-08 -93062.5
-85135910000.0 0.0361328 2.0135062e-08 -66840.31
-83601960000.0 0.035481773 2.0386597e-08 -37963.668
-82068000000.0 0.034830738 2.070773e-08 -6526.4937
-80533955000.0 0.03417967 2.117109e-08 42605.66
-79000084000.0 0.033528678 2.1602238e-08 80092.73
-77466040000.0 0.03287761 2.1882801e-08 97949.055
-75932000000.0 0.03222654 2.2093168e-08 92929.164
-74398130000.0 0.031575546 2.1975747e-08 48177.13
-72864090000.0 0.030924477 2.107867e-08 -26084.377
-71330050000.0 0.030273411 1.9733495e-08 -211233.89
-69796176000.0 0.029622415 1.8796893e-08 -332598.28
-68262130000.0 0.028971346 1.8195061e-08 -424670.4
-66728178000.0 0.028320316 1.7861202e-08 -470886.4
-65194220000.0 0.027669284 1.7832367e-08 -486152.9
-63660175000.0 0.027018217 1.7704618e-08 -486121.72
-62126220000.0 0.026367186 1.7168269e-08 -525418.6
-60592263000.0 0.025716154 1.6785522e-08 -538000.0
-59058220000.0 0.025065087 1.6639433e-08 -537107.25
-57524355000.0 0.024414092 1.6300792e-08 -572850.1
-55990310000.0 0.023763025 1.6227565e-08 -578110.44
-54456267000.0 0.023111956 1.6406121e-08 -564965.56
-52922400000.0 0.022460962 1.6633837e-08 -528550.25
-51388355000.0 0.021809895 1.6863876e-08 -500681.03
-49854310000.0 0.021158826 1.7048666e-08 -470115.1
-48320442000.0 0.020507833 1.7355063e-08 -430302.25
-46786400000.0 0.019856764 1.7819708e-08 -389371.5
-45252444000.0 0.019205732 1.8164322e-08 -352674.4
-43718490000.0 0.018554702 1.8541268e-08 -306950.88
-42184440000.0 0.017903633 1.8987937e-08 -254908.05
-40650486000.0 0.017252602 1.964311e-08 -185058.16
-39116534000.0 0.016601572 2.0393006e-08 -122732.414
-37582488000.0 0.015950503 2.1278634e-08 -48851.094
-36048620000.0 0.015299509 2.227726e-08 12567.086
-34514575000.0 0.014648439 2.3342341e-08 48521.906
-32980531000.0 0.013997372 2.4370586e-08 103273.82
-31446665000.0 0.013346379 2.5717483e-08 162999.36
-29912621000.0 0.012695311 2.7192906e-08 210823.25
-28378577000.0 0.012044242 2.8851431e-08 240790.23
-26844710000.0 0.011393248 3.0922457e-08 270089.9
-25310667000.0 0.01074218 3.327419e-08 296541.06
-23776710000.0 0.010091149 3.5865156e-08 321123.8
-22242755000.0 0.009440118 3.8438575e-08 334893.9
-20708710000.0 0.008789049 4.133694e-08 345595.28
-19174754000.0 0.008138019 4.5588152e-08 360150.72
-17640800000.0 0.0074869874 5.1242793e-08 368427.06
-16106755000.0 0.006835919 5.8443746e-08 369555.12
-14572889000.0 0.006184926 6.84776e-08 376406.2
-13038844000.0 0.0055338573 8.161548e-08 355163.78
-11504800000.0 0.0048827888 1.001507e-07 317619.38
-9970934000.0 0.0042317957 1.2948543e-07 271335.8
-8436888600.0 0.0035807267 1.7928761e-07 199960.95
8436888600.0 -0.0035807267 1.9568208e-07 -188698.72
9970934000.0 -0.0042317957 1.3672957e-07 -264504.28
11504800000.0 -0.0048827888 1.0366835e-07 -323295.34
13038844000.0 -0.0055338573 8.271e-08 -376866.84
14572889000.0 -0.006184926 6.874615e-08 -411503.25
16106755000.0 -0.006835919 5.8951663e-08 -437606.62
17640800000.0 -0.0074869874 5.1686147e-08 -457373.5
19174754000.0 -0.008138019 4.609237e-08 -468156.6
20708710000.0 -0.008789049 4.1647347e-08 -472978.5
22242755000.0 -0.009440118 3.8487833e-08 -475125.0
23776710000.0 -0.010091149 3.695139e-08 -479619.66
25310667000.0 -0.01074218 3.5987327e-08 -482381.28
26844710000.0 -0.011393248 3.5079324e-08 -458031.03
28378577000.0 -0.012044242 3.3385476e-08 -461525.1
29912621000.0 -0.012695311 3.181333e-08 -412218.12
31446665000.0 -0.013346379 3.0250156e-08 -314758.06
32980531000.0 -0.013997372 2.8664687e-08 -203877.89
34514575000.0 -0.014648439 2.7364171e-08 -106049.25
36048620000.0 -0.015299509 2.6226182e-08 -32504.836
37582488000.0 -0.015950503 2.6237318e-08 61479.11
39116534000.0 -0.016601572 2.750799e-08 223509.5
40650486000.0 -0.017252602 2.8606337e-08 392321.34
42184440000.0 -0.017903633 3.536353e-08 801095.3
43718490000.0 -0.018554702 3.8098964e-08 1021310.56
45252444000.0 -0.019205732 3.9702215e-08 1190093.2
46786400000.0 -0.019856764 4.1045986e-08 1300780.5
48320442000.0 -0.020507833 4.164237e-08 1367208.1
49854310000.0 -0.021158826 4.1623043e-08 1428994.2
51388355000.0 -0.021809895 4.1671207e-08 1461799.9
52922400000.0 -0.022460962 4.1557445e-08 1472756.1
54456267000.0 -0.023111956 4.143301e-08 1496349.4
55990310000.0 -0.023763025 4.260903e-08 1551791.0
57524355000.0 -0.024414092 4.7206033e-08 1654972.6
59058220000.0 -0.025065087 4.9935164e-08 1768371.2
60592263000.0 -0.025716154 4.9554572e-08 1809691.1
62126220000.0 -0.026367186 5.0398473e-08 1809596.4
63660175000.0 -0.027018217 4.9993798e-08 1810180.9
65194220000.0 -0.027669284 4.8025832e-08 1876682.1
66728178000.0 -0.028320316 4.5502546e-08 1997541.1
68262130000.0 -0.028971346 4.4833225e-08 2162608.0
69796176000.0 -0.029622415 4.439616e-08 2295960.5
71330050000.0 -0.030273411 4.3157954e-08 2415562.5
72864090000.0 -0.030924477 4.1614875e-08 2486107.2
74398130000.0 -0.031575546 4.4715833e-08 2486273.8
75932000000.0 -0.03222654 4.5338812e-08 2507898.5
77466040000.0 -0.03287761 4.6314387e-08 2512026.5
79000084000.0 -0.033528678 4.7087486e-08 2492199.8
80533955000.0 -0.03417967 4.7229978e-08 2498209.2
82068000000.0 -0.034830738 4.665841e-08 2520327.2
83601960000.0 -0.035481773 4.5547893e-08 2563275.8
85135910000.0 -0.0361328 4.4310063e-08 2576575.5
86669950000.0 -0.03678387 4.3741807e-08 2557582.5
88203910000.0 -0.0374349 4.3708415e-08 2525075.5
89737860000.0 -0.03808593 4.4567603e-08 2471709.0
91271905000.0 -0.038736995 4.60553e-08 2423262.5
92805775000.0 -0.039387994 4.7785004e-08 2352714.5
94339820000.0 -0.040039062 4.9539835e-08 2325697.8
95873870000.0 -0.04069013 5.0162065e-08 2276333.8
97407730000.0 -0.041341122 5.0190494e-08 2263064.5
98941770000.0 -0.04199219 4.894698e-08 2212468.2
100475820000.0 -0.04264326 4.728339e-08 2156224.8
102009680000.0 -0.043294255 4.585069e-08 2115995.0
103543734000.0 -0.043945324 4.4861444e-08 2088709.1
105077690000.0 -0.04459635 4.4099952e-08 2052015.5
106611640000.0 -0.045247383 4.3149473e-08 2006421.2
108145690000.0 -0.045898452 4.2622812e-08 1932724.2
109679640000.0 -0.046549484 4.221046e-08 1882802.2
111213590000.0 -0.047200516 4.244285e-08 1998151.6
112747640000.0 -0.047851585 4.296478e-08 2150913.8
114281505000.0 -0.048502576 4.337288e-08 2212368.5
115815555000.0 -0.049153645 4.3112507e-08 2085000.0
117349600000.0 -0.049804714 4.2997513e-08 1862677.4
118883460000.0 -0.050455708 4.3528836e-08 1698559.6
120417510000.0 -0.051106777 4.366877e-08 1592470.6
121951550000.0 -0.051757842 4.2835833e-08 1541987.0
123485420000.0 -0.052408837 4.0653205e-08 1503424.1
125019460000.0 -0.053059906 3.7843932e-08 1486843.9
126553416000.0 -0.053710938 3.5214093e-08 1473389.1
128087376000.0 -0.05436197 3.248566e-08 1450663.2
129621420000.0 -0.055013034 3.0220562e-08 1415428.6
131155370000.0 -0.055664066 2.8379953e-08 1369956.1
132689330000.0 -0.056315098 2.6900219e-08 1307892.0
134223370000.0 -0.056966167 2.5633806e-08 1288884.9
135757240000.0 -0.057617158 2.4695293e-08 1239515.8
137291284000.0 -0.058268227 2.4040784e-08 1228055.6
138825330000.0 -0.058919296 2.3567253e-08 1212254.4
140359190000.0 -0.059570286 2.3264983e-08 1194612.6
141893240000.0 -0.06022136 2.3080634e-08 1212190.9
143427290000.0 -0.060872428 2.2977108e-08 1191288.4
144961160000.0 -0.061523426 2.2914662e-08 1213123.4
146495200000.0 -0.062174488 2.2730626e-08 1199193.2
148029150000.0 -0.062825516 2.2777758e-08 1305451.1
149563110000.0 -0.063476555 2.2777758e-08 1305451.1
151097150000.0 -0.06412762 2.2758119e-08 1406058.9
152631100000.0 -0.06477865 2.2758119e-08 1406058.9
154165070000.0 -0.06542969 2.236337e-08 1362174.9
155699100000.0 -0.06608075 2.236337e-08 1362174.9
157232970000.0 -0.06673174 2.1529592e-08 1237745.5
158767020000.0 -0.06738281 2.1529592e-08 1237745.5
160301060000.0 -0.068033874 2.0451337e-08 1123350.4
161834930000.0 -0.068684876 2.0451337e-08 1123350.4
163368980000.0 -0.069335945 1.9541456e-08 1043609.94
164903010000.0 -0.06998701 1.9541456e-08 1043609.94
166436880000.0 -0.070638 1.9000396e-08 1023521.9
167970930000.0 -0.07128907 1.9000396e-08 1023521.9
169504880000.0 -0.0719401 1.921888e-08 1072050.1
171038830000.0 -0.07259113 1.921888e-08 1072050.1
172572880000.0 -0.0732422 2.0214943e-08 1129278.4
174106840000.0 -0.073893234 2.0214943e-08 1129278.4
175640790000.0 -0.07454426 2.2124016e-08 1196754.6
177174840000.0 -0.075195335 2.2124016e-08 1196754.6
178708710000.0 -0.07584633 2.5061253e-08 1263057.9
180242740000.0 -0.07649739 2.5061253e-08 1263057.9
181776800000.0 -0.07714847 2.7398878e-08 1252343.2
183310660000.0 -0.077799454 2.7398878e-08 1252343.2
184844700000.0 -0.07845052 2.9182244e-08 1153699.0
186378750000.0 -0.07910159 2.9182244e-08 1153699.0
187912620000.0 -0.07975259 3.1482305e-08 1068775.5
189446670000.0 -0.080403656 3.1482305e-08 1068775.5
190980620000.0 -0.08105469 3.3728575e-08 1026232.1
192514570000.0 -0.08170572 3.3728575e-08 1026232.1
194048620000.0 -0.08235679 3.4697102e-08 999500.94
195582570000.0 -0.08300782 3.4697102e-08 999500.94
197116530000.0 -0.08365885 2.9336947e-08 1138233.4
198650580000.0 -0.08430992 2.9336947e-08 1138233.4
200184430000.0 -0.08496091 2.9336947e-08 1138233.4
201718480000.0 -0.08561198 2.9336947e-08 1138233.4
203252530000.0 -0.086263046 2.4720004e-08 1231292.4
204786400000.0 -0.08691404 2.4720004e-08 1231292.4
206320440000.0 -0.08756511 2.4720004e-08 1231292.4
207854390000.0 -0.08821614 2.4720004e-08 1231292.4
209388360000.0 -0.08886717 2.2076016e-08 1185633.5
210922390000.0 -0.08951824 2.2076016e-08 1185633.5
212456340000.0 -0.09016927 2.2076016e-08 1185633.5
213990310000.0 -0.090820305 2.2076016e-08 1185633.5
215524340000.0 -0.091471374 2.0260329e-08 1043370.1
217058210000.0 -0.09212236 2.0260329e-08 1043370.1
218592260000.0 -0.09277343 2.0260329e-08 1043370.1
220126300000.0 -0.0934245 2.0260329e-08 1043370.1
221660170000.0 -0.09407549 1.880365e-08 887860.44
223194220000.0 -0.09472656 1.880365e-08 887860.44
224728250000.0 -0.09537763 1.880365e-08 887860.44
226262120000.0 -0.096028626 1.880365e-08 887860.44
227796170000.0 -0.096679695 1.7901513e-08 755220.4
229330120000.0 -0.09733073 1.7901513e-08 755220.4
230864080000.0 -0.09798176 1.7901513e-08 755220.4
232398130000.0 -0.09863283 1.7901513e-08 755220.4
233932080000.0 -0.09928385 1.7997692e-08 675546.3
235466030000.0 -0.09993488 1.7997692e-08 675546.3
237000080000.0 -0.10058595 1.7997692e-08 675546.3
238533950000.0 -0.10123695 1.7997692e-08 675546.3
240067990000.0 -0.101888016 1.8280922e-08 588103.25
241602040000.0 -0.102539085 1.8280922e-08 588103.25
243135900000.0 -0.10319008 1.8280922e-08 588103.25
244669960000.0 -0.10384115 1.8280922e-08 588103.25
246203990000.0 -0.10449222 1.9273882e-08 569424.0
247737860000.0 -0.10514321 1.9273882e-08 569424.0
249271910000.0 -0.10579427 1.9273882e-08 569424.0
250805860000.0 -0.106445305 1.9273882e-08 569424.0
252339810000.0 -0.10709634 2.125451e-08 692009.44
253873860000.0 -0.107747406 2.125451e-08 692009.44
255407820000.0 -0.10839844 2.125451e-08 692009.44
256941770000.0 -0.10904947 2.125451e-08 692009.44
258475820000.0 -0.10970054 2.3862286e-08 756840.3
260009670000.0 -0.11035153 2.3862286e-08 756840.3
261543720000.0 -0.1110026 2.3862286e-08 756840.3
263077770000.0 -0.11165367 2.3862286e-08 756840.3
264611640000.0 -0.11230466 2.5663013e-08 750956.8
266145680000.0 -0.11295573 2.5663013e-08 750956.8
267679730000.0 -0.113606796 2.5663013e-08 750956.8
269213600000.0 -0.11425779 2.5663013e-08 750956.8
