morphology_data/1d_wb_a0.05_l8r2_00001.ecsv
# %ECSV 1.0
# ---
# datatype:
# - {name: b, datatype: float32}
# - {name: phase, datatype: float32}
# - {name: sigma, datatype: float32}
# - {name: vr, datatype: float32}
# meta: {lambda: 8, rp: 2.0, sep: 0.05, wind: b}
# schema: astropy-2.0
b phase sigma vr
[from data line 736]
-96640885000.0 0.020507833 1.6272098e-08 -468144.34
-93572800000.0 0.019856764 1.7124659e-08 -454210.47
-90504890000.0 0.019205732 1.7981785e-08 -441670.78
-87436980000.0 0.018554702 1.8844752e-08 -430222.7
-84368880000.0 0.017903633 1.9705011e-08 -419566.53
-81300970000.0 0.017252602 2.0640865e-08 -408414.94
-78233070000.0 0.016601572 2.1624706e-08 -397374.5
-75164975000.0 0.015950503 2.2693557e-08 -387102.22
-72097240000.0 0.015299509 2.4047422e-08 -381409.84
-69029150000.0 0.014648439 2.5353645e-08 -370775.5
-65961062000.0 0.013997372 2.6807822e-08 -363610.97
-62893330000.0 0.013346379 2.8560294e-08 -351954.75
-59825242000.0 0.012695311 3.0874908e-08 -325614.06
-56757154000.0 0.012044242 3.3733365e-08 -301924.7
-53689420000.0 0.011393248 3.698962e-08 -269901.84
-50621334000.0 0.01074218 4.1309764e-08 -228494.31
-47553420000.0 0.010091149 4.6446715e-08 -187266.92
-44485510000.0 0.009440118 5.260725e-08 -145115.25
-41417420000.0 0.008789049 6.052461e-08 -100282.19
-38349510000.0 0.008138019 7.123908e-08 -51685.492
-35281600000.0 0.0074869874 8.766928e-08 2617.907
-32213510000.0 0.006835919 1.1101049e-07 54359.61
-29145778000.0 0.006184926 1.4750329e-07 108018.22
-26077688000.0 0.0055338573 2.085896e-07 152913.58
-23009600000.0 0.0048827888 3.1343097e-07 174716.3
-19941868000.0 0.0042317957 5.3092265e-07 167730.9
-16873777000.0 0.0035807267 1.0917145e-06 133842.27
16873777000.0 -0.0035807267 1.2119689e-06 -109709.38
19941868000.0 -0.0042317957 5.7052233e-07 -134951.4
23009600000.0 -0.0048827888 3.3109922e-07 -138551.17
26077688000.0 -0.0055338573 2.1703912e-07 -111785.17
29145778000.0 -0.006184926 1.553881e-07 -73698.18
32213510000.0 -0.006835919 1.17377496e-07 -27845.283
35281600000.0 -0.0074869874 9.2699636e-08 23954.193
38349510000.0 -0.008138019 7.695809e-08 67587.984
41417420000.0 -0.008789049 6.507862e-08 107268.85
44485510000.0 -0.009440118 5.630259e-08 143564.0
47553420000.0 -0.010091149 4.977951e-08 176425.42
50621334000.0 -0.01074218 4.4433495e-08 210812.02
53689420000.0 -0.011393248 4.0170757e-08 243828.45
56757154000.0 -0.012044242 3.6573795e-08 273818.53
59825242000.0 -0.012695311 3.3299912e-08 297362.56
62893330000.0 -0.013346379 3.0528312e-08 311740.53
65961062000.0 -0.013997372 2.8143496e-08 321212.34
69029150000.0 -0.014648439 2.610862e-08 327294.7
72097240000.0 -0.015299509 2.475506e-08 328668.3
75164975000.0 -0.015950503 2.4000428e-08 325724.7
78233070000.0 -0.016601572 2.3095428e-08 333600.56
81300970000.0 -0.017252602 2.2271376e-08 341628.28
84368880000.0 -0.017903633 2.1471672e-08 350552.5
87436980000.0 -0.018554702 2.068191e-08 360405.22
90504890000.0 -0.019205732 1.9913719e-08 369604.03
93572800000.0 -0.019856764 1.9111976e-08 377377.7
96640885000.0 -0.020507833 1.8400996e-08 384895.38
99708620000.0 -0.021158826 1.7765784e-08 399213.47
102776710000.0 -0.021809895 1.7220344e-08 420456.3
105844800000.0 -0.022460962 1.6808153e-08 449417.72
108912530000.0 -0.023111956 1.6491583e-08 483482.3
111980620000.0 -0.023763025 1.619589e-08 518011.2
115048710000.0 -0.024414092 1.5925506e-08 550484.5
118116440000.0 -0.025065087 1.5682215e-08 578497.2
121184530000.0 -0.025716154 1.5463874e-08 602217.6
124252440000.0 -0.026367186 1.5259701e-08 622917.25
127320350000.0 -0.027018217 1.511836e-08 640790.2
130388440000.0 -0.027669284 1.5028784e-08 652449.25
133456355000.0 -0.028320316 1.4844619e-08 652475.44
136524260000.0 -0.028971346 1.4625105e-08 644119.9
139592350000.0 -0.029622415 1.4385529e-08 631875.75
142660100000.0 -0.030273411 1.4143907e-08 618906.4
145728180000.0 -0.030924477 1.3912391e-08 604329.06
148796260000.0 -0.031575546 1.38186245e-08 576269.06
151864000000.0 -0.03222654 1.36429605e-08 564859.75
154932080000.0 -0.03287761 1.3511453e-08 554445.0
158000170000.0 -0.033528678 1.34305775e-08 544804.7
161067910000.0 -0.03417967 1.3396023e-08 537117.5
164136000000.0 -0.034830738 1.3438625e-08 530425.2
167203910000.0 -0.035481773 1.3520472e-08 524245.12
170271820000.0 -0.0361328 1.3677085e-08 519254.75
173339900000.0 -0.03678387 1.3901013e-08 516106.4
176407820000.0 -0.0374349 1.422158e-08 515435.1
179475730000.0 -0.03808593 1.47116594e-08 519243.1
182543810000.0 -0.038736995 1.554562e-08 531348.2
185611550000.0 -0.039387994 1.6814104e-08 545360.25
188679630000.0 -0.040039062 1.798418e-08 528567.75
191747740000.0 -0.04069013 1.8573836e-08 475996.5
194815460000.0 -0.041341122 1.8585606e-08 424826.44
197883540000.0 -0.04199219 2.0842078e-08 408072.78
200951640000.0 -0.04264326 2.0842078e-08 408072.78
204019370000.0 -0.043294255 2.5093682e-08 381952.06
207087470000.0 -0.043945324 2.5093682e-08 381952.06
210155370000.0 -0.04459635 2.913162e-08 351863.72
213223280000.0 -0.045247383 2.913162e-08 351863.72
216291380000.0 -0.045898452 2.8924388e-08 299282.44
219359280000.0 -0.046549484 2.8924388e-08 299282.44
222427190000.0 -0.047200516 2.592782e-08 223340.45
225495290000.0 -0.047851585 2.592782e-08 223340.45
228563010000.0 -0.048502576 2.195439e-08 122986.055
231631110000.0 -0.049153645 2.195439e-08 122986.055
234699200000.0 -0.049804714 1.9759902e-08 39177.75
237766920000.0 -0.050455708 1.9759902e-08 39177.75
240835020000.0 -0.051106777 1.9020014e-08 -18763.951
243903100000.0 -0.051757842 1.9020014e-08 -18763.951
246970840000.0 -0.052408837 1.9019906e-08 -63348.207
250038930000.0 -0.053059906 1.9019906e-08 -63348.207
253106830000.0 -0.053710938 1.9367812e-08 -122299.0
256174750000.0 -0.05436197 1.9367812e-08 -122299.0
259242840000.0 -0.055013034 1.898787e-08 -229039.33
262310740000.0 -0.055664066 1.898787e-08 -229039.33
265378660000.0 -0.056315098 1.8295985e-08 -286402.06
268446740000.0 -0.056966167 1.8295985e-08 -286402.06
271514480000.0 -0.057617158 1.8275294e-08 -290496.5
274582570000.0 -0.058268227 1.8275294e-08 -290496.5
277650670000.0 -0.058919296 1.84987e-08 -307405.9
280718380000.0 -0.059570286 1.84987e-08 -307405.9
283786480000.0 -0.06022136 1.877633e-08 -322492.03
286854580000.0 -0.060872428 1.877633e-08 -322492.03
289922320000.0 -0.061523426 1.898331e-08 -332032.06
292990400000.0 -0.062174488 1.898331e-08 -332032.06
296058300000.0 -0.062825516 1.8942574e-08 -342200.0
299126230000.0 -0.063476555 1.8942574e-08 -342200.0
302194300000.0 -0.06412762 1.8559692e-08 -355816.2
305262200000.0 -0.06477865 1.8559692e-08 -355816.2
308330140000.0 -0.06542969 1.7860701e-08 -373084.9
311398200000.0 -0.06608075 1.7860701e-08 -373084.9
314465940000.0 -0.06673174 1.6970096e-08 -393519.78
317534040000.0 -0.06738281 1.6970096e-08 -393519.78
320602100000.0 -0.068033874 1.6198976e-08 -420537.84
323669850000.0 -0.068684876 1.6198976e-08 -420537.84
326737950000.0 -0.069335945 1.7034422e-08 -455693.0
329806020000.0 -0.06998701 1.7034422e-08 -455693.0
332873760000.0 -0.070638 1.8871425e-08 -476164.22
335941860000.0 -0.07128907 1.8871425e-08 -476164.22
339009770000.0 -0.0719401 1.8404995e-08 -477241.44
342077670000.0 -0.07259113 1.8404995e-08 -477241.44
345145770000.0 -0.0732422 1.6121481e-08 -448696.12
348213670000.0 -0.073893234 1.6121481e-08 -448696.12
351281580000.0 -0.07454426 1.4027154e-08 -398208.7
354349680000.0 -0.075195335 1.4027154e-08 -398208.7
357417420000.0 -0.07584633 1.22087345e-08 -338585.7
360485500000.0 -0.07649739 1.22087345e-08 -338585.7
363553600000.0 -0.07714847 1.033522e-08 -273420.12
366621330000.0 -0.077799454 1.033522e-08 -273420.12
369689400000.0 -0.07845052 8.962935e-09 -202365.36
372757500000.0 -0.07910159 8.962935e-09 -202365.36
375825240000.0 -0.07975259 8.538886e-09 -125925.88
378893340000.0 -0.080403656 8.538886e-09 -125925.88
381961240000.0 -0.08105469 7.098579e-09 -37216.53
385029140000.0 -0.08170572 7.098579e-09 -37216.53
388097250000.0 -0.08235679 4.096854e-09 134.5008
391165150000.0 -0.08300782 4.096854e-09 134.5008
394233050000.0 -0.08365885 1.1887472e-09 -941768.94
397301150000.0 -0.08430992 1.1887472e-09 -941768.94
400368860000.0 -0.08496091 1.1887472e-09 -941768.94
403436960000.0 -0.08561198 1.1887472e-09 -941768.94
406505060000.0 -0.086263046 9.547854e-10 -1402073.0
409572800000.0 -0.08691404 9.547854e-10 -1402073.0
412640870000.0 -0.08756511 9.547854e-10 -1402073.0
415708770000.0 -0.08821614 9.547854e-10 -1402073.0
418776700000.0 -0.08886717 1.1566762e-09 -1222004.9
421844780000.0 -0.08951824 1.1566762e-09 -1222004.9
424912680000.0 -0.09016927 1.1566762e-09 -1222004.9
427980620000.0 -0.090820305 1.1566762e-09 -1222004.9
431048700000.0 -0.091471374 2.5135545e-09 -1093040.0
434116430000.0 -0.09212236 2.5135545e-09 -1093040.0
437184530000.0 -0.09277343 2.5135545e-09 -1093040.0
440252600000.0 -0.0934245 2.5135545e-09 -1093040.0
443320340000.0 -0.09407549 1.7367799e-09 -990764.2
446388440000.0 -0.09472656 1.7367799e-09 -990764.2
449456500000.0 -0.09537763 1.7367799e-09 -990764.2
452524240000.0 -0.096028626 1.7367799e-09 -990764.2
455592350000.0 -0.096679695 1.7453436e-10 -1329488.8
458660250000.0 -0.09733073 1.7453436e-10 -1329488.8
461728150000.0 -0.09798176 1.7453436e-10 -1329488.8
464796250000.0 -0.09863283 1.7453436e-10 -1329488.8
467864160000.0 -0.09928385 7.282049e-11 -1061303.9
470932060000.0 -0.09993488 7.282049e-11 -1061303.9
474000160000.0 -0.10058595 7.282049e-11 -1061303.9
477067900000.0 -0.10123695 7.282049e-11 -1061303.9
480135970000.0 -0.101888016 6.038216e-11 -1317400.8
483204070000.0 -0.102539085 6.038216e-11 -1317400.8
486271800000.0 -0.10319008 6.038216e-11 -1317400.8
489339900000.0 -0.10384115 6.038216e-11 -1317400.8
492407980000.0 -0.10449222 4.1297587e-11 -1763149.5
495475720000.0 -0.10514321 4.1297587e-11 -1763149.5
498543820000.0 -0.10579427 4.1297587e-11 -1763149.5
501611720000.0 -0.106445305 4.1297587e-11 -1763149.5
504679630000.0 -0.10709634 1.8435455e-11 -2024092.8
507747730000.0 -0.107747406 1.8435455e-11 -2024092.8
510815630000.0 -0.10839844 1.8435455e-11 -2024092.8
513883540000.0 -0.10904947 1.8435455e-11 -2024092.8
516951640000.0 -0.10970054 nan nan
520019350000.0 -0.11035153 nan nan
523087450000.0 -0.1110026 nan nan
526155550000.0 -0.11165367 nan nan
529223300000.0 -0.11230466 nan nan
532291350000.0 -0.11295573 nan nan
535359460000.0 -0.113606796 nan nan
538427200000.0 -0.11425779 nan nan
541495260000.0 -0.11490886 nan nan
544563200000.0 -0.11555989 nan nan
547631100000.0 -0.11621092 nan nan
550699200000.0 -0.11686199 nan nan
553767100000.0 -0.11751302 nan nan
556835000000.0 -0.118164055 nan nan
559903100000.0 -0.118815124 nan nan
562970800000.0 -0.11946611 nan nan
566038900000.0 -0.12011717 nan nan
569107000000.0 -0.12076825 nan nan
572174760000.0 -0.12141925 nan nan
575242800000.0 -0.12207031 nan nan
578310900000.0 -0.12272138 nan nan
581378640000.0 -0.123372376 nan nan
584446800000.0 -0.12402345 nan nan
587514640000.0 -0.12467448 nan nan
590582600000.0 -0.1253255 nan nan
593650650000.0 -0.12597658 nan nan
596718600000.0 -0.12662761 nan nan
599786460000.0 -0.12727864 nan nan
602854600000.0 -0.12792972 nan nan
605922260000.0 -0.12858069 nan nan
608990400000.0 -0.12923177 nan nan
612058460000.0 -0.12988284 nan nan
615126200000.0 -0.13053383 nan nan
618194300000.0 -0.13118489 nan nan
621262400000.0 -0.13183598 nan nan
624330150000.0 -0.13248697 nan nan
627398200000.0 -0.13313803 nan nan
630466100000.0 -0.13378905 nan nan
633534000000.0 -0.1344401 nan nan
636602100000.0 -0.13509116 nan nan
639670000000.0 -0.13574219 nan nan
642737960000.0 -0.13639323 nan nan
645806000000.0 -0.1370443 nan nan
648873800000.0 -0.13769528 nan nan
651941840000.0 -0.13834634 nan nan
655009900000.0 -0.1389974 nan nan
658077650000.0 -0.13964841 nan nan
661145800000.0 -0.14029948 nan nan
664213850000.0 -0.14095055 nan nan
667281600000.0 -0.14160155 nan nan
670349660000.0 -0.14225261 nan nan
673417800000.0 -0.14290369 nan nan
676485460000.0 -0.14355466 nan nan
679553600000.0 -0.14420575 nan nan
682621670000.0 -0.14485681 nan nan
685689400000.0 -0.1455078 nan nan
688757150000.0 -0.1461588 nan nan
691825600000.0 -0.14680995 nan nan
694893300000.0 -0.14746092 nan nan
697961000000.0 -0.14811192 nan nan
701029500000.0 -0.14876308 nan nan
704097200000.0 -0.14941406 nan nan
707164960000.0 -0.15006506 nan nan
710233400000.0 -0.1507162 nan nan
713301160000.0 -0.1513672 nan nan
716368840000.0 -0.15201817 nan nan
719437300000.0 -0.15266933 nan nan
722505040000.0 -0.15332033 nan nan
725572800000.0 -0.15397131 nan nan
728640850000.0 -0.15462239 nan nan
731709000000.0 -0.15527347 nan nan
734776700000.0 -0.15592445 nan nan
737844800000.0 -0.15657552 nan nan
740912860000.0 -0.15722659 nan nan
743980600000.0 -0.15787758 nan nan
747048670000.0 -0.15852864 nan nan
750116800000.0 -0.15917972 nan nan
753184540000.0 -0.1598307 nan nan
756252600000.0 -0.16048178 nan nan
759320700000.0 -0.16113284 nan nan
762388400000.0 -0.16178384 nan nan
765456500000.0 -0.1624349 nan nan
768524600000.0 -0.16308598 nan nan
771592360000.0 -0.16373697 nan nan
774660100000.0 -0.16438797 nan nan
777728500000.0 -0.1650391 nan nan
780796200000.0 -0.1656901 nan nan
783864000000.0 -0.1663411 nan nan
786932430000.0 -0.16699223 nan nan
790000200000.0 -0.16764323 nan nan
793067900000.0 -0.16829422 nan nan
796136300000.0 -0.16894537 nan nan
799204050000.0 -0.16959636 nan nan
802271800000.0 -0.17024736 nan nan
805339860000.0 -0.17089842 nan nan
808408000000.0 -0.1715495 nan nan
811475700000.0 -0.17220049 nan nan
814543800000.0 -0.17285155 nan nan
817611870000.0 -0.17350262 nan nan
820679600000.0 -0.17415361 nan nan
823747740000.0 -0.17480469 nan nan
826815800000.0 -0.17545575 nan nan
829883550000.0 -0.17610675 nan nan
832951600000.0 -0.17675781 nan nan
836019700000.0 -0.17740889 nan nan
839087400000.0 -0.17805988 nan nan
842155560000.0 -0.17871095 nan nan
845223600000.0 -0.17936201 nan nan
848291360000.0 -0.180013 nan nan
851359100000.0 -0.180664 nan nan
854427500000.0 -0.18131514 nan nan
857495240000.0 -0.18196614 nan nan
860563000000.0 -0.18261713 nan nan
863631440000.0 -0.18326828 nan nan
866699200000.0 -0.18391927 nan nan
869766900000.0 -0.18457027 nan nan
872835400000.0 -0.1852214 nan nan
875903060000.0 -0.1858724 nan nan
878970800000.0 -0.1865234 nan nan
882039260000.0 -0.18717454 nan nan
885107000000.0 -0.18782553 nan nan
888174740000.0 -0.18847652 nan nan
891242800000.0 -0.1891276 nan nan
894310900000.0 -0.18977866 nan nan
897378600000.0 -0.19042966 nan nan
900446750000.0 -0.19108072 nan nan
903514800000.0 -0.1917318 nan nan
906582560000.0 -0.19238278 nan nan
909650600000.0 -0.19303386 nan nan
912718760000.0 -0.19368492 nan nan
915786400000.0 -0.19433591 nan nan
918854570000.0 -0.19498698 nan nan
921922630000.0 -0.19563805 nan nan
924990400000.0 -0.19628905 nan nan
928058440000.0 -0.19694011 nan nan
931126600000.0 -0.19759119 nan nan
934194300000.0 -0.19824217 nan nan
937262000000.0 -0.19889317 nan nan
940330450000.0 -0.19954431 nan nan
943398200000.0 -0.20019531 nan nan
946465900000.0 -0.2008463 nan nan
949534400000.0 -0.20149745 nan nan
952602100000.0 -0.20214844 nan nan
955669800000.0 -0.20279942 nan nan
958738300000.0 -0.20345058 nan nan
961806000000.0 -0.20410156 nan nan
964873750000.0 -0.20475256 nan nan
967942200000.0 -0.2054037 nan nan
971009950000.0 -0.2060547 nan nan
974077700000.0 -0.20670569 nan nan
977145760000.0 -0.20735677 nan nan
980213800000.0 -0.20800783 nan nan
983281570000.0 -0.20865881 nan nan
986349630000.0 -0.20930989 nan nan
989417770000.0 -0.20996095 nan nan
992485500000.0 -0.21061195 nan nan
995553600000.0 -0.21126302 nan nan
998621640000.0 -0.21191409 nan nan
1001689400000.0 -0.21256508 nan nan
1004757450000.0 -0.21321616 nan nan
1007825600000.0 -0.21386722 nan nan
1010893300000.0 -0.2145182 nan nan
1013961400000.0 -0.21516928 nan nan
1017029460000.0 -0.21582034 nan nan
1020097200000.0 -0.21647134 nan nan
1023164940000.0 -0.21712233 nan nan
1026233400000.0 -0.21777348 nan nan
1029301140000.0 -0.21842447 nan nan
1032368900000.0 -0.21907547 nan nan
1035437300000.0 -0.2197266 nan nan
1038505000000.0 -0.22037761 nan nan
1041572760000.0 -0.2210286 nan nan
1044641200000.0 -0.22167975 nan nan
1047708960000.0 -0.22233073 nan nan
1050776700000.0 -0.22298172 nan nan
1053845100000.0 -0.22363287 nan nan
1056912830000.0 -0.22428386 nan nan
