morphology_data/1d_wb_a0.05_l8r1_00001.ecsv
# %ECSV 1.0
# ---
# datatype:
# - {name: b, datatype: float32}
# - {name: phase, datatype: float32}
# - {name: sigma, datatype: float32}
# - {name: vr, datatype: float32}
# meta: {lambda: 8, rp: 1.0, sep: 0.05, wind: b}
# schema: astropy-2.0
b phase sigma vr
[from data line 375]
-1204175000000.0 0.25553384 1.5884626e-09 -1047103.9
-1201107000000.0 0.2548828 1.6040488e-09 -1038011.06
-1198039100000.0 0.25423178 1.6040488e-09 -1038011.06
-1194971100000.0 0.25358072 1.6040488e-09 -1038011.06
-1191903100000.0 0.2529297 1.6040488e-09 -1038011.06
-1188835200000.0 0.25227866 1.6458519e-09 -1022764.75
-1185767200000.0 0.25162762 1.6458519e-09 -1022764.75
-1182699200000.0 0.25097656 1.6458519e-09 -1022764.75
-1179631200000.0 0.2503255 1.6458519e-09 -1022764.75
-1176563400000.0 0.24967448 1.708289e-09 -1010664.2
-1173495300000.0 0.24902344 1.708289e-09 -1010664.2
-1170427300000.0 0.24837239 1.708289e-09 -1010664.2
-1167359500000.0 0.24772136 1.708289e-09 -1010664.2
-1164291500000.0 0.2470703 1.7873423e-09 -989431.2
-1161223500000.0 0.24641925 1.7873423e-09 -989431.2
-1158155500000.0 0.2457682 1.7873423e-09 -989431.2
-1155087600000.0 0.24511719 1.7873423e-09 -989431.2
-1152019600000.0 0.24446614 1.8990074e-09 -976163.6
-1148951600000.0 0.2438151 1.8990074e-09 -976163.6
-1145883700000.0 0.24316406 1.8990074e-09 -976163.6
-1142815900000.0 0.24251305 1.8990074e-09 -976163.6
-1139747800000.0 0.241862 2.0230844e-09 -952889.2
-1136679800000.0 0.24121095 2.0230844e-09 -952889.2
-1133611800000.0 0.2405599 2.0230844e-09 -952889.2
-1130543800000.0 0.23990884 2.0230844e-09 -952889.2
-1127475800000.0 0.2392578 2.1840936e-09 -938781.75
-1124408000000.0 0.23860677 2.1840936e-09 -938781.75
-1121340100000.0 0.23795573 2.1840936e-09 -938781.75
-1118272100000.0 0.23730469 2.1840936e-09 -938781.75
-1115204100000.0 0.23665364 2.3484013e-09 -910414.0
-1112136100000.0 0.2360026 2.3484013e-09 -910414.0
-1109068100000.0 0.23535155 2.3484013e-09 -910414.0
-1106000100000.0 0.23470049 2.3484013e-09 -910414.0
-1102932200000.0 0.23404948 2.5439528e-09 -894238.25
-1099864300000.0 0.23339845 2.5439528e-09 -894238.25
-1096796340000.0 0.23274739 2.5439528e-09 -894238.25
-1093728340000.0 0.23209634 2.5439528e-09 -894238.25
-1090660400000.0 0.23144531 2.7285327e-09 -862671.6
-1087592400000.0 0.23079427 2.7285327e-09 -862671.6
-1084524400000.0 0.23014322 2.7285327e-09 -862671.6
-1081456500000.0 0.22949219 2.7285327e-09 -862671.6
-1078388600000.0 0.22884116 2.926213e-09 -844382.8
-1075320600000.0 0.22819011 2.926213e-09 -844382.8
-1072252600000.0 0.22753906 2.926213e-09 -844382.8
-1069184650000.0 0.22688803 2.926213e-09 -844382.8
-1066116700000.0 0.22623697 3.1153604e-09 -813443.94
-1063048700000.0 0.22558592 3.1153604e-09 -813443.94
-1059980800000.0 0.22493489 3.1153604e-09 -813443.94
-1056912830000.0 0.22428386 3.1153604e-09 -813443.94
-1053844800000.0 0.22363281 3.3037848e-09 -799548.56
-1050776800000.0 0.22298177 3.3037848e-09 -799548.56
-1047708960000.0 0.22233073 3.3037848e-09 -799548.56
-1044640960000.0 0.22167969 3.3037848e-09 -799548.56
-1041572950000.0 0.22102864 3.484747e-09 -774817.2
-1038505000000.0 0.22037761 3.484747e-09 -774817.2
-1035437150000.0 0.21972658 3.484747e-09 -774817.2
-1032369140000.0 0.21907552 3.484747e-09 -774817.2
-1029301140000.0 0.21842447 3.6814105e-09 -765582.4
-1026233200000.0 0.21777344 3.6814105e-09 -765582.4
-1023165200000.0 0.21712239 3.6814105e-09 -765582.4
-1020097200000.0 0.21647134 3.6814105e-09 -765582.4
-1017029300000.0 0.21582031 3.866346e-09 -748520.2
-1013961400000.0 0.21516928 3.866346e-09 -748520.2
-1010893400000.0 0.21451823 3.866346e-09 -748520.2
-1007825400000.0 0.21386719 3.866346e-09 -748520.2
-1004757450000.0 0.21321616 4.046622e-09 -741685.4
-1001689500000.0 0.2125651 4.046622e-09 -741685.4
-998621500000.0 0.21191405 4.046622e-09 -741685.4
-995553600000.0 0.21126302 4.046622e-09 -741685.4
-992485640000.0 0.21061198 4.2274126e-09 -726345.25
-989417640000.0 0.20996094 4.2274126e-09 -726345.25
-986349630000.0 0.20930989 4.2274126e-09 -726345.25
-983281760000.0 0.20865886 4.2274126e-09 -726345.25
-980213760000.0 0.20800781 4.3705346e-09 -719268.56
-977145760000.0 0.20735677 4.3705346e-09 -719268.56
-974077800000.0 0.20670573 4.3705346e-09 -719268.56
-971009950000.0 0.2060547 4.3705346e-09 -719268.56
-967941950000.0 0.20540364 4.509291e-09 -706904.0
-964873950000.0 0.2047526 4.509291e-09 -706904.0
-961806000000.0 0.20410156 4.509291e-09 -706904.0
-958738140000.0 0.20345053 4.509291e-09 -706904.0
-955670000000.0 0.20279947 4.6386592e-09 -702901.7
-952602100000.0 0.20214844 4.6386592e-09 -702901.7
-949534200000.0 0.2014974 4.6386592e-09 -702901.7
-946466200000.0 0.20084636 4.6386592e-09 -702901.7
-943398200000.0 0.20019531 4.7387334e-09 -695433.75
-940330250000.0 0.19954428 4.7387334e-09 -695433.75
-937262400000.0 0.19889325 4.7387334e-09 -695433.75
-934194300000.0 0.19824217 4.7387334e-09 -695433.75
-931126400000.0 0.19759114 4.8195656e-09 -700845.1
-928058440000.0 0.19694011 4.8195656e-09 -700845.1
-924990440000.0 0.19628906 4.8195656e-09 -700845.1
-921922440000.0 0.19563802 4.8195656e-09 -700845.1
-918854570000.0 0.19498698 4.8799533e-09 -699884.94
-915786600000.0 0.19433595 4.8799533e-09 -699884.94
-912718560000.0 0.19368488 4.8799533e-09 -699884.94
-909650600000.0 0.19303386 4.8799533e-09 -699884.94
-906582750000.0 0.19238283 4.928919e-09 -715661.7
-903514750000.0 0.19173177 4.928919e-09 -715661.7
-900446750000.0 0.19108072 4.928919e-09 -715661.7
-897378800000.0 0.19042969 4.928919e-09 -715661.7
-894310900000.0 0.18977866 4.950425e-09 -722664.5
-891242800000.0 0.1891276 4.950425e-09 -722664.5
-888174940000.0 0.18847656 4.950425e-09 -722664.5
-885107000000.0 0.18782553 4.950425e-09 -722664.5
-882039000000.0 0.18717448 4.9959374e-09 -750183.3
-878971000000.0 0.18652342 4.9959374e-09 -750183.3
-875903060000.0 0.1858724 4.9959374e-09 -750183.3
-872835200000.0 0.18522137 4.9959374e-09 -750183.3
-869767050000.0 0.1845703 5.0041344e-09 -769589.3
-866699200000.0 0.18391927 5.0041344e-09 -769589.3
-863631250000.0 0.18326823 5.0041344e-09 -769589.3
-860563240000.0 0.18261719 5.0041344e-09 -769589.3
-857495400000.0 0.18196616 5.0786557e-09 -805091.2
-854427400000.0 0.18131511 5.0786557e-09 -805091.2
-851359400000.0 0.18066408 5.0786557e-09 -805091.2
-848291360000.0 0.180013 5.0786557e-09 -805091.2
-845223400000.0 0.17936198 5.149989e-09 -831985.06
-842155560000.0 0.17871095 5.149989e-09 -831985.06
-839087400000.0 0.17805988 5.149989e-09 -831985.06
-836019700000.0 0.17740889 5.149989e-09 -831985.06
-832951600000.0 0.17675781 5.2587543e-09 -862707.56
-829883550000.0 0.17610675 5.2587543e-09 -862707.56
-826815800000.0 0.17545575 5.2587543e-09 -862707.56
-823747740000.0 0.17480469 5.2587543e-09 -862707.56
-820679600000.0 0.17415361 5.409981e-09 -890456.0
-817611870000.0 0.17350262 5.409981e-09 -890456.0
-814543800000.0 0.17285155 5.409981e-09 -890456.0
-811475860000.0 0.17220053 5.409981e-09 -890456.0
-808408000000.0 0.1715495 5.589125e-09 -908715.9
-805339860000.0 0.17089842 5.589125e-09 -908715.9
-802272000000.0 0.17024739 5.589125e-09 -908715.9
-799204050000.0 0.16959636 5.589125e-09 -908715.9
-796136000000.0 0.1689453 5.809733e-09 -934082.0
-793068240000.0 0.1682943 5.809733e-09 -934082.0
-790000200000.0 0.16764323 5.809733e-09 -934082.0
-786932040000.0 0.16699216 5.809733e-09 -934082.0
-783864370000.0 0.16634117 6.163897e-09 -973437.4
-780796200000.0 0.1656901 6.163897e-09 -973437.4
-777728160000.0 0.16503903 6.163897e-09 -973437.4
-774660400000.0 0.16438805 6.163897e-09 -973437.4
-771592360000.0 0.16373697 6.3586127e-09 -974127.6
-768524400000.0 0.16308594 6.3586127e-09 -974127.6
-765456500000.0 0.1624349 6.3586127e-09 -974127.6
-762388400000.0 0.16178384 6.3586127e-09 -974127.6
-759320540000.0 0.16113281 6.585217e-09 -976653.1
-756252600000.0 0.16048178 6.585217e-09 -976653.1
-753184540000.0 0.1598307 6.585217e-09 -976653.1
-750116800000.0 0.15917972 6.585217e-09 -976653.1
-747048670000.0 0.15852864 6.7913524e-09 -975992.56
-743980600000.0 0.15787758 6.7913524e-09 -975992.56
-740912860000.0 0.15722659 6.7913524e-09 -975992.56
-737844800000.0 0.15657552 6.7913524e-09 -975992.56
-734776700000.0 0.15592445 7.012983e-09 -972963.4
-731709000000.0 0.15527347 7.012983e-09 -972963.4
-728640850000.0 0.15462239 7.012983e-09 -972963.4
-725573000000.0 0.15397136 7.012983e-09 -972963.4
-722505040000.0 0.15332033 7.2453936e-09 -969083.8
-719437000000.0 0.15266925 7.2453936e-09 -969083.8
-716369040000.0 0.15201822 7.2453936e-09 -969083.8
-713301160000.0 0.1513672 7.2453936e-09 -969083.8
-710233000000.0 0.15071613 7.469593e-09 -963213.0
-707165300000.0 0.15006512 7.469593e-09 -963213.0
-704097200000.0 0.14941406 7.469593e-09 -963213.0
-701029150000.0 0.148763 7.469593e-09 -963213.0
-697961400000.0 0.148112 7.704122e-09 -956052.8
-694893300000.0 0.14746092 7.704122e-09 -956052.8
-691825200000.0 0.14680986 7.704122e-09 -956052.8
-688757500000.0 0.14615887 7.704122e-09 -956052.8
-685689400000.0 0.1455078 7.983697e-09 -946496.06
-682621500000.0 0.14485677 7.983697e-09 -946496.06
-679553600000.0 0.14420575 7.983697e-09 -946496.06
-676485460000.0 0.14355466 7.983697e-09 -946496.06
-673417600000.0 0.14290364 8.267392e-09 -935058.8
-670349660000.0 0.14225261 8.267392e-09 -935058.8
-667281600000.0 0.14160155 8.267392e-09 -935058.8
-664213850000.0 0.14095055 8.267392e-09 -935058.8
-661145800000.0 0.14029948 8.548318e-09 -924688.7
-658077650000.0 0.13964841 8.548318e-09 -924688.7
-655009900000.0 0.1389974 8.548318e-09 -924688.7
-651941840000.0 0.13834634 8.548318e-09 -924688.7
-648873800000.0 0.13769528 8.8702246e-09 -909590.3
-645806000000.0 0.1370443 8.8702246e-09 -909590.3
-642737960000.0 0.13639323 8.8702246e-09 -909590.3
-639670000000.0 0.13574219 8.8702246e-09 -909590.3
-636602100000.0 0.13509116 9.148088e-09 -897503.4
-633534000000.0 0.1344401 9.148088e-09 -897503.4
-630466100000.0 0.13378905 9.148088e-09 -897503.4
-627398200000.0 0.13313803 9.148088e-09 -897503.4
-624330150000.0 0.13248697 9.37399e-09 -887552.5
-621262400000.0 0.13183598 9.37399e-09 -887552.5
-618194300000.0 0.13118489 9.37399e-09 -887552.5
-615126200000.0 0.13053383 9.37399e-09 -887552.5
-612058460000.0 0.12988284 9.5755475e-09 -872197.0
-608990400000.0 0.12923177 9.5755475e-09 -872197.0
-605922260000.0 0.12858069 9.5755475e-09 -872197.0
-602854600000.0 0.12792972 9.5755475e-09 -872197.0
-599786460000.0 0.12727864 9.653453e-09 -858465.44
-596718600000.0 0.12662761 9.653453e-09 -858465.44
-593650650000.0 0.12597658 9.653453e-09 -858465.44
-590582600000.0 0.1253255 9.653453e-09 -858465.44
-587514640000.0 0.12467448 9.675934e-09 -844092.25
-584446800000.0 0.12402345 9.675934e-09 -844092.25
-581378640000.0 0.123372376 9.675934e-09 -844092.25
-578310900000.0 0.12272138 9.675934e-09 -844092.25
-575242800000.0 0.12207031 9.661969e-09 -827701.5
-572174760000.0 0.12141925 9.661969e-09 -827701.5
-569107000000.0 0.12076825 9.661969e-09 -827701.5
-566038900000.0 0.12011717 9.661969e-09 -827701.5
-562970800000.0 0.11946611 9.551673e-09 -817458.9
-559903100000.0 0.118815124 9.551673e-09 -817458.9
-556835000000.0 0.118164055 9.551673e-09 -817458.9
-553767100000.0 0.11751302 9.551673e-09 -817458.9
-550699200000.0 0.11686199 9.460454e-09 -804003.6
-547631100000.0 0.11621092 9.460454e-09 -804003.6
-544563200000.0 0.11555989 9.460454e-09 -804003.6
-541495260000.0 0.11490886 9.460454e-09 -804003.6
-538427200000.0 0.11425779 9.371932e-09 -795911.7
-535359460000.0 0.113606796 9.371932e-09 -795911.7
-532291350000.0 0.11295573 9.371932e-09 -795911.7
-529223300000.0 0.11230466 9.371932e-09 -795911.7
-526155550000.0 0.11165367 9.304003e-09 -789048.0
-523087450000.0 0.1110026 9.304003e-09 -789048.0
-520019350000.0 0.11035153 9.304003e-09 -789048.0
-516951640000.0 0.10970054 9.304003e-09 -789048.0
-513883540000.0 0.10904947 9.293057e-09 -781716.4
-510815630000.0 0.10839844 9.293057e-09 -781716.4
-507747730000.0 0.107747406 9.293057e-09 -781716.4
-504679630000.0 0.10709634 9.293057e-09 -781716.4
-501611720000.0 0.106445305 9.334487e-09 -777865.5
-498543820000.0 0.10579427 9.334487e-09 -777865.5
-495475720000.0 0.10514321 9.334487e-09 -777865.5
-492407980000.0 0.10449222 9.334487e-09 -777865.5
-489339900000.0 0.10384115 9.429411e-09 -768666.0
-486271800000.0 0.10319008 9.429411e-09 -768666.0
-483204070000.0 0.102539085 9.429411e-09 -768666.0
-480135970000.0 0.101888016 9.429411e-09 -768666.0
-477067900000.0 0.10123695 9.578565e-09 -755813.06
-474000160000.0 0.10058595 9.578565e-09 -755813.06
-470932060000.0 0.09993488 9.578565e-09 -755813.06
-467864160000.0 0.09928385 9.578565e-09 -755813.06
-464796250000.0 0.09863283 9.780373e-09 -745273.75
-461728150000.0 0.09798176 9.780373e-09 -745273.75
-458660250000.0 0.09733073 9.780373e-09 -745273.75
-455592350000.0 0.096679695 9.780373e-09 -745273.75
-452524240000.0 0.096028626 1.0062274e-08 -721112.25
-449456500000.0 0.09537763 1.0062274e-08 -721112.25
-446388440000.0 0.09472656 1.0062274e-08 -721112.25
-443320340000.0 0.09407549 1.0062274e-08 -721112.25
-440252600000.0 0.0934245 1.034219e-08 -708169.75
-437184530000.0 0.09277343 1.034219e-08 -708169.75
-434116430000.0 0.09212236 1.034219e-08 -708169.75
-431048700000.0 0.091471374 1.034219e-08 -708169.75
-427980620000.0 0.090820305 1.0686579e-08 -685709.2
-424912680000.0 0.09016927 1.0686579e-08 -685709.2
-421844780000.0 0.08951824 1.0686579e-08 -685709.2
-418776700000.0 0.08886717 1.0686579e-08 -685709.2
-415708770000.0 0.08821614 1.0993956e-08 -668524.5
-412640870000.0 0.08756511 1.0993956e-08 -668524.5
-409572800000.0 0.08691404 1.0993956e-08 -668524.5
-406505060000.0 0.086263046 1.0993956e-08 -668524.5
-403436960000.0 0.08561198 1.1285002e-08 -635573.2
-400368860000.0 0.08496091 1.1285002e-08 -635573.2
-397301150000.0 0.08430992 1.1285002e-08 -635573.2
-394233050000.0 0.08365885 1.1285002e-08 -635573.2
-391165150000.0 0.08300782 1.2422317e-08 -767471.7
-388097250000.0 0.08235679 1.2422317e-08 -767471.7
-385029140000.0 0.08170572 1.2546219e-08 -738632.0
-381961240000.0 0.08105469 1.2546219e-08 -738632.0
-378893340000.0 0.080403656 1.2672684e-08 -730953.6
-375825240000.0 0.07975259 1.2672684e-08 -730953.6
-372757500000.0 0.07910159 1.2836355e-08 -718878.06
-369689400000.0 0.07845052 1.2836355e-08 -718878.06
-366621330000.0 0.077799454 1.2962248e-08 -712308.4
-363553600000.0 0.07714847 1.2962248e-08 -712308.4
-360485500000.0 0.07649739 1.3073939e-08 -705787.0
-357417420000.0 0.07584633 1.3073939e-08 -705787.0
-354349680000.0 0.075195335 1.3176178e-08 -703167.75
-351281580000.0 0.07454426 1.3176178e-08 -703167.75
-348213670000.0 0.073893234 1.3260649e-08 -700595.1
-345145770000.0 0.0732422 1.3260649e-08 -700595.1
-342077670000.0 0.07259113 1.3328941e-08 -697560.94
-339009770000.0 0.0719401 1.3328941e-08 -697560.94
-335941860000.0 0.07128907 1.3367011e-08 -695453.7
-332873760000.0 0.070638 1.3367011e-08 -695453.7
-329806020000.0 0.06998701 1.3388382e-08 -691445.5
-326737950000.0 0.069335945 1.3388382e-08 -691445.5
-323669850000.0 0.068684876 1.3351536e-08 -684494.94
-320602100000.0 0.068033874 1.3351536e-08 -684494.94
-317534040000.0 0.06738281 1.329647e-08 -673308.4
-314465940000.0 0.06673174 1.329647e-08 -673308.4
-311398200000.0 0.06608075 1.3220112e-08 -658471.75
-308330140000.0 0.06542969 1.3220112e-08 -658471.75
-305262200000.0 0.06477865 1.3086919e-08 -643947.2
-302194300000.0 0.06412762 1.3086919e-08 -643947.2
-299126230000.0 0.063476555 1.2951404e-08 -629613.56
-296058300000.0 0.062825516 1.2951404e-08 -629613.56
-292990400000.0 0.062174488 1.2662167e-08 -619349.2
-289922320000.0 0.061523426 1.2662167e-08 -619349.2
-286854580000.0 0.060872428 1.23677335e-08 -606658.0
-283786480000.0 0.06022136 1.23677335e-08 -606658.0
-280718380000.0 0.059570286 1.1971075e-08 -596552.8
-277650670000.0 0.058919296 1.1971075e-08 -596552.8
-274582570000.0 0.058268227 1.160666e-08 -582404.4
-271514480000.0 0.057617158 1.160666e-08 -582404.4
-268446740000.0 0.056966167 1.1188064e-08 -569149.1
-265378660000.0 0.056315098 1.1188064e-08 -569149.1
-262310740000.0 0.055664066 1.0726705e-08 -561053.44
-259242840000.0 0.055013034 1.0726705e-08 -561053.44
-256174750000.0 0.05436197 1.0360981e-08 -545267.06
-253106830000.0 0.053710938 1.0360981e-08 -545267.06
-250038930000.0 0.053059906 9.986958e-09 -526482.3
