morphology_data/1d_wc_a0.025_l8r1_00001.ecsv
# %ECSV 1.0
# ---
# datatype:
# - {name: b, datatype: float32}
# - {name: phase, datatype: float32}
# - {name: sigma, datatype: float32}
# - {name: vr, datatype: float32}
# meta: {lambda: 8, rp: 1.0, sep: 0.025, wind: c}
# schema: astropy-2.0
b phase sigma vr
-1177330300000.0 0.49967447 3.1066056e-11 -2966654.0
-1175796300000.0 0.49902344 3.1066056e-11 -2966654.0
-1174262400000.0 0.4983724 3.1066056e-11 -2966654.0
-1172728300000.0 0.49772134 3.1066056e-11 -2966654.0
-1171194400000.0 0.4970703 3.181367e-11 -2950106.2
-1169660400000.0 0.49641928 3.181367e-11 -2950106.2
-1168126500000.0 0.49576828 3.181367e-11 -2950106.2
-1166592400000.0 0.4951172 3.181367e-11 -2950106.2
-1165058500000.0 0.4944662 3.273467e-11 -2964081.0
-1163524400000.0 0.49381506 3.273467e-11 -2964081.0
-1161990500000.0 0.4931641 3.273467e-11 -2964081.0
-1160456400000.0 0.49251297 3.273467e-11 -2964081.0
-1158922500000.0 0.49186197 3.377153e-11 -3021029.2
-1157388600000.0 0.49121094 3.377153e-11 -3021029.2
-1155854500000.0 0.49055988 3.377153e-11 -3021029.2
-1154320600000.0 0.48990884 3.377153e-11 -3021029.2
-1152786600000.0 0.4892578 3.5544213e-11 -3103241.5
-1151252600000.0 0.48860675 3.5544213e-11 -3103241.5
-1149718600000.0 0.48795572 3.5544213e-11 -3103241.5
-1148184700000.0 0.4873047 3.5544213e-11 -3103241.5
-1146650800000.0 0.48665366 3.8697066e-11 -3151625.0
-1145116700000.0 0.4860026 3.8697066e-11 -3151625.0
-1143582800000.0 0.48535156 3.8697066e-11 -3151625.0
-1142048800000.0 0.48470056 3.8697066e-11 -3151625.0
-1140514800000.0 0.48404947 4.291634e-11 -3104765.8
-1138980800000.0 0.48339847 4.291634e-11 -3104765.8
-1137446700000.0 0.48274735 4.291634e-11 -3104765.8
-1135912800000.0 0.48209637 4.291634e-11 -3104765.8
-1134378700000.0 0.48144525 4.7178733e-11 -2942426.5
-1132844800000.0 0.48079422 4.7178733e-11 -2942426.5
-1131310900000.0 0.48014325 4.7178733e-11 -2942426.5
-1129776800000.0 0.47949213 4.7178733e-11 -2942426.5
-1128242900000.0 0.47884113 5.0650407e-11 -2706239.8
-1126709000000.0 0.4781901 5.0650407e-11 -2706239.8
-1125175000000.0 0.47753906 5.0650407e-11 -2706239.8
-1123640900000.0 0.476888 5.0650407e-11 -2706239.8
-1122107000000.0 0.47623697 5.2939295e-11 -2475473.2
-1120573000000.0 0.47558594 5.2939295e-11 -2475473.2
-1119039100000.0 0.47493497 5.2939295e-11 -2475473.2
-1117505000000.0 0.47428384 5.2939295e-11 -2475473.2
-1115971100000.0 0.47363284 5.4481343e-11 -2278216.2
-1114437000000.0 0.47298175 5.4481343e-11 -2278216.2
-1112903100000.0 0.47233072 5.4481343e-11 -2278216.2
-1111369200000.0 0.47167972 5.4481343e-11 -2278216.2
-1109835100000.0 0.47102863 5.567293e-11 -2118609.5
-1108301200000.0 0.47037762 5.567293e-11 -2118609.5
-1106767100000.0 0.4697265 5.567293e-11 -2118609.5
-1105233200000.0 0.46907553 5.567293e-11 -2118609.5
-1103699200000.0 0.4684245 5.4451187e-11 -2151204.8
-1102165200000.0 0.46777344 5.4451187e-11 -2151204.8
-1100631200000.0 0.4671224 5.4451187e-11 -2151204.8
-1099097300000.0 0.46647137 5.4451187e-11 -2151204.8
-1097563400000.0 0.46582034 5.0209358e-11 -2487767.8
-1096029300000.0 0.46516925 5.0209358e-11 -2487767.8
-1094495400000.0 0.46451822 5.0209358e-11 -2487767.8
-1092961400000.0 0.4638672 5.0209358e-11 -2487767.8
-1091427400000.0 0.46321613 4.49386e-11 -3045412.2
-1089893400000.0 0.4625651 4.49386e-11 -3045412.2
-1088359400000.0 0.46191406 4.49386e-11 -3045412.2
-1086825370000.0 0.461263 4.49386e-11 -3045412.2
-1085291400000.0 0.46061197 3.8942086e-11 -3658898.5
-1083757500000.0 0.45996094 3.8942086e-11 -3658898.5
-1082223500000.0 0.4593099 3.8942086e-11 -3658898.5
-1080689500000.0 0.45865884 3.8942086e-11 -3658898.5
-1079155560000.0 0.4580078 3.4130414e-11 -4047993.2
-1077621560000.0 0.45735678 3.4130414e-11 -4047993.2
-1076087600000.0 0.45670575 3.4130414e-11 -4047993.2
-1074553550000.0 0.4560547 3.4130414e-11 -4047993.2
-1073019600000.0 0.45540366 3.2093404e-11 -4174253.5
-1071485700000.0 0.45475262 3.2093404e-11 -4174253.5
-1069951600000.0 0.45410153 3.2093404e-11 -4174253.5
-1068417700000.0 0.45345053 3.2093404e-11 -4174253.5
-1066883700000.0 0.4527995 3.192531e-11 -4179269.5
-1065349700000.0 0.4521484 3.192531e-11 -4179269.5
-1063815700000.0 0.45149738 3.192531e-11 -4179269.5
-1062281740000.0 0.45084634 3.192531e-11 -4179269.5
-1060747800000.0 0.4501953 3.2162814e-11 -4170823.5
-1059213740000.0 0.44954425 3.2162814e-11 -4170823.5
-1057679800000.0 0.44889322 3.2162814e-11 -4170823.5
-1056145870000.0 0.4482422 3.2162814e-11 -4170823.5
-1054611870000.0 0.44759116 3.2474006e-11 -4208266.0
-1053077860000.0 0.4469401 3.2474006e-11 -4208266.0
-1051543860000.0 0.44628906 3.2474006e-11 -4208266.0
-1050009900000.0 0.44563803 3.2474006e-11 -4208266.0
-1048475860000.0 0.44498697 3.3248446e-11 -4301081.0
-1046941900000.0 0.44433594 3.3248446e-11 -4301081.0
-1045408000000.0 0.4436849 3.3248446e-11 -4301081.0
-1043873900000.0 0.44303384 3.3248446e-11 -4301081.0
-1042340000000.0 0.4423828 3.4834018e-11 -4478873.5
-1040806000000.0 0.44173178 3.4834018e-11 -4478873.5
-1039272050000.0 0.44108075 3.4834018e-11 -4478873.5
-1037738000000.0 0.44042966 3.4834018e-11 -4478873.5
-1036204050000.0 0.43977866 3.723001e-11 -4730631.0
-1034670100000.0 0.43912762 3.723001e-11 -4730631.0
-1033136200000.0 0.4384766 3.723001e-11 -4730631.0
-1031602100000.0 0.4378255 3.723001e-11 -4730631.0
-1030068200000.0 0.43717447 3.96935e-11 -4962221.0
-1028534200000.0 0.43652344 3.96935e-11 -4962221.0
-1027000200000.0 0.43587238 3.96935e-11 -4962221.0
-1025466200000.0 0.43522134 3.96935e-11 -4962221.0
-1023932240000.0 0.4345703 4.1416925e-11 -5157669.0
-1022398200000.0 0.43391925 4.1416925e-11 -5157669.0
-1020864230000.0 0.43326822 4.1416925e-11 -5157669.0
-1019330300000.0 0.4326172 4.1416925e-11 -5157669.0
-1017796300000.0 0.43196616 4.18404e-11 -5375751.5
-1016262300000.0 0.4313151 4.18404e-11 -5375751.5
-1014728300000.0 0.43066406 4.18404e-11 -5375751.5
-1013194360000.0 0.43001303 4.18404e-11 -5375751.5
-1011660400000.0 0.429362 4.1034086e-11 -5613404.0
-1010126360000.0 0.42871094 4.1034086e-11 -5613404.0
-1008592400000.0 0.4280599 4.1034086e-11 -5613404.0
-1007058500000.0 0.42740887 4.1034086e-11 -5613404.0
-1005524400000.0 0.42675778 3.9439903e-11 -5832149.0
-1003990500000.0 0.42610675 3.9439903e-11 -5832149.0
-1002456500000.0 0.42545575 3.9439903e-11 -5832149.0
-1000922500000.0 0.42480466 3.9439903e-11 -5832149.0
-999388500000.0 0.42415363 3.7110717e-11 -6007222.0
-997854540000.0 0.4235026 3.7110717e-11 -6007222.0
-996320600000.0 0.42285156 3.7110717e-11 -6007222.0
-994786600000.0 0.42220053 3.7110717e-11 -6007222.0
-993252600000.0 0.42154947 3.4216147e-11 -6164251.5
-991718700000.0 0.42089844 3.4216147e-11 -6164251.5
-990184700000.0 0.4202474 3.4216147e-11 -6164251.5
-988650700000.0 0.41959634 3.4216147e-11 -6164251.5
-987116670000.0 0.4189453 3.138847e-11 -6324631.5
-985582700000.0 0.41829428 3.138847e-11 -6324631.5
-984048660000.0 0.41764322 3.138847e-11 -6324631.5
-982514700000.0 0.4169922 3.138847e-11 -6324631.5
-980980800000.0 0.41634116 2.9878686e-11 -6430121.5
-979446700000.0 0.4156901 2.9878686e-11 -6430121.5
-977912860000.0 0.4150391 2.9878686e-11 -6430121.5
-976378800000.0 0.41438803 2.9878686e-11 -6430121.5
-974844800000.0 0.41373694 3.246923e-11 -6229442.5
-973310900000.0 0.41308597 3.246923e-11 -6229442.5
-971776850000.0 0.41243488 3.246923e-11 -6229442.5
-970242900000.0 0.41178387 3.246923e-11 -6229442.5
-968709000000.0 0.41113284 4.3547572e-11 -5536247.0
-967174900000.0 0.41048175 4.3547572e-11 -5536247.0
-965641000000.0 0.40983072 4.3547572e-11 -5536247.0
-964107000000.0 0.4091797 4.3547572e-11 -5536247.0
-962573000000.0 0.40852863 6.500601e-11 -4659956.5
-961039000000.0 0.4078776 6.500601e-11 -4659956.5
-959505040000.0 0.40722656 6.500601e-11 -4659956.5
-957971000000.0 0.4065755 6.500601e-11 -4659956.5
-956437100000.0 0.4059245 9.337824e-11 -3781249.2
-954903100000.0 0.40527344 9.337824e-11 -3781249.2
-953369030000.0 0.40462238 9.337824e-11 -3781249.2
-951835160000.0 0.40397137 9.337824e-11 -3781249.2
-950301100000.0 0.4033203 1.2202642e-10 -2937252.2
-948767160000.0 0.40266928 1.2202642e-10 -2937252.2
-947233200000.0 0.40201825 1.2202642e-10 -2937252.2
-945699160000.0 0.4013672 1.2202642e-10 -2937252.2
-944165200000.0 0.40071616 1.4548848e-10 -2218130.0
-942631300000.0 0.40006512 1.4548848e-10 -2218130.0
-941097200000.0 0.39941403 1.4548848e-10 -2218130.0
-939563300000.0 0.398763 1.4548848e-10 -2218130.0
-938029300000.0 0.39811197 1.6238044e-10 -1663143.0
-936495300000.0 0.3974609 1.6238044e-10 -1663143.0
-934961400000.0 0.39680994 1.6238044e-10 -1663143.0
-933427350000.0 0.39615884 1.6238044e-10 -1663143.0
-931893400000.0 0.3955078 1.737793e-10 -1253781.6
-930359400000.0 0.39485678 1.737793e-10 -1253781.6
-928825400000.0 0.39420572 1.737793e-10 -1253781.6
-927291400000.0 0.3935547 1.737793e-10 -1253781.6
-925757500000.0 0.39290366 1.7964544e-10 -974197.8
-924223500000.0 0.3922526 1.7964544e-10 -974197.8
-922689500000.0 0.39160156 1.7964544e-10 -974197.8
-921155530000.0 0.39095053 1.7964544e-10 -974197.8
-919621500000.0 0.39029947 1.7871421e-10 -841113.7
-918087500000.0 0.38964844 1.7871421e-10 -841113.7
-916553600000.0 0.3889974 1.7871421e-10 -841113.7
-915019500000.0 0.38834634 1.7871421e-10 -841113.7
-913485660000.0 0.38769534 1.6881105e-10 -889846.56
-911951600000.0 0.38704428 1.6881105e-10 -889846.56
-910417660000.0 0.38639325 1.6881105e-10 -889846.56
-908883700000.0 0.38574222 1.6881105e-10 -889846.56
-907349660000.0 0.38509113 1.5261237e-10 -1057989.6
-905815700000.0 0.3844401 1.5261237e-10 -1057989.6
-904281700000.0 0.3837891 1.5261237e-10 -1057989.6
-902747700000.0 0.383138 1.5261237e-10 -1057989.6
-901213800000.0 0.38248697 1.373811e-10 -1189161.0
-899679800000.0 0.38183594 1.373811e-10 -1189161.0
-898145800000.0 0.38118488 1.373811e-10 -1189161.0
-896611800000.0 0.38053384 1.373811e-10 -1189161.0
-895077840000.0 0.3798828 1.2907944e-10 -1222728.5
-893543800000.0 0.37923175 1.2907944e-10 -1222728.5
-892009900000.0 0.37858075 1.2907944e-10 -1222728.5
-890475900000.0 0.3779297 1.2907944e-10 -1222728.5
-888941900000.0 0.37727866 1.2791344e-10 -1177427.4
-887408000000.0 0.37662762 1.2791344e-10 -1177427.4
-885873900000.0 0.37597656 1.2791344e-10 -1177427.4
-884339970000.0 0.37532553 1.2791344e-10 -1177427.4
-882806000000.0 0.3746745 1.2969048e-10 -1128713.5
-881271960000.0 0.37402344 1.2969048e-10 -1128713.5
-879738000000.0 0.3733724 1.2969048e-10 -1128713.5
-878204100000.0 0.37272137 1.2969048e-10 -1128713.5
-876670000000.0 0.37207028 1.3006171e-10 -1227248.0
-875136100000.0 0.37141925 1.3006171e-10 -1227248.0
-873602100000.0 0.37076822 1.3006171e-10 -1227248.0
-872068100000.0 0.37011716 1.3006171e-10 -1227248.0
-870534200000.0 0.3694662 1.2851789e-10 -1538631.9
-869000150000.0 0.3688151 1.2851789e-10 -1538631.9
-867466200000.0 0.36816406 1.2851789e-10 -1538631.9
-865932200000.0 0.36751303 1.2851789e-10 -1538631.9
-864398200000.0 0.36686197 1.2387025e-10 -1900159.9
-862864200000.0 0.36621094 1.2387025e-10 -1900159.9
-861330300000.0 0.3655599 1.2387025e-10 -1900159.9
-859796200000.0 0.36490884 1.2387025e-10 -1900159.9
-858262300000.0 0.3642578 1.1716723e-10 -2200640.8
-856728340000.0 0.36360678 1.1716723e-10 -2200640.8
-855194300000.0 0.36295572 1.1716723e-10 -2200640.8
-853660340000.0 0.3623047 1.1716723e-10 -2200640.8
-852126400000.0 0.36165366 1.10235744e-10 -2448909.2
-850592330000.0 0.3610026 1.10235744e-10 -2448909.2
-849058460000.0 0.3603516 1.10235744e-10 -2448909.2
-847524400000.0 0.35970053 1.10235744e-10 -2448909.2
-845990460000.0 0.3590495 1.0240877e-10 -2690762.0
-844456500000.0 0.35839847 1.0240877e-10 -2690762.0
-842922460000.0 0.35774738 1.0240877e-10 -2690762.0
-841388500000.0 0.35709634 1.0240877e-10 -2690762.0
-839854500000.0 0.3564453 9.2935416e-11 -2951845.5
-838320500000.0 0.35579425 9.2935416e-11 -2951845.5
-836786600000.0 0.35514322 9.2935416e-11 -2951845.5
-835252600000.0 0.3544922 9.2935416e-11 -2951845.5
-833718600000.0 0.35384113 8.3573905e-11 -3216612.5
-832184600000.0 0.3531901 8.3573905e-11 -3216612.5
-830650650000.0 0.35253906 8.3573905e-11 -3216612.5
-829116600000.0 0.351888 8.3573905e-11 -3216612.5
-827582700000.0 0.351237 7.5627074e-11 -3442908.2
-826048700000.0 0.35058594 7.5627074e-11 -3442908.2
-824514700000.0 0.3499349 7.5627074e-11 -3442908.2
-822980800000.0 0.34928387 7.5627074e-11 -3442908.2
-821446700000.0 0.3486328 6.9693806e-11 -3578717.0
-819912800000.0 0.34798178 6.9693806e-11 -3578717.0
-818378830000.0 0.34733075 6.9693806e-11 -3578717.0
-816844800000.0 0.3466797 6.9693806e-11 -3578717.0
-815310800000.0 0.34602866 6.630836e-11 -3625192.8
-813776900000.0 0.34537762 6.630836e-11 -3625192.8
-812242800000.0 0.34472653 6.630836e-11 -3625192.8
-810708900000.0 0.3440755 6.630836e-11 -3625192.8
-809174900000.0 0.34342447 6.5639875e-11 -3615518.8
-807640900000.0 0.3427734 6.5639875e-11 -3615518.8
-806107000000.0 0.3421224 6.5639875e-11 -3615518.8
-804572950000.0 0.34147134 6.5639875e-11 -3615518.8
-803039000000.0 0.3408203 6.7402715e-11 -3565796.5
-801505000000.0 0.34016928 6.7402715e-11 -3565796.5
-799971000000.0 0.33951822 6.7402715e-11 -3565796.5
-798437000000.0 0.3388672 6.7402715e-11 -3565796.5
-796903100000.0 0.33821616 7.085106e-11 -3512503.2
-795369000000.0 0.3375651 7.085106e-11 -3512503.2
-793835100000.0 0.33691406 7.085106e-11 -3512503.2
-792301140000.0 0.33626303 7.085106e-11 -3512503.2
-790767100000.0 0.33561197 7.5272025e-11 -3498329.0
-789233140000.0 0.33496094 7.5272025e-11 -3498329.0
-787699200000.0 0.3343099 7.5272025e-11 -3498329.0
-786165200000.0 0.33365887 7.5272025e-11 -3498329.0
-784631200000.0 0.3330078 8.069655e-11 -3523692.0
-783097200000.0 0.33235678 8.069655e-11 -3523692.0
-781563270000.0 0.33170575 8.069655e-11 -3523692.0
-780029300000.0 0.33105472 8.069655e-11 -3523692.0
-778495260000.0 0.33040363 8.7073196e-11 -3582545.0
-776961300000.0 0.3297526 8.7073196e-11 -3582545.0
-775427300000.0 0.32910156 8.7073196e-11 -3582545.0
-773893300000.0 0.3284505 8.7073196e-11 -3582545.0
-772359300000.0 0.32779947 9.46543e-11 -3646814.2
-770825400000.0 0.32714844 9.46543e-11 -3646814.2
-769291400000.0 0.32649738 9.46543e-11 -3646814.2
-767757400000.0 0.32584634 9.46543e-11 -3646814.2
-766223450000.0 0.3251953 1.0401317e-10 -3675126.8
-764689500000.0 0.32454428 1.0401317e-10 -3675126.8
-763155450000.0 0.32389322 1.0401317e-10 -3675126.8
-761621500000.0 0.3232422 1.0401317e-10 -3675126.8
-760087500000.0 0.32259116 1.1239052e-10 -3665900.0
-758553600000.0 0.32194012 1.1239052e-10 -3665900.0
-757019500000.0 0.32128906 1.1239052e-10 -3665900.0
-755485600000.0 0.32063803 1.1239052e-10 -3665900.0
-753951640000.0 0.319987 1.1766582e-10 -3553660.2
-752417600000.0 0.31933594 1.1766582e-10 -3553660.2
-750883640000.0 0.3186849 1.1766582e-10 -3553660.2
-749349700000.0 0.31803387 1.1766582e-10 -3553660.2
-747815700000.0 0.31738284 1.2031767e-10 -3335619.5
-746281700000.0 0.31673178 1.2031767e-10 -3335619.5
-744747700000.0 0.31608072 1.2031767e-10 -3335619.5
-743213760000.0 0.3154297 1.2031767e-10 -3335619.5
-741679700000.0 0.31477863 1.2113806e-10 -3090993.0
-740145760000.0 0.3141276 1.2113806e-10 -3090993.0
-738611800000.0 0.31347656 1.2113806e-10 -3090993.0
-737077800000.0 0.31282553 1.2113806e-10 -3090993.0
-735543800000.0 0.31217447 1.2137455e-10 -2850386.0
-734009800000.0 0.3115234 1.2137455e-10 -2850386.0
-732475900000.0 0.3108724 1.2137455e-10 -2850386.0
-730941800000.0 0.3102213 1.2137455e-10 -2850386.0
-729407900000.0 0.3095703 1.2272042e-10 -2575147.2
-727873950000.0 0.30891928 1.2272042e-10 -2575147.2
-726339940000.0 0.30826822 1.2272042e-10 -2575147.2
-724805940000.0 0.3076172 1.2272042e-10 -2575147.2
-723272000000.0 0.30696616 1.2581391e-10 -2261359.2
-721738000000.0 0.30631512 1.2581391e-10 -2261359.2
-720204000000.0 0.30566406 1.2581391e-10 -2261359.2
-718670000000.0 0.30501303 1.2581391e-10 -2261359.2
-717136100000.0 0.304362 1.295118e-10 -1998482.9
-715602100000.0 0.30371094 1.295118e-10 -1998482.9
-714068070000.0 0.30305988 1.295118e-10 -1998482.9
-712534100000.0 0.30240884 1.295118e-10 -1998482.9
-711000100000.0 0.3017578 1.3185808e-10 -1846329.0
-709466100000.0 0.30110675 1.3185808e-10 -1846329.0
-707932100000.0 0.30045572 1.3185808e-10 -1846329.0
-706398200000.0 0.2998047 1.3185808e-10 -1846329.0
-704864200000.0 0.29915366 1.3404666e-10 -1790043.2
