morphology_data/1d_wc_a0.05_l2r0.5_00001.ecsv
# %ECSV 1.0
# ---
# datatype:
# - {name: b, datatype: float32}
# - {name: phase, datatype: float32}
# - {name: sigma, datatype: float32}
# - {name: vr, datatype: float32}
# meta: {lambda: 2, rp: 0.5, sep: 0.05, wind: c}
# schema: astropy-2.0
b phase sigma vr
[from data line 449]
-977145760000.0 0.20735677 nan nan
-974077800000.0 0.20670573 nan nan
-971009950000.0 0.2060547 nan nan
-967941950000.0 0.20540364 nan nan
-964873950000.0 0.2047526 nan nan
-961806000000.0 0.20410156 nan nan
-958738140000.0 0.20345053 nan nan
-955670000000.0 0.20279947 nan nan
-952602100000.0 0.20214844 nan nan
-949534200000.0 0.2014974 nan nan
-946466200000.0 0.20084636 nan nan
-943398200000.0 0.20019531 nan nan
-940330250000.0 0.19954428 nan nan
-937262400000.0 0.19889325 nan nan
-934194300000.0 0.19824217 nan nan
-931126400000.0 0.19759114 nan nan
-928058440000.0 0.19694011 nan nan
-924990440000.0 0.19628906 nan nan
-921922440000.0 0.19563802 nan nan
-918854570000.0 0.19498698 nan nan
-915786600000.0 0.19433595 nan nan
-912718560000.0 0.19368488 nan nan
-909650600000.0 0.19303386 nan nan
-906582750000.0 0.19238283 nan nan
-903514750000.0 0.19173177 nan nan
-900446750000.0 0.19108072 nan nan
-897378800000.0 0.19042969 nan nan
-894310900000.0 0.18977866 nan nan
-891242800000.0 0.1891276 nan nan
-888174940000.0 0.18847656 nan nan
-885107000000.0 0.18782553 nan nan
-882039000000.0 0.18717448 nan nan
-878971000000.0 0.18652342 nan nan
-875903060000.0 0.1858724 nan nan
-872835200000.0 0.18522137 nan nan
-869767050000.0 0.1845703 nan nan
-866699200000.0 0.18391927 nan nan
-863631250000.0 0.18326823 nan nan
-860563240000.0 0.18261719 nan nan
-857495400000.0 0.18196616 nan nan
-854427400000.0 0.18131511 nan nan
-851359400000.0 0.18066408 nan nan
-848291360000.0 0.180013 nan nan
-845223400000.0 0.17936198 nan nan
-842155560000.0 0.17871095 nan nan
-839087400000.0 0.17805988 nan nan
-836019700000.0 0.17740889 nan nan
-832951600000.0 0.17675781 nan nan
-829883550000.0 0.17610675 nan nan
-826815800000.0 0.17545575 nan nan
-823747740000.0 0.17480469 nan nan
-820679600000.0 0.17415361 nan nan
-817611870000.0 0.17350262 nan nan
-814543800000.0 0.17285155 nan nan
-811475860000.0 0.17220053 nan nan
-808408000000.0 0.1715495 nan nan
-805339860000.0 0.17089842 nan nan
-802272000000.0 0.17024739 nan nan
-799204050000.0 0.16959636 nan nan
-796136000000.0 0.1689453 nan nan
-793068240000.0 0.1682943 nan nan
-790000200000.0 0.16764323 nan nan
-786932040000.0 0.16699216 nan nan
-783864370000.0 0.16634117 1.1076587e-11 -16049445.0
-780796200000.0 0.1656901 1.1076587e-11 -16049445.0
-777728160000.0 0.16503903 1.1076587e-11 -16049445.0
-774660400000.0 0.16438805 1.1076587e-11 -16049445.0
-771592360000.0 0.16373697 1.7848067e-11 -14518310.0
-768524400000.0 0.16308594 1.7848067e-11 -14518310.0
-765456500000.0 0.1624349 1.7848067e-11 -14518310.0
-762388400000.0 0.16178384 1.7848067e-11 -14518310.0
-759320540000.0 0.16113281 2.5728161e-11 -13380625.0
-756252600000.0 0.16048178 2.5728161e-11 -13380625.0
-753184540000.0 0.1598307 2.5728161e-11 -13380625.0
-750116800000.0 0.15917972 2.5728161e-11 -13380625.0
-747048670000.0 0.15852864 3.3990144e-11 -12493334.0
-743980600000.0 0.15787758 3.3990144e-11 -12493334.0
-740912860000.0 0.15722659 3.3990144e-11 -12493334.0
-737844800000.0 0.15657552 3.3990144e-11 -12493334.0
-734776700000.0 0.15592445 4.1873033e-11 -11877708.0
-731709000000.0 0.15527347 4.1873033e-11 -11877708.0
-728640850000.0 0.15462239 4.1873033e-11 -11877708.0
-725573000000.0 0.15397136 4.1873033e-11 -11877708.0
-722505040000.0 0.15332033 4.8720982e-11 -11535098.0
-719437000000.0 0.15266925 4.8720982e-11 -11535098.0
-716369040000.0 0.15201822 4.8720982e-11 -11535098.0
-713301160000.0 0.1513672 4.8720982e-11 -11535098.0
-710233000000.0 0.15071613 5.470118e-11 -11488540.0
-707165300000.0 0.15006512 5.470118e-11 -11488540.0
-704097200000.0 0.14941406 5.470118e-11 -11488540.0
-701029150000.0 0.148763 5.470118e-11 -11488540.0
-697961400000.0 0.148112 6.086725e-11 -11611217.0
-694893300000.0 0.14746092 6.086725e-11 -11611217.0
-691825200000.0 0.14680986 6.086725e-11 -11611217.0
-688757500000.0 0.14615887 6.086725e-11 -11611217.0
-685689400000.0 0.1455078 6.708804e-11 -11721373.0
-682621500000.0 0.14485677 6.708804e-11 -11721373.0
-679553600000.0 0.14420575 6.708804e-11 -11721373.0
-676485460000.0 0.14355466 6.708804e-11 -11721373.0
-673417600000.0 0.14290364 7.3448254e-11 -11742490.0
-670349660000.0 0.14225261 7.3448254e-11 -11742490.0
-667281600000.0 0.14160155 7.3448254e-11 -11742490.0
-664213850000.0 0.14095055 7.3448254e-11 -11742490.0
-661145800000.0 0.14029948 7.8696424e-11 -11715684.0
-658077650000.0 0.13964841 7.8696424e-11 -11715684.0
-655009900000.0 0.1389974 7.8696424e-11 -11715684.0
-651941840000.0 0.13834634 7.8696424e-11 -11715684.0
-648873800000.0 0.13769528 8.243609e-11 -11674471.0
-645806000000.0 0.1370443 8.243609e-11 -11674471.0
-642737960000.0 0.13639323 8.243609e-11 -11674471.0
-639670000000.0 0.13574219 8.243609e-11 -11674471.0
-636602100000.0 0.13509116 8.4559346e-11 -11596941.0
-633534000000.0 0.1344401 8.4559346e-11 -11596941.0
-630466100000.0 0.13378905 8.4559346e-11 -11596941.0
-627398200000.0 0.13313803 8.4559346e-11 -11596941.0
-624330150000.0 0.13248697 8.6773984e-11 -11429787.0
-621262400000.0 0.13183598 8.6773984e-11 -11429787.0
-618194300000.0 0.13118489 8.6773984e-11 -11429787.0
-615126200000.0 0.13053383 8.6773984e-11 -11429787.0
-612058460000.0 0.12988284 8.997642e-11 -11128944.0
-608990400000.0 0.12923177 8.997642e-11 -11128944.0
-605922260000.0 0.12858069 8.997642e-11 -11128944.0
-602854600000.0 0.12792972 8.997642e-11 -11128944.0
-599786460000.0 0.12727864 9.570666e-11 -10707694.0
-596718600000.0 0.12662761 9.570666e-11 -10707694.0
-593650650000.0 0.12597658 9.570666e-11 -10707694.0
-590582600000.0 0.1253255 9.570666e-11 -10707694.0
-587514640000.0 0.12467448 1.03182386e-10 -10233476.0
-584446800000.0 0.12402345 1.03182386e-10 -10233476.0
-581378640000.0 0.123372376 1.03182386e-10 -10233476.0
-578310900000.0 0.12272138 1.03182386e-10 -10233476.0
-575242800000.0 0.12207031 1.1154238e-10 -9806076.0
-572174760000.0 0.12141925 1.1154238e-10 -9806076.0
-569107000000.0 0.12076825 1.1154238e-10 -9806076.0
-566038900000.0 0.12011717 1.1154238e-10 -9806076.0
-562970800000.0 0.11946611 1.1935135e-10 -9518230.0
-559903100000.0 0.118815124 1.1935135e-10 -9518230.0
-556835000000.0 0.118164055 1.1935135e-10 -9518230.0
-553767100000.0 0.11751302 1.1935135e-10 -9518230.0
-550699200000.0 0.11686199 1.276751e-10 -9369550.0
-547631100000.0 0.11621092 1.276751e-10 -9369550.0
-544563200000.0 0.11555989 1.276751e-10 -9369550.0
-541495260000.0 0.11490886 1.276751e-10 -9369550.0
-538427200000.0 0.11425779 1.370769e-10 -9308700.0
-535359460000.0 0.113606796 1.370769e-10 -9308700.0
-532291350000.0 0.11295573 1.370769e-10 -9308700.0
-529223300000.0 0.11230466 1.370769e-10 -9308700.0
-526155550000.0 0.11165367 1.4772386e-10 -9258933.0
-523087450000.0 0.1110026 1.4772386e-10 -9258933.0
-520019350000.0 0.11035153 1.4772386e-10 -9258933.0
-516951640000.0 0.10970054 1.4772386e-10 -9258933.0
-513883540000.0 0.10904947 1.5885361e-10 -9194836.0
-510815630000.0 0.10839844 1.5885361e-10 -9194836.0
-507747730000.0 0.107747406 1.5885361e-10 -9194836.0
-504679630000.0 0.10709634 1.5885361e-10 -9194836.0
-501611720000.0 0.106445305 1.6887769e-10 -9135901.0
-498543820000.0 0.10579427 1.6887769e-10 -9135901.0
-495475720000.0 0.10514321 1.6887769e-10 -9135901.0
-492407980000.0 0.10449222 1.6887769e-10 -9135901.0
-489339900000.0 0.10384115 1.793817e-10 -9079004.0
-486271800000.0 0.10319008 1.793817e-10 -9079004.0
-483204070000.0 0.102539085 1.793817e-10 -9079004.0
-480135970000.0 0.101888016 1.793817e-10 -9079004.0
-477067900000.0 0.10123695 1.9524177e-10 -8966485.0
-474000160000.0 0.10058595 1.9524177e-10 -8966485.0
-470932060000.0 0.09993488 1.9524177e-10 -8966485.0
-467864160000.0 0.09928385 1.9524177e-10 -8966485.0
-464796250000.0 0.09863283 2.1552808e-10 -8757747.0
-461728150000.0 0.09798176 2.1552808e-10 -8757747.0
-458660250000.0 0.09733073 2.1552808e-10 -8757747.0
-455592350000.0 0.096679695 2.1552808e-10 -8757747.0
-452524240000.0 0.096028626 2.3369268e-10 -8527804.0
-449456500000.0 0.09537763 2.3369268e-10 -8527804.0
-446388440000.0 0.09472656 2.3369268e-10 -8527804.0
-443320340000.0 0.09407549 2.3369268e-10 -8527804.0
-440252600000.0 0.0934245 2.5053748e-10 -8325587.5
-437184530000.0 0.09277343 2.5053748e-10 -8325587.5
-434116430000.0 0.09212236 2.5053748e-10 -8325587.5
-431048700000.0 0.091471374 2.5053748e-10 -8325587.5
-427980620000.0 0.090820305 2.660934e-10 -8099768.5
-424912680000.0 0.09016927 2.660934e-10 -8099768.5
-421844780000.0 0.08951824 2.660934e-10 -8099768.5
-418776700000.0 0.08886717 2.660934e-10 -8099768.5
-415708770000.0 0.08821614 2.7955385e-10 -7815081.5
-412640870000.0 0.08756511 2.7955385e-10 -7815081.5
-409572800000.0 0.08691404 2.7955385e-10 -7815081.5
-406505060000.0 0.086263046 2.7955385e-10 -7815081.5
-403436960000.0 0.08561198 2.888004e-10 -7521537.0
-400368860000.0 0.08496091 2.888004e-10 -7521537.0
-397301150000.0 0.08430992 2.888004e-10 -7521537.0
-394233050000.0 0.08365885 2.888004e-10 -7521537.0
-391165150000.0 0.08300782 3.134176e-10 -7087711.0
-388097250000.0 0.08235679 3.134176e-10 -7087711.0
-385029140000.0 0.08170572 3.1094846e-10 -7021212.0
-381961240000.0 0.08105469 3.1094846e-10 -7021212.0
-378893340000.0 0.080403656 3.0636527e-10 -6849648.5
-375825240000.0 0.07975259 3.0636527e-10 -6849648.5
-372757500000.0 0.07910159 3.0786768e-10 -6736412.5
-369689400000.0 0.07845052 3.0786768e-10 -6736412.5
-366621330000.0 0.077799454 3.069739e-10 -6585116.0
-363553600000.0 0.07714847 3.069739e-10 -6585116.0
-360485500000.0 0.07649739 3.0688002e-10 -6475544.0
-357417420000.0 0.07584633 3.0688002e-10 -6475544.0
-354349680000.0 0.075195335 3.0555114e-10 -6412581.0
-351281580000.0 0.07454426 3.0555114e-10 -6412581.0
-348213670000.0 0.073893234 3.0435568e-10 -6423609.0
-345145770000.0 0.0732422 3.0435568e-10 -6423609.0
-342077670000.0 0.07259113 3.0679148e-10 -6607911.0
-339009770000.0 0.0719401 3.0679148e-10 -6607911.0
-335941860000.0 0.07128907 3.1294242e-10 -6763783.5
-332873760000.0 0.070638 3.1294242e-10 -6763783.5
-329806020000.0 0.06998701 3.2409853e-10 -6887486.5
-326737950000.0 0.069335945 3.2409853e-10 -6887486.5
-323669850000.0 0.068684876 3.3078218e-10 -6812528.0
-320602100000.0 0.068033874 3.3078218e-10 -6812528.0
-317534040000.0 0.06738281 3.3702532e-10 -6667840.5
-314465940000.0 0.06673174 3.3702532e-10 -6667840.5
-311398200000.0 0.06608075 3.4225794e-10 -6511124.5
-308330140000.0 0.06542969 3.4225794e-10 -6511124.5
-305262200000.0 0.06477865 3.3784492e-10 -6301711.0
-302194300000.0 0.06412762 3.3784492e-10 -6301711.0
-299126230000.0 0.063476555 3.326837e-10 -6192616.0
-296058300000.0 0.062825516 3.326837e-10 -6192616.0
-292990400000.0 0.062174488 3.2323463e-10 -5867714.0
-289922320000.0 0.061523426 3.2323463e-10 -5867714.0
-286854580000.0 0.060872428 3.2902775e-10 -5706409.5
-283786480000.0 0.06022136 3.2902775e-10 -5706409.5
-280718380000.0 0.059570286 3.4604916e-10 -5493002.0
-277650670000.0 0.058919296 3.4604916e-10 -5493002.0
-274582570000.0 0.058268227 3.6768474e-10 -5399898.0
-271514480000.0 0.057617158 3.6768474e-10 -5399898.0
-268446740000.0 0.056966167 3.7961986e-10 -5393263.0
-265378660000.0 0.056315098 3.7961986e-10 -5393263.0
-262310740000.0 0.055664066 3.8156178e-10 -5471349.5
-259242840000.0 0.055013034 3.8156178e-10 -5471349.5
-256174750000.0 0.05436197 3.7712133e-10 -5589545.0
-253106830000.0 0.053710938 3.7712133e-10 -5589545.0
-250038930000.0 0.053059906 3.7183118e-10 -5680764.0
-246970840000.0 0.052408837 3.7183118e-10 -5680764.0
-243903100000.0 0.051757842 3.6624173e-10 -5716230.5
-240835020000.0 0.051106777 3.6624173e-10 -5716230.5
-237766920000.0 0.050455708 3.667817e-10 -5683375.5
-234699200000.0 0.049804714 3.667817e-10 -5683375.5
-231631110000.0 0.049153645 3.7207087e-10 -5588954.0
-228563010000.0 0.048502576 3.7207087e-10 -5588954.0
-225495290000.0 0.047851585 3.8404643e-10 -5458243.5
-222427190000.0 0.047200516 3.8404643e-10 -5458243.5
-219359280000.0 0.046549484 4.105249e-10 -5294318.5
-216291380000.0 0.045898452 4.105249e-10 -5294318.5
-213223280000.0 0.045247383 4.450069e-10 -5145369.5
-210155370000.0 0.04459635 4.450069e-10 -5145369.5
-207087470000.0 0.043945324 4.849852e-10 -4993382.5
-204019370000.0 0.043294255 4.849852e-10 -4993382.5
-200951640000.0 0.04264326 5.1371724e-10 -4848369.5
-197883540000.0 0.04199219 5.1371724e-10 -4848369.5
-194815460000.0 0.041341122 5.100666e-10 -4904224.5
-191747740000.0 0.04069013 5.1367993e-10 -5030067.0
-188679630000.0 0.040039062 5.1337207e-10 -5200085.5
-185611550000.0 0.039387994 5.218807e-10 -5296422.5
-182543810000.0 0.038736995 5.319472e-10 -5367214.0
-179475730000.0 0.03808593 5.4149435e-10 -5391886.5
-176407820000.0 0.0374349 5.375067e-10 -5399091.5
-173339900000.0 0.03678387 5.290028e-10 -5439595.5
-170271820000.0 0.0361328 5.245836e-10 -5482086.5
-167203910000.0 0.035481773 5.142758e-10 -5562307.0
-164136000000.0 0.034830738 5.055383e-10 -5491636.0
-161067910000.0 0.03417967 4.89609e-10 -5500005.5
-158000170000.0 0.033528678 4.7876436e-10 -5392718.5
-154932080000.0 0.03287761 4.837101e-10 -5439328.0
-151864000000.0 0.03222654 4.916894e-10 -5378286.5
-148796260000.0 0.031575546 5.346955e-10 -5313998.5
-145728180000.0 0.030924477 5.339472e-10 -5302632.5
-142660100000.0 0.030273411 5.992522e-10 -4842507.5
-139592350000.0 0.029622415 6.382798e-10 -4399992.0
-136524260000.0 0.028971346 6.911597e-10 -4174203.0
-133456355000.0 0.028320316 6.7064e-10 -4354188.0
-130388440000.0 0.027669284 6.187661e-10 -4388524.5
-127320350000.0 0.027018217 5.888286e-10 -4489847.5
-124252440000.0 0.026367186 5.8383304e-10 -4442857.0
-121184530000.0 0.025716154 6.007684e-10 -4341329.0
-118116440000.0 0.025065087 6.3100375e-10 -4336896.0
-115048710000.0 0.024414092 6.4926314e-10 -4328328.0
-111980620000.0 0.023763025 6.6520733e-10 -4335082.5
-108912530000.0 0.023111956 6.7361317e-10 -4274393.5
-105844800000.0 0.022460962 6.951745e-10 -4352050.5
-102776710000.0 0.021809895 6.9345046e-10 -4412616.0
-99708620000.0 0.021158826 6.9569356e-10 -4287944.0
-96640885000.0 0.020507833 7.593616e-10 -3780895.2
-93572800000.0 0.019856764 8.7777363e-10 -3001050.0
-90504890000.0 0.019205732 9.43438e-10 -2344902.0
-87436980000.0 0.018554702 9.684927e-10 -1919663.4
-84368880000.0 0.017903633 9.083931e-10 -2039481.8
-81300970000.0 0.017252602 8.101124e-10 -2205870.8
-78233070000.0 0.016601572 6.9324446e-10 -2329308.0
-75164975000.0 0.015950503 5.7885957e-10 -2255549.8
-72097240000.0 0.015299509 5.735842e-10 -2144576.0
-69029150000.0 0.014648439 5.2782173e-10 -2370391.8
-65961062000.0 0.013997372 4.3331416e-10 -2579986.5
-62893330000.0 0.013346379 4.3708304e-10 -2369107.0
-59825242000.0 0.012695311 3.7071154e-10 -3626890.8
-56757154000.0 0.012044242 3.255501e-10 -3644135.5
-53689420000.0 0.011393248 3.4853667e-10 -3099860.0
-50621334000.0 0.01074218 3.9810671e-10 -2576265.0
-47553420000.0 0.010091149 4.290335e-10 -2317798.5
-44485510000.0 0.009440118 5.028636e-10 -2039692.0
-41417420000.0 0.008789049 5.748508e-10 -2072532.6
-38349510000.0 0.008138019 5.7648375e-10 -2411712.8
-35281600000.0 0.0074869874 6.109113e-10 -2524499.8
-32213510000.0 0.006835919 6.3887073e-10 -2560298.8
-29145778000.0 0.006184926 7.8303664e-10 -1653275.8
-26077688000.0 0.0055338573 7.9339657e-10 -1391559.1
-23009600000.0 0.0048827888 7.675962e-10 -1624914.5
-19941868000.0 0.0042317957 9.40277e-10 -1216657.0
-16873777000.0 0.0035807267 1.2304573e-09 -786167.06
-13805688000.0 0.0029296577 1.6937056e-09 -381808.12
-10737956000.0 0.0022786648 2.1948179e-09 -312594.56
-7669866000.0 0.0016275961 3.0872118e-09 -310911.6
-4601955300.0 0.0009765653 5.7616263e-09 -182858.67
4601955300.0 -0.0009765653 6.2668013e-09 -289357.03
7669866000.0 -0.0016275961 3.181373e-09 -570595.1
10737956000.0 -0.0022786648 1.8634e-09 -1087919.5
13805688000.0 -0.0029296577 1.3529277e-09 -1634148.9
16873777000.0 -0.0035807267 1.0391278e-09 -2151256.5
19941868000.0 -0.0042317957 9.057356e-10 -2518107.2
23009600000.0 -0.0048827888 9.070435e-10 -2698430.0
26077688000.0 -0.0055338573 8.4840623e-10 -3093354.0
29145778000.0 -0.006184926 8.6479995e-10 -2810942.8
