morphology_data/1d_wa_a0.05_l2r2_00001.ecsv
# %ECSV 1.0
# ---
# datatype:
# - {name: b, datatype: float32}
# - {name: phase, datatype: float32}
# - {name: sigma, datatype: float32}
# - {name: vr, datatype: float32}
# meta: {lambda: 2, rp: 2.0, sep: 0.05, wind: a}
# schema: astropy-2.0
b phase sigma vr
-2354660500000.0 0.49967447 4.6883457e-09 17493.092
-2351592600000.0 0.49902344 4.6883457e-09 17493.092
-2348524800000.0 0.4983724 4.6883457e-09 17493.092
-2345456600000.0 0.49772134 4.6883457e-09 17493.092
-2342388800000.0 0.4970703 4.5187125e-09 -6932.498
-2339321000000.0 0.49641928 4.5187125e-09 -6932.498
-2336253000000.0 0.49576828 4.5187125e-09 -6932.498
-2333185000000.0 0.4951172 4.5187125e-09 -6932.498
-2330117000000.0 0.4944662 4.737263e-09 115330.734
-2327049000000.0 0.49381506 4.737263e-09 115330.734
-2323981000000.0 0.4931641 4.737263e-09 115330.734
-2320913000000.0 0.49251297 4.737263e-09 115330.734
-2317845000000.0 0.49186197 5.1246793e-09 -49038.816
-2314777100000.0 0.49121094 5.1246793e-09 -49038.816
-2311709000000.0 0.49055988 5.1246793e-09 -49038.816
-2308641000000.0 0.48990884 5.1246793e-09 -49038.816
-2305573300000.0 0.4892578 5.8766005e-09 -57476.965
-2302505000000.0 0.48860675 5.8766005e-09 -57476.965
-2299437300000.0 0.48795572 5.8766005e-09 -57476.965
-2296369400000.0 0.4873047 5.8766005e-09 -57476.965
-2293301500000.0 0.48665366 6.4948007e-09 74039.15
-2290233400000.0 0.4860026 6.4948007e-09 74039.15
-2287165500000.0 0.48535156 6.4948007e-09 74039.15
-2284097600000.0 0.48470056 6.4948007e-09 74039.15
-2281029500000.0 0.48404947 6.182591e-09 -154675.52
-2277961600000.0 0.48339847 6.182591e-09 -154675.52
-2274893500000.0 0.48274735 6.182591e-09 -154675.52
-2271825600000.0 0.48209637 6.182591e-09 -154675.52
-2268757500000.0 0.48144525 5.525162e-09 -216282.83
-2265689600000.0 0.48079422 5.525162e-09 -216282.83
-2262621700000.0 0.48014325 5.525162e-09 -216282.83
-2259553600000.0 0.47949213 5.525162e-09 -216282.83
-2256485700000.0 0.47884113 4.441702e-09 -324715.8
-2253418000000.0 0.4781901 4.441702e-09 -324715.8
-2250350000000.0 0.47753906 4.441702e-09 -324715.8
-2247281900000.0 0.476888 4.441702e-09 -324715.8
-2244214000000.0 0.47623697 3.5095393e-09 -366325.22
-2241146000000.0 0.47558594 3.5095393e-09 -366325.22
-2238078300000.0 0.47493497 3.5095393e-09 -366325.22
-2235010000000.0 0.47428384 3.5095393e-09 -366325.22
-2231942300000.0 0.47363284 3.2093852e-09 -438792.94
-2228874000000.0 0.47298175 3.2093852e-09 -438792.94
-2225806200000.0 0.47233072 3.2093852e-09 -438792.94
-2222738400000.0 0.47167972 3.2093852e-09 -438792.94
-2219670200000.0 0.47102863 3.1115484e-09 -583068.8
-2216602400000.0 0.47037762 3.1115484e-09 -583068.8
-2213534200000.0 0.4697265 3.1115484e-09 -583068.8
-2210466400000.0 0.46907553 3.1115484e-09 -583068.8
-2207398500000.0 0.4684245 3.4172056e-09 -436858.16
-2204330400000.0 0.46777344 3.4172056e-09 -436858.16
-2201262500000.0 0.4671224 3.4172056e-09 -436858.16
-2198194600000.0 0.46647137 3.4172056e-09 -436858.16
-2195126700000.0 0.46582034 3.608244e-09 -454827.0
-2192058600000.0 0.46516925 3.608244e-09 -454827.0
-2188990700000.0 0.46451822 3.608244e-09 -454827.0
-2185922700000.0 0.4638672 3.608244e-09 -454827.0
-2182854700000.0 0.46321613 3.574573e-09 -732310.06
-2179786700000.0 0.4625651 3.574573e-09 -732310.06
-2176718900000.0 0.46191406 3.574573e-09 -732310.06
-2173650700000.0 0.461263 3.574573e-09 -732310.06
-2170582900000.0 0.46061197 3.2414618e-09 -943063.3
-2167515000000.0 0.45996094 3.2414618e-09 -943063.3
-2164447000000.0 0.4593099 3.2414618e-09 -943063.3
-2161379000000.0 0.45865884 3.2414618e-09 -943063.3
-2158311100000.0 0.4580078 2.87159e-09 -1151090.2
-2155243100000.0 0.45735678 2.87159e-09 -1151090.2
-2152175200000.0 0.45670575 2.87159e-09 -1151090.2
-2149107100000.0 0.4560547 2.87159e-09 -1151090.2
-2146039200000.0 0.45540366 2.8539673e-09 -1103868.5
-2142971400000.0 0.45475262 2.8539673e-09 -1103868.5
-2139903200000.0 0.45410153 2.8539673e-09 -1103868.5
-2136835400000.0 0.45345053 2.8539673e-09 -1103868.5
-2133767400000.0 0.4527995 2.8331426e-09 -1171377.1
-2130699400000.0 0.4521484 2.8331426e-09 -1171377.1
-2127631400000.0 0.45149738 2.8331426e-09 -1171377.1
-2124563500000.0 0.45084634 2.8331426e-09 -1171377.1
-2121495600000.0 0.4501953 2.9214762e-09 -1139636.6
-2118427500000.0 0.44954425 2.9214762e-09 -1139636.6
-2115359600000.0 0.44889322 2.9214762e-09 -1139636.6
-2112291700000.0 0.4482422 2.9214762e-09 -1139636.6
-2109223700000.0 0.44759116 3.0531964e-09 -1074579.2
-2106155700000.0 0.4469401 3.0531964e-09 -1074579.2
-2103087700000.0 0.44628906 3.0531964e-09 -1074579.2
-2100019900000.0 0.44563803 3.0531964e-09 -1074579.2
-2096951700000.0 0.44498697 3.116925e-09 -954427.8
-2093883900000.0 0.44433594 3.116925e-09 -954427.8
-2090816000000.0 0.4436849 3.116925e-09 -954427.8
-2087747800000.0 0.44303384 3.116925e-09 -954427.8
-2084680000000.0 0.4423828 2.728518e-09 -864015.1
-2081612000000.0 0.44173178 2.728518e-09 -864015.1
-2078544100000.0 0.44108075 2.728518e-09 -864015.1
-2075476000000.0 0.44042966 2.728518e-09 -864015.1
-2072408100000.0 0.43977866 2.540528e-09 -631069.4
-2069340200000.0 0.43912762 2.540528e-09 -631069.4
-2066272400000.0 0.4384766 2.540528e-09 -631069.4
-2063204200000.0 0.4378255 2.540528e-09 -631069.4
-2060136300000.0 0.43717447 2.5318543e-09 -574353.44
-2057068300000.0 0.43652344 2.5318543e-09 -574353.44
-2054000300000.0 0.43587238 2.5318543e-09 -574353.44
-2050932300000.0 0.43522134 2.5318543e-09 -574353.44
-2047864500000.0 0.4345703 2.5964626e-09 -602761.4
-2044796300000.0 0.43391925 2.5964626e-09 -602761.4
-2041728500000.0 0.43326822 2.5964626e-09 -602761.4
-2038660600000.0 0.4326172 2.5964626e-09 -602761.4
-2035592600000.0 0.43196616 2.6273879e-09 -670067.0
-2032524600000.0 0.4313151 2.6273879e-09 -670067.0
-2029456600000.0 0.43066406 2.6273879e-09 -670067.0
-2026388700000.0 0.43001303 2.6273879e-09 -670067.0
-2023320800000.0 0.429362 2.702208e-09 -691740.7
-2020252700000.0 0.42871094 2.702208e-09 -691740.7
-2017184800000.0 0.4280599 2.702208e-09 -691740.7
-2014117000000.0 0.42740887 2.702208e-09 -691740.7
-2011048800000.0 0.42675778 2.7307414e-09 -695279.75
-2007981000000.0 0.42610675 2.7307414e-09 -695279.75
-2004913000000.0 0.42545575 2.7307414e-09 -695279.75
-2001845000000.0 0.42480466 2.7307414e-09 -695279.75
-1998777000000.0 0.42415363 2.7775693e-09 -671984.44
-1995709100000.0 0.4235026 2.7775693e-09 -671984.44
-1992641200000.0 0.42285156 2.7775693e-09 -671984.44
-1989573200000.0 0.42220053 2.7775693e-09 -671984.44
-1986505200000.0 0.42154947 2.8005522e-09 -696077.3
-1983437300000.0 0.42089844 2.8005522e-09 -696077.3
-1980369300000.0 0.4202474 2.8005522e-09 -696077.3
-1977301300000.0 0.41959634 2.8005522e-09 -696077.3
-1974233300000.0 0.4189453 2.8137803e-09 -700855.7
-1971165500000.0 0.41829428 2.8137803e-09 -700855.7
-1968097300000.0 0.41764322 2.8137803e-09 -700855.7
-1965029500000.0 0.4169922 2.8137803e-09 -700855.7
-1961961600000.0 0.41634116 2.8063694e-09 -683982.5
-1958893500000.0 0.4156901 2.8063694e-09 -683982.5
-1955825700000.0 0.4150391 2.8063694e-09 -683982.5
-1952757600000.0 0.41438803 2.8063694e-09 -683982.5
-1949689600000.0 0.41373694 2.8205613e-09 -642054.7
-1946621800000.0 0.41308597 2.8205613e-09 -642054.7
-1943553700000.0 0.41243488 2.8205613e-09 -642054.7
-1940485800000.0 0.41178387 2.8205613e-09 -642054.7
-1937418000000.0 0.41113284 2.8179523e-09 -610897.56
-1934349800000.0 0.41048175 2.8179523e-09 -610897.56
-1931282000000.0 0.40983072 2.8179523e-09 -610897.56
-1928214000000.0 0.4091797 2.8179523e-09 -610897.56
-1925146000000.0 0.40852863 2.8147678e-09 -572933.3
-1922078000000.0 0.4078776 2.8147678e-09 -572933.3
-1919010100000.0 0.40722656 2.8147678e-09 -572933.3
-1915942000000.0 0.4065755 2.8147678e-09 -572933.3
-1912874200000.0 0.4059245 2.8502734e-09 -545117.25
-1909806200000.0 0.40527344 2.8502734e-09 -545117.25
-1906738100000.0 0.40462238 2.8502734e-09 -545117.25
-1903670300000.0 0.40397137 2.8502734e-09 -545117.25
-1900602200000.0 0.4033203 2.8704938e-09 -513551.4
-1897534300000.0 0.40266928 2.8704938e-09 -513551.4
-1894466500000.0 0.40201825 2.8704938e-09 -513551.4
-1891398300000.0 0.4013672 2.8704938e-09 -513551.4
-1888330400000.0 0.40071616 2.9064477e-09 -500447.66
-1885262600000.0 0.40006512 2.9064477e-09 -500447.66
-1882194400000.0 0.39941403 2.9064477e-09 -500447.66
-1879126600000.0 0.398763 2.9064477e-09 -500447.66
-1876058600000.0 0.39811197 2.955134e-09 -477767.56
-1872990600000.0 0.3974609 2.955134e-09 -477767.56
-1869922800000.0 0.39680994 2.955134e-09 -477767.56
-1866854700000.0 0.39615884 2.955134e-09 -477767.56
-1863786800000.0 0.3955078 3.0332765e-09 -475429.8
-1860718800000.0 0.39485678 3.0332765e-09 -475429.8
-1857650800000.0 0.39420572 3.0332765e-09 -475429.8
-1854582800000.0 0.3935547 3.0332765e-09 -475429.8
-1851515000000.0 0.39290366 3.0594864e-09 -460323.12
-1848447000000.0 0.3922526 3.0594864e-09 -460323.12
-1845379000000.0 0.39160156 3.0594864e-09 -460323.12
-1842311100000.0 0.39095053 3.0594864e-09 -460323.12
-1839243000000.0 0.39029947 3.1444183e-09 -436752.97
-1836175000000.0 0.38964844 3.1444183e-09 -436752.97
-1833107200000.0 0.3889974 3.1444183e-09 -436752.97
-1830039000000.0 0.38834634 3.1444183e-09 -436752.97
-1826971300000.0 0.38769534 3.212547e-09 -428546.1
-1823903200000.0 0.38704428 3.212547e-09 -428546.1
-1820835300000.0 0.38639325 3.212547e-09 -428546.1
-1817767400000.0 0.38574222 3.212547e-09 -428546.1
-1814699300000.0 0.38509113 3.403846e-09 -507566.12
-1811631400000.0 0.3844401 3.403846e-09 -507566.12
-1808563400000.0 0.3837891 3.403846e-09 -507566.12
-1805495400000.0 0.383138 3.403846e-09 -507566.12
-1802427600000.0 0.38248697 3.53427e-09 -585091.4
-1799359600000.0 0.38183594 3.53427e-09 -585091.4
-1796291600000.0 0.38118488 3.53427e-09 -585091.4
-1793223600000.0 0.38053384 3.53427e-09 -585091.4
-1790155700000.0 0.3798828 3.7320182e-09 -642980.9
-1787087600000.0 0.37923175 3.7320182e-09 -642980.9
-1784019800000.0 0.37858075 3.7320182e-09 -642980.9
-1780951800000.0 0.3779297 3.7320182e-09 -642980.9
-1777883800000.0 0.37727866 3.815261e-09 -571109.5
-1774816000000.0 0.37662762 3.815261e-09 -571109.5
-1771747800000.0 0.37597656 3.815261e-09 -571109.5
-1768679900000.0 0.37532553 3.815261e-09 -571109.5
-1765612000000.0 0.3746745 3.9510906e-09 -527316.1
-1762543900000.0 0.37402344 3.9510906e-09 -527316.1
-1759476000000.0 0.3733724 3.9510906e-09 -527316.1
-1756408200000.0 0.37272137 3.9510906e-09 -527316.1
-1753340000000.0 0.37207028 4.023054e-09 -471710.38
-1750272200000.0 0.37141925 4.023054e-09 -471710.38
-1747204200000.0 0.37076822 4.023054e-09 -471710.38
-1744136200000.0 0.37011716 4.023054e-09 -471710.38
-1741068400000.0 0.3694662 4.1788315e-09 -409053.84
-1738000300000.0 0.3688151 4.1788315e-09 -409053.84
-1734932400000.0 0.36816406 4.1788315e-09 -409053.84
-1731864400000.0 0.36751303 4.1788315e-09 -409053.84
-1728796400000.0 0.36686197 4.2859796e-09 -317595.72
-1725728400000.0 0.36621094 4.2859796e-09 -317595.72
-1722660600000.0 0.3655599 4.2859796e-09 -317595.72
-1719592400000.0 0.36490884 4.2859796e-09 -317595.72
-1716524500000.0 0.3642578 4.4088377e-09 -282811.3
-1713456700000.0 0.36360678 4.4088377e-09 -282811.3
-1710388500000.0 0.36295572 4.4088377e-09 -282811.3
-1707320700000.0 0.3623047 4.4088377e-09 -282811.3
-1704252800000.0 0.36165366 4.4826063e-09 -202047.27
-1701184700000.0 0.3610026 4.4826063e-09 -202047.27
-1698116900000.0 0.3603516 4.4826063e-09 -202047.27
-1695048800000.0 0.35970053 4.4826063e-09 -202047.27
-1691980900000.0 0.3590495 4.5757016e-09 -187188.44
-1688913000000.0 0.35839847 4.5757016e-09 -187188.44
-1685844900000.0 0.35774738 4.5757016e-09 -187188.44
-1682777000000.0 0.35709634 4.5757016e-09 -187188.44
-1679709000000.0 0.3564453 4.3563806e-09 -141619.56
-1676641000000.0 0.35579425 4.3563806e-09 -141619.56
-1673573200000.0 0.35514322 4.3563806e-09 -141619.56
-1670505200000.0 0.3544922 4.3563806e-09 -141619.56
-1667437200000.0 0.35384113 4.3311648e-09 -66326.19
-1664369200000.0 0.3531901 4.3311648e-09 -66326.19
-1661301300000.0 0.35253906 4.3311648e-09 -66326.19
-1658233200000.0 0.351888 4.3311648e-09 -66326.19
-1655165400000.0 0.351237 4.363516e-09 -42511.305
-1652097400000.0 0.35058594 4.363516e-09 -42511.305
-1649029400000.0 0.3499349 4.363516e-09 -42511.305
-1645961500000.0 0.34928387 4.363516e-09 -42511.305
-1642893400000.0 0.3486328 4.4017465e-09 -60563.13
-1639825500000.0 0.34798178 4.4017465e-09 -60563.13
-1636757700000.0 0.34733075 4.4017465e-09 -60563.13
-1633689500000.0 0.3466797 4.4017465e-09 -60563.13
-1630621700000.0 0.34602866 4.3699377e-09 -52135.13
-1627553800000.0 0.34537762 4.3699377e-09 -52135.13
-1624485700000.0 0.34472653 4.3699377e-09 -52135.13
-1621417800000.0 0.3440755 4.3699377e-09 -52135.13
-1618349800000.0 0.34342447 4.4292086e-09 -80923.37
-1615281800000.0 0.3427734 4.4292086e-09 -80923.37
-1612214000000.0 0.3421224 4.4292086e-09 -80923.37
-1609145900000.0 0.34147134 4.4292086e-09 -80923.37
-1606078000000.0 0.3408203 4.4343147e-09 -72379.66
-1603010000000.0 0.34016928 4.4343147e-09 -72379.66
-1599942000000.0 0.33951822 4.4343147e-09 -72379.66
-1596874000000.0 0.3388672 4.4343147e-09 -72379.66
-1593806200000.0 0.33821616 4.4652992e-09 -101191.195
-1590738000000.0 0.3375651 4.4652992e-09 -101191.195
-1587670200000.0 0.33691406 4.4652992e-09 -101191.195
-1584602300000.0 0.33626303 4.4652992e-09 -101191.195
-1581534200000.0 0.33561197 4.4528043e-09 -103102.92
-1578466300000.0 0.33496094 4.4528043e-09 -103102.92
-1575398400000.0 0.3343099 4.4528043e-09 -103102.92
-1572330400000.0 0.33365887 4.4528043e-09 -103102.92
-1569262400000.0 0.3330078 4.518212e-09 -133029.44
-1566194400000.0 0.33235678 4.518212e-09 -133029.44
-1563126500000.0 0.33170575 4.518212e-09 -133029.44
-1560058700000.0 0.33105472 4.518212e-09 -133029.44
-1556990500000.0 0.33040363 4.53159e-09 -134968.36
-1553922700000.0 0.3297526 4.53159e-09 -134968.36
-1550854700000.0 0.32910156 4.53159e-09 -134968.36
-1547786600000.0 0.3284505 4.53159e-09 -134968.36
-1544718600000.0 0.32779947 4.580722e-09 -163985.81
-1541650800000.0 0.32714844 4.580722e-09 -163985.81
-1538582800000.0 0.32649738 4.580722e-09 -163985.81
-1535514800000.0 0.32584634 4.580722e-09 -163985.81
-1532446900000.0 0.3251953 4.5876063e-09 -176118.12
-1529379000000.0 0.32454428 4.5876063e-09 -176118.12
-1526310900000.0 0.32389322 4.5876063e-09 -176118.12
-1523243000000.0 0.3232422 4.5876063e-09 -176118.12
-1520175000000.0 0.32259116 4.6426014e-09 -201945.67
-1517107200000.0 0.32194012 4.6426014e-09 -201945.67
-1514039000000.0 0.32128906 4.6426014e-09 -201945.67
-1510971100000.0 0.32063803 4.6426014e-09 -201945.67
-1507903300000.0 0.319987 4.676434e-09 -219751.39
-1504835100000.0 0.31933594 4.676434e-09 -219751.39
-1501767300000.0 0.3186849 4.676434e-09 -219751.39
-1498699400000.0 0.31803387 4.676434e-09 -219751.39
-1495631400000.0 0.31738284 4.6974655e-09 -237683.77
-1492563400000.0 0.31673178 4.6974655e-09 -237683.77
-1489495400000.0 0.31608072 4.6974655e-09 -237683.77
-1486427500000.0 0.3154297 4.6974655e-09 -237683.77
-1483359400000.0 0.31477863 4.7360458e-09 -262269.16
-1480291500000.0 0.3141276 4.7360458e-09 -262269.16
-1477223600000.0 0.31347656 4.7360458e-09 -262269.16
-1474155600000.0 0.31282553 4.7360458e-09 -262269.16
-1471087600000.0 0.31217447 4.751476e-09 -277393.5
-1468019600000.0 0.3115234 4.751476e-09 -277393.5
-1464951800000.0 0.3108724 4.751476e-09 -277393.5
-1461883600000.0 0.3102213 4.751476e-09 -277393.5
-1458815800000.0 0.3095703 4.8353748e-09 -308047.66
-1455747900000.0 0.30891928 4.8353748e-09 -308047.66
-1452679900000.0 0.30826822 4.8353748e-09 -308047.66
-1449611900000.0 0.3076172 4.8353748e-09 -308047.66
-1446544000000.0 0.30696616 4.8428146e-09 -315452.6
-1443476000000.0 0.30631512 4.8428146e-09 -315452.6
-1440408000000.0 0.30566406 4.8428146e-09 -315452.6
-1437340000000.0 0.30501303 4.8428146e-09 -315452.6
-1434272100000.0 0.304362 4.922385e-09 -344416.84
-1431204100000.0 0.30371094 4.922385e-09 -344416.84
-1428136100000.0 0.30305988 4.922385e-09 -344416.84
-1425068300000.0 0.30240884 4.922385e-09 -344416.84
-1422000300000.0 0.3017578 4.9105635e-09 -342153.1
-1418932300000.0 0.30110675 4.9105635e-09 -342153.1
-1415864300000.0 0.30045572 4.9105635e-09 -342153.1
-1412796400000.0 0.2998047 4.9105635e-09 -342153.1
