morphology_data/1d_wb_a0.05_l8r2_00001.ecsv
# %ECSV 1.0
# ---
# datatype:
# - {name: b, datatype: float32}
# - {name: phase, datatype: float32}
# - {name: sigma, datatype: float32}
# - {name: vr, datatype: float32}
# meta: {lambda: 8, rp: 2.0, sep: 0.05, wind: b}
# schema: astropy-2.0
b phase sigma vr
[from data line 422]
-1059980800000.0 0.22493489 3.5856396e-10 445264.97
-1056912830000.0 0.22428386 3.5856396e-10 445264.97
-1053844800000.0 0.22363281 4.1306344e-10 445731.22
-1050776800000.0 0.22298177 4.1306344e-10 445731.22
-1047708960000.0 0.22233073 4.1306344e-10 445731.22
-1044640960000.0 0.22167969 4.1306344e-10 445731.22
-1041572950000.0 0.22102864 4.69477e-10 440704.03
-1038505000000.0 0.22037761 4.69477e-10 440704.03
-1035437150000.0 0.21972658 4.69477e-10 440704.03
-1032369140000.0 0.21907552 4.69477e-10 440704.03
-1029301140000.0 0.21842447 5.289259e-10 431654.2
-1026233200000.0 0.21777344 5.289259e-10 431654.2
-1023165200000.0 0.21712239 5.289259e-10 431654.2
-1020097200000.0 0.21647134 5.289259e-10 431654.2
-1017029300000.0 0.21582031 5.8821303e-10 419492.6
-1013961400000.0 0.21516928 5.8821303e-10 419492.6
-1010893400000.0 0.21451823 5.8821303e-10 419492.6
-1007825400000.0 0.21386719 5.8821303e-10 419492.6
-1004757450000.0 0.21321616 6.5085637e-10 403570.34
-1001689500000.0 0.2125651 6.5085637e-10 403570.34
-998621500000.0 0.21191405 6.5085637e-10 403570.34
-995553600000.0 0.21126302 6.5085637e-10 403570.34
-992485640000.0 0.21061198 7.1664896e-10 386640.84
-989417640000.0 0.20996094 7.1664896e-10 386640.84
-986349630000.0 0.20930989 7.1664896e-10 386640.84
-983281760000.0 0.20865886 7.1664896e-10 386640.84
-980213760000.0 0.20800781 7.8889595e-10 369298.75
-977145760000.0 0.20735677 7.8889595e-10 369298.75
-974077800000.0 0.20670573 7.8889595e-10 369298.75
-971009950000.0 0.2060547 7.8889595e-10 369298.75
-967941950000.0 0.20540364 8.695793e-10 353334.6
-964873950000.0 0.2047526 8.695793e-10 353334.6
-961806000000.0 0.20410156 8.695793e-10 353334.6
-958738140000.0 0.20345053 8.695793e-10 353334.6
-955670000000.0 0.20279947 9.593766e-10 339350.94
-952602100000.0 0.20214844 9.593766e-10 339350.94
-949534200000.0 0.2014974 9.593766e-10 339350.94
-946466200000.0 0.20084636 9.593766e-10 339350.94
-943398200000.0 0.20019531 1.0594423e-09 327312.3
-940330250000.0 0.19954428 1.0594423e-09 327312.3
-937262400000.0 0.19889325 1.0594423e-09 327312.3
-934194300000.0 0.19824217 1.0594423e-09 327312.3
-931126400000.0 0.19759114 1.172457e-09 318120.5
-928058440000.0 0.19694011 1.172457e-09 318120.5
-924990440000.0 0.19628906 1.172457e-09 318120.5
-921922440000.0 0.19563802 1.172457e-09 318120.5
-918854570000.0 0.19498698 1.2944097e-09 310958.78
-915786600000.0 0.19433595 1.2944097e-09 310958.78
-912718560000.0 0.19368488 1.2944097e-09 310958.78
-909650600000.0 0.19303386 1.2944097e-09 310958.78
-906582750000.0 0.19238283 1.4314834e-09 305665.5
-903514750000.0 0.19173177 1.4314834e-09 305665.5
-900446750000.0 0.19108072 1.4314834e-09 305665.5
-897378800000.0 0.19042969 1.4314834e-09 305665.5
-894310900000.0 0.18977866 1.5774428e-09 300665.88
-891242800000.0 0.1891276 1.5774428e-09 300665.88
-888174940000.0 0.18847656 1.5774428e-09 300665.88
-885107000000.0 0.18782553 1.5774428e-09 300665.88
-882039000000.0 0.18717448 1.7328032e-09 296250.78
-878971000000.0 0.18652342 1.7328032e-09 296250.78
-875903060000.0 0.1858724 1.7328032e-09 296250.78
-872835200000.0 0.18522137 1.7328032e-09 296250.78
-869767050000.0 0.1845703 1.8977067e-09 290505.78
-866699200000.0 0.18391927 1.8977067e-09 290505.78
-863631250000.0 0.18326823 1.8977067e-09 290505.78
-860563240000.0 0.18261719 1.8977067e-09 290505.78
-857495400000.0 0.18196616 2.0692954e-09 283197.75
-854427400000.0 0.18131511 2.0692954e-09 283197.75
-851359400000.0 0.18066408 2.0692954e-09 283197.75
-848291360000.0 0.180013 2.0692954e-09 283197.75
-845223400000.0 0.17936198 2.2499753e-09 276251.16
-842155560000.0 0.17871095 2.2499753e-09 276251.16
-839087400000.0 0.17805988 2.2499753e-09 276251.16
-836019700000.0 0.17740889 2.2499753e-09 276251.16
-832951600000.0 0.17675781 2.4352365e-09 265167.03
-829883550000.0 0.17610675 2.4352365e-09 265167.03
-826815800000.0 0.17545575 2.4352365e-09 265167.03
-823747740000.0 0.17480469 2.4352365e-09 265167.03
-820679600000.0 0.17415361 2.6373483e-09 255654.72
-817611870000.0 0.17350262 2.6373483e-09 255654.72
-814543800000.0 0.17285155 2.6373483e-09 255654.72
-811475860000.0 0.17220053 2.6373483e-09 255654.72
-808408000000.0 0.1715495 2.8425036e-09 242842.0
-805339860000.0 0.17089842 2.8425036e-09 242842.0
-802272000000.0 0.17024739 2.8425036e-09 242842.0
-799204050000.0 0.16959636 2.8425036e-09 242842.0
-796136000000.0 0.1689453 3.0738447e-09 231156.69
-793068240000.0 0.1682943 3.0738447e-09 231156.69
-790000200000.0 0.16764323 3.0738447e-09 231156.69
-786932040000.0 0.16699216 3.0738447e-09 231156.69
-783864370000.0 0.16634117 3.3090708e-09 215329.31
-780796200000.0 0.1656901 3.3090708e-09 215329.31
-777728160000.0 0.16503903 3.3090708e-09 215329.31
-774660400000.0 0.16438805 3.3090708e-09 215329.31
-771592360000.0 0.16373697 3.5729224e-09 202242.28
-768524400000.0 0.16308594 3.5729224e-09 202242.28
-765456500000.0 0.1624349 3.5729224e-09 202242.28
-762388400000.0 0.16178384 3.5729224e-09 202242.28
-759320540000.0 0.16113281 3.848982e-09 183162.98
-756252600000.0 0.16048178 3.848982e-09 183162.98
-753184540000.0 0.1598307 3.848982e-09 183162.98
-750116800000.0 0.15917972 3.848982e-09 183162.98
-747048670000.0 0.15852864 4.1493364e-09 165352.61
-743980600000.0 0.15787758 4.1493364e-09 165352.61
-740912860000.0 0.15722659 4.1493364e-09 165352.61
-737844800000.0 0.15657552 4.1493364e-09 165352.61
-734776700000.0 0.15592445 4.488388e-09 145988.12
-731709000000.0 0.15527347 4.488388e-09 145988.12
-728640850000.0 0.15462239 4.488388e-09 145988.12
-725573000000.0 0.15397136 4.488388e-09 145988.12
-722505040000.0 0.15332033 4.827938e-09 121757.37
-719437000000.0 0.15266925 4.827938e-09 121757.37
-716369040000.0 0.15201822 4.827938e-09 121757.37
-713301160000.0 0.1513672 4.827938e-09 121757.37
-710233000000.0 0.15071613 5.238019e-09 102714.836
-707165300000.0 0.15006512 5.238019e-09 102714.836
-704097200000.0 0.14941406 5.238019e-09 102714.836
-701029150000.0 0.148763 5.238019e-09 102714.836
-697961400000.0 0.148112 5.6356626e-09 75337.74
-694893300000.0 0.14746092 5.6356626e-09 75337.74
-691825200000.0 0.14680986 5.6356626e-09 75337.74
-688757500000.0 0.14615887 5.6356626e-09 75337.74
-685689400000.0 0.1455078 6.05788e-09 47269.805
-682621500000.0 0.14485677 6.05788e-09 47269.805
-679553600000.0 0.14420575 6.05788e-09 47269.805
-676485460000.0 0.14355466 6.05788e-09 47269.805
-673417600000.0 0.14290364 6.5278476e-09 21206.523
-670349660000.0 0.14225261 6.5278476e-09 21206.523
-667281600000.0 0.14160155 6.5278476e-09 21206.523
-664213850000.0 0.14095055 6.5278476e-09 21206.523
-661145800000.0 0.14029948 6.948481e-09 -14255.35
-658077650000.0 0.13964841 6.948481e-09 -14255.35
-655009900000.0 0.1389974 6.948481e-09 -14255.35
-651941840000.0 0.13834634 6.948481e-09 -14255.35
-648873800000.0 0.13769528 7.3540463e-09 -53385.902
-645806000000.0 0.1370443 7.3540463e-09 -53385.902
-642737960000.0 0.13639323 7.3540463e-09 -53385.902
-639670000000.0 0.13574219 7.3540463e-09 -53385.902
-636602100000.0 0.13509116 7.7851166e-09 -90490.24
-633534000000.0 0.1344401 7.7851166e-09 -90490.24
-630466100000.0 0.13378905 7.7851166e-09 -90490.24
-627398200000.0 0.13313803 7.7851166e-09 -90490.24
-624330150000.0 0.13248697 8.1915505e-09 -128856.25
-621262400000.0 0.13183598 8.1915505e-09 -128856.25
-618194300000.0 0.13118489 8.1915505e-09 -128856.25
-615126200000.0 0.13053383 8.1915505e-09 -128856.25
-612058460000.0 0.12988284 8.565499e-09 -166338.98
-608990400000.0 0.12923177 8.565499e-09 -166338.98
-605922260000.0 0.12858069 8.565499e-09 -166338.98
-602854600000.0 0.12792972 8.565499e-09 -166338.98
-599786460000.0 0.12727864 8.963099e-09 -198823.17
-596718600000.0 0.12662761 8.963099e-09 -198823.17
-593650650000.0 0.12597658 8.963099e-09 -198823.17
-590582600000.0 0.1253255 8.963099e-09 -198823.17
-587514640000.0 0.12467448 9.368785e-09 -225619.8
-584446800000.0 0.12402345 9.368785e-09 -225619.8
-581378640000.0 0.123372376 9.368785e-09 -225619.8
-578310900000.0 0.12272138 9.368785e-09 -225619.8
-575242800000.0 0.12207031 9.788396e-09 -250495.45
-572174760000.0 0.12141925 9.788396e-09 -250495.45
-569107000000.0 0.12076825 9.788396e-09 -250495.45
-566038900000.0 0.12011717 9.788396e-09 -250495.45
-562970800000.0 0.11946611 1.0209751e-08 -269621.66
-559903100000.0 0.118815124 1.0209751e-08 -269621.66
-556835000000.0 0.118164055 1.0209751e-08 -269621.66
-553767100000.0 0.11751302 1.0209751e-08 -269621.66
-550699200000.0 0.11686199 1.0586033e-08 -285312.62
-547631100000.0 0.11621092 1.0586033e-08 -285312.62
-544563200000.0 0.11555989 1.0586033e-08 -285312.62
-541495260000.0 0.11490886 1.0586033e-08 -285312.62
-538427200000.0 0.11425779 1.0876796e-08 -299617.97
-535359460000.0 0.113606796 1.0876796e-08 -299617.97
-532291350000.0 0.11295573 1.0876796e-08 -299617.97
-529223300000.0 0.11230466 1.0876796e-08 -299617.97
-526155550000.0 0.11165367 1.1062028e-08 -311609.03
-523087450000.0 0.1110026 1.1062028e-08 -311609.03
-520019350000.0 0.11035153 1.1062028e-08 -311609.03
-516951640000.0 0.10970054 1.1062028e-08 -311609.03
-513883540000.0 0.10904947 1.1165226e-08 -320449.22
-510815630000.0 0.10839844 1.1165226e-08 -320449.22
-507747730000.0 0.107747406 1.1165226e-08 -320449.22
-504679630000.0 0.10709634 1.1165226e-08 -320449.22
-501611720000.0 0.106445305 1.1143268e-08 -326608.7
-498543820000.0 0.10579427 1.1143268e-08 -326608.7
-495475720000.0 0.10514321 1.1143268e-08 -326608.7
-492407980000.0 0.10449222 1.1143268e-08 -326608.7
-489339900000.0 0.10384115 1.1032252e-08 -330481.72
-486271800000.0 0.10319008 1.1032252e-08 -330481.72
-483204070000.0 0.102539085 1.1032252e-08 -330481.72
-480135970000.0 0.101888016 1.1032252e-08 -330481.72
-477067900000.0 0.10123695 1.085232e-08 -333234.28
-474000160000.0 0.10058595 1.085232e-08 -333234.28
-470932060000.0 0.09993488 1.085232e-08 -333234.28
-467864160000.0 0.09928385 1.085232e-08 -333234.28
-464796250000.0 0.09863283 1.0735416e-08 -338787.84
-461728150000.0 0.09798176 1.0735416e-08 -338787.84
-458660250000.0 0.09733073 1.0735416e-08 -338787.84
-455592350000.0 0.096679695 1.0735416e-08 -338787.84
-452524240000.0 0.096028626 1.0655898e-08 -342334.28
-449456500000.0 0.09537763 1.0655898e-08 -342334.28
-446388440000.0 0.09472656 1.0655898e-08 -342334.28
-443320340000.0 0.09407549 1.0655898e-08 -342334.28
-440252600000.0 0.0934245 1.0706945e-08 -345460.7
-437184530000.0 0.09277343 1.0706945e-08 -345460.7
-434116430000.0 0.09212236 1.0706945e-08 -345460.7
-431048700000.0 0.091471374 1.0706945e-08 -345460.7
-427980620000.0 0.090820305 1.0772474e-08 -350265.5
-424912680000.0 0.09016927 1.0772474e-08 -350265.5
-421844780000.0 0.08951824 1.0772474e-08 -350265.5
-418776700000.0 0.08886717 1.0772474e-08 -350265.5
-415708770000.0 0.08821614 1.0829278e-08 -358824.03
-412640870000.0 0.08756511 1.0829278e-08 -358824.03
-409572800000.0 0.08691404 1.0829278e-08 -358824.03
-406505060000.0 0.086263046 1.0829278e-08 -358824.03
-403436960000.0 0.08561198 1.0824516e-08 -363051.75
-400368860000.0 0.08496091 1.0824516e-08 -363051.75
-397301150000.0 0.08430992 1.0824516e-08 -363051.75
-394233050000.0 0.08365885 1.0824516e-08 -363051.75
-391165150000.0 0.08300782 1.0857773e-08 -455366.28
-388097250000.0 0.08235679 1.0857773e-08 -455366.28
-385029140000.0 0.08170572 1.0644198e-08 -447473.9
-381961240000.0 0.08105469 1.0644198e-08 -447473.9
-378893340000.0 0.080403656 1.0529651e-08 -449271.03
-375825240000.0 0.07975259 1.0529651e-08 -449271.03
-372757500000.0 0.07910159 1.0420774e-08 -447796.03
-369689400000.0 0.07845052 1.0420774e-08 -447796.03
-366621330000.0 0.077799454 1.0333015e-08 -446901.5
-363553600000.0 0.07714847 1.0333015e-08 -446901.5
-360485500000.0 0.07649739 1.0271276e-08 -444496.4
-357417420000.0 0.07584633 1.0271276e-08 -444496.4
-354349680000.0 0.075195335 1.0240494e-08 -441194.84
-351281580000.0 0.07454426 1.0240494e-08 -441194.84
-348213670000.0 0.073893234 1.02255004e-08 -437897.97
-345145770000.0 0.0732422 1.02255004e-08 -437897.97
-342077670000.0 0.07259113 1.0228872e-08 -432857.7
-339009770000.0 0.0719401 1.0228872e-08 -432857.7
-335941860000.0 0.07128907 1.0232334e-08 -428321.6
-332873760000.0 0.070638 1.0232334e-08 -428321.6
-329806020000.0 0.06998701 1.0243988e-08 -424875.53
-326737950000.0 0.069335945 1.0243988e-08 -424875.53
-323669850000.0 0.068684876 1.0257647e-08 -422098.8
-320602100000.0 0.068033874 1.0257647e-08 -422098.8
-317534040000.0 0.06738281 1.0238929e-08 -422269.4
-314465940000.0 0.06673174 1.0238929e-08 -422269.4
-311398200000.0 0.06608075 1.018939e-08 -426200.06
-308330140000.0 0.06542969 1.018939e-08 -426200.06
-305262200000.0 0.06477865 1.0085495e-08 -434004.84
-302194300000.0 0.06412762 1.0085495e-08 -434004.84
-299126230000.0 0.063476555 9.935212e-09 -446153.1
-296058300000.0 0.062825516 9.935212e-09 -446153.1
-292990400000.0 0.062174488 9.736359e-09 -461619.22
-289922320000.0 0.061523426 9.736359e-09 -461619.22
-286854580000.0 0.060872428 9.487924e-09 -479769.2
-283786480000.0 0.06022136 9.487924e-09 -479769.2
-280718380000.0 0.059570286 9.198039e-09 -498365.25
-277650670000.0 0.058919296 9.198039e-09 -498365.25
-274582570000.0 0.058268227 8.879943e-09 -516388.22
-271514480000.0 0.057617158 8.879943e-09 -516388.22
-268446740000.0 0.056966167 8.537612e-09 -533847.94
-265378660000.0 0.056315098 8.537612e-09 -533847.94
-262310740000.0 0.055664066 8.1911695e-09 -549131.7
-259242840000.0 0.055013034 8.1911695e-09 -549131.7
-256174750000.0 0.05436197 7.850649e-09 -561104.44
-253106830000.0 0.053710938 7.850649e-09 -561104.44
-250038930000.0 0.053059906 7.530696e-09 -567534.7
-246970840000.0 0.052408837 7.530696e-09 -567534.7
-243903100000.0 0.051757842 7.243874e-09 -573541.25
-240835020000.0 0.051106777 7.243874e-09 -573541.25
-237766920000.0 0.050455708 6.9835027e-09 -576949.4
-234699200000.0 0.049804714 6.9835027e-09 -576949.4
-231631110000.0 0.049153645 6.776574e-09 -583746.3
-228563010000.0 0.048502576 6.776574e-09 -583746.3
-225495290000.0 0.047851585 6.6364483e-09 -589896.56
-222427190000.0 0.047200516 6.6364483e-09 -589896.56
-219359280000.0 0.046549484 6.579155e-09 -602669.0
-216291380000.0 0.045898452 6.579155e-09 -602669.0
-213223280000.0 0.045247383 6.6090657e-09 -616453.75
-210155370000.0 0.04459635 6.6090657e-09 -616453.75
-207087470000.0 0.043945324 6.7092834e-09 -634213.3
-204019370000.0 0.043294255 6.7092834e-09 -634213.3
-200951640000.0 0.04264326 6.8905606e-09 -651459.5
-197883540000.0 0.04199219 6.8905606e-09 -651459.5
-194815460000.0 0.041341122 7.2955144e-09 -663271.94
-191747740000.0 0.04069013 7.462788e-09 -666490.1
-188679630000.0 0.040039062 7.644111e-09 -668836.7
-185611550000.0 0.039387994 7.8188185e-09 -670378.25
-182543810000.0 0.038736995 7.981256e-09 -671227.0
-179475730000.0 0.03808593 8.125606e-09 -672304.94
-176407820000.0 0.0374349 8.242948e-09 -673018.4
-173339900000.0 0.03678387 8.341508e-09 -673422.7
-170271820000.0 0.0361328 8.418014e-09 -672197.3
-167203910000.0 0.035481773 8.483471e-09 -670953.1
-164136000000.0 0.034830738 8.552829e-09 -668702.7
-161067910000.0 0.03417967 8.6444e-09 -665051.1
-158000170000.0 0.033528678 8.773005e-09 -660788.7
-154932080000.0 0.03287761 8.935564e-09 -654716.7
-151864000000.0 0.03222654 9.127853e-09 -648013.6
-148796260000.0 0.031575546 9.337696e-09 -640310.9
-145728180000.0 0.030924477 9.486387e-09 -630495.3
-142660100000.0 0.030273411 9.747304e-09 -620447.9
-139592350000.0 0.029622415 1.0000598e-08 -610550.6
-136524260000.0 0.028971346 1.02795665e-08 -601299.44
-133456355000.0 0.028320316 1.060602e-08 -590833.75
-130388440000.0 0.027669284 1.0955475e-08 -579272.6
-127320350000.0 0.027018217 1.1309907e-08 -568441.2
-124252440000.0 0.026367186 1.16803385e-08 -557259.0
-121184530000.0 0.025716154 1.2073721e-08 -547079.94
-118116440000.0 0.025065087 1.2470386e-08 -536909.56
-115048710000.0 0.024414092 1.2869908e-08 -528153.06
-111980620000.0 0.023763025 1.3268084e-08 -521859.75
-108912530000.0 0.023111956 1.366042e-08 -516800.62
-105844800000.0 0.022460962 1.4111699e-08 -510653.9
-102776710000.0 0.021809895 1.4706432e-08 -500536.66
