morphology_data/1d_wb_a0.025_l4r1_00001.ecsv
# %ECSV 1.0
# ---
# datatype:
# - {name: b, datatype: float32}
# - {name: phase, datatype: float32}
# - {name: sigma, datatype: float32}
# - {name: vr, datatype: float32}
# meta: {lambda: 4, rp: 1.0, sep: 0.025, wind: b}
# schema: astropy-2.0
b phase sigma vr
[from data line 935]
272281600000.0 -0.11555989 2.4902295e-08 513624.06
273815550000.0 -0.11621092 2.4902295e-08 513624.06
275349600000.0 -0.11686199 2.4902295e-08 513624.06
276883540000.0 -0.11751302 2.3223642e-08 71683.66
278417500000.0 -0.118164055 2.3223642e-08 71683.66
279951540000.0 -0.118815124 2.3223642e-08 71683.66
281485400000.0 -0.11946611 2.3223642e-08 71683.66
283019440000.0 -0.12011717 2.1429116e-08 -408859.78
284553500000.0 -0.12076825 2.1429116e-08 -408859.78
286087380000.0 -0.12141925 2.1429116e-08 -408859.78
287621400000.0 -0.12207031 2.1429116e-08 -408859.78
289155450000.0 -0.12272138 2.0521849e-08 -650627.56
290689320000.0 -0.123372376 2.0521849e-08 -650627.56
292223400000.0 -0.12402345 2.0521849e-08 -650627.56
293757320000.0 -0.12467448 2.0521849e-08 -650627.56
295291300000.0 -0.1253255 2.0472957e-08 -753040.1
296825320000.0 -0.12597658 2.0472957e-08 -753040.1
298359300000.0 -0.12662761 2.0472957e-08 -753040.1
299893230000.0 -0.12727864 2.0472957e-08 -753040.1
301427300000.0 -0.12792972 2.0054571e-08 -830450.3
302961130000.0 -0.12858069 2.0054571e-08 -830450.3
304495200000.0 -0.12923177 2.0054571e-08 -830450.3
306029230000.0 -0.12988284 2.0054571e-08 -830450.3
307563100000.0 -0.13053383 1.9175785e-08 -878794.1
309097140000.0 -0.13118489 1.9175785e-08 -878794.1
310631200000.0 -0.13183598 1.9175785e-08 -878794.1
312165070000.0 -0.13248697 1.9175785e-08 -878794.1
313699100000.0 -0.13313803 1.849305e-08 -930541.56
315233040000.0 -0.13378905 1.849305e-08 -930541.56
316767000000.0 -0.1344401 1.849305e-08 -930541.56
318301040000.0 -0.13509116 1.849305e-08 -930541.56
319835000000.0 -0.13574219 1.815441e-08 -1149320.8
321368980000.0 -0.13639323 1.815441e-08 -1149320.8
322903000000.0 -0.1370443 1.815441e-08 -1149320.8
324436900000.0 -0.13769528 1.815441e-08 -1149320.8
325970920000.0 -0.13834634 1.8129526e-08 -1326410.2
327504950000.0 -0.1389974 1.8129526e-08 -1326410.2
329038820000.0 -0.13964841 1.8129526e-08 -1326410.2
330572900000.0 -0.14029948 1.8129526e-08 -1326410.2
332106920000.0 -0.14095055 1.8697031e-08 -1490691.4
333640800000.0 -0.14160155 1.8697031e-08 -1490691.4
335174830000.0 -0.14225261 1.8697031e-08 -1490691.4
336708900000.0 -0.14290369 1.8697031e-08 -1490691.4
338242730000.0 -0.14355466 1.8879835e-08 -1490964.4
339776800000.0 -0.14420575 1.8879835e-08 -1490964.4
341310830000.0 -0.14485681 1.8879835e-08 -1490964.4
342844700000.0 -0.1455078 1.8879835e-08 -1490964.4
344378570000.0 -0.1461588 1.819626e-08 -1330796.6
345912800000.0 -0.14680995 1.819626e-08 -1330796.6
347446640000.0 -0.14746092 1.819626e-08 -1330796.6
348980500000.0 -0.14811192 1.819626e-08 -1330796.6
350514740000.0 -0.14876308 1.6147816e-08 -1026858.75
352048600000.0 -0.14941406 1.6147816e-08 -1026858.75
353582480000.0 -0.15006506 1.6147816e-08 -1026858.75
355116700000.0 -0.1507162 1.6147816e-08 -1026858.75
356650580000.0 -0.1513672 1.3571059e-08 -667245.56
358184420000.0 -0.15201817 1.3571059e-08 -667245.56
359718650000.0 -0.15266933 1.3571059e-08 -667245.56
361252520000.0 -0.15332033 1.3571059e-08 -667245.56
362786400000.0 -0.15397131 1.1634507e-08 -349960.88
364320420000.0 -0.15462239 1.1634507e-08 -349960.88
365854500000.0 -0.15527347 1.1634507e-08 -349960.88
367388360000.0 -0.15592445 1.1634507e-08 -349960.88
368922400000.0 -0.15657552 1.1024375e-08 -226320.95
370456430000.0 -0.15722659 1.1024375e-08 -226320.95
371990300000.0 -0.15787758 1.1024375e-08 -226320.95
373524330000.0 -0.15852864 1.1024375e-08 -226320.95
375058400000.0 -0.15917972 1.0039989e-08 -241647.77
376592270000.0 -0.1598307 1.0039989e-08 -241647.77
378126300000.0 -0.16048178 1.0039989e-08 -241647.77
379660340000.0 -0.16113284 1.0039989e-08 -241647.77
381194200000.0 -0.16178384 8.878793e-09 -24865.209
382728240000.0 -0.1624349 8.878793e-09 -24865.209
384262300000.0 -0.16308598 8.878793e-09 -24865.209
385796180000.0 -0.16373697 8.878793e-09 -24865.209
387330050000.0 -0.16438797 7.7511775e-09 -174149.0
388864250000.0 -0.1650391 7.7511775e-09 -174149.0
390398100000.0 -0.1656901 7.7511775e-09 -174149.0
391932000000.0 -0.1663411 7.7511775e-09 -174149.0
393466220000.0 -0.16699223 6.6827814e-09 -565179.2
395000100000.0 -0.16764323 6.6827814e-09 -565179.2
396533960000.0 -0.16829422 6.6827814e-09 -565179.2
398068150000.0 -0.16894537 6.6827814e-09 -565179.2
399602020000.0 -0.16959636 5.421226e-09 -1032923.8
401135900000.0 -0.17024736 5.421226e-09 -1032923.8
402669930000.0 -0.17089842 5.421226e-09 -1032923.8
404204000000.0 -0.1715495 5.421226e-09 -1032923.8
405737870000.0 -0.17220049 4.361424e-09 -1363756.9
407271900000.0 -0.17285155 4.361424e-09 -1363756.9
408805930000.0 -0.17350262 4.361424e-09 -1363756.9
410339800000.0 -0.17415361 4.361424e-09 -1363756.9
411873870000.0 -0.17480469 3.787645e-09 -526352.94
413407900000.0 -0.17545575 3.787645e-09 -526352.94
414941770000.0 -0.17610675 3.787645e-09 -526352.94
416475800000.0 -0.17675781 3.787645e-09 -526352.94
418009840000.0 -0.17740889 3.843757e-09 268416.84
419543700000.0 -0.17805988 3.843757e-09 268416.84
421077780000.0 -0.17871095 3.843757e-09 268416.84
422611800000.0 -0.17936201 3.843757e-09 268416.84
424145680000.0 -0.180013 4.02032e-09 754212.3
425679550000.0 -0.180664 4.02032e-09 754212.3
427213750000.0 -0.18131514 4.02032e-09 754212.3
428747620000.0 -0.18196614 4.02032e-09 754212.3
430281500000.0 -0.18261713 4.2868002e-09 944416.2
431815720000.0 -0.18326828 4.2868002e-09 944416.2
433349600000.0 -0.18391927 4.2868002e-09 944416.2
434883460000.0 -0.18457027 4.2868002e-09 944416.2
436417700000.0 -0.1852214 4.487247e-09 939414.25
437951530000.0 -0.1858724 4.487247e-09 939414.25
439485400000.0 -0.1865234 4.487247e-09 939414.25
441019630000.0 -0.18717454 4.487247e-09 939414.25
442553500000.0 -0.18782553 4.488437e-09 770823.3
444087370000.0 -0.18847652 4.488437e-09 770823.3
445621400000.0 -0.1891276 4.488437e-09 770823.3
447155440000.0 -0.18977866 4.488437e-09 770823.3
448689300000.0 -0.19042966 4.3858854e-09 567510.3
450223370000.0 -0.19108072 4.3858854e-09 567510.3
451757400000.0 -0.1917318 4.3858854e-09 567510.3
453291280000.0 -0.19238278 4.3858854e-09 567510.3
454825300000.0 -0.19303386 4.293263e-09 306195.47
456359380000.0 -0.19368492 4.293263e-09 306195.47
457893200000.0 -0.19433591 4.293263e-09 306195.47
459427280000.0 -0.19498698 4.293263e-09 306195.47
460961320000.0 -0.19563805 4.088261e-09 -84775.08
462495200000.0 -0.19628905 4.088261e-09 -84775.08
464029220000.0 -0.19694011 4.088261e-09 -84775.08
465563300000.0 -0.19759119 4.088261e-09 -84775.08
467097160000.0 -0.19824217 3.920148e-09 -436040.9
468631000000.0 -0.19889317 3.920148e-09 -436040.9
470165230000.0 -0.19954431 3.920148e-09 -436040.9
471699100000.0 -0.20019531 3.920148e-09 -436040.9
473232970000.0 -0.2008463 3.9515062e-09 -589440.0
474767200000.0 -0.20149745 3.9515062e-09 -589440.0
476301070000.0 -0.20214844 3.9515062e-09 -589440.0
477834900000.0 -0.20279942 3.9515062e-09 -589440.0
479369130000.0 -0.20345058 4.2293133e-09 -524422.6
480903000000.0 -0.20410156 4.2293133e-09 -524422.6
482436870000.0 -0.20475256 4.2293133e-09 -524422.6
483971100000.0 -0.2054037 4.2293133e-09 -524422.6
485504970000.0 -0.2060547 4.5248467e-09 -442132.2
487038840000.0 -0.20670569 4.5248467e-09 -442132.2
488572880000.0 -0.20735677 4.5248467e-09 -442132.2
490106900000.0 -0.20800783 4.5248467e-09 -442132.2
491640780000.0 -0.20865881 4.743423e-09 -418294.06
493174820000.0 -0.20930989 4.743423e-09 -418294.06
494708880000.0 -0.20996095 4.743423e-09 -418294.06
496242750000.0 -0.21061195 4.743423e-09 -418294.06
497776800000.0 -0.21126302 4.9090962e-09 -321065.03
499310820000.0 -0.21191409 4.9090962e-09 -321065.03
500844700000.0 -0.21256508 4.9090962e-09 -321065.03
502378730000.0 -0.21321616 4.9090962e-09 -321065.03
503912800000.0 -0.21386722 4.925854e-09 -59486.27
505446660000.0 -0.2145182 4.925854e-09 -59486.27
506980700000.0 -0.21516928 4.925854e-09 -59486.27
508514730000.0 -0.21582034 4.925854e-09 -59486.27
510048600000.0 -0.21647134 4.8068403e-09 305509.78
511582470000.0 -0.21712233 4.8068403e-09 305509.78
513116700000.0 -0.21777348 4.8068403e-09 305509.78
514650570000.0 -0.21842447 4.8068403e-09 305509.78
516184440000.0 -0.21907547 4.531285e-09 881782.6
517718640000.0 -0.2197266 4.531285e-09 881782.6
519252500000.0 -0.22037761 4.531285e-09 881782.6
520786380000.0 -0.2210286 4.531285e-09 881782.6
522320600000.0 -0.22167975 3.968846e-09 1726069.8
523854480000.0 -0.22233073 3.968846e-09 1726069.8
525388350000.0 -0.22298172 3.968846e-09 1726069.8
526922550000.0 -0.22363287 3.968846e-09 1726069.8
528456420000.0 -0.22428386 3.868412e-09 2842471.8
529990300000.0 -0.22493486 3.868412e-09 2842471.8
531524350000.0 -0.22558592 3.868412e-09 2842471.8
533058400000.0 -0.226237 3.868412e-09 2842471.8
534592260000.0 -0.22688799 4.647649e-09 3963352.2
536126300000.0 -0.22753906 4.647649e-09 3963352.2
537660330000.0 -0.22819012 4.647649e-09 3963352.2
539194200000.0 -0.22884111 4.647649e-09 3963352.2
540728260000.0 -0.22949219 6.0199357e-09 4655156.5
542262300000.0 -0.23014325 6.0199357e-09 4655156.5
543796170000.0 -0.23079425 6.0199357e-09 4655156.5
545330200000.0 -0.23144531 6.0199357e-09 4655156.5
546864270000.0 -0.23209639 3.047028e-09 6309137.0
548398100000.0 -0.23274738 3.047028e-09 6309137.0
549932200000.0 -0.23339845 3.047028e-09 6309137.0
551466240000.0 -0.23404953 3.047028e-09 6309137.0
553000040000.0 -0.23470049 2.6426705e-09 6864498.5
554533900000.0 -0.23535149 2.6426705e-09 6864498.5
556068200000.0 -0.23600265 2.6426705e-09 6864498.5
557602050000.0 -0.23665364 2.6426705e-09 6864498.5
559135900000.0 -0.23730463 3.448282e-09 5987317.0
560670100000.0 -0.23795578 3.448282e-09 5987317.0
562204000000.0 -0.23860677 3.448282e-09 5987317.0
563737850000.0 -0.23925777 3.448282e-09 5987317.0
565272050000.0 -0.2399089 3.993879e-09 5926079.5
566805900000.0 -0.2405599 3.993879e-09 5926079.5
568339800000.0 -0.2412109 3.993879e-09 5926079.5
569874060000.0 -0.24186206 3.993879e-09 5926079.5
571407900000.0 -0.24251305 4.017667e-09 5768205.5
572941700000.0 -0.243164 4.017667e-09 5768205.5
574475800000.0 -0.2438151 4.017667e-09 5768205.5
576009860000.0 -0.24446616 4.017667e-09 5768205.5
577543730000.0 -0.24511716 4.2222528e-09 5663062.5
579077730000.0 -0.2457682 4.2222528e-09 5663062.5
580611800000.0 -0.2464193 4.2222528e-09 5663062.5
582145700000.0 -0.24707028 4.2222528e-09 5663062.5
583679740000.0 -0.24772136 1.6077677e-09 3014674.2
585213740000.0 -0.24837242 1.6077677e-09 3014674.2
586747600000.0 -0.24902342 1.6077677e-09 3014674.2
588281700000.0 -0.24967448 1.6077677e-09 3014674.2
589815740000.0 -0.25032556 6.14099e-11 -4345245.5
591349600000.0 -0.25097656 6.14099e-11 -4345245.5
592883600000.0 -0.25162762 6.14099e-11 -4345245.5
594417700000.0 -0.2522787 6.14099e-11 -4345245.5
595951550000.0 -0.2529297 1.9333118e-11 -8751439.0
597485400000.0 -0.25358066 1.9333118e-11 -8751439.0
599019600000.0 -0.2542318 1.9333118e-11 -8751439.0
600553500000.0 -0.2548828 1.9333118e-11 -8751439.0
602087360000.0 -0.2555338 2.2723653e-11 -8382590.5
603621560000.0 -0.25618494 2.2723653e-11 -8382590.5
605155400000.0 -0.2568359 2.2723653e-11 -8382590.5
606689300000.0 -0.25748694 2.2723653e-11 -8382590.5
608223560000.0 -0.25813806 2.6384395e-11 -8049679.5
609757400000.0 -0.2587891 2.6384395e-11 -8049679.5
611291300000.0 -0.2594401 2.6384395e-11 -8049679.5
612825500000.0 -0.26009122 2.6384395e-11 -8049679.5
614359400000.0 -0.2607422 2.9956794e-11 -7772292.5
615893240000.0 -0.2613932 2.9956794e-11 -7772292.5
617427240000.0 -0.26204425 2.9956794e-11 -7772292.5
618961300000.0 -0.26269534 2.9956794e-11 -7772292.5
620495200000.0 -0.2633463 3.3174068e-11 -7540856.0
622029240000.0 -0.2639974 3.3174068e-11 -7540856.0
623563240000.0 -0.26464844 3.3174068e-11 -7540856.0
625097100000.0 -0.26529944 3.3174068e-11 -7540856.0
626631200000.0 -0.26595053 3.5949244e-11 -7334996.5
628165250000.0 -0.2666016 3.5949244e-11 -7334996.5
629699100000.0 -0.2672526 3.5949244e-11 -7334996.5
631233100000.0 -0.26790366 3.5949244e-11 -7334996.5
632767200000.0 -0.26855472 3.8349737e-11 -7122784.0
634301050000.0 -0.26920572 3.8349737e-11 -7122784.0
635835100000.0 -0.2698568 3.8349737e-11 -7122784.0
637369100000.0 -0.27050784 3.8349737e-11 -7122784.0
638903000000.0 -0.27115884 4.066095e-11 -6860116.5
640436860000.0 -0.27180985 4.066095e-11 -6860116.5
641971060000.0 -0.27246097 4.066095e-11 -6860116.5
643504900000.0 -0.27311197 4.066095e-11 -6860116.5
645038800000.0 -0.27376294 4.3070693e-11 -6509862.5
646573060000.0 -0.27441412 4.3070693e-11 -6509862.5
648106930000.0 -0.2750651 4.3070693e-11 -6509862.5
649640800000.0 -0.27571613 4.3070693e-11 -6509862.5
651175000000.0 -0.27636725 4.5674117e-11 -6087387.0
652708900000.0 -0.27701825 4.5674117e-11 -6087387.0
654242740000.0 -0.27766922 4.5674117e-11 -6087387.0
655776940000.0 -0.27832037 4.5674117e-11 -6087387.0
657310800000.0 -0.27897137 4.8272008e-11 -5676617.5
658844700000.0 -0.27962235 4.8272008e-11 -5676617.5
660378750000.0 -0.28027344 4.8272008e-11 -5676617.5
661912800000.0 -0.28092453 4.8272008e-11 -5676617.5
663446600000.0 -0.28157547 5.071969e-11 -5364898.5
664980700000.0 -0.28222656 5.071969e-11 -5364898.5
666514750000.0 -0.28287762 5.071969e-11 -5364898.5
668048600000.0 -0.28352863 5.071969e-11 -5364898.5
669582600000.0 -0.28417966 5.305234e-11 -5191999.5
671116700000.0 -0.28483075 5.305234e-11 -5191999.5
672650560000.0 -0.28548175 5.305234e-11 -5191999.5
674184600000.0 -0.28613284 5.305234e-11 -5191999.5
675718600000.0 -0.28678387 5.5546123e-11 -5154468.5
677252500000.0 -0.28743488 5.5546123e-11 -5154468.5
678786560000.0 -0.28808594 5.5546123e-11 -5154468.5
680320600000.0 -0.28873703 5.5546123e-11 -5154468.5
681854500000.0 -0.28938803 5.917384e-11 -5226628.0
683388300000.0 -0.29003897 5.917384e-11 -5226628.0
684922600000.0 -0.29069015 5.917384e-11 -5226628.0
686456440000.0 -0.29134116 5.917384e-11 -5226628.0
687990300000.0 -0.29199213 6.471214e-11 -5369045.5
689524500000.0 -0.29264328 6.471214e-11 -5369045.5
691058400000.0 -0.29329428 6.471214e-11 -5369045.5
692592250000.0 -0.29394525 6.471214e-11 -5369045.5
694126440000.0 -0.2945964 7.314089e-11 -5393675.0
695660300000.0 -0.2952474 7.314089e-11 -5393675.0
697194200000.0 -0.2958984 7.314089e-11 -5393675.0
698728450000.0 -0.29654956 7.314089e-11 -5393675.0
700262300000.0 -0.29720056 8.5601574e-11 -5129533.5
701796200000.0 -0.29785153 8.5601574e-11 -5129533.5
703330200000.0 -0.2985026 8.5601574e-11 -5129533.5
704864260000.0 -0.29915366 8.5601574e-11 -5129533.5
706398100000.0 -0.29980466 1.019034e-10 -4478401.0
707932100000.0 -0.30045572 1.019034e-10 -4478401.0
709466200000.0 -0.30110678 1.019034e-10 -4478401.0
711000060000.0 -0.30175778 1.019034e-10 -4478401.0
712534100000.0 -0.30240884 1.1903473e-10 -3521554.8
714068100000.0 -0.3030599 1.1903473e-10 -3521554.8
715602000000.0 -0.3037109 1.1903473e-10 -3521554.8
717136100000.0 -0.304362 1.1903473e-10 -3521554.8
718670140000.0 -0.30501306 1.3284303e-10 -2562229.8
720204000000.0 -0.30566406 1.3284303e-10 -2562229.8
721738000000.0 -0.30631512 1.3284303e-10 -2562229.8
723272100000.0 -0.3069662 1.3284303e-10 -2562229.8
724805940000.0 -0.3076172 1.4060439e-10 -1893255.2
726339800000.0 -0.30826816 1.4060439e-10 -1893255.2
727874000000.0 -0.3089193 1.4060439e-10 -1893255.2
729407900000.0 -0.3095703 1.4060439e-10 -1893255.2
730941750000.0 -0.3102213 1.4301926e-10 -1571535.4
732475950000.0 -0.31087244 1.4301926e-10 -1571535.4
734009800000.0 -0.3115234 1.4301926e-10 -1571535.4
735543700000.0 -0.31217444 1.4301926e-10 -1571535.4
737077950000.0 -0.3128256 1.4120255e-10 -1500514.0
738611800000.0 -0.31347656 1.4120255e-10 -1500514.0
740145700000.0 -0.3141276 1.4120255e-10 -1500514.0
741679900000.0 -0.31477872 1.4120255e-10 -1500514.0
743213760000.0 -0.3154297 1.3511792e-10 -1632690.9
744747600000.0 -0.3160807 1.3511792e-10 -1632690.9
746281700000.0 -0.31673178 1.3511792e-10 -1632690.9
747815700000.0 -0.31738284 1.3511792e-10 -1632690.9
749349600000.0 -0.3180338 1.2677151e-10 -1962971.8
750883640000.0 -0.3186849 1.2677151e-10 -1962971.8
752417640000.0 -0.31933597 1.2677151e-10 -1962971.8
