morphology_data/1d_wc_a0.025_l8r0.5_00001.ecsv
# %ECSV 1.0
# ---
# datatype:
# - {name: b, datatype: float32}
# - {name: phase, datatype: float32}
# - {name: sigma, datatype: float32}
# - {name: vr, datatype: float32}
# meta: {lambda: 8, rp: 0.5, sep: 0.025, wind: c}
# schema: astropy-2.0
b phase sigma vr
[from data line 1010]
378126300000.0 -0.16048178 nan nan
379660340000.0 -0.16113284 nan nan
381194200000.0 -0.16178384 nan nan
382728240000.0 -0.1624349 nan nan
384262300000.0 -0.16308598 nan nan
385796180000.0 -0.16373697 nan nan
387330050000.0 -0.16438797 nan nan
388864250000.0 -0.1650391 nan nan
390398100000.0 -0.1656901 nan nan
391932000000.0 -0.1663411 nan nan
393466220000.0 -0.16699223 nan nan
395000100000.0 -0.16764323 nan nan
396533960000.0 -0.16829422 nan nan
398068150000.0 -0.16894537 nan nan
399602020000.0 -0.16959636 nan nan
401135900000.0 -0.17024736 nan nan
402669930000.0 -0.17089842 nan nan
404204000000.0 -0.1715495 nan nan
405737870000.0 -0.17220049 nan nan
407271900000.0 -0.17285155 nan nan
408805930000.0 -0.17350262 nan nan
410339800000.0 -0.17415361 nan nan
411873870000.0 -0.17480469 nan nan
413407900000.0 -0.17545575 nan nan
414941770000.0 -0.17610675 nan nan
416475800000.0 -0.17675781 nan nan
418009840000.0 -0.17740889 nan nan
419543700000.0 -0.17805988 nan nan
421077780000.0 -0.17871095 nan nan
422611800000.0 -0.17936201 nan nan
424145680000.0 -0.180013 nan nan
425679550000.0 -0.180664 nan nan
427213750000.0 -0.18131514 nan nan
428747620000.0 -0.18196614 nan nan
430281500000.0 -0.18261713 nan nan
431815720000.0 -0.18326828 nan nan
433349600000.0 -0.18391927 nan nan
434883460000.0 -0.18457027 nan nan
436417700000.0 -0.1852214 nan nan
437951530000.0 -0.1858724 nan nan
439485400000.0 -0.1865234 nan nan
441019630000.0 -0.18717454 nan nan
442553500000.0 -0.18782553 nan nan
444087370000.0 -0.18847652 nan nan
445621400000.0 -0.1891276 nan nan
447155440000.0 -0.18977866 nan nan
448689300000.0 -0.19042966 nan nan
450223370000.0 -0.19108072 nan nan
451757400000.0 -0.1917318 nan nan
453291280000.0 -0.19238278 nan nan
454825300000.0 -0.19303386 nan nan
456359380000.0 -0.19368492 nan nan
457893200000.0 -0.19433591 nan nan
459427280000.0 -0.19498698 nan nan
460961320000.0 -0.19563805 nan nan
462495200000.0 -0.19628905 nan nan
464029220000.0 -0.19694011 nan nan
465563300000.0 -0.19759119 nan nan
467097160000.0 -0.19824217 nan nan
468631000000.0 -0.19889317 nan nan
470165230000.0 -0.19954431 nan nan
471699100000.0 -0.20019531 nan nan
473232970000.0 -0.2008463 nan nan
474767200000.0 -0.20149745 nan nan
476301070000.0 -0.20214844 nan nan
477834900000.0 -0.20279942 nan nan
479369130000.0 -0.20345058 nan nan
480903000000.0 -0.20410156 nan nan
482436870000.0 -0.20475256 nan nan
483971100000.0 -0.2054037 nan nan
485504970000.0 -0.2060547 nan nan
487038840000.0 -0.20670569 nan nan
488572880000.0 -0.20735677 nan nan
490106900000.0 -0.20800783 nan nan
491640780000.0 -0.20865881 nan nan
493174820000.0 -0.20930989 nan nan
494708880000.0 -0.20996095 nan nan
496242750000.0 -0.21061195 nan nan
497776800000.0 -0.21126302 nan nan
499310820000.0 -0.21191409 nan nan
500844700000.0 -0.21256508 nan nan
502378730000.0 -0.21321616 nan nan
503912800000.0 -0.21386722 nan nan
505446660000.0 -0.2145182 nan nan
506980700000.0 -0.21516928 nan nan
508514730000.0 -0.21582034 nan nan
510048600000.0 -0.21647134 nan nan
511582470000.0 -0.21712233 nan nan
513116700000.0 -0.21777348 nan nan
514650570000.0 -0.21842447 nan nan
516184440000.0 -0.21907547 nan nan
517718640000.0 -0.2197266 nan nan
519252500000.0 -0.22037761 nan nan
520786380000.0 -0.2210286 nan nan
522320600000.0 -0.22167975 nan nan
523854480000.0 -0.22233073 nan nan
525388350000.0 -0.22298172 nan nan
526922550000.0 -0.22363287 nan nan
528456420000.0 -0.22428386 nan nan
529990300000.0 -0.22493486 nan nan
531524350000.0 -0.22558592 nan nan
533058400000.0 -0.226237 nan nan
534592260000.0 -0.22688799 nan nan
536126300000.0 -0.22753906 nan nan
537660330000.0 -0.22819012 nan nan
539194200000.0 -0.22884111 nan nan
540728260000.0 -0.22949219 nan nan
542262300000.0 -0.23014325 nan nan
543796170000.0 -0.23079425 nan nan
545330200000.0 -0.23144531 nan nan
546864270000.0 -0.23209639 nan nan
548398100000.0 -0.23274738 nan nan
549932200000.0 -0.23339845 nan nan
551466240000.0 -0.23404953 nan nan
553000040000.0 -0.23470049 nan nan
554533900000.0 -0.23535149 nan nan
556068200000.0 -0.23600265 nan nan
557602050000.0 -0.23665364 nan nan
559135900000.0 -0.23730463 nan nan
560670100000.0 -0.23795578 nan nan
562204000000.0 -0.23860677 nan nan
563737850000.0 -0.23925777 nan nan
565272050000.0 -0.2399089 nan nan
566805900000.0 -0.2405599 nan nan
568339800000.0 -0.2412109 nan nan
569874060000.0 -0.24186206 nan nan
571407900000.0 -0.24251305 nan nan
572941700000.0 -0.243164 nan nan
574475800000.0 -0.2438151 nan nan
576009860000.0 -0.24446616 nan nan
577543730000.0 -0.24511716 nan nan
579077730000.0 -0.2457682 nan nan
580611800000.0 -0.2464193 nan nan
582145700000.0 -0.24707028 nan nan
583679740000.0 -0.24772136 nan nan
585213740000.0 -0.24837242 nan nan
586747600000.0 -0.24902342 nan nan
588281700000.0 -0.24967448 nan nan
589815740000.0 -0.25032556 nan nan
591349600000.0 -0.25097656 nan nan
592883600000.0 -0.25162762 nan nan
594417700000.0 -0.2522787 nan nan
595951550000.0 -0.2529297 nan nan
597485400000.0 -0.25358066 nan nan
599019600000.0 -0.2542318 nan nan
600553500000.0 -0.2548828 nan nan
602087360000.0 -0.2555338 nan nan
603621560000.0 -0.25618494 nan nan
605155400000.0 -0.2568359 nan nan
606689300000.0 -0.25748694 nan nan
608223560000.0 -0.25813806 nan nan
609757400000.0 -0.2587891 nan nan
611291300000.0 -0.2594401 nan nan
612825500000.0 -0.26009122 nan nan
614359400000.0 -0.2607422 nan nan
615893240000.0 -0.2613932 nan nan
617427240000.0 -0.26204425 nan nan
618961300000.0 -0.26269534 nan nan
620495200000.0 -0.2633463 nan nan
622029240000.0 -0.2639974 nan nan
623563240000.0 -0.26464844 nan nan
625097100000.0 -0.26529944 nan nan
626631200000.0 -0.26595053 nan nan
628165250000.0 -0.2666016 nan nan
629699100000.0 -0.2672526 nan nan
631233100000.0 -0.26790366 nan nan
632767200000.0 -0.26855472 nan nan
634301050000.0 -0.26920572 nan nan
635835100000.0 -0.2698568 nan nan
637369100000.0 -0.27050784 nan nan
638903000000.0 -0.27115884 nan nan
640436860000.0 -0.27180985 nan nan
641971060000.0 -0.27246097 nan nan
643504900000.0 -0.27311197 nan nan
645038800000.0 -0.27376294 nan nan
646573060000.0 -0.27441412 nan nan
648106930000.0 -0.2750651 nan nan
649640800000.0 -0.27571613 nan nan
651175000000.0 -0.27636725 nan nan
652708900000.0 -0.27701825 nan nan
654242740000.0 -0.27766922 nan nan
655776940000.0 -0.27832037 nan nan
657310800000.0 -0.27897137 nan nan
658844700000.0 -0.27962235 nan nan
660378750000.0 -0.28027344 nan nan
661912800000.0 -0.28092453 nan nan
663446600000.0 -0.28157547 nan nan
664980700000.0 -0.28222656 nan nan
666514750000.0 -0.28287762 nan nan
668048600000.0 -0.28352863 nan nan
669582600000.0 -0.28417966 nan nan
671116700000.0 -0.28483075 nan nan
672650560000.0 -0.28548175 nan nan
674184600000.0 -0.28613284 nan nan
675718600000.0 -0.28678387 nan nan
677252500000.0 -0.28743488 nan nan
678786560000.0 -0.28808594 nan nan
680320600000.0 -0.28873703 nan nan
681854500000.0 -0.28938803 nan nan
683388300000.0 -0.29003897 nan nan
684922600000.0 -0.29069015 nan nan
686456440000.0 -0.29134116 nan nan
687990300000.0 -0.29199213 nan nan
689524500000.0 -0.29264328 nan nan
691058400000.0 -0.29329428 nan nan
692592250000.0 -0.29394525 nan nan
694126440000.0 -0.2945964 nan nan
695660300000.0 -0.2952474 nan nan
697194200000.0 -0.2958984 nan nan
698728450000.0 -0.29654956 nan nan
700262300000.0 -0.29720056 nan nan
701796200000.0 -0.29785153 nan nan
703330200000.0 -0.2985026 nan nan
704864260000.0 -0.29915366 nan nan
706398100000.0 -0.29980466 nan nan
707932100000.0 -0.30045572 nan nan
709466200000.0 -0.30110678 nan nan
711000060000.0 -0.30175778 nan nan
712534100000.0 -0.30240884 nan nan
714068100000.0 -0.3030599 nan nan
715602000000.0 -0.3037109 nan nan
717136100000.0 -0.304362 nan nan
718670140000.0 -0.30501306 nan nan
720204000000.0 -0.30566406 nan nan
721738000000.0 -0.30631512 nan nan
723272100000.0 -0.3069662 nan nan
724805940000.0 -0.3076172 nan nan
726339800000.0 -0.30826816 nan nan
727874000000.0 -0.3089193 nan nan
729407900000.0 -0.3095703 nan nan
730941750000.0 -0.3102213 nan nan
732475950000.0 -0.31087244 nan nan
734009800000.0 -0.3115234 nan nan
735543700000.0 -0.31217444 nan nan
737077950000.0 -0.3128256 nan nan
738611800000.0 -0.31347656 nan nan
740145700000.0 -0.3141276 nan nan
741679900000.0 -0.31477872 nan nan
743213760000.0 -0.3154297 nan nan
744747600000.0 -0.3160807 nan nan
746281700000.0 -0.31673178 nan nan
747815700000.0 -0.31738284 nan nan
749349600000.0 -0.3180338 nan nan
750883640000.0 -0.3186849 nan nan
752417640000.0 -0.31933597 nan nan
753951500000.0 -0.31998697 nan nan
755485600000.0 -0.32063803 nan nan
757019640000.0 -0.3212891 nan nan
758553500000.0 -0.3219401 nan nan
760087500000.0 -0.32259116 nan nan
761621600000.0 -0.32324222 nan nan
763155450000.0 -0.32389322 nan nan
764689500000.0 -0.32454428 nan nan
766223500000.0 -0.32519534 nan nan
767757400000.0 -0.32584634 nan nan
769291260000.0 -0.32649735 nan nan
770825500000.0 -0.3271485 nan nan
772359300000.0 -0.32779947 nan nan
773893200000.0 -0.32845047 nan nan
775427460000.0 -0.32910162 nan nan
776961300000.0 -0.3297526 nan nan
778495200000.0 -0.3304036 nan nan
780029400000.0 -0.33105475 nan nan
781563270000.0 -0.33170575 nan nan
783097140000.0 -0.33235672 nan nan
784631200000.0 -0.3330078 nan nan
786165200000.0 -0.33365887 1.0085858e-11 -7364622.0
787699100000.0 -0.33430985 1.0085858e-11 -7364622.0
789233140000.0 -0.33496094 1.0085858e-11 -7364622.0
790767200000.0 -0.335612 1.0085858e-11 -7364622.0
792301000000.0 -0.336263 1.0691671e-11 -7131903.5
793835100000.0 -0.33691406 1.0691671e-11 -7131903.5
795369140000.0 -0.33756512 1.0691671e-11 -7131903.5
796903000000.0 -0.33821613 1.0691671e-11 -7131903.5
798437000000.0 -0.3388672 1.1029761e-11 -7021548.5
799971100000.0 -0.33951825 1.1029761e-11 -7021548.5
801504950000.0 -0.34016925 1.1029761e-11 -7021548.5
803039000000.0 -0.3408203 1.1029761e-11 -7021548.5
804573000000.0 -0.3414714 1.1110103e-11 -7053921.0
806106900000.0 -0.34212238 1.1110103e-11 -7053921.0
807640760000.0 -0.34277338 1.1110103e-11 -7053921.0
809175000000.0 -0.34342453 1.1110103e-11 -7053921.0
810708900000.0 -0.3440755 1.0695277e-11 -7195027.0
812242700000.0 -0.3447265 1.0695277e-11 -7195027.0
813776960000.0 -0.34537765 1.0695277e-11 -7195027.0
815310800000.0 -0.34602866 1.0695277e-11 -7195027.0
816844700000.0 -0.34667963 nan nan
818378900000.0 -0.34733078 nan nan
819912800000.0 -0.34798178 nan nan
821446640000.0 -0.34863275 nan nan
822980840000.0 -0.3492839 nan nan
824514700000.0 -0.3499349 nan nan
826048600000.0 -0.3505859 nan nan
827582640000.0 -0.35123697 nan nan
829116700000.0 -0.35188803 nan nan
830650600000.0 -0.35253903 nan nan
832184600000.0 -0.3531901 nan nan
833718650000.0 -0.35384116 nan nan
835252500000.0 -0.35449216 nan nan
836786600000.0 -0.35514322 nan nan
838320600000.0 -0.3557943 nan nan
839854460000.0 -0.35644528 nan nan
841388500000.0 -0.35709634 nan nan
842922500000.0 -0.35774744 nan nan
844456400000.0 -0.3583984 nan nan
845990460000.0 -0.3590495 nan nan
847524500000.0 -0.35970056 nan nan
849058400000.0 -0.36035156 nan nan
850592300000.0 -0.36100253 nan nan
852126470000.0 -0.3616537 nan nan
853660340000.0 -0.3623047 nan nan
855194200000.0 -0.36295566 nan nan
856728400000.0 -0.3636068 nan nan
858262300000.0 -0.3642578 nan nan
859796140000.0 -0.3649088 nan nan
861330400000.0 -0.36555994 nan nan
862864200000.0 -0.36621094 nan nan
864398100000.0 -0.36686194 nan nan
865932350000.0 -0.3675131 nan nan
867466200000.0 -0.36816406 nan nan
869000100000.0 -0.36881506 nan nan
870534100000.0 -0.36946613 nan nan
872068150000.0 -0.3701172 nan nan
873602000000.0 -0.3707682 nan nan
875136100000.0 -0.37141925 nan nan
876670100000.0 -0.37207034 nan nan
878203960000.0 -0.3727213 nan nan
879738000000.0 -0.3733724 nan nan
881272100000.0 -0.37402347 nan nan
882805900000.0 -0.37467447 nan nan
884339970000.0 -0.37532553 nan nan
885874000000.0 -0.3759766 nan nan
887407900000.0 -0.3766276 nan nan
888941900000.0 -0.37727866 nan nan
890476000000.0 -0.37792972 nan nan
892009840000.0 -0.37858072 nan nan
893543700000.0 -0.37923172 nan nan
895077900000.0 -0.37988284 nan nan
896611800000.0 -0.38053384 nan nan
898145650000.0 -0.38118485 nan nan
899679900000.0 -0.381836 nan nan
901213800000.0 -0.38248697 nan nan
902747600000.0 -0.38313797 nan nan
904281850000.0 -0.38378912 nan nan
905815700000.0 -0.3844401 nan nan
907349600000.0 -0.3850911 nan nan
908883800000.0 -0.38574225 nan nan
910417660000.0 -0.38639325 nan nan
911951500000.0 -0.38704422 nan nan
913485600000.0 -0.3876953 nan nan
915019600000.0 -0.38834637 nan nan
916553470000.0 -0.38899738 nan nan
918087500000.0 -0.38964844 nan nan
919621600000.0 -0.3902995 nan nan
921155500000.0 -0.3909505 nan nan
922689500000.0 -0.39160156 nan nan
924223540000.0 -0.39225262 nan nan
925757400000.0 -0.39290363 nan nan
927291400000.0 -0.3935547 nan nan
928825500000.0 -0.39420575 nan nan
930359350000.0 -0.39485675 nan nan
931893400000.0 -0.3955078 nan nan
933427400000.0 -0.3961589 nan nan
934961300000.0 -0.39680988 nan nan
936495150000.0 -0.39746088 nan nan
938029400000.0 -0.39811203 nan nan
939563300000.0 -0.398763 nan nan
941097160000.0 -0.399414 nan nan
942631350000.0 -0.40006515 nan nan
944165200000.0 -0.40071616 nan nan
945699100000.0 -0.40136713 nan nan
947233300000.0 -0.40201828 nan nan
948767160000.0 -0.40266928 nan nan
950301000000.0 -0.40332028 nan nan
951835200000.0 -0.4039714 nan nan
953369100000.0 -0.4046224 nan nan
954903000000.0 -0.4052734 nan nan
956437040000.0 -0.40592447 nan nan
957971100000.0 -0.40657553 nan nan
959505000000.0 -0.40722653 nan nan
961039000000.0 -0.4078776 nan nan
962573040000.0 -0.40852866 nan nan
964106900000.0 -0.40917966 nan nan
965641000000.0 -0.40983072 nan nan
967175000000.0 -0.4104818 nan nan
968708850000.0 -0.41113278 nan nan
970242900000.0 -0.41178387 nan nan
971776900000.0 -0.41243494 nan nan
973310800000.0 -0.4130859 nan nan
974844850000.0 -0.413737 nan nan
976378900000.0 -0.41438806 nan nan
977912800000.0 -0.41503906 nan nan
979446660000.0 -0.41569003 nan nan
980980860000.0 -0.4163412 nan nan
982514700000.0 -0.4169922 1.038318e-11 -5634754.5
984048600000.0 -0.4176432 1.038318e-11 -5634754.5
985582800000.0 -0.4182943 1.038318e-11 -5634754.5
987116670000.0 -0.4189453 1.038318e-11 -5634754.5
988650540000.0 -0.4195963 1.1104595e-11 -5523623.0
990184800000.0 -0.42024744 1.1104595e-11 -5523623.0
991718700000.0 -0.42089844 1.1104595e-11 -5523623.0
993252500000.0 -0.42154944 1.1104595e-11 -5523623.0
994786740000.0 -0.4222006 1.1804427e-11 -5437198.5
996320600000.0 -0.42285156 1.1804427e-11 -5437198.5
997854500000.0 -0.42350256 1.1804427e-11 -5437198.5
999388500000.0 -0.42415363 1.1804427e-11 -5437198.5
1000922550000.0 -0.42480472 1.2449459e-11 -5386916.5
1002456400000.0 -0.4254557 1.2449459e-11 -5386916.5
1003990500000.0 -0.42610675 1.2449459e-11 -5386916.5
1005524500000.0 -0.42675784 1.2449459e-11 -5386916.5
1007058350000.0 -0.4274088 1.2980106e-11 -5383531.5
1008592400000.0 -0.4280599 1.2980106e-11 -5383531.5
1010126500000.0 -0.42871097 1.2980106e-11 -5383531.5
1011660360000.0 -0.42936197 1.2980106e-11 -5383531.5
1013194360000.0 -0.43001303 1.3333229e-11 -5430567.5
1014728400000.0 -0.4306641 1.3333229e-11 -5430567.5
1016262300000.0 -0.4313151 1.3333229e-11 -5430567.5
1017796300000.0 -0.43196616 1.3333229e-11 -5430567.5
1019330360000.0 -0.43261722 1.3489059e-11 -5529132.5
1020864230000.0 -0.43326822 1.3489059e-11 -5529132.5
1022398100000.0 -0.43391922 1.3489059e-11 -5529132.5
1023932300000.0 -0.43457034 1.3489059e-11 -5529132.5
1025466200000.0 -0.43522134 1.3488795e-11 -5677821.0
1027000040000.0 -0.43587235 1.3488795e-11 -5677821.0
1028534300000.0 -0.4365235 1.3488795e-11 -5677821.0
1030068200000.0 -0.43717447 1.3488795e-11 -5677821.0
1031602040000.0 -0.43782547 1.342613e-11 -5864743.0
1033136240000.0 -0.43847662 1.342613e-11 -5864743.0
1034670100000.0 -0.43912762 1.342613e-11 -5864743.0
1036204000000.0 -0.4397786 1.342613e-11 -5864743.0
1037738200000.0 -0.44042975 1.3459447e-11 -6062723.0
