morphology_data/1d_wa_a0.1_l4r1_00001.ecsv
# %ECSV 1.0
# ---
# datatype:
# - {name: b, datatype: float32}
# - {name: phase, datatype: float32}
# - {name: sigma, datatype: float32}
# - {name: vr, datatype: float32}
# meta: {lambda: 4, rp: 1.0, sep: 0.1, wind: a}
# schema: astropy-2.0
b phase sigma vr
[from data line 304]
-2844000500000.0 0.3017578 2.114346e-11 -16851082.0
-2837864500000.0 0.30110675 2.114346e-11 -16851082.0
-2831728500000.0 0.30045572 2.114346e-11 -16851082.0
-2825592800000.0 0.2998047 2.114346e-11 -16851082.0
-2819456800000.0 0.29915366 2.0889335e-11 -16815368.0
-2813320800000.0 0.2985026 2.0889335e-11 -16815368.0
-2807185000000.0 0.29785156 2.0889335e-11 -16815368.0
-2801049300000.0 0.29720056 2.0889335e-11 -16815368.0
-2794913000000.0 0.29654947 3.1524464e-11 -15995051.0
-2788777300000.0 0.29589847 3.1524464e-11 -15995051.0
-2782641300000.0 0.2952474 3.1524464e-11 -15995051.0
-2776505300000.0 0.29459634 3.1524464e-11 -15995051.0
-2770369200000.0 0.29394528 3.153772e-11 -15993971.0
-2764233500000.0 0.29329428 3.153772e-11 -15993971.0
-2758097800000.0 0.29264325 3.153772e-11 -15993971.0
-2751961800000.0 0.2919922 3.153772e-11 -15993971.0
-2745825800000.0 0.29134116 5.358579e-11 -14122074.0
-2739689800000.0 0.2906901 5.358579e-11 -14122074.0
-2733553700000.0 0.29003903 5.358579e-11 -14122074.0
-2727418000000.0 0.28938803 5.358579e-11 -14122074.0
-2721282000000.0 0.28873697 5.4140165e-11 -14133788.0
-2715146300000.0 0.28808594 5.4140165e-11 -14133788.0
-2709010300000.0 0.2874349 5.4140165e-11 -14133788.0
-2702874200000.0 0.28678384 5.4140165e-11 -14133788.0
-2696738500000.0 0.28613284 9.466924e-11 -12038986.0
-2690602500000.0 0.28548178 9.466924e-11 -12038986.0
-2684466500000.0 0.28483072 9.466924e-11 -12038986.0
-2678330500000.0 0.28417966 9.466924e-11 -12038986.0
-2672194700000.0 0.28352866 9.870868e-11 -11993146.0
-2666058700000.0 0.2828776 9.870868e-11 -11993146.0
-2659922700000.0 0.28222656 9.870868e-11 -11993146.0
-2653787000000.0 0.28157553 9.870868e-11 -11993146.0
-2647651000000.0 0.28092447 1.6503011e-10 -10270867.0
-2641515000000.0 0.28027344 1.6503011e-10 -10270867.0
-2635379200000.0 0.2796224 1.6503011e-10 -10270867.0
-2629243200000.0 0.27897137 1.6503011e-10 -10270867.0
-2623107200000.0 0.2783203 1.7707527e-10 -10059221.0
-2616971200000.0 0.27766928 1.7707527e-10 -10059221.0
-2610835500000.0 0.27701825 1.7707527e-10 -10059221.0
-2604699500000.0 0.2763672 1.7707527e-10 -10059221.0
-2598563500000.0 0.27571613 2.612423e-10 -8907010.0
-2592427700000.0 0.2750651 2.612423e-10 -8907010.0
-2586291700000.0 0.27441406 2.612423e-10 -8907010.0
-2580155700000.0 0.273763 2.612423e-10 -8907010.0
-2574019700000.0 0.27311197 2.8071812e-10 -8655108.0
-2567884000000.0 0.27246094 2.8071812e-10 -8655108.0
-2561748000000.0 0.2718099 2.8071812e-10 -8655108.0
-2555612000000.0 0.27115884 2.8071812e-10 -8655108.0
-2549476200000.0 0.2705078 3.6710848e-10 -7928081.0
-2543340500000.0 0.2698568 3.6710848e-10 -7928081.0
-2537204500000.0 0.26920575 3.6710848e-10 -7928081.0
-2531068500000.0 0.2685547 3.6710848e-10 -7928081.0
-2524932500000.0 0.26790366 3.9770331e-10 -7674656.0
-2518796500000.0 0.2672526 3.9770331e-10 -7674656.0
-2512660500000.0 0.26660156 3.9770331e-10 -7674656.0
-2506524700000.0 0.26595053 3.9770331e-10 -7674656.0
-2500389000000.0 0.2652995 4.7334875e-10 -7194200.5
-2494253000000.0 0.26464844 4.7334875e-10 -7194200.5
-2488117000000.0 0.2639974 4.7334875e-10 -7194200.5
-2481981000000.0 0.26334634 4.7334875e-10 -7194200.5
-2475845000000.0 0.26269528 5.2408855e-10 -6917131.5
-2469709000000.0 0.26204425 5.2408855e-10 -6917131.5
-2463573200000.0 0.26139322 5.2408855e-10 -6917131.5
-2457437500000.0 0.2607422 5.2408855e-10 -6917131.5
-2451301500000.0 0.26009116 5.6528343e-10 -6667826.5
-2445165500000.0 0.2594401 5.6528343e-10 -6667826.5
-2439029700000.0 0.2587891 5.6528343e-10 -6667826.5
-2432893700000.0 0.25813803 5.6528343e-10 -6667826.5
-2426757700000.0 0.257487 6.2125255e-10 -6482385.5
-2420621700000.0 0.2568359 6.2125255e-10 -6482385.5
-2414486000000.0 0.2561849 6.2125255e-10 -6482385.5
-2408350000000.0 0.25553384 6.2125255e-10 -6482385.5
-2402214000000.0 0.2548828 5.9502137e-10 -6370637.0
-2396078200000.0 0.25423178 5.9502137e-10 -6370637.0
-2389942200000.0 0.25358072 5.9502137e-10 -6370637.0
-2383806200000.0 0.2529297 5.9502137e-10 -6370637.0
-2377670500000.0 0.25227866 6.2026423e-10 -6374594.0
-2371534500000.0 0.25162762 6.2026423e-10 -6374594.0
-2365398500000.0 0.25097656 6.2026423e-10 -6374594.0
-2359262400000.0 0.2503255 6.2026423e-10 -6374594.0
-2353126700000.0 0.24967448 5.7383465e-10 -6520186.5
-2346990700000.0 0.24902344 5.7383465e-10 -6520186.5
-2340854700000.0 0.24837239 5.7383465e-10 -6520186.5
-2334719000000.0 0.24772136 5.7383465e-10 -6520186.5
-2328583000000.0 0.2470703 5.5773797e-10 -6835915.0
-2322447000000.0 0.24641925 5.5773797e-10 -6835915.0
-2316311000000.0 0.2457682 5.5773797e-10 -6835915.0
-2310175200000.0 0.24511719 5.5773797e-10 -6835915.0
-2304039200000.0 0.24446614 4.898863e-10 -7593630.5
-2297903200000.0 0.2438151 4.898863e-10 -7593630.5
-2291767400000.0 0.24316406 4.898863e-10 -7593630.5
-2285631700000.0 0.24251305 4.898863e-10 -7593630.5
-2279495700000.0 0.241862 3.9430192e-10 -8669354.0
-2273359700000.0 0.24121095 3.9430192e-10 -8669354.0
-2267223700000.0 0.2405599 3.9430192e-10 -8669354.0
-2261087700000.0 0.23990884 3.9430192e-10 -8669354.0
-2254951700000.0 0.2392578 3.259967e-10 -9523868.0
-2248816000000.0 0.23860677 3.259967e-10 -9523868.0
-2242680200000.0 0.23795573 3.259967e-10 -9523868.0
-2236544200000.0 0.23730469 3.259967e-10 -9523868.0
-2230408200000.0 0.23665364 2.7796712e-10 -10111836.0
-2224272200000.0 0.2360026 2.7796712e-10 -10111836.0
-2218136200000.0 0.23535155 2.7796712e-10 -10111836.0
-2212000200000.0 0.23470049 2.7796712e-10 -10111836.0
-2205864400000.0 0.23404948 2.6946426e-10 -9582991.0
-2199728700000.0 0.23339845 2.6946426e-10 -9582991.0
-2193592700000.0 0.23274739 2.6946426e-10 -9582991.0
-2187456700000.0 0.23209634 2.6946426e-10 -9582991.0
-2181320800000.0 0.23144531 2.6349922e-10 -9485166.0
-2175184800000.0 0.23079427 2.6349922e-10 -9485166.0
-2169048800000.0 0.23014322 2.6349922e-10 -9485166.0
-2162913000000.0 0.22949219 2.6349922e-10 -9485166.0
-2156777200000.0 0.22884116 2.7213112e-10 -8489712.0
-2150641200000.0 0.22819011 2.7213112e-10 -8489712.0
-2144505200000.0 0.22753906 2.7213112e-10 -8489712.0
-2138369300000.0 0.22688803 2.7213112e-10 -8489712.0
-2132233400000.0 0.22623697 2.759354e-10 -8330822.0
-2126097400000.0 0.22558592 2.759354e-10 -8330822.0
-2119961500000.0 0.22493489 2.759354e-10 -8330822.0
-2113825700000.0 0.22428386 2.759354e-10 -8330822.0
-2107689700000.0 0.22363281 2.88233e-10 -7633373.0
-2101553700000.0 0.22298177 2.88233e-10 -7633373.0
-2095417900000.0 0.22233073 2.88233e-10 -7633373.0
-2089281900000.0 0.22167969 2.88233e-10 -7633373.0
-2083145900000.0 0.22102864 3.0472996e-10 -7493183.0
-2077010000000.0 0.22037761 3.0472996e-10 -7493183.0
-2070874300000.0 0.21972658 3.0472996e-10 -7493183.0
-2064738300000.0 0.21907552 3.0472996e-10 -7493183.0
-2058602300000.0 0.21842447 3.4112935e-10 -6892264.5
-2052466400000.0 0.21777344 3.4112935e-10 -6892264.5
-2046330400000.0 0.21712239 3.4112935e-10 -6892264.5
-2040194400000.0 0.21647134 3.4112935e-10 -6892264.5
-2034058700000.0 0.21582031 3.855263e-10 -6637806.5
-2027922800000.0 0.21516928 3.855263e-10 -6637806.5
-2021786800000.0 0.21451823 3.855263e-10 -6637806.5
-2015650800000.0 0.21386719 3.855263e-10 -6637806.5
-2009514900000.0 0.21321616 4.5395868e-10 -6047441.0
-2003379000000.0 0.2125651 4.5395868e-10 -6047441.0
-1997243000000.0 0.21191405 4.5395868e-10 -6047441.0
-1991107100000.0 0.21126302 4.5395868e-10 -6047441.0
-1984971300000.0 0.21061198 5.2325505e-10 -5654355.5
-1978835300000.0 0.20996094 5.2325505e-10 -5654355.5
-1972699300000.0 0.20930989 5.2325505e-10 -5654355.5
-1966563500000.0 0.20865886 5.2325505e-10 -5654355.5
-1960427500000.0 0.20800781 6.242584e-10 -4915293.0
-1954291500000.0 0.20735677 6.242584e-10 -4915293.0
-1948155600000.0 0.20670573 6.242584e-10 -4915293.0
-1942019900000.0 0.2060547 6.242584e-10 -4915293.0
-1935883900000.0 0.20540364 7.3924533e-10 -4312015.0
-1929747900000.0 0.2047526 7.3924533e-10 -4312015.0
-1923612000000.0 0.20410156 7.3924533e-10 -4312015.0
-1917476300000.0 0.20345053 7.3924533e-10 -4312015.0
-1911340000000.0 0.20279947 9.329316e-10 -3384268.5
-1905204300000.0 0.20214844 9.329316e-10 -3384268.5
-1899068400000.0 0.2014974 9.329316e-10 -3384268.5
-1892932400000.0 0.20084636 9.329316e-10 -3384268.5
-1886796400000.0 0.20019531 1.2056192e-09 -2729565.0
-1880660500000.0 0.19954428 1.2056192e-09 -2729565.0
-1874524800000.0 0.19889325 1.2056192e-09 -2729565.0
-1868388600000.0 0.19824217 1.2056192e-09 -2729565.0
-1862252800000.0 0.19759114 1.5241841e-09 -2115184.5
-1856116900000.0 0.19694011 1.5241841e-09 -2115184.5
-1849980900000.0 0.19628906 1.5241841e-09 -2115184.5
-1843844900000.0 0.19563802 1.5241841e-09 -2115184.5
-1837709100000.0 0.19498698 1.7999068e-09 -2001296.8
-1831573300000.0 0.19433595 1.7999068e-09 -2001296.8
-1825437100000.0 0.19368488 1.7999068e-09 -2001296.8
-1819301200000.0 0.19303386 1.7999068e-09 -2001296.8
-1813165500000.0 0.19238283 1.8709436e-09 -1982562.4
-1807029500000.0 0.19173177 1.8709436e-09 -1982562.4
-1800893500000.0 0.19108072 1.8709436e-09 -1982562.4
-1794757600000.0 0.19042969 1.8709436e-09 -1982562.4
-1788621800000.0 0.18977866 1.88309e-09 -2160512.8
-1782485600000.0 0.1891276 1.88309e-09 -2160512.8
-1776349900000.0 0.18847656 1.88309e-09 -2160512.8
-1770214000000.0 0.18782553 1.88309e-09 -2160512.8
-1764078000000.0 0.18717448 1.8031001e-09 -2193105.5
-1757942000000.0 0.18652342 1.8031001e-09 -2193105.5
-1751806100000.0 0.1858724 1.8031001e-09 -2193105.5
-1745670400000.0 0.18522137 1.8031001e-09 -2193105.5
-1739534100000.0 0.1845703 1.8003866e-09 -2194831.8
-1733398400000.0 0.18391927 1.8003866e-09 -2194831.8
-1727262500000.0 0.18326823 1.8003866e-09 -2194831.8
-1721126500000.0 0.18261719 1.8003866e-09 -2194831.8
-1714990700000.0 0.18196616 1.7934986e-09 -2202648.5
-1708854700000.0 0.18131511 1.7934986e-09 -2202648.5
-1702718900000.0 0.18066408 1.7934986e-09 -2202648.5
-1696582700000.0 0.180013 1.7934986e-09 -2202648.5
-1690446900000.0 0.17936198 1.7623274e-09 -2237612.8
-1684311100000.0 0.17871095 1.7623274e-09 -2237612.8
-1678174800000.0 0.17805988 1.7623274e-09 -2237612.8
-1672039400000.0 0.17740889 1.7623274e-09 -2237612.8
-1665903200000.0 0.17675781 1.6778843e-09 -2335371.0
-1659767100000.0 0.17610675 1.6778843e-09 -2335371.0
-1653631600000.0 0.17545575 1.6778843e-09 -2335371.0
-1647495500000.0 0.17480469 1.6778843e-09 -2335371.0
-1641359200000.0 0.17415361 1.4921062e-09 -2522994.2
-1635223700000.0 0.17350262 1.4921062e-09 -2522994.2
-1629087600000.0 0.17285155 1.4921062e-09 -2522994.2
-1622951700000.0 0.17220053 1.4921062e-09 -2522994.2
-1616816000000.0 0.1715495 1.2772494e-09 -2781404.0
-1610679700000.0 0.17089842 1.2772494e-09 -2781404.0
-1604544000000.0 0.17024739 1.2772494e-09 -2781404.0
-1598408100000.0 0.16959636 1.2772494e-09 -2781404.0
-1592272000000.0 0.1689453 1.0712707e-09 -3036706.5
-1586136500000.0 0.1682943 1.0712707e-09 -3036706.5
-1580000300000.0 0.16764323 1.0712707e-09 -3036706.5
-1573864100000.0 0.16699216 1.0712707e-09 -3036706.5
-1567728700000.0 0.16634117 9.839147e-10 -3096863.0
-1561592500000.0 0.1656901 9.839147e-10 -3096863.0
-1555456300000.0 0.16503903 9.839147e-10 -3096863.0
-1549320800000.0 0.16438805 9.839147e-10 -3096863.0
-1543184700000.0 0.16373697 1.0150677e-09 -2948804.2
-1537048800000.0 0.16308594 1.0150677e-09 -2948804.2
-1530913000000.0 0.1624349 1.0150677e-09 -2948804.2
-1524776800000.0 0.16178384 1.0150677e-09 -2948804.2
-1518641100000.0 0.16113281 1.1364213e-09 -2717523.5
-1512505200000.0 0.16048178 1.1364213e-09 -2717523.5
-1506369100000.0 0.1598307 1.1364213e-09 -2717523.5
-1500233600000.0 0.15917972 1.1364213e-09 -2717523.5
-1494097300000.0 0.15852864 1.2788018e-09 -2417755.0
-1487961200000.0 0.15787758 1.2788018e-09 -2417755.0
-1481825700000.0 0.15722659 1.2788018e-09 -2417755.0
-1475689600000.0 0.15657552 1.2788018e-09 -2417755.0
-1469553400000.0 0.15592445 1.4109887e-09 -2146657.5
-1463418000000.0 0.15527347 1.4109887e-09 -2146657.5
-1457281700000.0 0.15462239 1.4109887e-09 -2146657.5
-1451146000000.0 0.15397136 1.4109887e-09 -2146657.5
-1445010100000.0 0.15332033 1.498295e-09 -1916312.1
-1438874000000.0 0.15266925 1.498295e-09 -1916312.1
-1432738100000.0 0.15201822 1.498295e-09 -1916312.1
-1426602300000.0 0.1513672 1.498295e-09 -1916312.1
-1420466000000.0 0.15071613 1.5041358e-09 -1736312.1
-1414330600000.0 0.15006512 1.5041358e-09 -1736312.1
-1408194400000.0 0.14941406 1.5041358e-09 -1736312.1
-1402058300000.0 0.148763 1.5041358e-09 -1736312.1
-1395922800000.0 0.148112 1.4368419e-09 -1572821.6
-1389786600000.0 0.14746092 1.4368419e-09 -1572821.6
-1383650400000.0 0.14680986 1.4368419e-09 -1572821.6
-1377515000000.0 0.14615887 1.4368419e-09 -1572821.6
-1371378800000.0 0.1455078 1.4055119e-09 -1415124.0
-1365243000000.0 0.14485677 1.4055119e-09 -1415124.0
-1359107200000.0 0.14420575 1.4055119e-09 -1415124.0
-1352970900000.0 0.14355466 1.4055119e-09 -1415124.0
-1346835200000.0 0.14290364 1.4011455e-09 -1314950.5
-1340699300000.0 0.14225261 1.4011455e-09 -1314950.5
-1334563200000.0 0.14160155 1.4011455e-09 -1314950.5
-1328427700000.0 0.14095055 1.4011455e-09 -1314950.5
-1322291600000.0 0.14029948 1.4208358e-09 -1322154.2
-1316155300000.0 0.13964841 1.4208358e-09 -1322154.2
-1310019800000.0 0.1389974 1.4208358e-09 -1322154.2
-1303883700000.0 0.13834634 1.4208358e-09 -1322154.2
-1297747500000.0 0.13769528 1.4201292e-09 -1411436.5
-1291612000000.0 0.1370443 1.4201292e-09 -1411436.5
-1285475900000.0 0.13639323 1.4201292e-09 -1411436.5
-1279340000000.0 0.13574219 1.4201292e-09 -1411436.5
-1273204200000.0 0.13509116 1.4301794e-09 -1529471.8
-1267068000000.0 0.1344401 1.4301794e-09 -1529471.8
-1260932200000.0 0.13378905 1.4301794e-09 -1529471.8
-1254796400000.0 0.13313803 1.4301794e-09 -1529471.8
-1248660300000.0 0.13248697 1.4153043e-09 -1593139.6
-1242524800000.0 0.13183598 1.4153043e-09 -1593139.6
-1236388500000.0 0.13118489 1.4153043e-09 -1593139.6
-1230252400000.0 0.13053383 1.4153043e-09 -1593139.6
-1224116900000.0 0.12988284 1.3837183e-09 -1610345.0
-1217980800000.0 0.12923177 1.3837183e-09 -1610345.0
-1211844500000.0 0.12858069 1.3837183e-09 -1610345.0
-1205709200000.0 0.12792972 1.3837183e-09 -1610345.0
-1199572900000.0 0.12727864 1.3243531e-09 -1594104.9
-1193437200000.0 0.12662761 1.3243531e-09 -1594104.9
-1187301300000.0 0.12597658 1.3243531e-09 -1594104.9
-1181165200000.0 0.1253255 1.3243531e-09 -1594104.9
-1175029300000.0 0.12467448 1.3014357e-09 -1455848.5
-1168893500000.0 0.12402345 1.3014357e-09 -1455848.5
-1162757300000.0 0.123372376 1.3014357e-09 -1455848.5
-1156621800000.0 0.12272138 1.3014357e-09 -1455848.5
-1150485700000.0 0.12207031 1.334734e-09 -1148943.0
-1144349500000.0 0.12141925 1.334734e-09 -1148943.0
-1138214000000.0 0.12076825 1.334734e-09 -1148943.0
-1132077800000.0 0.12011717 1.334734e-09 -1148943.0
-1125941600000.0 0.11946611 1.4335558e-09 -812829.56
-1119806200000.0 0.118815124 1.4335558e-09 -812829.56
-1113670000000.0 0.118164055 1.4335558e-09 -812829.56
-1107534200000.0 0.11751302 1.4335558e-09 -812829.56
-1101398400000.0 0.11686199 1.5596635e-09 -562404.6
-1095262200000.0 0.11621092 1.5596635e-09 -562404.6
-1089126400000.0 0.11555989 1.5596635e-09 -562404.6
-1082990500000.0 0.11490886 1.5596635e-09 -562404.6
-1076854400000.0 0.11425779 1.6480903e-09 -475483.34
-1070718900000.0 0.113606796 1.6480903e-09 -475483.34
-1064582700000.0 0.11295573 1.6480903e-09 -475483.34
-1058446600000.0 0.11230466 1.6480903e-09 -475483.34
-1052311100000.0 0.11165367 1.6822097e-09 -427759.4
-1046174900000.0 0.1110026 1.6822097e-09 -427759.4
-1040038700000.0 0.11035153 1.6822097e-09 -427759.4
-1033903300000.0 0.10970054 1.6822097e-09 -427759.4
-1027767100000.0 0.10904947 1.7734167e-09 -320222.8
-1021631270000.0 0.10839844 1.7734167e-09 -320222.8
-1015495460000.0 0.107747406 1.7734167e-09 -320222.8
-1009359260000.0 0.10709634 1.7734167e-09 -320222.8
-1003223450000.0 0.106445305 1.9382993e-09 -26050.213
-997087640000.0 0.10579427 1.9382993e-09 -26050.213
