morphology_data/1d_wb_a0.05_l2r0.5_00001.ecsv
# %ECSV 1.0
# ---
# datatype:
# - {name: b, datatype: float32}
# - {name: phase, datatype: float32}
# - {name: sigma, datatype: float32}
# - {name: vr, datatype: float32}
# meta: {lambda: 2, rp: 0.5, sep: 0.05, wind: b}
# schema: astropy-2.0
b phase sigma vr
[from data line 353]
-1271670200000.0 0.2698568 1.07027574e-10 -10290092.0
-1268602200000.0 0.26920575 1.07027574e-10 -10290092.0
-1265534200000.0 0.2685547 1.07027574e-10 -10290092.0
-1262466200000.0 0.26790366 1.0986952e-10 -10411496.0
-1259398200000.0 0.2672526 1.0986952e-10 -10411496.0
-1256330200000.0 0.26660156 1.0986952e-10 -10411496.0
-1253262400000.0 0.26595053 1.0986952e-10 -10411496.0
-1250194500000.0 0.2652995 1.15671236e-10 -10472792.0
-1247126500000.0 0.26464844 1.15671236e-10 -10472792.0
-1244058500000.0 0.2639974 1.15671236e-10 -10472792.0
-1240990500000.0 0.26334634 1.15671236e-10 -10472792.0
-1237922500000.0 0.26269528 1.177819e-10 -10544601.0
-1234854500000.0 0.26204425 1.177819e-10 -10544601.0
-1231786600000.0 0.26139322 1.177819e-10 -10544601.0
-1228718700000.0 0.2607422 1.177819e-10 -10544601.0
-1225650700000.0 0.26009116 1.2121519e-10 -10530813.0
-1222582700000.0 0.2594401 1.2121519e-10 -10530813.0
-1219514900000.0 0.2587891 1.2121519e-10 -10530813.0
-1216446900000.0 0.25813803 1.2121519e-10 -10530813.0
-1213378900000.0 0.257487 1.2432028e-10 -10365297.0
-1210310900000.0 0.2568359 1.2432028e-10 -10365297.0
-1207243000000.0 0.2561849 1.2432028e-10 -10365297.0
-1204175000000.0 0.25553384 1.2432028e-10 -10365297.0
-1201107000000.0 0.2548828 1.3998702e-10 -9854358.0
-1198039100000.0 0.25423178 1.3998702e-10 -9854358.0
-1194971100000.0 0.25358072 1.3998702e-10 -9854358.0
-1191903100000.0 0.2529297 1.3998702e-10 -9854358.0
-1188835200000.0 0.25227866 1.5159042e-10 -9446988.0
-1185767200000.0 0.25162762 1.5159042e-10 -9446988.0
-1182699200000.0 0.25097656 1.5159042e-10 -9446988.0
-1179631200000.0 0.2503255 1.5159042e-10 -9446988.0
-1176563400000.0 0.24967448 1.8745415e-10 -8545837.0
-1173495300000.0 0.24902344 1.8745415e-10 -8545837.0
-1170427300000.0 0.24837239 1.8745415e-10 -8545837.0
-1167359500000.0 0.24772136 1.8745415e-10 -8545837.0
-1164291500000.0 0.2470703 2.0675932e-10 -8209577.0
-1161223500000.0 0.24641925 2.0675932e-10 -8209577.0
-1158155500000.0 0.2457682 2.0675932e-10 -8209577.0
-1155087600000.0 0.24511719 2.0675932e-10 -8209577.0
-1152019600000.0 0.24446614 2.6032493e-10 -7445630.0
-1148951600000.0 0.2438151 2.6032493e-10 -7445630.0
-1145883700000.0 0.24316406 2.6032493e-10 -7445630.0
-1142815900000.0 0.24251305 2.6032493e-10 -7445630.0
-1139747800000.0 0.241862 2.7962466e-10 -7299178.0
-1136679800000.0 0.24121095 2.7962466e-10 -7299178.0
-1133611800000.0 0.2405599 2.7962466e-10 -7299178.0
-1130543800000.0 0.23990884 2.7962466e-10 -7299178.0
-1127475800000.0 0.2392578 3.306298e-10 -6907921.5
-1124408000000.0 0.23860677 3.306298e-10 -6907921.5
-1121340100000.0 0.23795573 3.306298e-10 -6907921.5
-1118272100000.0 0.23730469 3.306298e-10 -6907921.5
-1115204100000.0 0.23665364 3.4681957e-10 -6849898.5
-1112136100000.0 0.2360026 3.4681957e-10 -6849898.5
-1109068100000.0 0.23535155 3.4681957e-10 -6849898.5
-1106000100000.0 0.23470049 3.4681957e-10 -6849898.5
-1102932200000.0 0.23404948 3.7861506e-10 -6713113.0
-1099864300000.0 0.23339845 3.7861506e-10 -6713113.0
-1096796340000.0 0.23274739 3.7861506e-10 -6713113.0
-1093728340000.0 0.23209634 3.7861506e-10 -6713113.0
-1090660400000.0 0.23144531 3.857808e-10 -6699274.0
-1087592400000.0 0.23079427 3.857808e-10 -6699274.0
-1084524400000.0 0.23014322 3.857808e-10 -6699274.0
-1081456500000.0 0.22949219 3.857808e-10 -6699274.0
-1078388600000.0 0.22884116 3.9243578e-10 -6759851.5
-1075320600000.0 0.22819011 3.9243578e-10 -6759851.5
-1072252600000.0 0.22753906 3.9243578e-10 -6759851.5
-1069184650000.0 0.22688803 3.9243578e-10 -6759851.5
-1066116700000.0 0.22623697 3.8946948e-10 -6823468.5
-1063048700000.0 0.22558592 3.8946948e-10 -6823468.5
-1059980800000.0 0.22493489 3.8946948e-10 -6823468.5
-1056912830000.0 0.22428386 3.8946948e-10 -6823468.5
-1053844800000.0 0.22363281 3.7729483e-10 -7138376.5
-1050776800000.0 0.22298177 3.7729483e-10 -7138376.5
-1047708960000.0 0.22233073 3.7729483e-10 -7138376.5
-1044640960000.0 0.22167969 3.7729483e-10 -7138376.5
-1041572950000.0 0.22102864 3.644792e-10 -7258845.5
-1038505000000.0 0.22037761 3.644792e-10 -7258845.5
-1035437150000.0 0.21972658 3.644792e-10 -7258845.5
-1032369140000.0 0.21907552 3.644792e-10 -7258845.5
-1029301140000.0 0.21842447 3.3862843e-10 -7555423.5
-1026233200000.0 0.21777344 3.3862843e-10 -7555423.5
-1023165200000.0 0.21712239 3.3862843e-10 -7555423.5
-1020097200000.0 0.21647134 3.3862843e-10 -7555423.5
-1017029300000.0 0.21582031 3.3460423e-10 -7599721.0
-1013961400000.0 0.21516928 3.3460423e-10 -7599721.0
-1010893400000.0 0.21451823 3.3460423e-10 -7599721.0
-1007825400000.0 0.21386719 3.3460423e-10 -7599721.0
-1004757450000.0 0.21321616 3.23835e-10 -7783032.0
-1001689500000.0 0.2125651 3.23835e-10 -7783032.0
-998621500000.0 0.21191405 3.23835e-10 -7783032.0
-995553600000.0 0.21126302 3.23835e-10 -7783032.0
-992485640000.0 0.21061198 3.3710512e-10 -7713009.5
-989417640000.0 0.20996094 3.3710512e-10 -7713009.5
-986349630000.0 0.20930989 3.3710512e-10 -7713009.5
-983281760000.0 0.20865886 3.3710512e-10 -7713009.5
-980213760000.0 0.20800781 3.437644e-10 -7595877.0
-977145760000.0 0.20735677 3.437644e-10 -7595877.0
-974077800000.0 0.20670573 3.437644e-10 -7595877.0
-971009950000.0 0.2060547 3.437644e-10 -7595877.0
-967941950000.0 0.20540364 3.724401e-10 -7188444.0
-964873950000.0 0.2047526 3.724401e-10 -7188444.0
-961806000000.0 0.20410156 3.724401e-10 -7188444.0
-958738140000.0 0.20345053 3.724401e-10 -7188444.0
-955670000000.0 0.20279947 3.8888595e-10 -6903830.0
-952602100000.0 0.20214844 3.8888595e-10 -6903830.0
-949534200000.0 0.2014974 3.8888595e-10 -6903830.0
-946466200000.0 0.20084636 3.8888595e-10 -6903830.0
-943398200000.0 0.20019531 4.0925277e-10 -6732778.5
-940330250000.0 0.19954428 4.0925277e-10 -6732778.5
-937262400000.0 0.19889325 4.0925277e-10 -6732778.5
-934194300000.0 0.19824217 4.0925277e-10 -6732778.5
-931126400000.0 0.19759114 4.189603e-10 -6728438.5
-928058440000.0 0.19694011 4.189603e-10 -6728438.5
-924990440000.0 0.19628906 4.189603e-10 -6728438.5
-921922440000.0 0.19563802 4.189603e-10 -6728438.5
-918854570000.0 0.19498698 4.2181209e-10 -6868696.0
-915786600000.0 0.19433595 4.2181209e-10 -6868696.0
-912718560000.0 0.19368488 4.2181209e-10 -6868696.0
-909650600000.0 0.19303386 4.2181209e-10 -6868696.0
-906582750000.0 0.19238283 4.230379e-10 -6869529.0
-903514750000.0 0.19173177 4.230379e-10 -6869529.0
-900446750000.0 0.19108072 4.230379e-10 -6869529.0
-897378800000.0 0.19042969 4.230379e-10 -6869529.0
-894310900000.0 0.18977866 4.446594e-10 -6624358.5
-891242800000.0 0.1891276 4.446594e-10 -6624358.5
-888174940000.0 0.18847656 4.446594e-10 -6624358.5
-885107000000.0 0.18782553 4.446594e-10 -6624358.5
-882039000000.0 0.18717448 4.8066395e-10 -6246555.5
-878971000000.0 0.18652342 4.8066395e-10 -6246555.5
-875903060000.0 0.1858724 4.8066395e-10 -6246555.5
-872835200000.0 0.18522137 4.8066395e-10 -6246555.5
-869767050000.0 0.1845703 5.210998e-10 -5869064.0
-866699200000.0 0.18391927 5.210998e-10 -5869064.0
-863631250000.0 0.18326823 5.210998e-10 -5869064.0
-860563240000.0 0.18261719 5.210998e-10 -5869064.0
-857495400000.0 0.18196616 5.529976e-10 -5629917.0
-854427400000.0 0.18131511 5.529976e-10 -5629917.0
-851359400000.0 0.18066408 5.529976e-10 -5629917.0
-848291360000.0 0.180013 5.529976e-10 -5629917.0
-845223400000.0 0.17936198 5.8834754e-10 -5497188.0
-842155560000.0 0.17871095 5.8834754e-10 -5497188.0
-839087400000.0 0.17805988 5.8834754e-10 -5497188.0
-836019700000.0 0.17740889 5.8834754e-10 -5497188.0
-832951600000.0 0.17675781 6.162035e-10 -5502226.0
-829883550000.0 0.17610675 6.162035e-10 -5502226.0
-826815800000.0 0.17545575 6.162035e-10 -5502226.0
-823747740000.0 0.17480469 6.162035e-10 -5502226.0
-820679600000.0 0.17415361 6.498892e-10 -5527550.5
-817611870000.0 0.17350262 6.498892e-10 -5527550.5
-814543800000.0 0.17285155 6.498892e-10 -5527550.5
-811475860000.0 0.17220053 6.498892e-10 -5527550.5
-808408000000.0 0.1715495 6.9270334e-10 -5573761.5
-805339860000.0 0.17089842 6.9270334e-10 -5573761.5
-802272000000.0 0.17024739 6.9270334e-10 -5573761.5
-799204050000.0 0.16959636 6.9270334e-10 -5573761.5
-796136000000.0 0.1689453 7.3390904e-10 -5515039.5
-793068240000.0 0.1682943 7.3390904e-10 -5515039.5
-790000200000.0 0.16764323 7.3390904e-10 -5515039.5
-786932040000.0 0.16699216 7.3390904e-10 -5515039.5
-783864370000.0 0.16634117 7.958373e-10 -5397886.0
-780796200000.0 0.1656901 7.958373e-10 -5397886.0
-777728160000.0 0.16503903 7.958373e-10 -5397886.0
-774660400000.0 0.16438805 7.958373e-10 -5397886.0
-771592360000.0 0.16373697 8.6609336e-10 -5119892.5
-768524400000.0 0.16308594 8.6609336e-10 -5119892.5
-765456500000.0 0.1624349 8.6609336e-10 -5119892.5
-762388400000.0 0.16178384 8.6609336e-10 -5119892.5
-759320540000.0 0.16113281 9.430163e-10 -4785093.0
-756252600000.0 0.16048178 9.430163e-10 -4785093.0
-753184540000.0 0.1598307 9.430163e-10 -4785093.0
-750116800000.0 0.15917972 9.430163e-10 -4785093.0
-747048670000.0 0.15852864 1.0168348e-09 -4462750.5
-743980600000.0 0.15787758 1.0168348e-09 -4462750.5
-740912860000.0 0.15722659 1.0168348e-09 -4462750.5
-737844800000.0 0.15657552 1.0168348e-09 -4462750.5
-734776700000.0 0.15592445 1.0778031e-09 -4209389.0
-731709000000.0 0.15527347 1.0778031e-09 -4209389.0
-728640850000.0 0.15462239 1.0778031e-09 -4209389.0
-725573000000.0 0.15397136 1.0778031e-09 -4209389.0
-722505040000.0 0.15332033 1.1178592e-09 -4044486.0
-719437000000.0 0.15266925 1.1178592e-09 -4044486.0
-716369040000.0 0.15201822 1.1178592e-09 -4044486.0
-713301160000.0 0.1513672 1.1178592e-09 -4044486.0
-710233000000.0 0.15071613 1.1401292e-09 -4008870.0
-707165300000.0 0.15006512 1.1401292e-09 -4008870.0
-704097200000.0 0.14941406 1.1401292e-09 -4008870.0
-701029150000.0 0.148763 1.1401292e-09 -4008870.0
-697961400000.0 0.148112 1.1336233e-09 -4178408.0
-694893300000.0 0.14746092 1.1336233e-09 -4178408.0
-691825200000.0 0.14680986 1.1336233e-09 -4178408.0
-688757500000.0 0.14615887 1.1336233e-09 -4178408.0
-685689400000.0 0.1455078 1.0600575e-09 -4660356.5
-682621500000.0 0.14485677 1.0600575e-09 -4660356.5
-679553600000.0 0.14420575 1.0600575e-09 -4660356.5
-676485460000.0 0.14355466 1.0600575e-09 -4660356.5
-673417600000.0 0.14290364 9.565225e-10 -5246199.5
-670349660000.0 0.14225261 9.565225e-10 -5246199.5
-667281600000.0 0.14160155 9.565225e-10 -5246199.5
-664213850000.0 0.14095055 9.565225e-10 -5246199.5
-661145800000.0 0.14029948 8.782774e-10 -5580170.5
-658077650000.0 0.13964841 8.782774e-10 -5580170.5
-655009900000.0 0.1389974 8.782774e-10 -5580170.5
-651941840000.0 0.13834634 8.782774e-10 -5580170.5
-648873800000.0 0.13769528 8.3274027e-10 -5781399.5
-645806000000.0 0.1370443 8.3274027e-10 -5781399.5
-642737960000.0 0.13639323 8.3274027e-10 -5781399.5
-639670000000.0 0.13574219 8.3274027e-10 -5781399.5
-636602100000.0 0.13509116 7.9548684e-10 -5932463.5
-633534000000.0 0.1344401 7.9548684e-10 -5932463.5
-630466100000.0 0.13378905 7.9548684e-10 -5932463.5
-627398200000.0 0.13313803 7.9548684e-10 -5932463.5
-624330150000.0 0.13248697 7.6008083e-10 -5993960.5
-621262400000.0 0.13183598 7.6008083e-10 -5993960.5
-618194300000.0 0.13118489 7.6008083e-10 -5993960.5
-615126200000.0 0.13053383 7.6008083e-10 -5993960.5
-612058460000.0 0.12988284 7.3509865e-10 -5916303.5
-608990400000.0 0.12923177 7.3509865e-10 -5916303.5
-605922260000.0 0.12858069 7.3509865e-10 -5916303.5
-602854600000.0 0.12792972 7.3509865e-10 -5916303.5
-599786460000.0 0.12727864 7.2866846e-10 -5711051.0
-596718600000.0 0.12662761 7.2866846e-10 -5711051.0
-593650650000.0 0.12597658 7.2866846e-10 -5711051.0
-590582600000.0 0.1253255 7.2866846e-10 -5711051.0
-587514640000.0 0.12467448 7.443436e-10 -5404993.0
-584446800000.0 0.12402345 7.443436e-10 -5404993.0
-581378640000.0 0.123372376 7.443436e-10 -5404993.0
-578310900000.0 0.12272138 7.443436e-10 -5404993.0
-575242800000.0 0.12207031 7.745272e-10 -5110492.5
-572174760000.0 0.12141925 7.745272e-10 -5110492.5
-569107000000.0 0.12076825 7.745272e-10 -5110492.5
-566038900000.0 0.12011717 7.745272e-10 -5110492.5
-562970800000.0 0.11946611 8.0734536e-10 -4938767.0
-559903100000.0 0.118815124 8.0734536e-10 -4938767.0
-556835000000.0 0.118164055 8.0734536e-10 -4938767.0
-553767100000.0 0.11751302 8.0734536e-10 -4938767.0
-550699200000.0 0.11686199 8.276222e-10 -4906064.0
-547631100000.0 0.11621092 8.276222e-10 -4906064.0
-544563200000.0 0.11555989 8.276222e-10 -4906064.0
-541495260000.0 0.11490886 8.276222e-10 -4906064.0
-538427200000.0 0.11425779 8.452643e-10 -5019615.0
-535359460000.0 0.113606796 8.452643e-10 -5019615.0
-532291350000.0 0.11295573 8.452643e-10 -5019615.0
-529223300000.0 0.11230466 8.452643e-10 -5019615.0
-526155550000.0 0.11165367 8.5087265e-10 -5282194.5
-523087450000.0 0.1110026 8.5087265e-10 -5282194.5
-520019350000.0 0.11035153 8.5087265e-10 -5282194.5
-516951640000.0 0.10970054 8.5087265e-10 -5282194.5
-513883540000.0 0.10904947 8.565279e-10 -5248555.5
-510815630000.0 0.10839844 8.565279e-10 -5248555.5
-507747730000.0 0.107747406 8.565279e-10 -5248555.5
-504679630000.0 0.10709634 8.565279e-10 -5248555.5
-501611720000.0 0.106445305 9.14316e-10 -4691774.5
-498543820000.0 0.10579427 9.14316e-10 -4691774.5
-495475720000.0 0.10514321 9.14316e-10 -4691774.5
-492407980000.0 0.10449222 9.14316e-10 -4691774.5
-489339900000.0 0.10384115 1.0018051e-09 -3958542.5
-486271800000.0 0.10319008 1.0018051e-09 -3958542.5
-483204070000.0 0.102539085 1.0018051e-09 -3958542.5
-480135970000.0 0.101888016 1.0018051e-09 -3958542.5
-477067900000.0 0.10123695 1.0460818e-09 -3490076.5
-474000160000.0 0.10058595 1.0460818e-09 -3490076.5
-470932060000.0 0.09993488 1.0460818e-09 -3490076.5
-467864160000.0 0.09928385 1.0460818e-09 -3490076.5
-464796250000.0 0.09863283 9.937214e-10 -3476357.2
-461728150000.0 0.09798176 9.937214e-10 -3476357.2
-458660250000.0 0.09733073 9.937214e-10 -3476357.2
-455592350000.0 0.096679695 9.937214e-10 -3476357.2
-452524240000.0 0.096028626 8.2359325e-10 -3951685.0
-449456500000.0 0.09537763 8.2359325e-10 -3951685.0
-446388440000.0 0.09472656 8.2359325e-10 -3951685.0
-443320340000.0 0.09407549 8.2359325e-10 -3951685.0
-440252600000.0 0.0934245 6.448386e-10 -5082996.0
-437184530000.0 0.09277343 6.448386e-10 -5082996.0
-434116430000.0 0.09212236 6.448386e-10 -5082996.0
-431048700000.0 0.091471374 6.448386e-10 -5082996.0
-427980620000.0 0.090820305 5.533821e-10 -6060220.0
-424912680000.0 0.09016927 5.533821e-10 -6060220.0
-421844780000.0 0.08951824 5.533821e-10 -6060220.0
-418776700000.0 0.08886717 5.533821e-10 -6060220.0
-415708770000.0 0.08821614 5.455791e-10 -6229745.0
-412640870000.0 0.08756511 5.455791e-10 -6229745.0
-409572800000.0 0.08691404 5.455791e-10 -6229745.0
-406505060000.0 0.086263046 5.455791e-10 -6229745.0
-403436960000.0 0.08561198 6.0354216e-10 -5828003.0
-400368860000.0 0.08496091 6.0354216e-10 -5828003.0
-397301150000.0 0.08430992 6.0354216e-10 -5828003.0
-394233050000.0 0.08365885 6.0354216e-10 -5828003.0
-391165150000.0 0.08300782 6.4680844e-10 -5639425.0
-388097250000.0 0.08235679 6.4680844e-10 -5639425.0
-385029140000.0 0.08170572 6.593962e-10 -5590053.0
-381961240000.0 0.08105469 6.593962e-10 -5590053.0
-378893340000.0 0.080403656 6.39821e-10 -5633058.0
-375825240000.0 0.07975259 6.39821e-10 -5633058.0
-372757500000.0 0.07910159 6.351095e-10 -5314026.0
-369689400000.0 0.07845052 6.351095e-10 -5314026.0
-366621330000.0 0.077799454 6.698362e-10 -4780348.0
-363553600000.0 0.07714847 6.698362e-10 -4780348.0
-360485500000.0 0.07649739 7.319614e-10 -4009550.5
-357417420000.0 0.07584633 7.319614e-10 -4009550.5
-354349680000.0 0.075195335 8.318372e-10 -3316088.8
-351281580000.0 0.07454426 8.318372e-10 -3316088.8
-348213670000.0 0.073893234 9.1932684e-10 -2642684.0
-345145770000.0 0.0732422 9.1932684e-10 -2642684.0
-342077670000.0 0.07259113 9.74957e-10 -2163951.8
-339009770000.0 0.0719401 9.74957e-10 -2163951.8
-335941860000.0 0.07128907 9.95745e-10 -1826343.6
-332873760000.0 0.070638 9.95745e-10 -1826343.6
-329806020000.0 0.06998701 9.655492e-10 -1922787.5
