morphology_data/1d_wa_a0.05_l8r2_00001.ecsv
# %ECSV 1.0
# ---
# datatype:
# - {name: b, datatype: float32}
# - {name: phase, datatype: float32}
# - {name: sigma, datatype: float32}
# - {name: vr, datatype: float32}
# meta: {lambda: 8, rp: 2.0, sep: 0.05, wind: a}
# schema: astropy-2.0
b phase sigma vr
[from data line 449]
-977145760000.0 0.20735677 nan nan
-974077800000.0 0.20670573 nan nan
-971009950000.0 0.2060547 nan nan
-967941950000.0 0.20540364 nan nan
-964873950000.0 0.2047526 nan nan
-961806000000.0 0.20410156 nan nan
-958738140000.0 0.20345053 nan nan
-955670000000.0 0.20279947 nan nan
-952602100000.0 0.20214844 nan nan
-949534200000.0 0.2014974 nan nan
-946466200000.0 0.20084636 nan nan
-943398200000.0 0.20019531 1.3153384e-11 946471.5
-940330250000.0 0.19954428 1.3153384e-11 946471.5
-937262400000.0 0.19889325 1.3153384e-11 946471.5
-934194300000.0 0.19824217 1.3153384e-11 946471.5
-931126400000.0 0.19759114 2.7185695e-11 917861.3
-928058440000.0 0.19694011 2.7185695e-11 917861.3
-924990440000.0 0.19628906 2.7185695e-11 917861.3
-921922440000.0 0.19563802 2.7185695e-11 917861.3
-918854570000.0 0.19498698 5.868507e-11 902383.7
-915786600000.0 0.19433595 5.868507e-11 902383.7
-912718560000.0 0.19368488 5.868507e-11 902383.7
-909650600000.0 0.19303386 5.868507e-11 902383.7
-906582750000.0 0.19238283 1.231101e-10 903046.0
-903514750000.0 0.19173177 1.231101e-10 903046.0
-900446750000.0 0.19108072 1.231101e-10 903046.0
-897378800000.0 0.19042969 1.231101e-10 903046.0
-894310900000.0 0.18977866 2.394018e-10 913430.1
-891242800000.0 0.1891276 2.394018e-10 913430.1
-888174940000.0 0.18847656 2.394018e-10 913430.1
-885107000000.0 0.18782553 2.394018e-10 913430.1
-882039000000.0 0.18717448 4.260806e-10 926501.5
-878971000000.0 0.18652342 4.260806e-10 926501.5
-875903060000.0 0.1858724 4.260806e-10 926501.5
-872835200000.0 0.18522137 4.260806e-10 926501.5
-869767050000.0 0.1845703 6.9513917e-10 938108.44
-866699200000.0 0.18391927 6.9513917e-10 938108.44
-863631250000.0 0.18326823 6.9513917e-10 938108.44
-860563240000.0 0.18261719 6.9513917e-10 938108.44
-857495400000.0 0.18196616 1.0514555e-09 947172.56
-854427400000.0 0.18131511 1.0514555e-09 947172.56
-851359400000.0 0.18066408 1.0514555e-09 947172.56
-848291360000.0 0.180013 1.0514555e-09 947172.56
-845223400000.0 0.17936198 1.4998199e-09 954306.4
-842155560000.0 0.17871095 1.4998199e-09 954306.4
-839087400000.0 0.17805988 1.4998199e-09 954306.4
-836019700000.0 0.17740889 1.4998199e-09 954306.4
-832951600000.0 0.17675781 2.0445898e-09 959960.5
-829883550000.0 0.17610675 2.0445898e-09 959960.5
-826815800000.0 0.17545575 2.0445898e-09 959960.5
-823747740000.0 0.17480469 2.0445898e-09 959960.5
-820679600000.0 0.17415361 2.6853921e-09 963699.56
-817611870000.0 0.17350262 2.6853921e-09 963699.56
-814543800000.0 0.17285155 2.6853921e-09 963699.56
-811475860000.0 0.17220053 2.6853921e-09 963699.56
-808408000000.0 0.1715495 3.415993e-09 965314.5
-805339860000.0 0.17089842 3.415993e-09 965314.5
-802272000000.0 0.17024739 3.415993e-09 965314.5
-799204050000.0 0.16959636 3.415993e-09 965314.5
-796136000000.0 0.1689453 4.2262673e-09 965258.06
-793068240000.0 0.1682943 4.2262673e-09 965258.06
-790000200000.0 0.16764323 4.2262673e-09 965258.06
-786932040000.0 0.16699216 4.2262673e-09 965258.06
-783864370000.0 0.16634117 5.112476e-09 963953.5
-780796200000.0 0.1656901 5.112476e-09 963953.5
-777728160000.0 0.16503903 5.112476e-09 963953.5
-774660400000.0 0.16438805 5.112476e-09 963953.5
-771592360000.0 0.16373697 6.075762e-09 961579.3
-768524400000.0 0.16308594 6.075762e-09 961579.3
-765456500000.0 0.1624349 6.075762e-09 961579.3
-762388400000.0 0.16178384 6.075762e-09 961579.3
-759320540000.0 0.16113281 7.1046933e-09 958035.06
-756252600000.0 0.16048178 7.1046933e-09 958035.06
-753184540000.0 0.1598307 7.1046933e-09 958035.06
-750116800000.0 0.15917972 7.1046933e-09 958035.06
-747048670000.0 0.15852864 8.186014e-09 953410.25
-743980600000.0 0.15787758 8.186014e-09 953410.25
-740912860000.0 0.15722659 8.186014e-09 953410.25
-737844800000.0 0.15657552 8.186014e-09 953410.25
-734776700000.0 0.15592445 9.3109e-09 947847.8
-731709000000.0 0.15527347 9.3109e-09 947847.8
-728640850000.0 0.15462239 9.3109e-09 947847.8
-725573000000.0 0.15397136 9.3109e-09 947847.8
-722505040000.0 0.15332033 1.0492176e-08 941546.0
-719437000000.0 0.15266925 1.0492176e-08 941546.0
-716369040000.0 0.15201822 1.0492176e-08 941546.0
-713301160000.0 0.1513672 1.0492176e-08 941546.0
-710233000000.0 0.15071613 1.1727199e-08 934496.75
-707165300000.0 0.15006512 1.1727199e-08 934496.75
-704097200000.0 0.14941406 1.1727199e-08 934496.75
-701029150000.0 0.148763 1.1727199e-08 934496.75
-697961400000.0 0.148112 1.3005266e-08 926646.9
-694893300000.0 0.14746092 1.3005266e-08 926646.9
-691825200000.0 0.14680986 1.3005266e-08 926646.9
-688757500000.0 0.14615887 1.3005266e-08 926646.9
-685689400000.0 0.1455078 1.43263525e-08 918058.4
-682621500000.0 0.14485677 1.43263525e-08 918058.4
-679553600000.0 0.14420575 1.43263525e-08 918058.4
-676485460000.0 0.14355466 1.43263525e-08 918058.4
-673417600000.0 0.14290364 1.5683709e-08 908140.6
-670349660000.0 0.14225261 1.5683709e-08 908140.6
-667281600000.0 0.14160155 1.5683709e-08 908140.6
-664213850000.0 0.14095055 1.5683709e-08 908140.6
-661145800000.0 0.14029948 1.7080517e-08 897034.1
-658077650000.0 0.13964841 1.7080517e-08 897034.1
-655009900000.0 0.1389974 1.7080517e-08 897034.1
-651941840000.0 0.13834634 1.7080517e-08 897034.1
-648873800000.0 0.13769528 1.85106e-08 884904.8
-645806000000.0 0.1370443 1.85106e-08 884904.8
-642737960000.0 0.13639323 1.85106e-08 884904.8
-639670000000.0 0.13574219 1.85106e-08 884904.8
-636602100000.0 0.13509116 1.9992896e-08 871911.4
-633534000000.0 0.1344401 1.9992896e-08 871911.4
-630466100000.0 0.13378905 1.9992896e-08 871911.4
-627398200000.0 0.13313803 1.9992896e-08 871911.4
-624330150000.0 0.13248697 2.1495332e-08 857837.25
-621262400000.0 0.13183598 2.1495332e-08 857837.25
-618194300000.0 0.13118489 2.1495332e-08 857837.25
-615126200000.0 0.13053383 2.1495332e-08 857837.25
-612058460000.0 0.12988284 2.3020506e-08 842971.94
-608990400000.0 0.12923177 2.3020506e-08 842971.94
-605922260000.0 0.12858069 2.3020506e-08 842971.94
-602854600000.0 0.12792972 2.3020506e-08 842971.94
-599786460000.0 0.12727864 2.4546644e-08 826807.25
-596718600000.0 0.12662761 2.4546644e-08 826807.25
-593650650000.0 0.12597658 2.4546644e-08 826807.25
-590582600000.0 0.1253255 2.4546644e-08 826807.25
-587514640000.0 0.12467448 2.6102152e-08 809672.25
-584446800000.0 0.12402345 2.6102152e-08 809672.25
-581378640000.0 0.123372376 2.6102152e-08 809672.25
-578310900000.0 0.12272138 2.6102152e-08 809672.25
-575242800000.0 0.12207031 2.7687255e-08 792506.4
-572174760000.0 0.12141925 2.7687255e-08 792506.4
-569107000000.0 0.12076825 2.7687255e-08 792506.4
-566038900000.0 0.12011717 2.7687255e-08 792506.4
-562970800000.0 0.11946611 2.9319503e-08 775683.94
-559903100000.0 0.118815124 2.9319503e-08 775683.94
-556835000000.0 0.118164055 2.9319503e-08 775683.94
-553767100000.0 0.11751302 2.9319503e-08 775683.94
-550699200000.0 0.11686199 3.097519e-08 758379.7
-547631100000.0 0.11621092 3.097519e-08 758379.7
-544563200000.0 0.11555989 3.097519e-08 758379.7
-541495260000.0 0.11490886 3.097519e-08 758379.7
-538427200000.0 0.11425779 3.2613027e-08 740182.1
-535359460000.0 0.113606796 3.2613027e-08 740182.1
-532291350000.0 0.11295573 3.2613027e-08 740182.1
-529223300000.0 0.11230466 3.2613027e-08 740182.1
-526155550000.0 0.11165367 3.4225828e-08 722189.06
-523087450000.0 0.1110026 3.4225828e-08 722189.06
-520019350000.0 0.11035153 3.4225828e-08 722189.06
-516951640000.0 0.10970054 3.4225828e-08 722189.06
-513883540000.0 0.10904947 3.5911523e-08 704395.4
-510815630000.0 0.10839844 3.5911523e-08 704395.4
-507747730000.0 0.107747406 3.5911523e-08 704395.4
-504679630000.0 0.10709634 3.5911523e-08 704395.4
-501611720000.0 0.106445305 3.7678884e-08 687933.44
-498543820000.0 0.10579427 3.7678884e-08 687933.44
-495475720000.0 0.10514321 3.7678884e-08 687933.44
-492407980000.0 0.10449222 3.7678884e-08 687933.44
-489339900000.0 0.10384115 3.93554e-08 670635.5
-486271800000.0 0.10319008 3.93554e-08 670635.5
-483204070000.0 0.102539085 3.93554e-08 670635.5
-480135970000.0 0.101888016 3.93554e-08 670635.5
-477067900000.0 0.10123695 4.1009766e-08 651316.0
-474000160000.0 0.10058595 4.1009766e-08 651316.0
-470932060000.0 0.09993488 4.1009766e-08 651316.0
-467864160000.0 0.09928385 4.1009766e-08 651316.0
-464796250000.0 0.09863283 4.281075e-08 631510.8
-461728150000.0 0.09798176 4.281075e-08 631510.8
-458660250000.0 0.09733073 4.281075e-08 631510.8
-455592350000.0 0.096679695 4.281075e-08 631510.8
-452524240000.0 0.096028626 4.479819e-08 614253.6
-449456500000.0 0.09537763 4.479819e-08 614253.6
-446388440000.0 0.09472656 4.479819e-08 614253.6
-443320340000.0 0.09407549 4.479819e-08 614253.6
-440252600000.0 0.0934245 4.6744812e-08 596957.4
-437184530000.0 0.09277343 4.6744812e-08 596957.4
-434116430000.0 0.09212236 4.6744812e-08 596957.4
-431048700000.0 0.091471374 4.6744812e-08 596957.4
-427980620000.0 0.090820305 4.865228e-08 578289.4
-424912680000.0 0.09016927 4.865228e-08 578289.4
-421844780000.0 0.08951824 4.865228e-08 578289.4
-418776700000.0 0.08886717 4.865228e-08 578289.4
-415708770000.0 0.08821614 5.060713e-08 557876.56
-412640870000.0 0.08756511 5.060713e-08 557876.56
-409572800000.0 0.08691404 5.060713e-08 557876.56
-406505060000.0 0.086263046 5.060713e-08 557876.56
-403436960000.0 0.08561198 5.2634036e-08 537539.5
-400368860000.0 0.08496091 5.2634036e-08 537539.5
-397301150000.0 0.08430992 5.2634036e-08 537539.5
-394233050000.0 0.08365885 5.2634036e-08 537539.5
-391165150000.0 0.08300782 5.536949e-08 516260.38
-388097250000.0 0.08235679 5.536949e-08 516260.38
-385029140000.0 0.08170572 5.5573324e-08 502946.34
-381961240000.0 0.08105469 5.5573324e-08 502946.34
-378893340000.0 0.080403656 5.5725927e-08 484504.7
-375825240000.0 0.07975259 5.5725927e-08 484504.7
-372757500000.0 0.07910159 5.576618e-08 464578.12
-369689400000.0 0.07845052 5.576618e-08 464578.12
-366621330000.0 0.077799454 5.580206e-08 443789.62
-363553600000.0 0.07714847 5.580206e-08 443789.62
-360485500000.0 0.07649739 5.5865097e-08 423287.4
-357417420000.0 0.07584633 5.5865097e-08 423287.4
-354349680000.0 0.075195335 5.591532e-08 402446.38
-351281580000.0 0.07454426 5.591532e-08 402446.38
-348213670000.0 0.073893234 5.5934972e-08 380688.8
-345145770000.0 0.0732422 5.5934972e-08 380688.8
-342077670000.0 0.07259113 5.5971583e-08 358363.84
-339009770000.0 0.0719401 5.5971583e-08 358363.84
-335941860000.0 0.07128907 5.607561e-08 335485.47
-332873760000.0 0.070638 5.607561e-08 335485.47
-329806020000.0 0.06998701 5.6254546e-08 312365.06
-326737950000.0 0.069335945 5.6254546e-08 312365.06
-323669850000.0 0.068684876 5.6464934e-08 289322.34
-320602100000.0 0.068033874 5.6464934e-08 289322.34
-317534040000.0 0.06738281 5.6691768e-08 265798.8
-314465940000.0 0.06673174 5.6691768e-08 265798.8
-311398200000.0 0.06608075 5.6985563e-08 242175.81
-308330140000.0 0.06542969 5.6985563e-08 242175.81
-305262200000.0 0.06477865 5.7356193e-08 218950.22
-302194300000.0 0.06412762 5.7356193e-08 218950.22
-299126230000.0 0.063476555 5.774878e-08 194408.3
-296058300000.0 0.062825516 5.774878e-08 194408.3
-292990400000.0 0.062174488 5.818303e-08 168846.52
-289922320000.0 0.061523426 5.818303e-08 168846.52
-286854580000.0 0.060872428 5.8721476e-08 144202.05
-283786480000.0 0.06022136 5.8721476e-08 144202.05
-280718380000.0 0.059570286 5.939308e-08 121143.664
-277650670000.0 0.058919296 5.939308e-08 121143.664
-274582570000.0 0.058268227 6.013687e-08 98569.16
-271514480000.0 0.057617158 6.013687e-08 98569.16
-268446740000.0 0.056966167 6.08825e-08 74381.945
-265378660000.0 0.056315098 6.08825e-08 74381.945
-262310740000.0 0.055664066 6.172015e-08 50233.562
-259242840000.0 0.055013034 6.172015e-08 50233.562
-256174750000.0 0.05436197 6.275725e-08 27512.72
-253106830000.0 0.053710938 6.275725e-08 27512.72
-250038930000.0 0.053059906 6.384933e-08 5373.9116
-246970840000.0 0.052408837 6.384933e-08 5373.9116
-243903100000.0 0.051757842 6.492471e-08 -17005.79
-240835020000.0 0.051106777 6.492471e-08 -17005.79
-237766920000.0 0.050455708 6.60684e-08 -39630.645
-234699200000.0 0.049804714 6.60684e-08 -39630.645
-231631110000.0 0.049153645 6.7494206e-08 -59563.04
-228563010000.0 0.048502576 6.7494206e-08 -59563.04
-225495290000.0 0.047851585 6.9160734e-08 -77379.1
-222427190000.0 0.047200516 6.9160734e-08 -77379.1
-219359280000.0 0.046549484 7.1002304e-08 -94197.96
-216291380000.0 0.045898452 7.1002304e-08 -94197.96
-213223280000.0 0.045247383 7.317405e-08 -109123.69
-210155370000.0 0.04459635 7.317405e-08 -109123.69
-207087470000.0 0.043945324 7.587561e-08 -119589.06
-204019370000.0 0.043294255 7.587561e-08 -119589.06
-200951640000.0 0.04264326 7.9014555e-08 -126847.86
-197883540000.0 0.04199219 7.9014555e-08 -126847.86
-194815460000.0 0.041341122 8.206644e-08 -71476.91
-191747740000.0 0.04069013 8.391267e-08 -81628.31
-188679630000.0 0.040039062 8.559167e-08 -83729.76
-185611550000.0 0.039387994 8.747432e-08 -90046.89
-182543810000.0 0.038736995 8.932669e-08 -93941.914
-179475730000.0 0.03808593 9.136147e-08 -99643.05
-176407820000.0 0.0374349 9.340613e-08 -103844.4
-173339900000.0 0.03678387 9.553706e-08 -109715.53
-170271820000.0 0.0361328 9.767371e-08 -114987.87
-167203910000.0 0.035481773 9.988897e-08 -121081.58
-164136000000.0 0.034830738 1.021336e-07 -126963.32
-161067910000.0 0.03417967 1.0444448e-07 -133330.28
-158000170000.0 0.033528678 1.06841824e-07 -139509.5
-154932080000.0 0.03287761 1.0931747e-07 -145714.47
-151864000000.0 0.03222654 1.11911966e-07 -151519.17
-148796260000.0 0.031575546 1.1470404e-07 -156573.81
-145728180000.0 0.030924477 1.15679214e-07 -158189.2
-142660100000.0 0.030273411 1.18615006e-07 -164017.8
-139592350000.0 0.029622415 1.2170804e-07 -168872.17
-136524260000.0 0.028971346 1.2502268e-07 -173070.56
-133456355000.0 0.028320316 1.2849358e-07 -177075.78
-130388440000.0 0.027669284 1.3215305e-07 -180747.25
-127320350000.0 0.027018217 1.360971e-07 -183251.25
-124252440000.0 0.026367186 1.401993e-07 -184996.34
-121184530000.0 0.025716154 1.4430972e-07 -187037.1
-118116440000.0 0.025065087 1.485605e-07 -190181.4
-115048710000.0 0.024414092 1.5330262e-07 -192783.94
-111980620000.0 0.023763025 1.5855298e-07 -193520.47
-108912530000.0 0.023111956 1.6409467e-07 -194714.02
-105844800000.0 0.022460962 1.6991095e-07 -196106.69
-102776710000.0 0.021809895 1.7618434e-07 -195538.8
-99708620000.0 0.021158826 1.8270521e-07 -194801.3
-96640885000.0 0.020507833 1.893934e-07 -196641.44
-93572800000.0 0.019856764 1.9670102e-07 -198265.84
-90504890000.0 0.019205732 2.05092e-07 -197545.55
-87436980000.0 0.018554702 2.1428107e-07 -199231.66
-84368880000.0 0.017903633 2.235968e-07 -201584.17
-81300970000.0 0.017252602 2.3388459e-07 -202528.97
-78233070000.0 0.016601572 2.4606368e-07 -202523.25
-75164975000.0 0.015950503 2.5965062e-07 -197198.45
-72097240000.0 0.015299509 2.8111867e-07 -173994.11
-69029150000.0 0.014648439 2.996772e-07 -160835.97
-65961062000.0 0.013997372 3.1971783e-07 -144582.98
-62893330000.0 0.013346379 3.444281e-07 -125321.46
-59825242000.0 0.012695311 3.7532413e-07 -100632.35
-56757154000.0 0.012044242 4.1009358e-07 -72163.84
-53689420000.0 0.011393248 4.519248e-07 -43640.797
-50621334000.0 0.01074218 5.030044e-07 -8717.251
-47553420000.0 0.010091149 5.599784e-07 24943.99
-44485510000.0 0.009440118 6.353768e-07 58961.88
-41417420000.0 0.008789049 7.337418e-07 94281.75
-38349510000.0 0.008138019 8.6335916e-07 127543.15
-35281600000.0 0.0074869874 1.051312e-06 160431.3
-32213510000.0 0.006835919 1.2930393e-06 185950.75
-29145778000.0 0.006184926 1.6623919e-06 205649.08
-26077688000.0 0.0055338573 2.2568724e-06 214485.75
-23009600000.0 0.0048827888 3.3052715e-06 208623.47
-19941868000.0 0.0042317957 5.4426296e-06 184550.84
-16873777000.0 0.0035807267 1.0971569e-05 141707.36
16873777000.0 -0.0035807267 1.22704405e-05 -122550.0
19941868000.0 -0.0042317957 5.9080057e-06 -164317.8
23009600000.0 -0.0048827888 3.5253574e-06 -183152.44
26077688000.0 -0.0055338573 2.389131e-06 -182090.1
29145778000.0 -0.006184926 1.7553939e-06 -163195.1
32213510000.0 -0.006835919 1.3657246e-06 -134166.42
