morphology_data/1d_wc_a0.05_l2r0.5_00001.ecsv
# %ECSV 1.0
# ---
# datatype:
# - {name: b, datatype: float32}
# - {name: phase, datatype: float32}
# - {name: sigma, datatype: float32}
# - {name: vr, datatype: float32}
# meta: {lambda: 2, rp: 0.5, sep: 0.05, wind: c}
# schema: astropy-2.0
b phase sigma vr
[from data line 777]
35281600000.0 -0.0074869874 9.325731e-10 -2992144.2
38349510000.0 -0.008138019 8.1980783e-10 -4310975.0
41417420000.0 -0.008789049 4.611691e-10 -5062905.0
44485510000.0 -0.009440118 5.594512e-10 -4839115.5
47553420000.0 -0.010091149 3.4221317e-10 -5487540.5
50621334000.0 -0.01074218 1.2377244e-10 -9119229.0
53689420000.0 -0.011393248 1.00166845e-11 -12637665.0
56757154000.0 -0.012044242 3.965039e-11 -9474716.0
59825242000.0 -0.012695311 6.5990886e-11 -8506225.0
62893330000.0 -0.013346379 nan nan
65961062000.0 -0.013997372 nan nan
69029150000.0 -0.014648439 nan nan
72097240000.0 -0.015299509 nan nan
75164975000.0 -0.015950503 nan nan
78233070000.0 -0.016601572 nan nan
81300970000.0 -0.017252602 nan nan
84368880000.0 -0.017903633 nan nan
87436980000.0 -0.018554702 nan nan
90504890000.0 -0.019205732 nan nan
93572800000.0 -0.019856764 nan nan
96640885000.0 -0.020507833 nan nan
99708620000.0 -0.021158826 nan nan
102776710000.0 -0.021809895 nan nan
105844800000.0 -0.022460962 nan nan
108912530000.0 -0.023111956 nan nan
111980620000.0 -0.023763025 nan nan
115048710000.0 -0.024414092 nan nan
118116440000.0 -0.025065087 nan nan
121184530000.0 -0.025716154 nan nan
124252440000.0 -0.026367186 nan nan
127320350000.0 -0.027018217 nan nan
130388440000.0 -0.027669284 nan nan
133456355000.0 -0.028320316 nan nan
136524260000.0 -0.028971346 nan nan
139592350000.0 -0.029622415 nan nan
142660100000.0 -0.030273411 nan nan
145728180000.0 -0.030924477 nan nan
148796260000.0 -0.031575546 nan nan
151864000000.0 -0.03222654 nan nan
154932080000.0 -0.03287761 nan nan
158000170000.0 -0.033528678 nan nan
161067910000.0 -0.03417967 nan nan
164136000000.0 -0.034830738 nan nan
167203910000.0 -0.035481773 nan nan
170271820000.0 -0.0361328 nan nan
173339900000.0 -0.03678387 nan nan
176407820000.0 -0.0374349 nan nan
179475730000.0 -0.03808593 nan nan
182543810000.0 -0.038736995 nan nan
185611550000.0 -0.039387994 nan nan
188679630000.0 -0.040039062 nan nan
191747740000.0 -0.04069013 nan nan
194815460000.0 -0.041341122 nan nan
197883540000.0 -0.04199219 nan nan
200951640000.0 -0.04264326 nan nan
204019370000.0 -0.043294255 nan nan
207087470000.0 -0.043945324 nan nan
210155370000.0 -0.04459635 nan nan
213223280000.0 -0.045247383 nan nan
216291380000.0 -0.045898452 nan nan
219359280000.0 -0.046549484 nan nan
222427190000.0 -0.047200516 nan nan
225495290000.0 -0.047851585 nan nan
228563010000.0 -0.048502576 nan nan
231631110000.0 -0.049153645 nan nan
234699200000.0 -0.049804714 nan nan
237766920000.0 -0.050455708 nan nan
240835020000.0 -0.051106777 nan nan
243903100000.0 -0.051757842 nan nan
246970840000.0 -0.052408837 nan nan
250038930000.0 -0.053059906 nan nan
253106830000.0 -0.053710938 nan nan
256174750000.0 -0.05436197 nan nan
259242840000.0 -0.055013034 nan nan
262310740000.0 -0.055664066 nan nan
265378660000.0 -0.056315098 nan nan
268446740000.0 -0.056966167 nan nan
271514480000.0 -0.057617158 nan nan
274582570000.0 -0.058268227 nan nan
277650670000.0 -0.058919296 nan nan
280718380000.0 -0.059570286 nan nan
283786480000.0 -0.06022136 nan nan
286854580000.0 -0.060872428 nan nan
289922320000.0 -0.061523426 nan nan
292990400000.0 -0.062174488 nan nan
296058300000.0 -0.062825516 nan nan
299126230000.0 -0.063476555 nan nan
302194300000.0 -0.06412762 nan nan
305262200000.0 -0.06477865 nan nan
308330140000.0 -0.06542969 nan nan
311398200000.0 -0.06608075 nan nan
314465940000.0 -0.06673174 nan nan
317534040000.0 -0.06738281 nan nan
320602100000.0 -0.068033874 nan nan
323669850000.0 -0.068684876 nan nan
326737950000.0 -0.069335945 nan nan
329806020000.0 -0.06998701 nan nan
332873760000.0 -0.070638 nan nan
335941860000.0 -0.07128907 nan nan
339009770000.0 -0.0719401 nan nan
342077670000.0 -0.07259113 nan nan
345145770000.0 -0.0732422 nan nan
348213670000.0 -0.073893234 nan nan
351281580000.0 -0.07454426 nan nan
354349680000.0 -0.075195335 nan nan
357417420000.0 -0.07584633 nan nan
360485500000.0 -0.07649739 nan nan
363553600000.0 -0.07714847 nan nan
366621330000.0 -0.077799454 nan nan
369689400000.0 -0.07845052 nan nan
372757500000.0 -0.07910159 nan nan
375825240000.0 -0.07975259 nan nan
378893340000.0 -0.080403656 nan nan
381961240000.0 -0.08105469 nan nan
385029140000.0 -0.08170572 nan nan
388097250000.0 -0.08235679 nan nan
391165150000.0 -0.08300782 nan nan
394233050000.0 -0.08365885 nan nan
397301150000.0 -0.08430992 nan nan
400368860000.0 -0.08496091 nan nan
403436960000.0 -0.08561198 nan nan
406505060000.0 -0.086263046 nan nan
409572800000.0 -0.08691404 nan nan
412640870000.0 -0.08756511 nan nan
415708770000.0 -0.08821614 nan nan
418776700000.0 -0.08886717 nan nan
421844780000.0 -0.08951824 nan nan
424912680000.0 -0.09016927 nan nan
427980620000.0 -0.090820305 nan nan
431048700000.0 -0.091471374 nan nan
434116430000.0 -0.09212236 nan nan
437184530000.0 -0.09277343 nan nan
440252600000.0 -0.0934245 nan nan
443320340000.0 -0.09407549 nan nan
446388440000.0 -0.09472656 nan nan
449456500000.0 -0.09537763 nan nan
452524240000.0 -0.096028626 nan nan
455592350000.0 -0.096679695 nan nan
458660250000.0 -0.09733073 nan nan
461728150000.0 -0.09798176 nan nan
464796250000.0 -0.09863283 nan nan
467864160000.0 -0.09928385 nan nan
470932060000.0 -0.09993488 nan nan
474000160000.0 -0.10058595 nan nan
477067900000.0 -0.10123695 nan nan
480135970000.0 -0.101888016 nan nan
483204070000.0 -0.102539085 nan nan
486271800000.0 -0.10319008 nan nan
489339900000.0 -0.10384115 nan nan
492407980000.0 -0.10449222 nan nan
495475720000.0 -0.10514321 nan nan
498543820000.0 -0.10579427 nan nan
501611720000.0 -0.106445305 nan nan
504679630000.0 -0.10709634 nan nan
507747730000.0 -0.107747406 nan nan
510815630000.0 -0.10839844 nan nan
513883540000.0 -0.10904947 nan nan
516951640000.0 -0.10970054 nan nan
520019350000.0 -0.11035153 nan nan
523087450000.0 -0.1110026 nan nan
526155550000.0 -0.11165367 nan nan
529223300000.0 -0.11230466 nan nan
532291350000.0 -0.11295573 nan nan
535359460000.0 -0.113606796 nan nan
538427200000.0 -0.11425779 nan nan
541495260000.0 -0.11490886 nan nan
544563200000.0 -0.11555989 nan nan
547631100000.0 -0.11621092 nan nan
550699200000.0 -0.11686199 nan nan
553767100000.0 -0.11751302 nan nan
556835000000.0 -0.118164055 nan nan
559903100000.0 -0.118815124 nan nan
562970800000.0 -0.11946611 nan nan
566038900000.0 -0.12011717 nan nan
569107000000.0 -0.12076825 nan nan
572174760000.0 -0.12141925 nan nan
575242800000.0 -0.12207031 nan nan
578310900000.0 -0.12272138 nan nan
581378640000.0 -0.123372376 nan nan
584446800000.0 -0.12402345 nan nan
587514640000.0 -0.12467448 nan nan
590582600000.0 -0.1253255 nan nan
593650650000.0 -0.12597658 nan nan
596718600000.0 -0.12662761 nan nan
599786460000.0 -0.12727864 nan nan
602854600000.0 -0.12792972 nan nan
605922260000.0 -0.12858069 nan nan
608990400000.0 -0.12923177 nan nan
612058460000.0 -0.12988284 nan nan
615126200000.0 -0.13053383 nan nan
618194300000.0 -0.13118489 nan nan
621262400000.0 -0.13183598 nan nan
624330150000.0 -0.13248697 nan nan
627398200000.0 -0.13313803 nan nan
630466100000.0 -0.13378905 nan nan
633534000000.0 -0.1344401 nan nan
636602100000.0 -0.13509116 nan nan
639670000000.0 -0.13574219 nan nan
642737960000.0 -0.13639323 nan nan
645806000000.0 -0.1370443 nan nan
648873800000.0 -0.13769528 nan nan
651941840000.0 -0.13834634 nan nan
655009900000.0 -0.1389974 nan nan
658077650000.0 -0.13964841 nan nan
661145800000.0 -0.14029948 nan nan
664213850000.0 -0.14095055 nan nan
667281600000.0 -0.14160155 nan nan
670349660000.0 -0.14225261 nan nan
673417800000.0 -0.14290369 nan nan
676485460000.0 -0.14355466 nan nan
679553600000.0 -0.14420575 nan nan
682621670000.0 -0.14485681 nan nan
685689400000.0 -0.1455078 nan nan
688757150000.0 -0.1461588 nan nan
691825600000.0 -0.14680995 nan nan
694893300000.0 -0.14746092 nan nan
697961000000.0 -0.14811192 nan nan
701029500000.0 -0.14876308 nan nan
704097200000.0 -0.14941406 nan nan
707164960000.0 -0.15006506 nan nan
710233400000.0 -0.1507162 nan nan
713301160000.0 -0.1513672 nan nan
716368840000.0 -0.15201817 nan nan
719437300000.0 -0.15266933 nan nan
722505040000.0 -0.15332033 nan nan
725572800000.0 -0.15397131 nan nan
728640850000.0 -0.15462239 nan nan
731709000000.0 -0.15527347 nan nan
734776700000.0 -0.15592445 nan nan
737844800000.0 -0.15657552 nan nan
740912860000.0 -0.15722659 nan nan
743980600000.0 -0.15787758 nan nan
747048670000.0 -0.15852864 nan nan
750116800000.0 -0.15917972 nan nan
753184540000.0 -0.1598307 nan nan
756252600000.0 -0.16048178 nan nan
759320700000.0 -0.16113284 nan nan
762388400000.0 -0.16178384 nan nan
765456500000.0 -0.1624349 nan nan
768524600000.0 -0.16308598 nan nan
771592360000.0 -0.16373697 nan nan
774660100000.0 -0.16438797 nan nan
777728500000.0 -0.1650391 nan nan
780796200000.0 -0.1656901 nan nan
783864000000.0 -0.1663411 nan nan
786932430000.0 -0.16699223 nan nan
790000200000.0 -0.16764323 nan nan
793067900000.0 -0.16829422 nan nan
796136300000.0 -0.16894537 nan nan
799204050000.0 -0.16959636 nan nan
802271800000.0 -0.17024736 nan nan
805339860000.0 -0.17089842 nan nan
808408000000.0 -0.1715495 nan nan
811475700000.0 -0.17220049 nan nan
814543800000.0 -0.17285155 nan nan
817611870000.0 -0.17350262 nan nan
820679600000.0 -0.17415361 nan nan
823747740000.0 -0.17480469 nan nan
826815800000.0 -0.17545575 nan nan
829883550000.0 -0.17610675 nan nan
832951600000.0 -0.17675781 nan nan
836019700000.0 -0.17740889 nan nan
839087400000.0 -0.17805988 nan nan
842155560000.0 -0.17871095 nan nan
845223600000.0 -0.17936201 nan nan
848291360000.0 -0.180013 nan nan
851359100000.0 -0.180664 nan nan
854427500000.0 -0.18131514 nan nan
857495240000.0 -0.18196614 nan nan
860563000000.0 -0.18261713 nan nan
863631440000.0 -0.18326828 nan nan
866699200000.0 -0.18391927 nan nan
869766900000.0 -0.18457027 nan nan
872835400000.0 -0.1852214 nan nan
875903060000.0 -0.1858724 nan nan
878970800000.0 -0.1865234 nan nan
882039260000.0 -0.18717454 nan nan
885107000000.0 -0.18782553 nan nan
888174740000.0 -0.18847652 nan nan
891242800000.0 -0.1891276 nan nan
894310900000.0 -0.18977866 nan nan
897378600000.0 -0.19042966 nan nan
900446750000.0 -0.19108072 nan nan
903514800000.0 -0.1917318 nan nan
906582560000.0 -0.19238278 nan nan
909650600000.0 -0.19303386 nan nan
912718760000.0 -0.19368492 nan nan
915786400000.0 -0.19433591 nan nan
918854570000.0 -0.19498698 nan nan
921922630000.0 -0.19563805 nan nan
924990400000.0 -0.19628905 nan nan
928058440000.0 -0.19694011 nan nan
931126600000.0 -0.19759119 nan nan
934194300000.0 -0.19824217 nan nan
937262000000.0 -0.19889317 nan nan
940330450000.0 -0.19954431 nan nan
943398200000.0 -0.20019531 nan nan
946465900000.0 -0.2008463 nan nan
949534400000.0 -0.20149745 nan nan
952602100000.0 -0.20214844 nan nan
955669800000.0 -0.20279942 nan nan
958738300000.0 -0.20345058 nan nan
961806000000.0 -0.20410156 nan nan
964873750000.0 -0.20475256 nan nan
967942200000.0 -0.2054037 nan nan
971009950000.0 -0.2060547 nan nan
974077700000.0 -0.20670569 nan nan
977145760000.0 -0.20735677 nan nan
980213800000.0 -0.20800783 nan nan
983281570000.0 -0.20865881 nan nan
986349630000.0 -0.20930989 nan nan
989417770000.0 -0.20996095 nan nan
992485500000.0 -0.21061195 nan nan
995553600000.0 -0.21126302 nan nan
998621640000.0 -0.21191409 nan nan
1001689400000.0 -0.21256508 nan nan
1004757450000.0 -0.21321616 nan nan
1007825600000.0 -0.21386722 nan nan
1010893300000.0 -0.2145182 nan nan
1013961400000.0 -0.21516928 nan nan
1017029460000.0 -0.21582034 nan nan
1020097200000.0 -0.21647134 nan nan
1023164940000.0 -0.21712233 nan nan
1026233400000.0 -0.21777348 nan nan
1029301140000.0 -0.21842447 nan nan
1032368900000.0 -0.21907547 nan nan
1035437300000.0 -0.2197266 nan nan
1038505000000.0 -0.22037761 nan nan
1041572760000.0 -0.2210286 nan nan
1044641200000.0 -0.22167975 nan nan
1047708960000.0 -0.22233073 nan nan
1050776700000.0 -0.22298172 nan nan
1053845100000.0 -0.22363287 nan nan
1056912830000.0 -0.22428386 nan nan
1059980600000.0 -0.22493486 nan nan
1063048700000.0 -0.22558592 nan nan
1066116800000.0 -0.226237 nan nan
1069184500000.0 -0.22688799 nan nan
1072252600000.0 -0.22753906 nan nan
1075320650000.0 -0.22819012 nan nan
1078388400000.0 -0.22884111 nan nan
1081456500000.0 -0.22949219 nan nan
1084524600000.0 -0.23014325 nan nan
1087592330000.0 -0.23079425 nan nan
1090660400000.0 -0.23144531 nan nan
1093728530000.0 -0.23209639 nan nan
1096796200000.0 -0.23274738 nan nan
1099864300000.0 -0.23339845 nan nan
1102932500000.0 -0.23404953 nan nan
1106000100000.0 -0.23470049 nan nan
1109067800000.0 -0.23535149 nan nan
1112136400000.0 -0.23600265 nan nan
1115204100000.0 -0.23665364 nan nan
1118271800000.0 -0.23730463 nan nan
1121340200000.0 -0.23795578 nan nan
1124408000000.0 -0.23860677 nan nan
1127475700000.0 -0.23925777 nan nan
1130544100000.0 -0.2399089 nan nan
1133611800000.0 -0.2405599 nan nan
1136679600000.0 -0.2412109 nan nan
1139748100000.0 -0.24186206 nan nan
1142815900000.0 -0.24251305 nan nan
1145883500000.0 -0.243164 nan nan
1148951600000.0 -0.2438151 nan nan
1152019700000.0 -0.24446616 nan nan
1155087500000.0 -0.24511716 nan nan
1158155500000.0 -0.2457682 nan nan
1161223600000.0 -0.2464193 nan nan
1164291300000.0 -0.24707028 nan nan
1167359500000.0 -0.24772136 nan nan
1170427500000.0 -0.24837242 nan nan
1173495200000.0 -0.24902342 nan nan
1176563400000.0 -0.24967448 nan nan
1179631500000.0 -0.25032556 nan nan
1182699200000.0 -0.25097656 nan nan
1185767200000.0 -0.25162762 nan nan
1188835400000.0 -0.2522787 nan nan
1191903100000.0 -0.2529297 nan nan
1194970800000.0 -0.25358066 nan nan
1198039200000.0 -0.2542318 nan nan
1201107000000.0 -0.2548828 nan nan
1204174700000.0 -0.2555338 nan nan
1207243100000.0 -0.25618494 nan nan
1210310900000.0 -0.2568359 nan nan
1213378600000.0 -0.25748694 nan nan
1216447100000.0 -0.25813806 nan nan
1219514900000.0 -0.2587891 nan nan
1222582600000.0 -0.2594401 nan nan
1225651000000.0 -0.26009122 nan nan
1228718700000.0 -0.2607422 nan nan
1231786500000.0 -0.2613932 nan nan
1234854500000.0 -0.26204425 nan nan
1237922600000.0 -0.26269534 nan nan
1240990400000.0 -0.2633463 nan nan
1244058500000.0 -0.2639974 nan nan
1247126500000.0 -0.26464844 nan nan
1250194200000.0 -0.26529944 nan nan
1253262400000.0 -0.26595053 nan nan
1256330500000.0 -0.2666016 nan nan
1259398200000.0 -0.2672526 nan nan
1262466200000.0 -0.26790366 nan nan
1265534400000.0 -0.26855472 nan nan
1268602100000.0 -0.26920572 nan nan
1271670200000.0 -0.2698568 nan nan
1274738200000.0 -0.27050784 nan nan
1277806000000.0 -0.27115884 nan nan
1280873700000.0 -0.27180985 nan nan
1283942100000.0 -0.27246097 nan nan
1287009900000.0 -0.27311197 nan nan
1290077600000.0 -0.27376294 nan nan
1293146100000.0 -0.27441412 nan nan
1296213900000.0 -0.2750651 nan nan
1299281600000.0 -0.27571613 nan nan
1302350000000.0 -0.27636725 nan nan
1305417700000.0 -0.27701825 nan nan
1308485500000.0 -0.27766922 nan nan
1311553900000.0 -0.27832037 nan nan
1314621600000.0 -0.27897137 nan nan
1317689400000.0 -0.27962235 nan nan
1320757500000.0 -0.28027344 nan nan
1323825600000.0 -0.28092453 nan nan
1326893200000.0 -0.28157547 nan nan
1329961400000.0 -0.28222656 nan nan
1333029500000.0 -0.28287762 nan nan
1336097200000.0 -0.28352863 nan nan
1339165200000.0 -0.28417966 nan nan
1342233400000.0 -0.28483075 nan nan
1345301100000.0 -0.28548175 nan nan
1348369300000.0 -0.28613284 nan nan
1351437300000.0 -0.28678387 nan nan
1354505000000.0 -0.28743488 nan nan
1357573100000.0 -0.28808594 nan nan
1360641300000.0 -0.28873703 nan nan
1363709000000.0 -0.28938803 nan nan
1366776600000.0 -0.29003897 nan nan
1369845100000.0 -0.29069015 nan nan
1372912900000.0 -0.29134116 nan nan
1375980600000.0 -0.29199213 nan nan
1379049000000.0 -0.29264328 nan nan
1382116800000.0 -0.29329428 nan nan
1385184500000.0 -0.29394525 nan nan
1388252900000.0 -0.2945964 nan nan
1391320600000.0 -0.2952474 nan nan
1394388400000.0 -0.2958984 nan nan
1397456900000.0 -0.29654956 nan nan
1400524600000.0 -0.29720056 nan nan
1403592400000.0 -0.29785153 nan nan
1406660400000.0 -0.2985026 nan nan
