morphology_data/1d_wb_a0.05_l4r2_00001.ecsv
# %ECSV 1.0
# ---
# datatype:
# - {name: b, datatype: float32}
# - {name: phase, datatype: float32}
# - {name: sigma, datatype: float32}
# - {name: vr, datatype: float32}
# meta: {lambda: 4, rp: 2.0, sep: 0.05, wind: b}
# schema: astropy-2.0
b phase sigma vr
[from data line 670]
-299126230000.0 0.063476555 1.0465068e-08 -910736.25
-296058300000.0 0.062825516 1.0465068e-08 -910736.25
-292990400000.0 0.062174488 1.0714716e-08 -893796.06
-289922320000.0 0.061523426 1.0714716e-08 -893796.06
-286854580000.0 0.060872428 1.0989415e-08 -875194.44
-283786480000.0 0.06022136 1.0989415e-08 -875194.44
-280718380000.0 0.059570286 1.11358105e-08 -851184.5
-277650670000.0 0.058919296 1.11358105e-08 -851184.5
-274582570000.0 0.058268227 1.1287199e-08 -818283.56
-271514480000.0 0.057617158 1.1287199e-08 -818283.56
-268446740000.0 0.056966167 1.1307044e-08 -784732.3
-265378660000.0 0.056315098 1.1307044e-08 -784732.3
-262310740000.0 0.055664066 1.1274924e-08 -745405.9
-259242840000.0 0.055013034 1.1274924e-08 -745405.9
-256174750000.0 0.05436197 1.1216524e-08 -707295.94
-253106830000.0 0.053710938 1.1216524e-08 -707295.94
-250038930000.0 0.053059906 1.1090267e-08 -670013.8
-246970840000.0 0.052408837 1.1090267e-08 -670013.8
-243903100000.0 0.051757842 1.09485025e-08 -643273.44
-240835020000.0 0.051106777 1.09485025e-08 -643273.44
-237766920000.0 0.050455708 1.08105604e-08 -614268.06
-234699200000.0 0.049804714 1.08105604e-08 -614268.06
-231631110000.0 0.049153645 1.0638288e-08 -594524.75
-228563010000.0 0.048502576 1.0638288e-08 -594524.75
-225495290000.0 0.047851585 1.0422395e-08 -578886.3
-222427190000.0 0.047200516 1.0422395e-08 -578886.3
-219359280000.0 0.046549484 1.02032045e-08 -565455.0
-216291380000.0 0.045898452 1.02032045e-08 -565455.0
-213223280000.0 0.045247383 9.908145e-09 -558050.3
-210155370000.0 0.04459635 9.908145e-09 -558050.3
-207087470000.0 0.043945324 9.6211075e-09 -561578.44
-204019370000.0 0.043294255 9.6211075e-09 -561578.44
-200951640000.0 0.04264326 9.338375e-09 -579280.7
-197883540000.0 0.04199219 9.338375e-09 -579280.7
-194815460000.0 0.041341122 9.207945e-09 -624477.44
-191747740000.0 0.04069013 9.156308e-09 -626257.1
-188679630000.0 0.040039062 9.141795e-09 -630791.75
-185611550000.0 0.039387994 9.136384e-09 -615368.8
-182543810000.0 0.038736995 9.164809e-09 -617149.8
-179475730000.0 0.03808593 9.201729e-09 -596785.94
-176407820000.0 0.0374349 9.315041e-09 -585332.0
-173339900000.0 0.03678387 9.4728465e-09 -558070.94
-170271820000.0 0.0361328 9.631798e-09 -548481.5
-167203910000.0 0.035481773 9.736052e-09 -532776.9
-164136000000.0 0.034830738 9.8218464e-09 -523377.72
-161067910000.0 0.03417967 9.918806e-09 -506200.0
-158000170000.0 0.033528678 1.0055555e-08 -483374.4
-154932080000.0 0.03287761 1.0173565e-08 -448167.75
-151864000000.0 0.03222654 1.0180854e-08 -401099.88
-148796260000.0 0.031575546 1.01075965e-08 -357656.94
-145728180000.0 0.030924477 1.0006731e-08 -345315.97
-142660100000.0 0.030273411 9.939036e-09 -317312.44
-139592350000.0 0.029622415 9.89871e-09 -274383.03
-136524260000.0 0.028971346 1.0021124e-08 -255736.06
-133456355000.0 0.028320316 1.0192691e-08 -234672.89
-130388440000.0 0.027669284 1.0466655e-08 -237602.61
-127320350000.0 0.027018217 1.06612745e-08 -218033.11
-124252440000.0 0.026367186 1.1063705e-08 -207593.05
-121184530000.0 0.025716154 1.1577048e-08 -179669.45
-118116440000.0 0.025065087 1.189315e-08 -222432.9
-115048710000.0 0.024414092 1.1778766e-08 -261512.72
-111980620000.0 0.023763025 1.1550263e-08 -233945.05
-108912530000.0 0.023111956 1.1265052e-08 -149599.64
-105844800000.0 0.022460962 1.0762523e-08 -133866.34
-102776710000.0 0.021809895 1.0668165e-08 -109883.586
-99708620000.0 0.021158826 1.0787296e-08 -113292.234
-96640885000.0 0.020507833 1.0444769e-08 -190641.98
-93572800000.0 0.019856764 9.634078e-09 -321976.0
-90504890000.0 0.019205732 9.710699e-09 -349267.5
-87436980000.0 0.018554702 1.0082378e-08 -341493.88
-84368880000.0 0.017903633 1.0459217e-08 -316475.0
-81300970000.0 0.017252602 1.0995002e-08 -277522.22
-78233070000.0 0.016601572 1.1553445e-08 -249826.14
-75164975000.0 0.015950503 1.2038182e-08 -211690.27
-72097240000.0 0.015299509 1.2703607e-08 -171293.47
-69029150000.0 0.014648439 1.3210626e-08 -150302.77
-65961062000.0 0.013997372 1.3903986e-08 -94751.72
-62893330000.0 0.013346379 1.5029336e-08 -27565.578
-59825242000.0 0.012695311 1.6020838e-08 36465.01
-56757154000.0 0.012044242 1.7060326e-08 71514.055
-53689420000.0 0.011393248 1.8250887e-08 91692.49
-50621334000.0 0.01074218 1.9851191e-08 119039.11
-47553420000.0 0.010091149 2.1735556e-08 149495.2
-44485510000.0 0.009440118 2.3901602e-08 181440.33
-41417420000.0 0.008789049 2.6475448e-08 207781.58
-38349510000.0 0.008138019 2.9842294e-08 229521.62
-35281600000.0 0.0074869874 3.419506e-08 239104.58
-32213510000.0 0.006835919 3.9350052e-08 235363.9
-29145778000.0 0.006184926 4.619496e-08 231727.14
-26077688000.0 0.0055338573 5.556402e-08 214885.62
-23009600000.0 0.0048827888 6.897517e-08 187613.64
-19941868000.0 0.0042317957 9.0053334e-08 152268.14
-16873777000.0 0.0035807267 1.2684885e-07 104928.09
16873777000.0 -0.0035807267 1.3618072e-07 -165190.17
19941868000.0 -0.0042317957 9.6338525e-08 -233827.67
23009600000.0 -0.0048827888 7.384961e-08 -282384.38
26077688000.0 -0.0055338573 5.965174e-08 -318755.7
29145778000.0 -0.006184926 5.002174e-08 -345152.0
32213510000.0 -0.006835919 4.3337515e-08 -353579.16
35281600000.0 -0.0074869874 3.8511622e-08 -342629.03
38349510000.0 -0.008138019 3.5119072e-08 -321528.94
41417420000.0 -0.008789049 3.230522e-08 -297732.22
44485510000.0 -0.009440118 2.999445e-08 -276193.72
47553420000.0 -0.010091149 2.795608e-08 -278472.84
50621334000.0 -0.01074218 2.6166404e-08 -288575.34
53689420000.0 -0.011393248 2.4465091e-08 -263159.28
56757154000.0 -0.012044242 2.3012007e-08 -220627.95
59825242000.0 -0.012695311 2.1792639e-08 -191536.78
62893330000.0 -0.013346379 2.0708807e-08 -171366.7
65961062000.0 -0.013997372 1.9740991e-08 -125724.17
69029150000.0 -0.014648439 1.9040531e-08 -66161.875
72097240000.0 -0.015299509 1.8608784e-08 -7537.5493
75164975000.0 -0.015950503 1.8052441e-08 21900.197
78233070000.0 -0.016601572 1.726729e-08 39694.754
81300970000.0 -0.017252602 1.647588e-08 29724.137
84368880000.0 -0.017903633 1.5728023e-08 3888.716
87436980000.0 -0.018554702 1.515051e-08 -5144.7847
90504890000.0 -0.019205732 1.493385e-08 -5306.6714
93572800000.0 -0.019856764 1.48645665e-08 9161.186
96640885000.0 -0.020507833 1.4870674e-08 33748.234
99708620000.0 -0.021158826 1.48865675e-08 92247.03
102776710000.0 -0.021809895 1.5016374e-08 133377.72
105844800000.0 -0.022460962 1.5312066e-08 136658.22
108912530000.0 -0.023111956 1.574955e-08 109086.484
111980620000.0 -0.023763025 1.6235486e-08 80103.27
115048710000.0 -0.024414092 1.6838428e-08 51033.06
118116440000.0 -0.025065087 1.7918959e-08 12371.614
121184530000.0 -0.025716154 1.8730152e-08 18492.695
124252440000.0 -0.026367186 2.0505466e-08 101640.57
127320350000.0 -0.027018217 2.2992394e-08 197113.77
130388440000.0 -0.027669284 2.5364415e-08 241257.88
133456355000.0 -0.028320316 2.7102852e-08 252045.42
136524260000.0 -0.028971346 2.7586497e-08 271299.78
139592350000.0 -0.029622415 2.8156661e-08 281102.72
142660100000.0 -0.030273411 2.860239e-08 301520.5
145728180000.0 -0.030924477 2.8814746e-08 314455.1
148796260000.0 -0.031575546 2.9127865e-08 368392.56
151864000000.0 -0.03222654 2.9527788e-08 366700.22
154932080000.0 -0.03287761 3.0152208e-08 376189.53
158000170000.0 -0.033528678 3.0817596e-08 398184.53
161067910000.0 -0.03417967 3.119816e-08 432387.12
164136000000.0 -0.034830738 3.1516453e-08 475636.06
167203910000.0 -0.035481773 3.1711252e-08 514398.56
170271820000.0 -0.0361328 3.171218e-08 540415.1
173339900000.0 -0.03678387 3.1790936e-08 544549.4
176407820000.0 -0.0374349 3.159466e-08 524416.06
179475730000.0 -0.03808593 3.140717e-08 484702.4
182543810000.0 -0.038736995 3.0858928e-08 434818.2
185611550000.0 -0.039387994 3.019509e-08 382078.0
188679630000.0 -0.040039062 2.9411726e-08 341627.9
191747740000.0 -0.04069013 2.8655863e-08 311512.56
194815460000.0 -0.041341122 2.8056272e-08 276320.16
197883540000.0 -0.04199219 2.6696371e-08 265495.03
200951640000.0 -0.04264326 2.6696371e-08 265495.03
204019370000.0 -0.043294255 2.61035e-08 194630.05
207087470000.0 -0.043945324 2.61035e-08 194630.05
210155370000.0 -0.04459635 2.5177034e-08 104351.52
213223280000.0 -0.045247383 2.5177034e-08 104351.52
216291380000.0 -0.045898452 2.4082972e-08 18204.008
219359280000.0 -0.046549484 2.4082972e-08 18204.008
222427190000.0 -0.047200516 2.328515e-08 -50044.867
225495290000.0 -0.047851585 2.328515e-08 -50044.867
228563010000.0 -0.048502576 2.3270768e-08 -77303.34
231631110000.0 -0.049153645 2.3270768e-08 -77303.34
234699200000.0 -0.049804714 2.3210339e-08 -67141.04
237766920000.0 -0.050455708 2.3210339e-08 -67141.04
240835020000.0 -0.051106777 2.2627578e-08 -25942.385
243903100000.0 -0.051757842 2.2627578e-08 -25942.385
246970840000.0 -0.052408837 2.178414e-08 13095.806
250038930000.0 -0.053059906 2.178414e-08 13095.806
253106830000.0 -0.053710938 2.0891775e-08 26706.18
256174750000.0 -0.05436197 2.0891775e-08 26706.18
259242840000.0 -0.055013034 2.038986e-08 1821.3213
262310740000.0 -0.055664066 2.038986e-08 1821.3213
265378660000.0 -0.056315098 2.0580506e-08 -52941.953
268446740000.0 -0.056966167 2.0580506e-08 -52941.953
271514480000.0 -0.057617158 2.1426752e-08 -120623.86
274582570000.0 -0.058268227 2.1426752e-08 -120623.86
277650670000.0 -0.058919296 2.0922743e-08 -128812.805
280718380000.0 -0.059570286 2.0922743e-08 -128812.805
283786480000.0 -0.06022136 2.03352e-08 -121967.35
286854580000.0 -0.060872428 2.03352e-08 -121967.35
289922320000.0 -0.061523426 2.0154692e-08 -122793.18
292990400000.0 -0.062174488 2.0154692e-08 -122793.18
296058300000.0 -0.062825516 2.002415e-08 -124543.93
299126230000.0 -0.063476555 2.002415e-08 -124543.93
302194300000.0 -0.06412762 1.9995925e-08 -134095.28
305262200000.0 -0.06477865 1.9995925e-08 -134095.28
308330140000.0 -0.06542969 1.9851123e-08 -145785.61
311398200000.0 -0.06608075 1.9851123e-08 -145785.61
314465940000.0 -0.06673174 1.9536492e-08 -163913.3
317534040000.0 -0.06738281 1.9536492e-08 -163913.3
320602100000.0 -0.068033874 1.9035712e-08 -189962.52
323669850000.0 -0.068684876 1.9035712e-08 -189962.52
326737950000.0 -0.069335945 1.8443192e-08 -214427.4
329806020000.0 -0.06998701 1.8443192e-08 -214427.4
332873760000.0 -0.070638 1.7902325e-08 -235269.58
335941860000.0 -0.07128907 1.7902325e-08 -235269.58
339009770000.0 -0.0719401 1.7525345e-08 -254779.36
342077670000.0 -0.07259113 1.7525345e-08 -254779.36
345145770000.0 -0.0732422 1.7351407e-08 -285264.4
348213670000.0 -0.073893234 1.7351407e-08 -285264.4
351281580000.0 -0.07454426 1.734925e-08 -331966.25
354349680000.0 -0.075195335 1.734925e-08 -331966.25
357417420000.0 -0.07584633 1.7611137e-08 -395625.56
360485500000.0 -0.07649739 1.7611137e-08 -395625.56
363553600000.0 -0.07714847 1.8146e-08 -466439.3
366621330000.0 -0.077799454 1.8146e-08 -466439.3
369689400000.0 -0.07845052 1.8365657e-08 -512514.16
372757500000.0 -0.07910159 1.8365657e-08 -512514.16
375825240000.0 -0.07975259 1.7919367e-08 -548707.75
378893340000.0 -0.080403656 1.7919367e-08 -548707.75
381961240000.0 -0.08105469 1.7519994e-08 -588207.5
385029140000.0 -0.08170572 1.7519994e-08 -588207.5
388097250000.0 -0.08235679 1.6851367e-08 -633699.1
391165150000.0 -0.08300782 1.6851367e-08 -633699.1
394233050000.0 -0.08365885 1.5907062e-08 -709798.25
397301150000.0 -0.08430992 1.5907062e-08 -709798.25
400368860000.0 -0.08496091 1.5907062e-08 -709798.25
403436960000.0 -0.08561198 1.5907062e-08 -709798.25
406505060000.0 -0.086263046 1.4903604e-08 -803875.25
409572800000.0 -0.08691404 1.4903604e-08 -803875.25
412640870000.0 -0.08756511 1.4903604e-08 -803875.25
415708770000.0 -0.08821614 1.4903604e-08 -803875.25
418776700000.0 -0.08886717 1.399281e-08 -869560.94
421844780000.0 -0.08951824 1.399281e-08 -869560.94
424912680000.0 -0.09016927 1.399281e-08 -869560.94
427980620000.0 -0.090820305 1.399281e-08 -869560.94
431048700000.0 -0.091471374 1.3542838e-08 -904916.8
434116430000.0 -0.09212236 1.3542838e-08 -904916.8
437184530000.0 -0.09277343 1.3542838e-08 -904916.8
440252600000.0 -0.0934245 1.3542838e-08 -904916.8
443320340000.0 -0.09407549 1.36041916e-08 -948094.1
446388440000.0 -0.09472656 1.36041916e-08 -948094.1
449456500000.0 -0.09537763 1.36041916e-08 -948094.1
452524240000.0 -0.096028626 1.36041916e-08 -948094.1
455592350000.0 -0.096679695 1.3958614e-08 -1008839.0
458660250000.0 -0.09733073 1.3958614e-08 -1008839.0
461728150000.0 -0.09798176 1.3958614e-08 -1008839.0
464796250000.0 -0.09863283 1.3958614e-08 -1008839.0
467864160000.0 -0.09928385 1.4577266e-08 -1087638.5
470932060000.0 -0.09993488 1.4577266e-08 -1087638.5
474000160000.0 -0.10058595 1.4577266e-08 -1087638.5
477067900000.0 -0.10123695 1.4577266e-08 -1087638.5
480135970000.0 -0.101888016 1.5041895e-08 -1145282.9
483204070000.0 -0.102539085 1.5041895e-08 -1145282.9
486271800000.0 -0.10319008 1.5041895e-08 -1145282.9
489339900000.0 -0.10384115 1.5041895e-08 -1145282.9
492407980000.0 -0.10449222 1.5616695e-08 -1175617.4
495475720000.0 -0.10514321 1.5616695e-08 -1175617.4
498543820000.0 -0.10579427 1.5616695e-08 -1175617.4
501611720000.0 -0.106445305 1.5616695e-08 -1175617.4
504679630000.0 -0.10709634 1.6812365e-08 -1161027.9
507747730000.0 -0.107747406 1.6812365e-08 -1161027.9
510815630000.0 -0.10839844 1.6812365e-08 -1161027.9
513883540000.0 -0.10904947 1.6812365e-08 -1161027.9
516951640000.0 -0.10970054 1.838616e-08 -1128110.4
520019350000.0 -0.11035153 1.838616e-08 -1128110.4
523087450000.0 -0.1110026 1.838616e-08 -1128110.4
526155550000.0 -0.11165367 1.838616e-08 -1128110.4
529223300000.0 -0.11230466 1.8599971e-08 -1172821.9
532291350000.0 -0.11295573 1.8599971e-08 -1172821.9
535359460000.0 -0.113606796 1.8599971e-08 -1172821.9
538427200000.0 -0.11425779 1.8599971e-08 -1172821.9
541495260000.0 -0.11490886 1.8083792e-08 -1177337.5
544563200000.0 -0.11555989 1.8083792e-08 -1177337.5
547631100000.0 -0.11621092 1.8083792e-08 -1177337.5
550699200000.0 -0.11686199 1.8083792e-08 -1177337.5
553767100000.0 -0.11751302 1.7136056e-08 -1211533.1
556835000000.0 -0.118164055 1.7136056e-08 -1211533.1
559903100000.0 -0.118815124 1.7136056e-08 -1211533.1
562970800000.0 -0.11946611 1.7136056e-08 -1211533.1
566038900000.0 -0.12011717 1.6903181e-08 -1249626.6
569107000000.0 -0.12076825 1.6903181e-08 -1249626.6
572174760000.0 -0.12141925 1.6903181e-08 -1249626.6
575242800000.0 -0.12207031 1.6903181e-08 -1249626.6
578310900000.0 -0.12272138 1.6586323e-08 -1288204.1
581378640000.0 -0.123372376 1.6586323e-08 -1288204.1
584446800000.0 -0.12402345 1.6586323e-08 -1288204.1
587514640000.0 -0.12467448 1.6586323e-08 -1288204.1
590582600000.0 -0.1253255 1.5489066e-08 -1379577.0
593650650000.0 -0.12597658 1.5489066e-08 -1379577.0
596718600000.0 -0.12662761 1.5489066e-08 -1379577.0
599786460000.0 -0.12727864 1.5489066e-08 -1379577.0
602854600000.0 -0.12792972 1.36653915e-08 -1604981.6
605922260000.0 -0.12858069 1.36653915e-08 -1604981.6
608990400000.0 -0.12923177 1.36653915e-08 -1604981.6
612058460000.0 -0.12988284 1.36653915e-08 -1604981.6
615126200000.0 -0.13053383 1.2293716e-08 -1689390.8
618194300000.0 -0.13118489 1.2293716e-08 -1689390.8
621262400000.0 -0.13183598 1.2293716e-08 -1689390.8
624330150000.0 -0.13248697 1.2293716e-08 -1689390.8
627398200000.0 -0.13313803 1.1465415e-08 -1728117.0
630466100000.0 -0.13378905 1.1465415e-08 -1728117.0
633534000000.0 -0.1344401 1.1465415e-08 -1728117.0
636602100000.0 -0.13509116 1.1465415e-08 -1728117.0
639670000000.0 -0.13574219 1.0943139e-08 -1693104.1
642737960000.0 -0.13639323 1.0943139e-08 -1693104.1
645806000000.0 -0.1370443 1.0943139e-08 -1693104.1
648873800000.0 -0.13769528 1.0943139e-08 -1693104.1
651941840000.0 -0.13834634 1.0595344e-08 -1613381.9
655009900000.0 -0.1389974 1.0595344e-08 -1613381.9
658077650000.0 -0.13964841 1.0595344e-08 -1613381.9
661145800000.0 -0.14029948 1.0595344e-08 -1613381.9
664213850000.0 -0.14095055 1.0476257e-08 -1485141.5
667281600000.0 -0.14160155 1.0476257e-08 -1485141.5
670349660000.0 -0.14225261 1.0476257e-08 -1485141.5
673417800000.0 -0.14290369 1.0476257e-08 -1485141.5
