morphology_data/1d_wa_a0.05_l2r1_00001.ecsv
# %ECSV 1.0
# ---
# datatype:
# - {name: b, datatype: float32}
# - {name: phase, datatype: float32}
# - {name: sigma, datatype: float32}
# - {name: vr, datatype: float32}
# meta: {lambda: 2, rp: 1.0, sep: 0.05, wind: a}
# schema: astropy-2.0
b phase sigma vr
[from data line 1240]
1461883500000.0 -0.3102213 7.2992563e-09 -1684096.1
1464951900000.0 -0.31087244 7.2992563e-09 -1684096.1
1468019600000.0 -0.3115234 7.2992563e-09 -1684096.1
1471087400000.0 -0.31217444 7.2992563e-09 -1684096.1
1474155900000.0 -0.3128256 6.8728547e-09 -1572853.0
1477223600000.0 -0.31347656 6.8728547e-09 -1572853.0
1480291400000.0 -0.3141276 6.8728547e-09 -1572853.0
1483359800000.0 -0.31477872 6.8728547e-09 -1572853.0
1486427500000.0 -0.3154297 6.648254e-09 -1500742.6
1489495300000.0 -0.3160807 6.648254e-09 -1500742.6
1492563400000.0 -0.31673178 6.648254e-09 -1500742.6
1495631400000.0 -0.31738284 6.648254e-09 -1500742.6
1498699100000.0 -0.3180338 6.349693e-09 -1334829.0
1501767300000.0 -0.3186849 6.349693e-09 -1334829.0
1504835300000.0 -0.31933597 6.349693e-09 -1334829.0
1507903000000.0 -0.31998697 6.349693e-09 -1334829.0
1510971100000.0 -0.32063803 6.26053e-09 -1208821.6
1514039300000.0 -0.3212891 6.26053e-09 -1208821.6
1517107000000.0 -0.3219401 6.26053e-09 -1208821.6
1520175000000.0 -0.32259116 6.26053e-09 -1208821.6
1523243200000.0 -0.32324222 6.4103394e-09 -956576.0
1526310900000.0 -0.32389322 6.4103394e-09 -956576.0
1529379000000.0 -0.32454428 6.4103394e-09 -956576.0
1532447000000.0 -0.32519534 6.4103394e-09 -956576.0
1535514800000.0 -0.32584634 6.408923e-09 -830383.94
1538582500000.0 -0.32649735 6.408923e-09 -830383.94
1541651000000.0 -0.3271485 6.408923e-09 -830383.94
1544718600000.0 -0.32779947 6.408923e-09 -830383.94
1547786400000.0 -0.32845047 6.6087242e-09 -635175.94
1550854900000.0 -0.32910162 6.6087242e-09 -635175.94
1553922700000.0 -0.3297526 6.6087242e-09 -635175.94
1556990400000.0 -0.3304036 6.6087242e-09 -635175.94
1560058800000.0 -0.33105475 6.3822423e-09 -583244.75
1563126500000.0 -0.33170575 6.3822423e-09 -583244.75
1566194300000.0 -0.33235672 6.3822423e-09 -583244.75
1569262400000.0 -0.3330078 6.3822423e-09 -583244.75
1572330400000.0 -0.33365887 6.7233152e-09 -421157.6
1575398100000.0 -0.33430985 6.7233152e-09 -421157.6
1578466300000.0 -0.33496094 6.7233152e-09 -421157.6
1581534400000.0 -0.335612 6.7233152e-09 -421157.6
1584602000000.0 -0.336263 6.833938e-09 -459162.62
1587670200000.0 -0.33691406 6.833938e-09 -459162.62
1590738300000.0 -0.33756512 6.833938e-09 -459162.62
1593806000000.0 -0.33821613 6.833938e-09 -459162.62
1596874000000.0 -0.3388672 7.5209e-09 -297253.88
1599942200000.0 -0.33951825 7.5209e-09 -297253.88
1603009900000.0 -0.34016925 7.5209e-09 -297253.88
1606078000000.0 -0.3408203 7.5209e-09 -297253.88
1609146000000.0 -0.3414714 7.653548e-09 -352685.75
1612213800000.0 -0.34212238 7.653548e-09 -352685.75
1615281500000.0 -0.34277338 7.653548e-09 -352685.75
1618350000000.0 -0.34342453 7.653548e-09 -352685.75
1621417800000.0 -0.3440755 7.970377e-09 -193945.64
1624485400000.0 -0.3447265 7.970377e-09 -193945.64
1627553900000.0 -0.34537765 7.970377e-09 -193945.64
1630621700000.0 -0.34602866 7.970377e-09 -193945.64
1633689400000.0 -0.34667963 7.988033e-09 -226060.73
1636757800000.0 -0.34733078 7.988033e-09 -226060.73
1639825500000.0 -0.34798178 7.988033e-09 -226060.73
1642893300000.0 -0.34863275 7.988033e-09 -226060.73
1645961700000.0 -0.3492839 7.912407e-09 -190946.89
1649029400000.0 -0.3499349 7.912407e-09 -190946.89
1652097200000.0 -0.3505859 7.912407e-09 -190946.89
1655165300000.0 -0.35123697 7.912407e-09 -190946.89
1658233400000.0 -0.35188803 7.794778e-09 -217140.69
1661301200000.0 -0.35253903 7.794778e-09 -217140.69
1664369200000.0 -0.3531901 7.794778e-09 -217140.69
1667437300000.0 -0.35384116 7.794778e-09 -217140.69
1670505000000.0 -0.35449216 7.383306e-09 -280522.4
1673573200000.0 -0.35514322 7.383306e-09 -280522.4
1676641200000.0 -0.3557943 7.383306e-09 -280522.4
1679708900000.0 -0.35644528 7.383306e-09 -280522.4
1682777000000.0 -0.35709634 7.1389814e-09 -320290.47
1685845000000.0 -0.35774744 7.1389814e-09 -320290.47
1688912800000.0 -0.3583984 7.1389814e-09 -320290.47
1691980900000.0 -0.3590495 7.1389814e-09 -320290.47
1695049000000.0 -0.35970056 6.531385e-09 -500205.16
1698116800000.0 -0.36035156 6.531385e-09 -500205.16
1701184500000.0 -0.36100253 6.531385e-09 -500205.16
1704252900000.0 -0.3616537 6.531385e-09 -500205.16
1707320700000.0 -0.3623047 6.2408017e-09 -573873.94
1710388400000.0 -0.36295566 6.2408017e-09 -573873.94
1713456800000.0 -0.3636068 6.2408017e-09 -573873.94
1716524500000.0 -0.3642578 6.2408017e-09 -573873.94
1719592300000.0 -0.3649088 5.642966e-09 -828008.7
1722660800000.0 -0.36555994 5.642966e-09 -828008.7
1725728400000.0 -0.36621094 5.642966e-09 -828008.7
1728796200000.0 -0.36686194 5.642966e-09 -828008.7
1731864700000.0 -0.3675131 5.4325464e-09 -912165.9
1734932400000.0 -0.36816406 5.4325464e-09 -912165.9
1738000200000.0 -0.36881506 5.4325464e-09 -912165.9
1741068200000.0 -0.36946613 5.4325464e-09 -912165.9
1744136300000.0 -0.3701172 5.1533626e-09 -1131845.5
1747204000000.0 -0.3707682 5.1533626e-09 -1131845.5
1750272200000.0 -0.37141925 5.1533626e-09 -1131845.5
1753340200000.0 -0.37207034 5.1533626e-09 -1131845.5
1756407900000.0 -0.3727213 5.1418456e-09 -1161971.2
1759476000000.0 -0.3733724 5.1418456e-09 -1161971.2
1762544200000.0 -0.37402347 5.1418456e-09 -1161971.2
1765611800000.0 -0.37467447 5.1418456e-09 -1161971.2
1768679900000.0 -0.37532553 5.0035602e-09 -1327297.9
1771748000000.0 -0.3759766 5.0035602e-09 -1327297.9
1774815800000.0 -0.3766276 5.0035602e-09 -1327297.9
1777883800000.0 -0.37727866 5.0035602e-09 -1327297.9
1780952000000.0 -0.37792972 5.00724e-09 -1347958.0
1784019700000.0 -0.37858072 5.00724e-09 -1347958.0
1787087400000.0 -0.37923172 5.00724e-09 -1347958.0
1790155800000.0 -0.37988284 5.00724e-09 -1347958.0
1793223600000.0 -0.38053384 4.956412e-09 -1482035.6
1796291300000.0 -0.38118485 4.956412e-09 -1482035.6
1799359800000.0 -0.381836 4.956412e-09 -1482035.6
1802427600000.0 -0.38248697 4.956412e-09 -1482035.6
1805495200000.0 -0.38313797 5.0002313e-09 -1517771.8
1808563700000.0 -0.38378912 5.0002313e-09 -1517771.8
1811631400000.0 -0.3844401 5.0002313e-09 -1517771.8
1814699200000.0 -0.3850911 5.0002313e-09 -1517771.8
1817767600000.0 -0.38574225 5.061739e-09 -1635124.6
1820835300000.0 -0.38639325 5.061739e-09 -1635124.6
1823903000000.0 -0.38704422 5.061739e-09 -1635124.6
1826971200000.0 -0.3876953 5.061739e-09 -1635124.6
1830039200000.0 -0.38834637 5.185766e-09 -1670695.0
1833106900000.0 -0.38899738 5.185766e-09 -1670695.0
1836175000000.0 -0.38964844 5.185766e-09 -1670695.0
1839243200000.0 -0.3902995 5.185766e-09 -1670695.0
1842311000000.0 -0.3909505 5.3188174e-09 -1754469.5
1845379000000.0 -0.39160156 5.3188174e-09 -1754469.5
1848447100000.0 -0.39225262 5.3188174e-09 -1754469.5
1851514800000.0 -0.39290363 5.3188174e-09 -1754469.5
1854582800000.0 -0.3935547 5.479675e-09 -1759280.1
1857651000000.0 -0.39420575 5.479675e-09 -1759280.1
1860718700000.0 -0.39485675 5.479675e-09 -1759280.1
1863786800000.0 -0.3955078 5.479675e-09 -1759280.1
1866854800000.0 -0.3961589 5.5878426e-09 -1824760.5
1869922600000.0 -0.39680988 5.5878426e-09 -1824760.5
1872990300000.0 -0.39746088 5.5878426e-09 -1824760.5
1876058800000.0 -0.39811203 5.5878426e-09 -1824760.5
1879126600000.0 -0.398763 5.702593e-09 -1815797.8
1882194300000.0 -0.399414 5.702593e-09 -1815797.8
1885262700000.0 -0.40006515 5.702593e-09 -1815797.8
1888330400000.0 -0.40071616 5.702593e-09 -1815797.8
1891398200000.0 -0.40136713 5.719215e-09 -1898170.6
1894466600000.0 -0.40201828 5.719215e-09 -1898170.6
1897534300000.0 -0.40266928 5.719215e-09 -1898170.6
1900602000000.0 -0.40332028 5.719215e-09 -1898170.6
1903670500000.0 -0.4039714 5.7676774e-09 -1888279.9
1906738200000.0 -0.4046224 5.7676774e-09 -1888279.9
1909806000000.0 -0.4052734 5.7676774e-09 -1888279.9
1912874100000.0 -0.40592447 5.7676774e-09 -1888279.9
1915942200000.0 -0.40657553 5.6600395e-09 -1988514.6
1919010000000.0 -0.40722653 5.6600395e-09 -1988514.6
1922078000000.0 -0.4078776 5.6600395e-09 -1988514.6
1925146100000.0 -0.40852866 5.6600395e-09 -1988514.6
1928213800000.0 -0.40917966 5.652117e-09 -1967136.4
1931282000000.0 -0.40983072 5.652117e-09 -1967136.4
1934350000000.0 -0.4104818 5.652117e-09 -1967136.4
1937417700000.0 -0.41113278 5.652117e-09 -1967136.4
1940485800000.0 -0.41178387 5.5066356e-09 -2050876.4
1943553800000.0 -0.41243494 5.5066356e-09 -2050876.4
1946621600000.0 -0.4130859 5.5066356e-09 -2050876.4
1949689700000.0 -0.413737 5.5066356e-09 -2050876.4
1952757800000.0 -0.41438806 5.4601377e-09 -2033116.0
1955825600000.0 -0.41503906 5.4601377e-09 -2033116.0
1958893300000.0 -0.41569003 5.4601377e-09 -2033116.0
1961961700000.0 -0.4163412 5.4601377e-09 -2033116.0
1965029500000.0 -0.4169922 5.279688e-09 -2076442.8
1968097200000.0 -0.4176432 5.279688e-09 -2076442.8
1971165600000.0 -0.4182943 5.279688e-09 -2076442.8
1974233300000.0 -0.4189453 5.279688e-09 -2076442.8
1977301100000.0 -0.4195963 5.2210014e-09 -2058942.2
1980369600000.0 -0.42024744 5.2210014e-09 -2058942.2
1983437300000.0 -0.42089844 5.2210014e-09 -2058942.2
1986505000000.0 -0.42154944 5.2210014e-09 -2058942.2
1989573500000.0 -0.4222006 5.0927533e-09 -2059007.2
1992641200000.0 -0.42285156 5.0927533e-09 -2059007.2
1995709000000.0 -0.42350256 5.0927533e-09 -2059007.2
1998777000000.0 -0.42415363 5.0927533e-09 -2059007.2
2001845100000.0 -0.42480472 5.0260685e-09 -2035742.8
2004912800000.0 -0.4254557 5.0260685e-09 -2035742.8
2007981000000.0 -0.42610675 5.0260685e-09 -2035742.8
2011049000000.0 -0.42675784 5.0260685e-09 -2035742.8
2014116700000.0 -0.4274088 4.981763e-09 -2010577.9
2017184800000.0 -0.4280599 4.981763e-09 -2010577.9
2020253000000.0 -0.42871097 4.981763e-09 -2010577.9
2023320700000.0 -0.42936197 4.981763e-09 -2010577.9
2026388700000.0 -0.43001303 4.899541e-09 -1996052.6
2029456900000.0 -0.4306641 4.899541e-09 -1996052.6
2032524600000.0 -0.4313151 4.899541e-09 -1996052.6
2035592600000.0 -0.43196616 4.899541e-09 -1996052.6
2038660700000.0 -0.43261722 4.9097073e-09 -1955007.8
2041728500000.0 -0.43326822 4.9097073e-09 -1955007.8
2044796200000.0 -0.43391922 4.9097073e-09 -1955007.8
2047864600000.0 -0.43457034 4.9097073e-09 -1955007.8
2050932300000.0 -0.43522134 4.8128697e-09 -1939238.0
2054000100000.0 -0.43587235 4.8128697e-09 -1939238.0
2057068600000.0 -0.4365235 4.8128697e-09 -1939238.0
2060136300000.0 -0.43717447 4.8128697e-09 -1939238.0
2063204100000.0 -0.43782547 4.898594e-09 -1879786.0
2066272500000.0 -0.43847662 4.898594e-09 -1879786.0
2069340200000.0 -0.43912762 4.898594e-09 -1879786.0
2072408000000.0 -0.4397786 4.898594e-09 -1879786.0
2075476400000.0 -0.44042975 4.826694e-09 -1874672.4
2078544100000.0 -0.44108075 4.826694e-09 -1874672.4
2081611800000.0 -0.44173172 4.826694e-09 -1874672.4
2084680000000.0 -0.4423828 4.826694e-09 -1874672.4
2087748000000.0 -0.44303387 4.9530593e-09 -1786856.2
2090815700000.0 -0.44368488 4.9530593e-09 -1786856.2
2093883900000.0 -0.44433594 4.9530593e-09 -1786856.2
2096952000000.0 -0.444987 4.9530593e-09 -1786856.2
2100019700000.0 -0.445638 4.8987996e-09 -1775943.0
2103087700000.0 -0.44628906 4.8987996e-09 -1775943.0
2106155900000.0 -0.44694012 4.8987996e-09 -1775943.0
2109223600000.0 -0.44759113 4.8987996e-09 -1775943.0
2112291700000.0 -0.4482422 5.0769655e-09 -1690361.6
2115359700000.0 -0.44889325 5.0769655e-09 -1690361.6
2118427500000.0 -0.44954425 5.0769655e-09 -1690361.6
2121495600000.0 -0.4501953 5.0769655e-09 -1690361.6
2124563600000.0 -0.4508464 5.057609e-09 -1674916.6
2127631400000.0 -0.45149738 5.057609e-09 -1674916.6
2130699100000.0 -0.45214838 5.057609e-09 -1674916.6
2133767600000.0 -0.45279953 5.057609e-09 -1674916.6
2136835400000.0 -0.45345053 5.3017817e-09 -1594623.4
2139903100000.0 -0.4541015 5.3017817e-09 -1594623.4
2142971500000.0 -0.45475265 5.3017817e-09 -1594623.4
2146039200000.0 -0.45540366 5.3017817e-09 -1594623.4
2149107000000.0 -0.45605463 5.3752505e-09 -1577869.9
2152175400000.0 -0.45670578 5.3752505e-09 -1577869.9
2155243100000.0 -0.45735678 5.3752505e-09 -1577869.9
2158310900000.0 -0.45800778 5.3752505e-09 -1577869.9
2161379400000.0 -0.4586589 5.762472e-09 -1471359.6
2164447000000.0 -0.4593099 5.762472e-09 -1471359.6
2167514700000.0 -0.4599609 5.762472e-09 -1471359.6
2170582900000.0 -0.46061197 5.762472e-09 -1471359.6
2173651000000.0 -0.46126303 6.0057848e-09 -1416853.4
2176718700000.0 -0.46191403 6.0057848e-09 -1416853.4
2179786700000.0 -0.4625651 6.0057848e-09 -1416853.4
2182854900000.0 -0.46321616 6.0057848e-09 -1416853.4
2185922600000.0 -0.46386716 6.842679e-09 -1339316.9
2188990700000.0 -0.46451822 6.842679e-09 -1339316.9
2192058700000.0 -0.4651693 6.842679e-09 -1339316.9
2195126500000.0 -0.46582028 6.842679e-09 -1339316.9
2198194600000.0 -0.46647137 6.9866437e-09 -1354221.4
2201262800000.0 -0.46712244 6.9866437e-09 -1354221.4
2204330400000.0 -0.46777344 6.9866437e-09 -1354221.4
2207398500000.0 -0.4684245 6.9866437e-09 -1354221.4
2210466600000.0 -0.46907556 7.29119e-09 -1397029.1
2213534200000.0 -0.4697265 7.29119e-09 -1397029.1
2216602000000.0 -0.47037753 7.29119e-09 -1397029.1
2219670500000.0 -0.4710287 7.29119e-09 -1397029.1
2222738400000.0 -0.47167972 7.2229915e-09 -1462910.8
2225806000000.0 -0.4723307 7.2229915e-09 -1462910.8
2228874400000.0 -0.4729818 7.2229915e-09 -1462910.8
2231942300000.0 -0.47363284 7.2229915e-09 -1462910.8
2235009900000.0 -0.4742838 6.7618973e-09 -1604805.1
2238078300000.0 -0.47493497 6.7618973e-09 -1604805.1
2241146000000.0 -0.47558594 6.7618973e-09 -1604805.1
2244213700000.0 -0.47623694 6.7618973e-09 -1604805.1
2247282000000.0 -0.47688803 6.771869e-09 -1667563.2
2250350000000.0 -0.47753906 6.771869e-09 -1667563.2
2253417600000.0 -0.47819003 6.771869e-09 -1667563.2
2256485700000.0 -0.47884113 6.771869e-09 -1667563.2
2259554000000.0 -0.47949222 6.2214376e-09 -1798890.5
2262621700000.0 -0.48014325 6.2214376e-09 -1798890.5
2265689600000.0 -0.48079422 6.2214376e-09 -1798890.5
2268757800000.0 -0.48144534 6.2214376e-09 -1798890.5
2271825600000.0 -0.48209637 6.344398e-09 -1833586.6
2274893500000.0 -0.48274735 6.344398e-09 -1833586.6
2277961600000.0 -0.48339847 6.344398e-09 -1833586.6
2281029500000.0 -0.48404947 6.344398e-09 -1833586.6
2284097600000.0 -0.48470056 6.1184395e-09 -1894436.5
2287165500000.0 -0.48535156 6.1184395e-09 -1894436.5
2290233400000.0 -0.4860026 6.1184395e-09 -1894436.5
2293301500000.0 -0.48665366 6.1184395e-09 -1894436.5
2296369600000.0 -0.48730478 6.2927104e-09 -1904482.0
2299437300000.0 -0.48795572 6.2927104e-09 -1904482.0
2302505000000.0 -0.48860675 6.2927104e-09 -1904482.0
2305573500000.0 -0.48925787 6.2927104e-09 -1904482.0
2308641000000.0 -0.48990884 6.266317e-09 -1926265.8
2311709000000.0 -0.49055988 6.266317e-09 -1926265.8
2314777400000.0 -0.491211 6.266317e-09 -1926265.8
2317845000000.0 -0.49186197 6.266317e-09 -1926265.8
2320913000000.0 -0.49251297 6.3203385e-09 -1945127.8
2323981300000.0 -0.49316412 6.3203385e-09 -1945127.8
2327049000000.0 -0.49381506 6.3203385e-09 -1945127.8
2330116800000.0 -0.4944661 6.3203385e-09 -1945127.8
2333185100000.0 -0.49511725 6.3692847e-09 -1939307.5
2336253000000.0 -0.49576828 6.3692847e-09 -1939307.5
2339320600000.0 -0.49641922 6.3692847e-09 -1939307.5
2342388800000.0 -0.4970703 6.3692847e-09 -1939307.5
2345457000000.0 -0.49772137 6.3647136e-09 -1958418.2
2348524500000.0 -0.49837238 6.3647136e-09 -1958418.2
2351592600000.0 -0.49902344 6.3647136e-09 -1958418.2
2354660800000.0 -0.4996745 6.3647136e-09 -1958418.2
