morphology_data/1d_wb_a0.025_l8r2_00001.ecsv
# %ECSV 1.0
# ---
# datatype:
# - {name: b, datatype: float32}
# - {name: phase, datatype: float32}
# - {name: sigma, datatype: float32}
# - {name: vr, datatype: float32}
# meta: {lambda: 8, rp: 2.0, sep: 0.025, wind: b}
# schema: astropy-2.0
b phase sigma vr
[from data line 708]
-91271905000.0 0.038736995 6.530501e-08 -2090771.9
-89737860000.0 0.03808593 6.6597885e-08 -2095235.9
-88203910000.0 0.0374349 6.8029465e-08 -2097726.2
-86669950000.0 0.03678387 6.965246e-08 -2097736.0
-85135910000.0 0.0361328 7.1456675e-08 -2094793.5
-83601960000.0 0.035481773 7.343824e-08 -2090307.4
-82068000000.0 0.034830738 7.551642e-08 -2084788.2
-80533955000.0 0.03417967 7.761111e-08 -2079772.5
-79000084000.0 0.033528678 7.968503e-08 -2076146.2
-77466040000.0 0.03287761 8.172058e-08 -2073504.1
-75932000000.0 0.03222654 8.381075e-08 -2070898.2
-74398130000.0 0.031575546 8.6035655e-08 -2066446.9
-72864090000.0 0.030924477 8.79782e-08 -2062957.0
-71330050000.0 0.030273411 9.116063e-08 -2047339.4
-69796176000.0 0.029622415 9.4174766e-08 -2034551.6
-68262130000.0 0.028971346 9.716101e-08 -2024079.9
-66728178000.0 0.028320316 1.0017414e-07 -2015515.0
-65194220000.0 0.027669284 1.0330735e-07 -2007464.2
-63660175000.0 0.027018217 1.0667827e-07 -1997906.5
-62126220000.0 0.026367186 1.10406134e-07 -1984727.9
-60592263000.0 0.025716154 1.14602166e-07 -1965817.4
-59058220000.0 0.025065087 1.192889e-07 -1941892.6
-57524355000.0 0.024414092 1.2435203e-07 -1915557.9
-55990310000.0 0.023763025 1.2954875e-07 -1891566.2
-54456267000.0 0.023111956 1.3470597e-07 -1871201.4
-52922400000.0 0.022460962 1.3979913e-07 -1854663.6
-51388355000.0 0.021809895 1.4495092e-07 -1840381.4
-49854310000.0 0.021158826 1.5061708e-07 -1823112.9
-48320442000.0 0.020507833 1.5672533e-07 -1805456.2
-46786400000.0 0.019856764 1.6298972e-07 -1791880.8
-45252444000.0 0.019205732 1.6996874e-07 -1775193.8
-43718490000.0 0.018554702 1.7780626e-07 -1753609.0
-42184440000.0 0.017903633 1.8649476e-07 -1728726.9
-40650486000.0 0.017252602 1.9605773e-07 -1702452.8
-39116534000.0 0.016601572 2.0636794e-07 -1677136.6
-37582488000.0 0.015950503 2.1818393e-07 -1646827.1
-36048620000.0 0.015299509 2.3355967e-07 -1616938.1
-34514575000.0 0.014648439 2.4863607e-07 -1579933.8
-32980531000.0 0.013997372 2.652841e-07 -1541374.0
-31446665000.0 0.013346379 2.8339068e-07 -1503544.4
-29912621000.0 0.012695311 3.0429362e-07 -1461080.9
-28378577000.0 0.012044242 3.2851236e-07 -1415668.5
-26844710000.0 0.011393248 3.5837095e-07 -1362175.2
-25310667000.0 0.01074218 3.9579004e-07 -1298949.1
-23776710000.0 0.010091149 4.5246912e-07 -1175584.8
-22242755000.0 0.009440118 5.415146e-07 -989784.94
-20708710000.0 0.008789049 6.874965e-07 -744500.94
-19174754000.0 0.008138019 9.320418e-07 -495722.0
-17640800000.0 0.0074869874 1.2887652e-06 -315216.94
-16106755000.0 0.006835919 1.8338742e-06 -216420.34
-14572889000.0 0.006184926 2.8027175e-06 -176612.28
14572889000.0 -0.006184926 3.3500219e-06 270465.94
16106755000.0 -0.006835919 2.1602348e-06 330890.1
17640800000.0 -0.0074869874 1.5160856e-06 433943.16
19174754000.0 -0.008138019 1.1247731e-06 597054.06
20708710000.0 -0.008789049 8.760076e-07 781219.94
22242755000.0 -0.009440118 6.8088576e-07 1064139.9
23776710000.0 -0.010091149 5.750505e-07 1232392.5
25310667000.0 -0.01074218 5.10288e-07 1324310.1
26844710000.0 -0.011393248 4.6173676e-07 1396920.0
28378577000.0 -0.012044242 4.2282988e-07 1458347.2
29912621000.0 -0.012695311 3.903435e-07 1513931.1
31446665000.0 -0.013346379 3.636001e-07 1560996.4
32980531000.0 -0.013997372 3.4030683e-07 1606499.0
34514575000.0 -0.014648439 3.2019994e-07 1650250.0
36048620000.0 -0.015299509 3.025826e-07 1692037.8
37582488000.0 -0.015950503 2.9046618e-07 1719701.4
39116534000.0 -0.016601572 2.7656773e-07 1757224.0
40650486000.0 -0.017252602 2.6430564e-07 1791950.1
42184440000.0 -0.017903633 2.5342493e-07 1820946.8
43718490000.0 -0.018554702 2.435495e-07 1848384.1
45252444000.0 -0.019205732 2.3440387e-07 1870915.6
46786400000.0 -0.019856764 2.2629384e-07 1889837.4
48320442000.0 -0.020507833 2.1864825e-07 1904200.9
49854310000.0 -0.021158826 2.1179174e-07 1914950.0
51388355000.0 -0.021809895 2.0547967e-07 1921266.9
52922400000.0 -0.022460962 1.9972164e-07 1924590.0
54456267000.0 -0.023111956 1.9445845e-07 1926658.4
55990310000.0 -0.023763025 1.8954627e-07 1926597.8
57524355000.0 -0.024414092 1.8508243e-07 1926657.4
59058220000.0 -0.025065087 1.8091058e-07 1925746.6
60592263000.0 -0.025716154 1.7713027e-07 1925834.1
62126220000.0 -0.026367186 1.7371389e-07 1924809.4
63660175000.0 -0.027018217 1.7074633e-07 1923042.2
65194220000.0 -0.027669284 1.681634e-07 1919969.1
66728178000.0 -0.028320316 1.6605868e-07 1914571.0
68262130000.0 -0.028971346 1.6444696e-07 1906115.0
69796176000.0 -0.029622415 1.6318329e-07 1896036.8
71330050000.0 -0.030273411 1.6211612e-07 1883570.4
72864090000.0 -0.030924477 1.6127485e-07 1869037.6
74398130000.0 -0.031575546 1.557189e-07 1877225.2
75932000000.0 -0.03222654 1.5425525e-07 1867962.1
77466040000.0 -0.03287761 1.5275246e-07 1861217.2
79000084000.0 -0.033528678 1.5121581e-07 1854272.8
80533955000.0 -0.03417967 1.4989986e-07 1846320.4
82068000000.0 -0.034830738 1.4857702e-07 1836583.9
83601960000.0 -0.035481773 1.4736084e-07 1826177.9
85135910000.0 -0.0361328 1.4611587e-07 1815118.9
86669950000.0 -0.03678387 1.449685e-07 1803928.2
88203910000.0 -0.0374349 1.438705e-07 1792996.8
89737860000.0 -0.03808593 1.4301243e-07 1781047.5
91271905000.0 -0.038736995 1.4225748e-07 1769850.5
92805775000.0 -0.039387994 1.4159437e-07 1758060.1
94339820000.0 -0.040039062 1.4097576e-07 1746355.1
95873870000.0 -0.04069013 1.4034615e-07 1733918.6
97407730000.0 -0.041341122 1.3969546e-07 1720905.4
98941770000.0 -0.04199219 1.3909612e-07 1706897.8
100475820000.0 -0.04264326 1.3849973e-07 1692441.5
102009680000.0 -0.043294255 1.3801647e-07 1677964.5
103543734000.0 -0.043945324 1.3758566e-07 1663545.5
105077690000.0 -0.04459635 1.3735121e-07 1650158.0
106611640000.0 -0.045247383 1.3724599e-07 1637394.0
108145690000.0 -0.045898452 1.3737223e-07 1626061.1
109679640000.0 -0.046549484 1.37734e-07 1615240.4
111213590000.0 -0.047200516 1.3836085e-07 1605182.0
112747640000.0 -0.047851585 1.3931232e-07 1596523.2
114281505000.0 -0.048502576 1.4045918e-07 1587933.9
115815555000.0 -0.049153645 1.4195308e-07 1581305.1
117349600000.0 -0.049804714 1.4375827e-07 1576733.0
118883460000.0 -0.050455708 1.4584774e-07 1574168.8
120417510000.0 -0.051106777 1.4797084e-07 1569819.4
121951550000.0 -0.051757842 1.4954564e-07 1556605.4
123485420000.0 -0.052408837 1.5066195e-07 1535978.0
125019460000.0 -0.053059906 1.5152209e-07 1510477.4
126553416000.0 -0.053710938 1.5205292e-07 1480272.4
128087376000.0 -0.05436197 1.5246337e-07 1448762.4
129621420000.0 -0.055013034 1.5314697e-07 1421743.6
131155370000.0 -0.055664066 1.5426049e-07 1401916.1
132689330000.0 -0.056315098 1.5573063e-07 1387661.9
134223370000.0 -0.056966167 1.5752758e-07 1378822.5
135757240000.0 -0.057617158 1.5978242e-07 1376224.1
137291284000.0 -0.058268227 1.6261822e-07 1380734.1
138825330000.0 -0.058919296 1.6638514e-07 1394829.4
140359190000.0 -0.059570286 1.7147124e-07 1421069.8
141893240000.0 -0.06022136 1.7851247e-07 1463628.1
143427290000.0 -0.060872428 1.8729807e-07 1518215.1
144961160000.0 -0.061523426 1.9743376e-07 1572841.8
146495200000.0 -0.062174488 2.0947442e-07 1636164.6
148029150000.0 -0.062825516 2.1750144e-07 1548037.1
149563110000.0 -0.063476555 2.1750144e-07 1548037.1
151097150000.0 -0.06412762 2.2643512e-07 1525067.4
152631100000.0 -0.06477865 2.2643512e-07 1525067.4
154165070000.0 -0.06542969 2.3383916e-07 1488055.8
155699100000.0 -0.06608075 2.3383916e-07 1488055.8
157232970000.0 -0.06673174 2.404873e-07 1447045.5
158767020000.0 -0.06738281 2.404873e-07 1447045.5
160301060000.0 -0.068033874 2.4747575e-07 1410550.5
161834930000.0 -0.068684876 2.4747575e-07 1410550.5
163368980000.0 -0.069335945 2.562679e-07 1386095.1
164903010000.0 -0.06998701 2.562679e-07 1386095.1
166436880000.0 -0.070638 2.6634774e-07 1364430.0
167970930000.0 -0.07128907 2.6634774e-07 1364430.0
169504880000.0 -0.0719401 2.7718767e-07 1343673.5
171038830000.0 -0.07259113 2.7718767e-07 1343673.5
172572880000.0 -0.0732422 2.890678e-07 1323273.1
174106840000.0 -0.073893234 2.890678e-07 1323273.1
175640790000.0 -0.07454426 3.0182855e-07 1304663.0
177174840000.0 -0.075195335 3.0182855e-07 1304663.0
178708710000.0 -0.07584633 3.1596053e-07 1287518.2
180242740000.0 -0.07649739 3.1596053e-07 1287518.2
181776800000.0 -0.07714847 3.307273e-07 1269444.4
183310660000.0 -0.077799454 3.307273e-07 1269444.4
184844700000.0 -0.07845052 3.481544e-07 1255592.0
186378750000.0 -0.07910159 3.481544e-07 1255592.0
187912620000.0 -0.07975259 3.6727593e-07 1238619.1
189446670000.0 -0.080403656 3.6727593e-07 1238619.1
190980620000.0 -0.08105469 3.8575837e-07 1216863.1
192514570000.0 -0.08170572 3.8575837e-07 1216863.1
194048620000.0 -0.08235679 4.218872e-07 1202184.5
195582570000.0 -0.08300782 4.218872e-07 1202184.5
197116530000.0 -0.08365885 2.905616e-07 1018905.0
198650580000.0 -0.08430992 2.905616e-07 1018905.0
200184430000.0 -0.08496091 2.905616e-07 1018905.0
201718480000.0 -0.08561198 2.905616e-07 1018905.0
203252530000.0 -0.086263046 2.9332665e-07 948100.5
204786400000.0 -0.08691404 2.9332665e-07 948100.5
206320440000.0 -0.08756511 2.9332665e-07 948100.5
207854390000.0 -0.08821614 2.9332665e-07 948100.5
209388360000.0 -0.08886717 2.8663075e-07 864130.9
210922390000.0 -0.08951824 2.8663075e-07 864130.9
212456340000.0 -0.09016927 2.8663075e-07 864130.9
213990310000.0 -0.090820305 2.8663075e-07 864130.9
215524340000.0 -0.091471374 2.7724911e-07 775960.56
217058210000.0 -0.09212236 2.7724911e-07 775960.56
218592260000.0 -0.09277343 2.7724911e-07 775960.56
220126300000.0 -0.0934245 2.7724911e-07 775960.56
221660170000.0 -0.09407549 2.639649e-07 684886.6
223194220000.0 -0.09472656 2.639649e-07 684886.6
224728250000.0 -0.09537763 2.639649e-07 684886.6
226262120000.0 -0.096028626 2.639649e-07 684886.6
227796170000.0 -0.096679695 2.466111e-07 594403.9
229330120000.0 -0.09733073 2.466111e-07 594403.9
230864080000.0 -0.09798176 2.466111e-07 594403.9
232398130000.0 -0.09863283 2.466111e-07 594403.9
233932080000.0 -0.09928385 2.2553158e-07 505882.0
235466030000.0 -0.09993488 2.2553158e-07 505882.0
237000080000.0 -0.10058595 2.2553158e-07 505882.0
238533950000.0 -0.10123695 2.2553158e-07 505882.0
240067990000.0 -0.101888016 2.0347301e-07 417788.1
241602040000.0 -0.102539085 2.0347301e-07 417788.1
243135900000.0 -0.10319008 2.0347301e-07 417788.1
244669960000.0 -0.10384115 2.0347301e-07 417788.1
246203990000.0 -0.10449222 1.8634256e-07 334205.6
247737860000.0 -0.10514321 1.8634256e-07 334205.6
249271910000.0 -0.10579427 1.8634256e-07 334205.6
250805860000.0 -0.106445305 1.8634256e-07 334205.6
252339810000.0 -0.10709634 1.7700151e-07 259886.88
253873860000.0 -0.107747406 1.7700151e-07 259886.88
255407820000.0 -0.10839844 1.7700151e-07 259886.88
256941770000.0 -0.10904947 1.7700151e-07 259886.88
258475820000.0 -0.10970054 1.732305e-07 174621.22
260009670000.0 -0.11035153 1.732305e-07 174621.22
261543720000.0 -0.1110026 1.732305e-07 174621.22
263077770000.0 -0.11165367 1.732305e-07 174621.22
264611640000.0 -0.11230466 1.713724e-07 80641.555
266145680000.0 -0.11295573 1.713724e-07 80641.555
267679730000.0 -0.113606796 1.713724e-07 80641.555
269213600000.0 -0.11425779 1.713724e-07 80641.555
270747630000.0 -0.11490886 1.7040603e-07 -20197.521
272281600000.0 -0.11555989 1.7040603e-07 -20197.521
273815550000.0 -0.11621092 1.7040603e-07 -20197.521
275349600000.0 -0.11686199 1.7040603e-07 -20197.521
276883540000.0 -0.11751302 1.690688e-07 -127103.44
278417500000.0 -0.118164055 1.690688e-07 -127103.44
279951540000.0 -0.118815124 1.690688e-07 -127103.44
281485400000.0 -0.11946611 1.690688e-07 -127103.44
283019440000.0 -0.12011717 1.6678935e-07 -232608.67
284553500000.0 -0.12076825 1.6678935e-07 -232608.67
286087380000.0 -0.12141925 1.6678935e-07 -232608.67
287621400000.0 -0.12207031 1.6678935e-07 -232608.67
289155450000.0 -0.12272138 1.638382e-07 -328471.56
290689320000.0 -0.123372376 1.638382e-07 -328471.56
292223400000.0 -0.12402345 1.638382e-07 -328471.56
293757320000.0 -0.12467448 1.638382e-07 -328471.56
295291300000.0 -0.1253255 1.6078633e-07 -413936.78
296825320000.0 -0.12597658 1.6078633e-07 -413936.78
298359300000.0 -0.12662761 1.6078633e-07 -413936.78
299893230000.0 -0.12727864 1.6078633e-07 -413936.78
301427300000.0 -0.12792972 1.5775666e-07 -492045.12
302961130000.0 -0.12858069 1.5775666e-07 -492045.12
304495200000.0 -0.12923177 1.5775666e-07 -492045.12
306029230000.0 -0.12988284 1.5775666e-07 -492045.12
307563100000.0 -0.13053383 1.5482904e-07 -564806.8
309097140000.0 -0.13118489 1.5482904e-07 -564806.8
310631200000.0 -0.13183598 1.5482904e-07 -564806.8
312165070000.0 -0.13248697 1.5482904e-07 -564806.8
313699100000.0 -0.13313803 1.5249582e-07 -635745.7
315233040000.0 -0.13378905 1.5249582e-07 -635745.7
316767000000.0 -0.1344401 1.5249582e-07 -635745.7
318301040000.0 -0.13509116 1.5249582e-07 -635745.7
319835000000.0 -0.13574219 1.5017588e-07 -710332.94
321368980000.0 -0.13639323 1.5017588e-07 -710332.94
322903000000.0 -0.1370443 1.5017588e-07 -710332.94
324436900000.0 -0.13769528 1.5017588e-07 -710332.94
325970920000.0 -0.13834634 1.4758999e-07 -788722.4
327504950000.0 -0.1389974 1.4758999e-07 -788722.4
329038820000.0 -0.13964841 1.4758999e-07 -788722.4
330572900000.0 -0.14029948 1.4758999e-07 -788722.4
332106920000.0 -0.14095055 1.4481182e-07 -870814.3
333640800000.0 -0.14160155 1.4481182e-07 -870814.3
335174830000.0 -0.14225261 1.4481182e-07 -870814.3
336708900000.0 -0.14290369 1.4481182e-07 -870814.3
338242730000.0 -0.14355466 1.4121983e-07 -958922.6
339776800000.0 -0.14420575 1.4121983e-07 -958922.6
341310830000.0 -0.14485681 1.4121983e-07 -958922.6
342844700000.0 -0.1455078 1.4121983e-07 -958922.6
344378570000.0 -0.1461588 1.3651794e-07 -1053377.0
345912800000.0 -0.14680995 1.3651794e-07 -1053377.0
347446640000.0 -0.14746092 1.3651794e-07 -1053377.0
348980500000.0 -0.14811192 1.3651794e-07 -1053377.0
350514740000.0 -0.14876308 1.3126856e-07 -1144087.0
352048600000.0 -0.14941406 1.3126856e-07 -1144087.0
353582480000.0 -0.15006506 1.3126856e-07 -1144087.0
355116700000.0 -0.1507162 1.3126856e-07 -1144087.0
356650580000.0 -0.1513672 1.269483e-07 -1219740.5
358184420000.0 -0.15201817 1.269483e-07 -1219740.5
359718650000.0 -0.15266933 1.269483e-07 -1219740.5
361252520000.0 -0.15332033 1.269483e-07 -1219740.5
362786400000.0 -0.15397131 1.2409727e-07 -1279677.6
364320420000.0 -0.15462239 1.2409727e-07 -1279677.6
365854500000.0 -0.15527347 1.2409727e-07 -1279677.6
367388360000.0 -0.15592445 1.2409727e-07 -1279677.6
368922400000.0 -0.15657552 1.220964e-07 -1331583.0
370456430000.0 -0.15722659 1.220964e-07 -1331583.0
371990300000.0 -0.15787758 1.220964e-07 -1331583.0
373524330000.0 -0.15852864 1.220964e-07 -1331583.0
375058400000.0 -0.15917972 1.2078075e-07 -1381387.0
376592270000.0 -0.1598307 1.2078075e-07 -1381387.0
378126300000.0 -0.16048178 1.2078075e-07 -1381387.0
379660340000.0 -0.16113284 1.2078075e-07 -1381387.0
381194200000.0 -0.16178384 1.1978855e-07 -1433218.4
382728240000.0 -0.1624349 1.1978855e-07 -1433218.4
384262300000.0 -0.16308598 1.1978855e-07 -1433218.4
385796180000.0 -0.16373697 1.1978855e-07 -1433218.4
387330050000.0 -0.16438797 1.18847744e-07 -1489381.4
388864250000.0 -0.1650391 1.18847744e-07 -1489381.4
390398100000.0 -0.1656901 1.18847744e-07 -1489381.4
391932000000.0 -0.1663411 1.18847744e-07 -1489381.4
393466220000.0 -0.16699223 1.17936445e-07 -1550744.1
395000100000.0 -0.16764323 1.17936445e-07 -1550744.1
396533960000.0 -0.16829422 1.17936445e-07 -1550744.1
398068150000.0 -0.16894537 1.17936445e-07 -1550744.1
399602020000.0 -0.16959636 1.171744e-07 -1612801.8
401135900000.0 -0.17024736 1.171744e-07 -1612801.8
402669930000.0 -0.17089842 1.171744e-07 -1612801.8
404204000000.0 -0.1715495 1.171744e-07 -1612801.8
405737870000.0 -0.17220049 1.1670799e-07 -1667789.5
407271900000.0 -0.17285155 1.1670799e-07 -1667789.5
408805930000.0 -0.17350262 1.1670799e-07 -1667789.5
410339800000.0 -0.17415361 1.1670799e-07 -1667789.5
411873870000.0 -0.17480469 1.16334085e-07 -1710861.1
413407900000.0 -0.17545575 1.16334085e-07 -1710861.1
