morphology_data/1d_wb_a0.025_l2r1_00001.ecsv
# %ECSV 1.0
# ---
# datatype:
# - {name: b, datatype: float32}
# - {name: phase, datatype: float32}
# - {name: sigma, datatype: float32}
# - {name: vr, datatype: float32}
# meta: {lambda: 2, rp: 1.0, sep: 0.025, wind: b}
# schema: astropy-2.0
b phase sigma vr
[from data line 1341]
895077900000.0 -0.37988284 7.0396175e-11 -6916678.0
896611800000.0 -0.38053384 7.089106e-11 -6864624.0
898145650000.0 -0.38118485 7.089106e-11 -6864624.0
899679900000.0 -0.381836 7.089106e-11 -6864624.0
901213800000.0 -0.38248697 7.089106e-11 -6864624.0
902747600000.0 -0.38313797 7.046553e-11 -6811327.5
904281850000.0 -0.38378912 7.046553e-11 -6811327.5
905815700000.0 -0.3844401 7.046553e-11 -6811327.5
907349600000.0 -0.3850911 7.046553e-11 -6811327.5
908883800000.0 -0.38574225 6.867846e-11 -6756406.0
910417660000.0 -0.38639325 6.867846e-11 -6756406.0
911951500000.0 -0.38704422 6.867846e-11 -6756406.0
913485600000.0 -0.3876953 6.867846e-11 -6756406.0
915019600000.0 -0.38834637 6.437061e-11 -6799577.5
916553470000.0 -0.38899738 6.437061e-11 -6799577.5
918087500000.0 -0.38964844 6.437061e-11 -6799577.5
919621600000.0 -0.3902995 6.437061e-11 -6799577.5
921155500000.0 -0.3909505 5.8178094e-11 -7003647.0
922689500000.0 -0.39160156 5.8178094e-11 -7003647.0
924223540000.0 -0.39225262 5.8178094e-11 -7003647.0
925757400000.0 -0.39290363 5.8178094e-11 -7003647.0
927291400000.0 -0.3935547 5.1431956e-11 -7313022.0
928825500000.0 -0.39420575 5.1431956e-11 -7313022.0
930359350000.0 -0.39485675 5.1431956e-11 -7313022.0
931893400000.0 -0.3955078 5.1431956e-11 -7313022.0
933427400000.0 -0.3961589 4.527333e-11 -7651320.0
934961300000.0 -0.39680988 4.527333e-11 -7651320.0
936495150000.0 -0.39746088 4.527333e-11 -7651320.0
938029400000.0 -0.39811203 4.527333e-11 -7651320.0
939563300000.0 -0.398763 4.0076113e-11 -7962134.5
941097160000.0 -0.399414 4.0076113e-11 -7962134.5
942631350000.0 -0.40006515 4.0076113e-11 -7962134.5
944165200000.0 -0.40071616 4.0076113e-11 -7962134.5
945699100000.0 -0.40136713 3.566803e-11 -8235415.5
947233300000.0 -0.40201828 3.566803e-11 -8235415.5
948767160000.0 -0.40266928 3.566803e-11 -8235415.5
950301000000.0 -0.40332028 3.566803e-11 -8235415.5
951835200000.0 -0.4039714 3.1775676e-11 -8489498.0
953369100000.0 -0.4046224 3.1775676e-11 -8489498.0
954903000000.0 -0.4052734 3.1775676e-11 -8489498.0
956437040000.0 -0.40592447 3.1775676e-11 -8489498.0
957971100000.0 -0.40657553 2.828798e-11 -8748730.0
959505000000.0 -0.40722653 2.828798e-11 -8748730.0
961039000000.0 -0.4078776 2.828798e-11 -8748730.0
962573040000.0 -0.40852866 2.828798e-11 -8748730.0
964106900000.0 -0.40917966 2.4911045e-11 -9042854.0
965641000000.0 -0.40983072 2.4911045e-11 -9042854.0
967175000000.0 -0.4104818 2.4911045e-11 -9042854.0
968708850000.0 -0.41113278 2.4911045e-11 -9042854.0
970242900000.0 -0.41178387 2.1348005e-11 -9386554.0
971776900000.0 -0.41243494 2.1348005e-11 -9386554.0
973310800000.0 -0.4130859 2.1348005e-11 -9386554.0
974844850000.0 -0.413737 2.1348005e-11 -9386554.0
976378900000.0 -0.41438806 1.7814547e-11 -9771463.0
977912800000.0 -0.41503906 1.7814547e-11 -9771463.0
979446660000.0 -0.41569003 1.7814547e-11 -9771463.0
980980860000.0 -0.4163412 1.7814547e-11 -9771463.0
982514700000.0 -0.4169922 1.473188e-11 -10224597.0
984048600000.0 -0.4176432 1.473188e-11 -10224597.0
985582800000.0 -0.4182943 1.473188e-11 -10224597.0
987116670000.0 -0.4189453 1.473188e-11 -10224597.0
988650540000.0 -0.4195963 1.2258614e-11 -10752588.0
990184800000.0 -0.42024744 1.2258614e-11 -10752588.0
991718700000.0 -0.42089844 1.2258614e-11 -10752588.0
993252500000.0 -0.42154944 1.2258614e-11 -10752588.0
994786740000.0 -0.4222006 1.0119121e-11 -11242796.0
996320600000.0 -0.42285156 1.0119121e-11 -11242796.0
997854500000.0 -0.42350256 1.0119121e-11 -11242796.0
999388500000.0 -0.42415363 1.0119121e-11 -11242796.0
1000922550000.0 -0.42480472 nan nan
1002456400000.0 -0.4254557 nan nan
1003990500000.0 -0.42610675 nan nan
1005524500000.0 -0.42675784 nan nan
1007058350000.0 -0.4274088 nan nan
1008592400000.0 -0.4280599 nan nan
1010126500000.0 -0.42871097 nan nan
1011660360000.0 -0.42936197 nan nan
1013194360000.0 -0.43001303 nan nan
1014728400000.0 -0.4306641 nan nan
1016262300000.0 -0.4313151 nan nan
1017796300000.0 -0.43196616 nan nan
1019330360000.0 -0.43261722 nan nan
1020864230000.0 -0.43326822 nan nan
1022398100000.0 -0.43391922 nan nan
1023932300000.0 -0.43457034 nan nan
1025466200000.0 -0.43522134 nan nan
1027000040000.0 -0.43587235 nan nan
1028534300000.0 -0.4365235 nan nan
1030068200000.0 -0.43717447 nan nan
1031602040000.0 -0.43782547 1.0043483e-11 -10217223.0
1033136240000.0 -0.43847662 1.0043483e-11 -10217223.0
1034670100000.0 -0.43912762 1.0043483e-11 -10217223.0
1036204000000.0 -0.4397786 1.0043483e-11 -10217223.0
1037738200000.0 -0.44042975 1.2243478e-11 -9770542.0
1039272050000.0 -0.44108075 1.2243478e-11 -9770542.0
1040805900000.0 -0.44173172 1.2243478e-11 -9770542.0
1042340000000.0 -0.4423828 1.2243478e-11 -9770542.0
1043874000000.0 -0.44303387 1.4247721e-11 -9384929.0
1045407860000.0 -0.44368488 1.4247721e-11 -9384929.0
1046941900000.0 -0.44433594 1.4247721e-11 -9384929.0
1048476000000.0 -0.444987 1.4247721e-11 -9384929.0
1050009860000.0 -0.445638 1.6042454e-11 -9027007.0
1051543860000.0 -0.44628906 1.6042454e-11 -9027007.0
1053077900000.0 -0.44694012 1.6042454e-11 -9027007.0
1054611800000.0 -0.44759113 1.6042454e-11 -9027007.0
1056145870000.0 -0.4482422 1.7736652e-11 -8668440.0
1057679900000.0 -0.44889325 1.7736652e-11 -8668440.0
1059213740000.0 -0.44954425 1.7736652e-11 -8668440.0
1060747800000.0 -0.4501953 1.7736652e-11 -8668440.0
1062281800000.0 -0.4508464 1.9404821e-11 -8283972.5
1063815700000.0 -0.45149738 1.9404821e-11 -8283972.5
1065349550000.0 -0.45214838 1.9404821e-11 -8283972.5
1066883800000.0 -0.45279953 1.9404821e-11 -8283972.5
1068417700000.0 -0.45345053 2.1023194e-11 -7846355.5
1069951550000.0 -0.4541015 2.1023194e-11 -7846355.5
1071485750000.0 -0.45475265 2.1023194e-11 -7846355.5
1073019600000.0 -0.45540366 2.1023194e-11 -7846355.5
1074553500000.0 -0.45605463 2.2753587e-11 -7365293.0
1076087700000.0 -0.45670578 2.2753587e-11 -7365293.0
1077621560000.0 -0.45735678 2.2753587e-11 -7365293.0
1079155400000.0 -0.45800778 2.2753587e-11 -7365293.0
1080689700000.0 -0.4586589 2.4909082e-11 -6885917.0
1082223500000.0 -0.4593099 2.4909082e-11 -6885917.0
1083757360000.0 -0.4599609 2.4909082e-11 -6885917.0
1085291400000.0 -0.46061197 2.4909082e-11 -6885917.0
1086825500000.0 -0.46126303 2.7696163e-11 -6437103.0
1088359370000.0 -0.46191403 2.7696163e-11 -6437103.0
1089893400000.0 -0.4625651 2.7696163e-11 -6437103.0
1091427430000.0 -0.46321616 2.7696163e-11 -6437103.0
1092961300000.0 -0.46386716 3.1199675e-11 -6021142.5
1094495400000.0 -0.46451822 3.1199675e-11 -6021142.5
1096029400000.0 -0.4651693 3.1199675e-11 -6021142.5
1097563240000.0 -0.46582028 3.1199675e-11 -6021142.5
1099097300000.0 -0.46647137 3.546083e-11 -5628116.5
1100631400000.0 -0.46712244 3.546083e-11 -5628116.5
1102165200000.0 -0.46777344 3.546083e-11 -5628116.5
1103699200000.0 -0.4684245 3.546083e-11 -5628116.5
1105233300000.0 -0.46907556 4.0515143e-11 -5250917.5
1106767100000.0 -0.4697265 4.0515143e-11 -5250917.5
1108301000000.0 -0.47037753 4.0515143e-11 -5250917.5
1109835300000.0 -0.4710287 4.0515143e-11 -5250917.5
1111369200000.0 -0.47167972 4.6427043e-11 -4899585.0
1112903000000.0 -0.4723307 4.6427043e-11 -4899585.0
1114437200000.0 -0.4729818 4.6427043e-11 -4899585.0
1115971100000.0 -0.47363284 4.6427043e-11 -4899585.0
1117504900000.0 -0.4742838 5.306023e-11 -4586241.0
1119039100000.0 -0.47493497 5.306023e-11 -4586241.0
1120573000000.0 -0.47558594 5.306023e-11 -4586241.0
1122106900000.0 -0.47623694 5.306023e-11 -4586241.0
1123641000000.0 -0.47688803 5.9904734e-11 -4313203.5
1125175000000.0 -0.47753906 5.9904734e-11 -4313203.5
1126708800000.0 -0.47819003 5.9904734e-11 -4313203.5
1128242900000.0 -0.47884113 5.9904734e-11 -4313203.5
1129777000000.0 -0.47949222 6.634845e-11 -4078219.2
1131310900000.0 -0.48014325 6.634845e-11 -4078219.2
1132844800000.0 -0.48079422 6.634845e-11 -4078219.2
1134378900000.0 -0.48144534 6.634845e-11 -4078219.2
1135912800000.0 -0.48209637 7.2004055e-11 -3873577.8
1137446700000.0 -0.48274735 7.2004055e-11 -3873577.8
1138980800000.0 -0.48339847 7.2004055e-11 -3873577.8
1140514800000.0 -0.48404947 7.2004055e-11 -3873577.8
1142048800000.0 -0.48470056 7.686374e-11 -3689029.5
1143582800000.0 -0.48535156 7.686374e-11 -3689029.5
1145116700000.0 -0.4860026 7.686374e-11 -3689029.5
1146650800000.0 -0.48665366 7.686374e-11 -3689029.5
1148184800000.0 -0.48730478 8.1127154e-11 -3524104.2
1149718600000.0 -0.48795572 8.1127154e-11 -3524104.2
1151252600000.0 -0.48860675 8.1127154e-11 -3524104.2
1152786800000.0 -0.48925787 8.1127154e-11 -3524104.2
1154320600000.0 -0.48990884 8.397141e-11 -3384877.0
1155854500000.0 -0.49055988 8.397141e-11 -3384877.0
1157388700000.0 -0.491211 8.397141e-11 -3384877.0
1158922500000.0 -0.49186197 8.397141e-11 -3384877.0
1160456400000.0 -0.49251297 8.378613e-11 -3257669.0
1161990600000.0 -0.49316412 8.378613e-11 -3257669.0
1163524400000.0 -0.49381506 8.378613e-11 -3257669.0
1165058400000.0 -0.4944661 8.378613e-11 -3257669.0
1166592600000.0 -0.49511725 8.067603e-11 -3119917.5
1168126500000.0 -0.49576828 8.067603e-11 -3119917.5
1169660300000.0 -0.49641922 8.067603e-11 -3119917.5
1171194400000.0 -0.4970703 8.067603e-11 -3119917.5
1172728400000.0 -0.49772137 7.598359e-11 -2970916.0
1174262300000.0 -0.49837238 7.598359e-11 -2970916.0
1175796300000.0 -0.49902344 7.598359e-11 -2970916.0
1177330400000.0 -0.4996745 7.598359e-11 -2970916.0
