morphology_data/1d_wa_a0.05_l4r0.5_00001.ecsv
# %ECSV 1.0
# ---
# datatype:
# - {name: b, datatype: float32}
# - {name: phase, datatype: float32}
# - {name: sigma, datatype: float32}
# - {name: vr, datatype: float32}
# meta: {lambda: 4, rp: 0.5, sep: 0.05, wind: a}
# schema: astropy-2.0
b phase sigma vr
[from data line 628]
-427980620000.0 0.090820305 7.4062285e-09 1716761.9
-424912680000.0 0.09016927 7.4062285e-09 1716761.9
-421844780000.0 0.08951824 7.4062285e-09 1716761.9
-418776700000.0 0.08886717 7.4062285e-09 1716761.9
-415708770000.0 0.08821614 7.560017e-09 1761956.0
-412640870000.0 0.08756511 7.560017e-09 1761956.0
-409572800000.0 0.08691404 7.560017e-09 1761956.0
-406505060000.0 0.086263046 7.560017e-09 1761956.0
-403436960000.0 0.08561198 7.784433e-09 1745828.4
-400368860000.0 0.08496091 7.784433e-09 1745828.4
-397301150000.0 0.08430992 7.784433e-09 1745828.4
-394233050000.0 0.08365885 7.784433e-09 1745828.4
-391165150000.0 0.08300782 7.877419e-09 1798272.2
-388097250000.0 0.08235679 7.877419e-09 1798272.2
-385029140000.0 0.08170572 7.896847e-09 1877553.6
-381961240000.0 0.08105469 7.896847e-09 1877553.6
-378893340000.0 0.080403656 8.067346e-09 1898184.6
-375825240000.0 0.07975259 8.067346e-09 1898184.6
-372757500000.0 0.07910159 8.0628455e-09 1992630.0
-369689400000.0 0.07845052 8.0628455e-09 1992630.0
-366621330000.0 0.077799454 8.2321066e-09 2044781.0
-363553600000.0 0.07714847 8.2321066e-09 2044781.0
-360485500000.0 0.07649739 8.087421e-09 2085181.5
-357417420000.0 0.07584633 8.087421e-09 2085181.5
-354349680000.0 0.075195335 8.243008e-09 2163591.2
-351281580000.0 0.07454426 8.243008e-09 2163591.2
-348213670000.0 0.073893234 8.182765e-09 2174583.0
-345145770000.0 0.0732422 8.182765e-09 2174583.0
-342077670000.0 0.07259113 8.338107e-09 2152027.5
-339009770000.0 0.0719401 8.338107e-09 2152027.5
-335941860000.0 0.07128907 8.433263e-09 2154306.2
-332873760000.0 0.070638 8.433263e-09 2154306.2
-329806020000.0 0.06998701 8.680317e-09 2074593.4
-326737950000.0 0.069335945 8.680317e-09 2074593.4
-323669850000.0 0.068684876 8.792378e-09 2074629.0
-320602100000.0 0.068033874 8.792378e-09 2074629.0
-317534040000.0 0.06738281 9.11157e-09 1998608.5
-314465940000.0 0.06673174 9.11157e-09 1998608.5
-311398200000.0 0.06608075 9.210092e-09 1983045.2
-308330140000.0 0.06542969 9.210092e-09 1983045.2
-305262200000.0 0.06477865 9.478141e-09 1943482.8
-302194300000.0 0.06412762 9.478141e-09 1943482.8
-299126230000.0 0.063476555 9.539051e-09 1930944.0
-296058300000.0 0.062825516 9.539051e-09 1930944.0
-292990400000.0 0.062174488 9.690824e-09 1877687.2
-289922320000.0 0.061523426 9.690824e-09 1877687.2
-286854580000.0 0.060872428 9.750108e-09 1847779.6
-283786480000.0 0.06022136 9.750108e-09 1847779.6
-280718380000.0 0.059570286 9.89159e-09 1767178.6
-277650670000.0 0.058919296 9.89159e-09 1767178.6
-274582570000.0 0.058268227 1.00410125e-08 1759206.0
-271514480000.0 0.057617158 1.00410125e-08 1759206.0
-268446740000.0 0.056966167 1.0185384e-08 1689181.9
-265378660000.0 0.056315098 1.0185384e-08 1689181.9
-262310740000.0 0.055664066 1.0400798e-08 1704889.0
-259242840000.0 0.055013034 1.0400798e-08 1704889.0
-256174750000.0 0.05436197 1.0559823e-08 1637611.4
-253106830000.0 0.053710938 1.0559823e-08 1637611.4
-250038930000.0 0.053059906 1.0778083e-08 1643790.0
-246970840000.0 0.052408837 1.0778083e-08 1643790.0
-243903100000.0 0.051757842 1.1021472e-08 1598310.6
-240835020000.0 0.051106777 1.1021472e-08 1598310.6
-237766920000.0 0.050455708 1.1264188e-08 1604946.0
-234699200000.0 0.049804714 1.1264188e-08 1604946.0
-231631110000.0 0.049153645 1.155405e-08 1551885.4
-228563010000.0 0.048502576 1.155405e-08 1551885.4
-225495290000.0 0.047851585 1.1848757e-08 1578264.6
-222427190000.0 0.047200516 1.1848757e-08 1578264.6
-219359280000.0 0.046549484 1.2188093e-08 1531887.5
-216291380000.0 0.045898452 1.2188093e-08 1531887.5
-213223280000.0 0.045247383 1.2491084e-08 1547494.5
-210155370000.0 0.04459635 1.2491084e-08 1547494.5
-207087470000.0 0.043945324 1.2828888e-08 1490117.4
-204019370000.0 0.043294255 1.2828888e-08 1490117.4
-200951640000.0 0.04264326 1.3180214e-08 1496907.5
-197883540000.0 0.04199219 1.3180214e-08 1496907.5
-194815460000.0 0.041341122 1.350717e-08 1432848.5
-191747740000.0 0.04069013 1.368527e-08 1435238.8
-188679630000.0 0.040039062 1.3941795e-08 1434320.8
-185611550000.0 0.039387994 1.4135889e-08 1436082.2
-182543810000.0 0.038736995 1.4486789e-08 1390187.9
-179475730000.0 0.03808593 1.4697614e-08 1391773.4
-176407820000.0 0.0374349 1.4990555e-08 1379911.8
-173339900000.0 0.03678387 1.5220017e-08 1380787.0
-170271820000.0 0.0361328 1.568136e-08 1349381.5
-167203910000.0 0.035481773 1.5931729e-08 1349782.0
-164136000000.0 0.034830738 1.6294287e-08 1332535.8
-161067910000.0 0.03417967 1.6568206e-08 1332178.9
-158000170000.0 0.033528678 1.707478e-08 1305474.5
-154932080000.0 0.03287761 1.7375365e-08 1304452.1
-151864000000.0 0.03222654 1.7728974e-08 1283343.2
-148796260000.0 0.031575546 1.8060966e-08 1281439.4
-145728180000.0 0.030924477 1.843851e-08 1283148.6
-142660100000.0 0.030273411 1.879941e-08 1280393.1
-139592350000.0 0.029622415 1.9131148e-08 1299421.9
-136524260000.0 0.028971346 1.953121e-08 1294816.4
-133456355000.0 0.028320316 2.0150832e-08 1363739.0
-130388440000.0 0.027669284 2.0595872e-08 1356087.4
-127320350000.0 0.027018217 2.113373e-08 1439546.1
-124252440000.0 0.026367186 2.1631003e-08 1428172.4
-121184530000.0 0.025716154 2.1998968e-08 1302821.5
-118116440000.0 0.025065087 2.255734e-08 1292361.4
-115048710000.0 0.024414092 2.2907937e-08 1120390.0
-111980620000.0 0.023763025 2.3538343e-08 1112243.8
-108912530000.0 0.023111956 2.3995165e-08 944610.7
-105844800000.0 0.022460962 2.4711301e-08 939065.3
-102776710000.0 0.021809895 2.547219e-08 865977.3
-99708620000.0 0.021158826 2.6291396e-08 860540.0
-96640885000.0 0.020507833 2.7266646e-08 787548.8
-93572800000.0 0.019856764 2.8211087e-08 782302.5
-90504890000.0 0.019205732 2.9325836e-08 755146.2
-87436980000.0 0.018554702 3.042441e-08 748522.25
-84368880000.0 0.017903633 3.1769932e-08 694937.56
-81300970000.0 0.017252602 3.3061447e-08 687888.8
-78233070000.0 0.016601572 3.4544012e-08 657860.1
-75164975000.0 0.015950503 3.6081403e-08 649487.56
-72097240000.0 0.015299509 3.8165958e-08 606713.7
-69029150000.0 0.014648439 4.0043176e-08 596880.75
-65961062000.0 0.013997372 4.216153e-08 560368.1
-62893330000.0 0.013346379 4.446892e-08 549398.06
-59825242000.0 0.012695311 4.7227203e-08 521287.1
-56757154000.0 0.012044242 5.0123745e-08 508736.75
-53689420000.0 0.011393248 5.3475045e-08 477552.9
-50621334000.0 0.01074218 5.720674e-08 463521.7
-47553420000.0 0.010091149 6.159213e-08 460191.88
-44485510000.0 0.009440118 6.655988e-08 442553.22
-41417420000.0 0.008789049 7.245434e-08 414230.12
-38349510000.0 0.008138019 7.9361385e-08 394573.28
-35281600000.0 0.0074869874 8.82949e-08 382033.5
-32213510000.0 0.006835919 9.860607e-08 357491.28
-29145778000.0 0.006184926 1.1150367e-07 325636.47
-26077688000.0 0.0055338573 1.2807868e-07 298883.28
-23009600000.0 0.0048827888 1.5020265e-07 284525.0
-19941868000.0 0.0042317957 1.805927e-07 252203.84
-16873777000.0 0.0035807267 2.2488317e-07 214579.66
-13805688000.0 0.0029296577 2.9515854e-07 179204.16
-10737956000.0 0.0022786648 4.2061805e-07 148671.64
-7669866000.0 0.0016275961 6.9459946e-07 105481.59
-4601955300.0 0.0009765653 1.6130294e-06 50137.805
4601955300.0 -0.0009765653 1.8857816e-06 -58398.17
7669866000.0 -0.0016275961 7.5249574e-07 -128386.516
10737956000.0 -0.0022786648 4.4354147e-07 -197838.95
13805688000.0 -0.0029296577 3.0728472e-07 -264345.5
16873777000.0 -0.0035807267 2.3233426e-07 -327146.34
19941868000.0 -0.0042317957 1.8562417e-07 -395336.38
23009600000.0 -0.0048827888 1.5387867e-07 -456009.38
26077688000.0 -0.0055338573 1.3096513e-07 -531430.2
29145778000.0 -0.006184926 1.1383389e-07 -591497.9
32213510000.0 -0.006835919 1.0063247e-07 -660151.0
35281600000.0 -0.0074869874 9.004204e-08 -718509.1
38349510000.0 -0.008138019 8.164665e-08 -782478.9
41417420000.0 -0.008789049 7.4426005e-08 -840180.7
44485510000.0 -0.009440118 6.837773e-08 -886732.2
47553420000.0 -0.010091149 6.321586e-08 -941154.4
50621334000.0 -0.01074218 5.840572e-08 -1019877.06
53689420000.0 -0.011393248 5.4545637e-08 -1074052.0
56757154000.0 -0.012044242 5.1141534e-08 -1114324.5
59825242000.0 -0.012695311 4.8155734e-08 -1165472.9
62893330000.0 -0.013346379 4.5016126e-08 -1262219.8
65961062000.0 -0.013997372 4.2644004e-08 -1314331.8
69029150000.0 -0.014648439 4.0430468e-08 -1358831.4
72097240000.0 -0.015299509 3.850495e-08 -1408650.1
75164975000.0 -0.015950503 3.646443e-08 -1481593.9
78233070000.0 -0.016601572 3.485034e-08 -1532295.5
81300970000.0 -0.017252602 3.332282e-08 -1588987.8
84368880000.0 -0.017903633 3.197466e-08 -1637980.0
87436980000.0 -0.018554702 3.052621e-08 -1724794.2
90504890000.0 -0.019205732 2.9382885e-08 -1773744.1
93572800000.0 -0.019856764 2.8389463e-08 -1860054.5
96640885000.0 -0.020507833 2.7409152e-08 -1908439.6
99708620000.0 -0.021158826 2.6503642e-08 -2010109.8
102776710000.0 -0.021809895 2.5655229e-08 -2058426.6
105844800000.0 -0.022460962 2.5007655e-08 -2168705.8
108912530000.0 -0.023111956 2.4267557e-08 -2216803.0
111980620000.0 -0.023763025 2.3594739e-08 -2315358.8
115048710000.0 -0.024414092 2.2944546e-08 -2362952.2
118116440000.0 -0.025065087 2.2430228e-08 -2417679.8
121184530000.0 -0.025716154 2.185548e-08 -2463347.8
124252440000.0 -0.026367186 2.1221888e-08 -2457081.8
127320350000.0 -0.027018217 2.0710909e-08 -2499710.2
130388440000.0 -0.027669284 2.0199895e-08 -2465085.8
133456355000.0 -0.028320316 1.9743311e-08 -2504078.5
136524260000.0 -0.028971346 1.9202309e-08 -2477033.8
139592350000.0 -0.029622415 1.8792445e-08 -2512934.2
142660100000.0 -0.030273411 1.8398268e-08 -2515654.5
145728180000.0 -0.030924477 1.802876e-08 -2549076.0
148796260000.0 -0.031575546 1.7460644e-08 -2572595.2
151864000000.0 -0.03222654 1.7129492e-08 -2604010.5
154932080000.0 -0.03287761 1.6808627e-08 -2619894.0
158000170000.0 -0.033528678 1.6508837e-08 -2649043.2
161067910000.0 -0.03417967 1.6126881e-08 -2673958.0
164136000000.0 -0.034830738 1.5853704e-08 -2701490.8
167203910000.0 -0.035481773 1.5622227e-08 -2717694.0
170271820000.0 -0.0361328 1.5372542e-08 -2743329.5
173339900000.0 -0.03678387 1.5138614e-08 -2736386.5
176407820000.0 -0.0374349 1.4909922e-08 -2759971.0
179475730000.0 -0.03808593 1.47529216e-08 -2763969.5
182543810000.0 -0.038736995 1.4542721e-08 -2785595.2
185611550000.0 -0.039387994 1.430362e-08 -2770514.0
188679630000.0 -0.040039062 1.4110061e-08 -2790204.2
191747740000.0 -0.04069013 1.3965378e-08 -2772770.5
194815460000.0 -0.041341122 1.3805693e-08 -2798810.2
197883540000.0 -0.04199219 1.348236e-08 -2780451.0
200951640000.0 -0.04264326 1.348236e-08 -2780451.0
204019370000.0 -0.043294255 1.3221216e-08 -2773235.2
207087470000.0 -0.043945324 1.3221216e-08 -2773235.2
210155370000.0 -0.04459635 1.2910682e-08 -2744959.0
213223280000.0 -0.045247383 1.2910682e-08 -2744959.0
216291380000.0 -0.045898452 1.2701158e-08 -2717813.8
219359280000.0 -0.046549484 1.2701158e-08 -2717813.8
222427190000.0 -0.047200516 1.2377431e-08 -2704380.2
225495290000.0 -0.047851585 1.2377431e-08 -2704380.2
228563010000.0 -0.048502576 1.2186204e-08 -2664765.8
231631110000.0 -0.049153645 1.2186204e-08 -2664765.8
234699200000.0 -0.049804714 1.1811739e-08 -2660235.5
237766920000.0 -0.050455708 1.1811739e-08 -2660235.5
240835020000.0 -0.051106777 1.150807e-08 -2622037.0
243903100000.0 -0.051757842 1.150807e-08 -2622037.0
246970840000.0 -0.052408837 1.1019951e-08 -2630776.8
250038930000.0 -0.053059906 1.1019951e-08 -2630776.8
253106830000.0 -0.053710938 1.06096625e-08 -2633483.5
256174750000.0 -0.05436197 1.06096625e-08 -2633483.5
259242840000.0 -0.055013034 1.0006368e-08 -2685569.2
262310740000.0 -0.055664066 1.0006368e-08 -2685569.2
265378660000.0 -0.056315098 9.645364e-09 -2721912.0
268446740000.0 -0.056966167 9.645364e-09 -2721912.0
271514480000.0 -0.057617158 9.208888e-09 -2852922.2
274582570000.0 -0.058268227 9.208888e-09 -2852922.2
277650670000.0 -0.058919296 9.0529735e-09 -2910823.0
280718380000.0 -0.059570286 9.0529735e-09 -2910823.0
283786480000.0 -0.06022136 8.891893e-09 -3033699.8
286854580000.0 -0.060872428 8.891893e-09 -3033699.8
289922320000.0 -0.061523426 8.9422505e-09 -3119454.2
292990400000.0 -0.062174488 8.9422505e-09 -3119454.2
296058300000.0 -0.062825516 9.194842e-09 -3279392.5
299126230000.0 -0.063476555 9.194842e-09 -3279392.5
302194300000.0 -0.06412762 9.815944e-09 -3412385.5
305262200000.0 -0.06477865 9.815944e-09 -3412385.5
308330140000.0 -0.06542969 1.0299628e-08 -3285854.5
311398200000.0 -0.06608075 1.0299628e-08 -3285854.5
314465940000.0 -0.06673174 1.0541808e-08 -3079182.0
317534040000.0 -0.06738281 1.0541808e-08 -3079182.0
320602100000.0 -0.068033874 1.0730323e-08 -2930432.2
323669850000.0 -0.068684876 1.0730323e-08 -2930432.2
326737950000.0 -0.069335945 1.0940176e-08 -2817591.8
329806020000.0 -0.06998701 1.0940176e-08 -2817591.8
332873760000.0 -0.070638 1.1183145e-08 -2715215.2
335941860000.0 -0.07128907 1.1183145e-08 -2715215.2
339009770000.0 -0.0719401 1.1464213e-08 -2607821.8
342077670000.0 -0.07259113 1.1464213e-08 -2607821.8
345145770000.0 -0.0732422 1.1810959e-08 -2540646.2
348213670000.0 -0.073893234 1.1810959e-08 -2540646.2
351281580000.0 -0.07454426 1.2184989e-08 -2447221.8
354349680000.0 -0.075195335 1.2184989e-08 -2447221.8
357417420000.0 -0.07584633 1.2616876e-08 -2362469.5
360485500000.0 -0.07649739 1.2616876e-08 -2362469.5
363553600000.0 -0.07714847 1.3010917e-08 -2252467.5
366621330000.0 -0.077799454 1.3010917e-08 -2252467.5
369689400000.0 -0.07845052 1.3368054e-08 -2113633.2
372757500000.0 -0.07910159 1.3368054e-08 -2113633.2
375825240000.0 -0.07975259 1.3549007e-08 -2012603.1
378893340000.0 -0.080403656 1.3549007e-08 -2012603.1
381961240000.0 -0.08105469 1.3730741e-08 -1954016.4
385029140000.0 -0.08170572 1.3730741e-08 -1954016.4
388097250000.0 -0.08235679 1.4359266e-08 -1780375.5
391165150000.0 -0.08300782 1.4359266e-08 -1780375.5
394233050000.0 -0.08365885 1.3964081e-08 -1490823.5
397301150000.0 -0.08430992 1.3964081e-08 -1490823.5
400368860000.0 -0.08496091 1.3964081e-08 -1490823.5
403436960000.0 -0.08561198 1.3964081e-08 -1490823.5
406505060000.0 -0.086263046 1.3507941e-08 -1552151.6
409572800000.0 -0.08691404 1.3507941e-08 -1552151.6
412640870000.0 -0.08756511 1.3507941e-08 -1552151.6
415708770000.0 -0.08821614 1.3507941e-08 -1552151.6
418776700000.0 -0.08886717 1.3529049e-08 -1540543.6
421844780000.0 -0.08951824 1.3529049e-08 -1540543.6
424912680000.0 -0.09016927 1.3529049e-08 -1540543.6
427980620000.0 -0.090820305 1.3529049e-08 -1540543.6
431048700000.0 -0.091471374 1.4287625e-08 -1196000.5
434116430000.0 -0.09212236 1.4287625e-08 -1196000.5
437184530000.0 -0.09277343 1.4287625e-08 -1196000.5
440252600000.0 -0.0934245 1.4287625e-08 -1196000.5
443320340000.0 -0.09407549 1.4268727e-08 -886480.6
446388440000.0 -0.09472656 1.4268727e-08 -886480.6
449456500000.0 -0.09537763 1.4268727e-08 -886480.6
452524240000.0 -0.096028626 1.4268727e-08 -886480.6
455592350000.0 -0.096679695 1.4618365e-08 -717464.1
458660250000.0 -0.09733073 1.4618365e-08 -717464.1
461728150000.0 -0.09798176 1.4618365e-08 -717464.1
464796250000.0 -0.09863283 1.4618365e-08 -717464.1
467864160000.0 -0.09928385 1.671434e-08 -382501.5
470932060000.0 -0.09993488 1.671434e-08 -382501.5
474000160000.0 -0.10058595 1.671434e-08 -382501.5
477067900000.0 -0.10123695 1.671434e-08 -382501.5
480135970000.0 -0.101888016 1.7718426e-08 -405188.6
483204070000.0 -0.102539085 1.7718426e-08 -405188.6
486271800000.0 -0.10319008 1.7718426e-08 -405188.6
489339900000.0 -0.10384115 1.7718426e-08 -405188.6
492407980000.0 -0.10449222 1.8932154e-08 -299606.47
495475720000.0 -0.10514321 1.8932154e-08 -299606.47
498543820000.0 -0.10579427 1.8932154e-08 -299606.47
501611720000.0 -0.106445305 1.8932154e-08 -299606.47
504679630000.0 -0.10709634 2.0264835e-08 -203536.06
507747730000.0 -0.107747406 2.0264835e-08 -203536.06
510815630000.0 -0.10839844 2.0264835e-08 -203536.06
513883540000.0 -0.10904947 2.0264835e-08 -203536.06
516951640000.0 -0.10970054 2.2337963e-08 -109690.29
520019350000.0 -0.11035153 2.2337963e-08 -109690.29
523087450000.0 -0.1110026 2.2337963e-08 -109690.29
526155550000.0 -0.11165367 2.2337963e-08 -109690.29
