morphology_data/1d_wa_a0.1_l8r1_00001.ecsv
# %ECSV 1.0
# ---
# datatype:
# - {name: b, datatype: float32}
# - {name: phase, datatype: float32}
# - {name: sigma, datatype: float32}
# - {name: vr, datatype: float32}
# meta: {lambda: 8, rp: 1.0, sep: 0.1, wind: a}
# schema: astropy-2.0
b phase sigma vr
[from data line 385]
-2346990700000.0 0.24902344 4.2831156e-09 -1635696.2
-2340854700000.0 0.24837239 4.2831156e-09 -1635696.2
-2334719000000.0 0.24772136 4.2831156e-09 -1635696.2
-2328583000000.0 0.2470703 4.390179e-09 -1602712.2
-2322447000000.0 0.24641925 4.390179e-09 -1602712.2
-2316311000000.0 0.2457682 4.390179e-09 -1602712.2
-2310175200000.0 0.24511719 4.390179e-09 -1602712.2
-2304039200000.0 0.24446614 4.5373363e-09 -1528018.6
-2297903200000.0 0.2438151 4.5373363e-09 -1528018.6
-2291767400000.0 0.24316406 4.5373363e-09 -1528018.6
-2285631700000.0 0.24251305 4.5373363e-09 -1528018.6
-2279495700000.0 0.241862 4.690144e-09 -1493266.2
-2273359700000.0 0.24121095 4.690144e-09 -1493266.2
-2267223700000.0 0.2405599 4.690144e-09 -1493266.2
-2261087700000.0 0.23990884 4.690144e-09 -1493266.2
-2254951700000.0 0.2392578 4.8322026e-09 -1406109.1
-2248816000000.0 0.23860677 4.8322026e-09 -1406109.1
-2242680200000.0 0.23795573 4.8322026e-09 -1406109.1
-2236544200000.0 0.23730469 4.8322026e-09 -1406109.1
-2230408200000.0 0.23665364 5.087224e-09 -1366457.6
-2224272200000.0 0.2360026 5.087224e-09 -1366457.6
-2218136200000.0 0.23535155 5.087224e-09 -1366457.6
-2212000200000.0 0.23470049 5.087224e-09 -1366457.6
-2205864400000.0 0.23404948 5.244171e-09 -1281492.4
-2199728700000.0 0.23339845 5.244171e-09 -1281492.4
-2193592700000.0 0.23274739 5.244171e-09 -1281492.4
-2187456700000.0 0.23209634 5.244171e-09 -1281492.4
-2181320800000.0 0.23144531 5.581119e-09 -1242801.4
-2175184800000.0 0.23079427 5.581119e-09 -1242801.4
-2169048800000.0 0.23014322 5.581119e-09 -1242801.4
-2162913000000.0 0.22949219 5.581119e-09 -1242801.4
-2156777200000.0 0.22884116 5.670974e-09 -1154639.6
-2150641200000.0 0.22819011 5.670974e-09 -1154639.6
-2144505200000.0 0.22753906 5.670974e-09 -1154639.6
-2138369300000.0 0.22688803 5.670974e-09 -1154639.6
-2132233400000.0 0.22623697 6.0353873e-09 -1116430.8
-2126097400000.0 0.22558592 6.0353873e-09 -1116430.8
-2119961500000.0 0.22493489 6.0353873e-09 -1116430.8
-2113825700000.0 0.22428386 6.0353873e-09 -1116430.8
-2107689700000.0 0.22363281 6.0967063e-09 -1050835.1
-2101553700000.0 0.22298177 6.0967063e-09 -1050835.1
-2095417900000.0 0.22233073 6.0967063e-09 -1050835.1
-2089281900000.0 0.22167969 6.0967063e-09 -1050835.1
-2083145900000.0 0.22102864 6.401658e-09 -1024788.6
-2077010000000.0 0.22037761 6.401658e-09 -1024788.6
-2070874300000.0 0.21972658 6.401658e-09 -1024788.6
-2064738300000.0 0.21907552 6.401658e-09 -1024788.6
-2058602300000.0 0.21842447 6.353775e-09 -969353.4
-2052466400000.0 0.21777344 6.353775e-09 -969353.4
-2046330400000.0 0.21712239 6.353775e-09 -969353.4
-2040194400000.0 0.21647134 6.353775e-09 -969353.4
-2034058700000.0 0.21582031 6.5707635e-09 -969190.75
-2027922800000.0 0.21516928 6.5707635e-09 -969190.75
-2021786800000.0 0.21451823 6.5707635e-09 -969190.75
-2015650800000.0 0.21386719 6.5707635e-09 -969190.75
-2009514900000.0 0.21321616 6.41462e-09 -925091.25
-2003379000000.0 0.2125651 6.41462e-09 -925091.25
-1997243000000.0 0.21191405 6.41462e-09 -925091.25
-1991107100000.0 0.21126302 6.41462e-09 -925091.25
-1984971300000.0 0.21061198 6.5582326e-09 -948322.2
-1978835300000.0 0.20996094 6.5582326e-09 -948322.2
-1972699300000.0 0.20930989 6.5582326e-09 -948322.2
-1966563500000.0 0.20865886 6.5582326e-09 -948322.2
-1960427500000.0 0.20800781 6.376131e-09 -900063.25
-1954291500000.0 0.20735677 6.376131e-09 -900063.25
-1948155600000.0 0.20670573 6.376131e-09 -900063.25
-1942019900000.0 0.2060547 6.376131e-09 -900063.25
-1935883900000.0 0.20540364 6.519186e-09 -931110.94
-1929747900000.0 0.2047526 6.519186e-09 -931110.94
-1923612000000.0 0.20410156 6.519186e-09 -931110.94
-1917476300000.0 0.20345053 6.519186e-09 -931110.94
-1911340000000.0 0.20279947 6.365766e-09 -857883.94
-1905204300000.0 0.20214844 6.365766e-09 -857883.94
-1899068400000.0 0.2014974 6.365766e-09 -857883.94
-1892932400000.0 0.20084636 6.365766e-09 -857883.94
-1886796400000.0 0.20019531 6.5620034e-09 -877548.44
-1880660500000.0 0.19954428 6.5620034e-09 -877548.44
-1874524800000.0 0.19889325 6.5620034e-09 -877548.44
-1868388600000.0 0.19824217 6.5620034e-09 -877548.44
-1862252800000.0 0.19759114 6.503167e-09 -789873.0
-1856116900000.0 0.19694011 6.503167e-09 -789873.0
-1849980900000.0 0.19628906 6.503167e-09 -789873.0
-1843844900000.0 0.19563802 6.503167e-09 -789873.0
-1837709100000.0 0.19498698 6.6861623e-09 -794713.56
-1831573300000.0 0.19433595 6.6861623e-09 -794713.56
-1825437100000.0 0.19368488 6.6861623e-09 -794713.56
-1819301200000.0 0.19303386 6.6861623e-09 -794713.56
-1813165500000.0 0.19238283 6.704e-09 -736534.1
-1807029500000.0 0.19173177 6.704e-09 -736534.1
-1800893500000.0 0.19108072 6.704e-09 -736534.1
-1794757600000.0 0.19042969 6.704e-09 -736534.1
-1788621800000.0 0.18977866 6.8198585e-09 -715790.2
-1782485600000.0 0.1891276 6.8198585e-09 -715790.2
-1776349900000.0 0.18847656 6.8198585e-09 -715790.2
-1770214000000.0 0.18782553 6.8198585e-09 -715790.2
-1764078000000.0 0.18717448 6.8116757e-09 -681397.1
-1757942000000.0 0.18652342 6.8116757e-09 -681397.1
-1751806100000.0 0.1858724 6.8116757e-09 -681397.1
-1745670400000.0 0.18522137 6.8116757e-09 -681397.1
-1739534100000.0 0.1845703 6.78523e-09 -650032.44
-1733398400000.0 0.18391927 6.78523e-09 -650032.44
-1727262500000.0 0.18326823 6.78523e-09 -650032.44
-1721126500000.0 0.18261719 6.78523e-09 -650032.44
-1714990700000.0 0.18196616 6.765557e-09 -632698.56
-1708854700000.0 0.18131511 6.765557e-09 -632698.56
-1702718900000.0 0.18066408 6.765557e-09 -632698.56
-1696582700000.0 0.180013 6.765557e-09 -632698.56
-1690446900000.0 0.17936198 6.6804486e-09 -603278.3
-1684311100000.0 0.17871095 6.6804486e-09 -603278.3
-1678174800000.0 0.17805988 6.6804486e-09 -603278.3
-1672039400000.0 0.17740889 6.6804486e-09 -603278.3
-1665903200000.0 0.17675781 6.5918817e-09 -585464.0
-1659767100000.0 0.17610675 6.5918817e-09 -585464.0
-1653631600000.0 0.17545575 6.5918817e-09 -585464.0
-1647495500000.0 0.17480469 6.5918817e-09 -585464.0
-1641359200000.0 0.17415361 6.4253665e-09 -561782.44
-1635223700000.0 0.17350262 6.4253665e-09 -561782.44
-1629087600000.0 0.17285155 6.4253665e-09 -561782.44
-1622951700000.0 0.17220053 6.4253665e-09 -561782.44
-1616816000000.0 0.1715495 6.294644e-09 -550599.0
-1610679700000.0 0.17089842 6.294644e-09 -550599.0
-1604544000000.0 0.17024739 6.294644e-09 -550599.0
-1598408100000.0 0.16959636 6.294644e-09 -550599.0
-1592272000000.0 0.1689453 6.11215e-09 -524036.3
-1586136500000.0 0.1682943 6.11215e-09 -524036.3
-1580000300000.0 0.16764323 6.11215e-09 -524036.3
-1573864100000.0 0.16699216 6.11215e-09 -524036.3
-1567728700000.0 0.16634117 5.959566e-09 -515166.94
-1561592500000.0 0.1656901 5.959566e-09 -515166.94
-1555456300000.0 0.16503903 5.959566e-09 -515166.94
-1549320800000.0 0.16438805 5.959566e-09 -515166.94
-1543184700000.0 0.16373697 5.8287943e-09 -494030.28
-1537048800000.0 0.16308594 5.8287943e-09 -494030.28
-1530913000000.0 0.1624349 5.8287943e-09 -494030.28
-1524776800000.0 0.16178384 5.8287943e-09 -494030.28
-1518641100000.0 0.16113281 5.716413e-09 -481572.28
-1512505200000.0 0.16048178 5.716413e-09 -481572.28
-1506369100000.0 0.1598307 5.716413e-09 -481572.28
-1500233600000.0 0.15917972 5.716413e-09 -481572.28
-1494097300000.0 0.15852864 5.6742104e-09 -449787.1
-1487961200000.0 0.15787758 5.6742104e-09 -449787.1
-1481825700000.0 0.15722659 5.6742104e-09 -449787.1
-1475689600000.0 0.15657552 5.6742104e-09 -449787.1
-1469553400000.0 0.15592445 5.628526e-09 -429415.3
-1463418000000.0 0.15527347 5.628526e-09 -429415.3
-1457281700000.0 0.15462239 5.628526e-09 -429415.3
-1451146000000.0 0.15397136 5.628526e-09 -429415.3
-1445010100000.0 0.15332033 5.6599054e-09 -392028.53
-1438874000000.0 0.15266925 5.6599054e-09 -392028.53
-1432738100000.0 0.15201822 5.6599054e-09 -392028.53
-1426602300000.0 0.1513672 5.6599054e-09 -392028.53
-1420466000000.0 0.15071613 5.677745e-09 -353350.3
-1414330600000.0 0.15006512 5.677745e-09 -353350.3
-1408194400000.0 0.14941406 5.677745e-09 -353350.3
-1402058300000.0 0.148763 5.677745e-09 -353350.3
-1395922800000.0 0.148112 5.7506577e-09 -305035.03
-1389786600000.0 0.14746092 5.7506577e-09 -305035.03
-1383650400000.0 0.14680986 5.7506577e-09 -305035.03
-1377515000000.0 0.14615887 5.7506577e-09 -305035.03
-1371378800000.0 0.1455078 5.7981957e-09 -261783.94
-1365243000000.0 0.14485677 5.7981957e-09 -261783.94
-1359107200000.0 0.14420575 5.7981957e-09 -261783.94
-1352970900000.0 0.14355466 5.7981957e-09 -261783.94
-1346835200000.0 0.14290364 5.835177e-09 -226578.94
-1340699300000.0 0.14225261 5.835177e-09 -226578.94
-1334563200000.0 0.14160155 5.835177e-09 -226578.94
-1328427700000.0 0.14095055 5.835177e-09 -226578.94
-1322291600000.0 0.14029948 5.8486553e-09 -211811.64
-1316155300000.0 0.13964841 5.8486553e-09 -211811.64
-1310019800000.0 0.1389974 5.8486553e-09 -211811.64
-1303883700000.0 0.13834634 5.8486553e-09 -211811.64
-1297747500000.0 0.13769528 5.896786e-09 -188709.0
-1291612000000.0 0.1370443 5.896786e-09 -188709.0
-1285475900000.0 0.13639323 5.896786e-09 -188709.0
-1279340000000.0 0.13574219 5.896786e-09 -188709.0
-1273204200000.0 0.13509116 5.9737943e-09 -166889.42
-1267068000000.0 0.1344401 5.9737943e-09 -166889.42
-1260932200000.0 0.13378905 5.9737943e-09 -166889.42
-1254796400000.0 0.13313803 5.9737943e-09 -166889.42
-1248660300000.0 0.13248697 6.117479e-09 -134405.61
-1242524800000.0 0.13183598 6.117479e-09 -134405.61
-1236388500000.0 0.13118489 6.117479e-09 -134405.61
-1230252400000.0 0.13053383 6.117479e-09 -134405.61
-1224116900000.0 0.12988284 6.2870598e-09 -95472.55
-1217980800000.0 0.12923177 6.2870598e-09 -95472.55
-1211844500000.0 0.12858069 6.2870598e-09 -95472.55
-1205709200000.0 0.12792972 6.2870598e-09 -95472.55
-1199572900000.0 0.12727864 6.540838e-09 -36975.62
-1193437200000.0 0.12662761 6.540838e-09 -36975.62
-1187301300000.0 0.12597658 6.540838e-09 -36975.62
-1181165200000.0 0.1253255 6.540838e-09 -36975.62
-1175029300000.0 0.12467448 6.8324644e-09 22664.72
-1168893500000.0 0.12402345 6.8324644e-09 22664.72
-1162757300000.0 0.123372376 6.8324644e-09 22664.72
-1156621800000.0 0.12272138 6.8324644e-09 22664.72
-1150485700000.0 0.12207031 7.1639352e-09 81739.9
-1144349500000.0 0.12141925 7.1639352e-09 81739.9
-1138214000000.0 0.12076825 7.1639352e-09 81739.9
-1132077800000.0 0.12011717 7.1639352e-09 81739.9
-1125941600000.0 0.11946611 7.521566e-09 144763.19
-1119806200000.0 0.118815124 7.521566e-09 144763.19
-1113670000000.0 0.118164055 7.521566e-09 144763.19
-1107534200000.0 0.11751302 7.521566e-09 144763.19
-1101398400000.0 0.11686199 7.958844e-09 218288.84
-1095262200000.0 0.11621092 7.958844e-09 218288.84
-1089126400000.0 0.11555989 7.958844e-09 218288.84
-1082990500000.0 0.11490886 7.958844e-09 218288.84
-1076854400000.0 0.11425779 8.450111e-09 266615.4
-1070718900000.0 0.113606796 8.450111e-09 266615.4
-1064582700000.0 0.11295573 8.450111e-09 266615.4
-1058446600000.0 0.11230466 8.450111e-09 266615.4
-1052311100000.0 0.11165367 8.903358e-09 318113.78
-1046174900000.0 0.1110026 8.903358e-09 318113.78
-1040038700000.0 0.11035153 8.903358e-09 318113.78
-1033903300000.0 0.10970054 8.903358e-09 318113.78
-1027767100000.0 0.10904947 9.216285e-09 334589.94
-1021631270000.0 0.10839844 9.216285e-09 334589.94
-1015495460000.0 0.107747406 9.216285e-09 334589.94
-1009359260000.0 0.10709634 9.216285e-09 334589.94
-1003223450000.0 0.106445305 9.6975254e-09 337743.97
-997087640000.0 0.10579427 9.6975254e-09 337743.97
-990951440000.0 0.10514321 9.6975254e-09 337743.97
-984815960000.0 0.10449222 9.6975254e-09 337743.97
-978679800000.0 0.10384115 1.0180483e-08 357250.66
-972543600000.0 0.10319008 1.0180483e-08 357250.66
-966408140000.0 0.102539085 1.0180483e-08 357250.66
-960271940000.0 0.101888016 1.0180483e-08 357250.66
-954135800000.0 0.10123695 1.0798342e-08 384630.25
-948000300000.0 0.10058595 1.0798342e-08 384630.25
-941864100000.0 0.09993488 1.0798342e-08 384630.25
-935728300000.0 0.09928385 1.0798342e-08 384630.25
-929592500000.0 0.09863283 1.12531575e-08 398119.34
-923456300000.0 0.09798176 1.12531575e-08 398119.34
-917320500000.0 0.09733073 1.12531575e-08 398119.34
-911184700000.0 0.096679695 1.12531575e-08 398119.34
-905048500000.0 0.096028626 1.150736e-08 400056.94
-898913000000.0 0.09537763 1.150736e-08 400056.94
-892776900000.0 0.09472656 1.150736e-08 400056.94
-886640700000.0 0.09407549 1.150736e-08 400056.94
-880505200000.0 0.0934245 1.1866647e-08 390487.94
-874369060000.0 0.09277343 1.1866647e-08 390487.94
-868232860000.0 0.09212236 1.1866647e-08 390487.94
-862097400000.0 0.091471374 1.1866647e-08 390487.94
-855961240000.0 0.090820305 1.1960115e-08 363689.66
-849825370000.0 0.09016927 1.1960115e-08 363689.66
-843689560000.0 0.08951824 1.1960115e-08 363689.66
-837553400000.0 0.08886717 1.1960115e-08 363689.66
-831417550000.0 0.08821614 1.2058939e-08 296676.6
-825281740000.0 0.08756511 1.2058939e-08 296676.6
-819145600000.0 0.08691404 1.2058939e-08 296676.6
-813010100000.0 0.086263046 1.2058939e-08 296676.6
-806873900000.0 0.08561198 1.2375194e-08 236027.83
-800737700000.0 0.08496091 1.2375194e-08 236027.83
-794602300000.0 0.08430992 1.2375194e-08 236027.83
-788466100000.0 0.08365885 1.2375194e-08 236027.83
-782330300000.0 0.08300782 1.3363331e-08 245650.66
-776194500000.0 0.08235679 1.3363331e-08 245650.66
-770058300000.0 0.08170572 1.3809831e-08 308286.12
-763922500000.0 0.08105469 1.3809831e-08 308286.12
-757786700000.0 0.080403656 1.4253199e-08 350025.9
-751650500000.0 0.07975259 1.4253199e-08 350025.9
-745515000000.0 0.07910159 1.454196e-08 424288.47
-739378800000.0 0.07845052 1.454196e-08 424288.47
-733242650000.0 0.077799454 1.4875382e-08 516974.06
-727107200000.0 0.07714847 1.4875382e-08 516974.06
-720971000000.0 0.07649739 1.4750371e-08 523522.66
-714834840000.0 0.07584633 1.4750371e-08 523522.66
-708699360000.0 0.075195335 1.46005e-08 496977.47
-702563160000.0 0.07454426 1.46005e-08 496977.47
-696427350000.0 0.073893234 1.4531759e-08 515591.22
-690291540000.0 0.0732422 1.4531759e-08 515591.22
-684155340000.0 0.07259113 1.4876303e-08 513143.9
-678019500000.0 0.0719401 1.4876303e-08 513143.9
-671883700000.0 0.07128907 1.5324584e-08 535671.8
-665747500000.0 0.070638 1.5324584e-08 535671.8
-659612040000.0 0.06998701 1.5964805e-08 532892.8
-653475900000.0 0.069335945 1.5964805e-08 532892.8
-647339700000.0 0.068684876 1.6547572e-08 547513.8
-641204200000.0 0.068033874 1.6547572e-08 547513.8
-635068100000.0 0.06738281 1.7080417e-08 535744.25
-628931900000.0 0.06673174 1.7080417e-08 535744.25
-622796400000.0 0.06608075 1.7343233e-08 508738.56
-616660300000.0 0.06542969 1.7343233e-08 508738.56
-610524400000.0 0.06477865 1.7369077e-08 399113.7
-604388600000.0 0.06412762 1.7369077e-08 399113.7
-598252450000.0 0.063476555 1.7040811e-08 247852.44
-592116600000.0 0.062825516 1.7040811e-08 247852.44
-585980800000.0 0.062174488 1.6514768e-08 121568.88
-579844640000.0 0.061523426 1.6514768e-08 121568.88
-573709160000.0 0.060872428 1.6083991e-08 63157.766
-567572960000.0 0.06022136 1.6083991e-08 63157.766
-561436750000.0 0.059570286 1.6023396e-08 6023.427
-555301340000.0 0.058919296 1.6023396e-08 6023.427
-549165140000.0 0.058268227 1.592734e-08 -38137.746
-543028970000.0 0.057617158 1.592734e-08 -38137.746
-536893500000.0 0.056966167 1.5980198e-08 -76820.51
-530757320000.0 0.056315098 1.5980198e-08 -76820.51
-524621480000.0 0.055664066 1.5941716e-08 -119290.055
-518485670000.0 0.055013034 1.5941716e-08 -119290.055
-512349500000.0 0.05436197 1.6145194e-08 -138313.67
-506213660000.0 0.053710938 1.6145194e-08 -138313.67
-500077850000.0 0.053059906 1.6268498e-08 -131242.28
-493941700000.0 0.052408837 1.6268498e-08 -131242.28
-487806200000.0 0.051757842 1.6562531e-08 -112752.04
-481670040000.0 0.051106777 1.6562531e-08 -112752.04
-475533840000.0 0.050455708 1.6870061e-08 -71776.17
-469398400000.0 0.049804714 1.6870061e-08 -71776.17
-463262220000.0 0.049153645 1.736519e-08 -32106.115
-457126020000.0 0.048502576 1.736519e-08 -32106.115
