morphology_data/1d_wa_a0.025_l2r2_00001.ecsv
# %ECSV 1.0
# ---
# datatype:
# - {name: b, datatype: float32}
# - {name: phase, datatype: float32}
# - {name: sigma, datatype: float32}
# - {name: vr, datatype: float32}
# meta: {lambda: 2, rp: 2.0, sep: 0.025, wind: a}
# schema: astropy-2.0
b phase sigma vr
-1177330300000.0 0.49967447 7.6271045e-10 4822266.0
-1175796300000.0 0.49902344 7.6271045e-10 4822266.0
-1174262400000.0 0.4983724 7.6271045e-10 4822266.0
-1172728300000.0 0.49772134 7.6271045e-10 4822266.0
-1171194400000.0 0.4970703 7.569996e-10 4532910.0
-1169660400000.0 0.49641928 7.569996e-10 4532910.0
-1168126500000.0 0.49576828 7.569996e-10 4532910.0
-1166592400000.0 0.4951172 7.569996e-10 4532910.0
-1165058500000.0 0.4944662 7.634996e-10 4538627.0
-1163524400000.0 0.49381506 7.634996e-10 4538627.0
-1161990500000.0 0.4931641 7.634996e-10 4538627.0
-1160456400000.0 0.49251297 7.634996e-10 4538627.0
-1158922500000.0 0.49186197 7.56249e-10 4535568.0
-1157388600000.0 0.49121094 7.56249e-10 4535568.0
-1155854500000.0 0.49055988 7.56249e-10 4535568.0
-1154320600000.0 0.48990884 7.56249e-10 4535568.0
-1152786600000.0 0.4892578 7.5415335e-10 4471216.5
-1151252600000.0 0.48860675 7.5415335e-10 4471216.5
-1149718600000.0 0.48795572 7.5415335e-10 4471216.5
-1148184700000.0 0.4873047 7.5415335e-10 4471216.5
-1146650800000.0 0.48665366 7.6894013e-10 4404561.5
-1145116700000.0 0.4860026 7.6894013e-10 4404561.5
-1143582800000.0 0.48535156 7.6894013e-10 4404561.5
-1142048800000.0 0.48470056 7.6894013e-10 4404561.5
-1140514800000.0 0.48404947 7.843719e-10 4333930.0
-1138980800000.0 0.48339847 7.843719e-10 4333930.0
-1137446700000.0 0.48274735 7.843719e-10 4333930.0
-1135912800000.0 0.48209637 7.843719e-10 4333930.0
-1134378700000.0 0.48144525 7.8408907e-10 4182103.5
-1132844800000.0 0.48079422 7.8408907e-10 4182103.5
-1131310900000.0 0.48014325 7.8408907e-10 4182103.5
-1129776800000.0 0.47949213 7.8408907e-10 4182103.5
-1128242900000.0 0.47884113 7.674185e-10 4041902.8
-1126709000000.0 0.4781901 7.674185e-10 4041902.8
-1125175000000.0 0.47753906 7.674185e-10 4041902.8
-1123640900000.0 0.476888 7.674185e-10 4041902.8
-1122107000000.0 0.47623697 7.630342e-10 3929167.0
-1120573000000.0 0.47558594 7.630342e-10 3929167.0
-1119039100000.0 0.47493497 7.630342e-10 3929167.0
-1117505000000.0 0.47428384 7.630342e-10 3929167.0
-1115971100000.0 0.47363284 7.715355e-10 3803080.5
-1114437000000.0 0.47298175 7.715355e-10 3803080.5
-1112903100000.0 0.47233072 7.715355e-10 3803080.5
-1111369200000.0 0.47167972 7.715355e-10 3803080.5
-1109835100000.0 0.47102863 7.896145e-10 3711202.2
-1108301200000.0 0.47037762 7.896145e-10 3711202.2
-1106767100000.0 0.4697265 7.896145e-10 3711202.2
-1105233200000.0 0.46907553 7.896145e-10 3711202.2
-1103699200000.0 0.4684245 8.101887e-10 3659091.0
-1102165200000.0 0.46777344 8.101887e-10 3659091.0
-1100631200000.0 0.4671224 8.101887e-10 3659091.0
-1099097300000.0 0.46647137 8.101887e-10 3659091.0
-1097563400000.0 0.46582034 8.3235807e-10 3624003.8
-1096029300000.0 0.46516925 8.3235807e-10 3624003.8
-1094495400000.0 0.46451822 8.3235807e-10 3624003.8
-1092961400000.0 0.4638672 8.3235807e-10 3624003.8
-1091427400000.0 0.46321613 8.59107e-10 3613298.8
-1089893400000.0 0.4625651 8.59107e-10 3613298.8
-1088359400000.0 0.46191406 8.59107e-10 3613298.8
-1086825370000.0 0.461263 8.59107e-10 3613298.8
-1085291400000.0 0.46061197 8.867641e-10 3643462.8
-1083757500000.0 0.45996094 8.867641e-10 3643462.8
-1082223500000.0 0.4593099 8.867641e-10 3643462.8
-1080689500000.0 0.45865884 8.867641e-10 3643462.8
-1079155560000.0 0.4580078 9.0018293e-10 3670487.8
-1077621560000.0 0.45735678 9.0018293e-10 3670487.8
-1076087600000.0 0.45670575 9.0018293e-10 3670487.8
-1074553550000.0 0.4560547 9.0018293e-10 3670487.8
-1073019600000.0 0.45540366 9.0414576e-10 3679025.8
-1071485700000.0 0.45475262 9.0414576e-10 3679025.8
-1069951600000.0 0.45410153 9.0414576e-10 3679025.8
-1068417700000.0 0.45345053 9.0414576e-10 3679025.8
-1066883700000.0 0.4527995 9.171576e-10 3708088.2
-1065349700000.0 0.4521484 9.171576e-10 3708088.2
-1063815700000.0 0.45149738 9.171576e-10 3708088.2
-1062281740000.0 0.45084634 9.171576e-10 3708088.2
-1060747800000.0 0.4501953 9.377434e-10 3756044.8
-1059213740000.0 0.44954425 9.377434e-10 3756044.8
-1057679800000.0 0.44889322 9.377434e-10 3756044.8
-1056145870000.0 0.4482422 9.377434e-10 3756044.8
-1054611870000.0 0.44759116 9.497426e-10 3663303.8
-1053077860000.0 0.4469401 9.497426e-10 3663303.8
-1051543860000.0 0.44628906 9.497426e-10 3663303.8
-1050009900000.0 0.44563803 9.497426e-10 3663303.8
-1048475860000.0 0.44498697 9.615436e-10 3542519.8
-1046941900000.0 0.44433594 9.615436e-10 3542519.8
-1045408000000.0 0.4436849 9.615436e-10 3542519.8
-1043873900000.0 0.44303384 9.615436e-10 3542519.8
-1042340000000.0 0.4423828 9.853467e-10 3425181.0
-1040806000000.0 0.44173178 9.853467e-10 3425181.0
-1039272050000.0 0.44108075 9.853467e-10 3425181.0
-1037738000000.0 0.44042966 9.853467e-10 3425181.0
-1036204050000.0 0.43977866 1.0114038e-09 3304680.2
-1034670100000.0 0.43912762 1.0114038e-09 3304680.2
-1033136200000.0 0.4384766 1.0114038e-09 3304680.2
-1031602100000.0 0.4378255 1.0114038e-09 3304680.2
-1030068200000.0 0.43717447 1.0526944e-09 3181310.0
-1028534200000.0 0.43652344 1.0526944e-09 3181310.0
-1027000200000.0 0.43587238 1.0526944e-09 3181310.0
-1025466200000.0 0.43522134 1.0526944e-09 3181310.0
-1023932240000.0 0.4345703 1.0996527e-09 3019825.8
-1022398200000.0 0.43391925 1.0996527e-09 3019825.8
-1020864230000.0 0.43326822 1.0996527e-09 3019825.8
-1019330300000.0 0.4326172 1.0996527e-09 3019825.8
-1017796300000.0 0.43196616 1.1401661e-09 2740497.5
-1016262300000.0 0.4313151 1.1401661e-09 2740497.5
-1014728300000.0 0.43066406 1.1401661e-09 2740497.5
-1013194360000.0 0.43001303 1.1401661e-09 2740497.5
-1011660400000.0 0.429362 1.181356e-09 2388311.8
-1010126360000.0 0.42871094 1.181356e-09 2388311.8
-1008592400000.0 0.4280599 1.181356e-09 2388311.8
-1007058500000.0 0.42740887 1.181356e-09 2388311.8
-1005524400000.0 0.42675778 1.2379414e-09 2123641.8
-1003990500000.0 0.42610675 1.2379414e-09 2123641.8
-1002456500000.0 0.42545575 1.2379414e-09 2123641.8
-1000922500000.0 0.42480466 1.2379414e-09 2123641.8
-999388500000.0 0.42415363 1.308431e-09 1961964.2
-997854540000.0 0.4235026 1.308431e-09 1961964.2
-996320600000.0 0.42285156 1.308431e-09 1961964.2
-994786600000.0 0.42220053 1.308431e-09 1961964.2
-993252600000.0 0.42154947 1.3396746e-09 1613146.1
-991718700000.0 0.42089844 1.3396746e-09 1613146.1
-990184700000.0 0.4202474 1.3396746e-09 1613146.1
-988650700000.0 0.41959634 1.3396746e-09 1613146.1
-987116670000.0 0.4189453 1.4000949e-09 1440133.1
-985582700000.0 0.41829428 1.4000949e-09 1440133.1
-984048660000.0 0.41764322 1.4000949e-09 1440133.1
-982514700000.0 0.4169922 1.4000949e-09 1440133.1
-980980800000.0 0.41634116 1.5030674e-09 1381367.6
-979446700000.0 0.4156901 1.5030674e-09 1381367.6
-977912860000.0 0.4150391 1.5030674e-09 1381367.6
-976378800000.0 0.41438803 1.5030674e-09 1381367.6
-974844800000.0 0.41373694 1.6146681e-09 1324864.8
-973310900000.0 0.41308597 1.6146681e-09 1324864.8
-971776850000.0 0.41243488 1.6146681e-09 1324864.8
-970242900000.0 0.41178387 1.6146681e-09 1324864.8
-968709000000.0 0.41113284 1.7541391e-09 1261359.8
-967174900000.0 0.41048175 1.7541391e-09 1261359.8
-965641000000.0 0.40983072 1.7541391e-09 1261359.8
-964107000000.0 0.4091797 1.7541391e-09 1261359.8
-962573000000.0 0.40852863 1.9234692e-09 1230409.6
-961039000000.0 0.4078776 1.9234692e-09 1230409.6
-959505040000.0 0.40722656 1.9234692e-09 1230409.6
-957971000000.0 0.4065755 1.9234692e-09 1230409.6
-956437100000.0 0.4059245 2.149508e-09 1239322.4
-954903100000.0 0.40527344 2.149508e-09 1239322.4
-953369030000.0 0.40462238 2.149508e-09 1239322.4
-951835160000.0 0.40397137 2.149508e-09 1239322.4
-950301100000.0 0.4033203 2.4398839e-09 1259691.6
-948767160000.0 0.40266928 2.4398839e-09 1259691.6
-947233200000.0 0.40201825 2.4398839e-09 1259691.6
-945699160000.0 0.4013672 2.4398839e-09 1259691.6
-944165200000.0 0.40071616 2.8188092e-09 1241696.6
-942631300000.0 0.40006512 2.8188092e-09 1241696.6
-941097200000.0 0.39941403 2.8188092e-09 1241696.6
-939563300000.0 0.398763 2.8188092e-09 1241696.6
-938029300000.0 0.39811197 3.2764471e-09 1191449.2
-936495300000.0 0.3974609 3.2764471e-09 1191449.2
-934961400000.0 0.39680994 3.2764471e-09 1191449.2
-933427350000.0 0.39615884 3.2764471e-09 1191449.2
-931893400000.0 0.3955078 3.8130783e-09 1138294.5
-930359400000.0 0.39485678 3.8130783e-09 1138294.5
-928825400000.0 0.39420572 3.8130783e-09 1138294.5
-927291400000.0 0.3935547 3.8130783e-09 1138294.5
-925757500000.0 0.39290366 4.4109973e-09 1062917.1
-924223500000.0 0.3922526 4.4109973e-09 1062917.1
-922689500000.0 0.39160156 4.4109973e-09 1062917.1
-921155530000.0 0.39095053 4.4109973e-09 1062917.1
-919621500000.0 0.39029947 5.0141704e-09 943353.3
-918087500000.0 0.38964844 5.0141704e-09 943353.3
-916553600000.0 0.3889974 5.0141704e-09 943353.3
-915019500000.0 0.38834634 5.0141704e-09 943353.3
-913485660000.0 0.38769534 5.643234e-09 874152.4
-911951600000.0 0.38704428 5.643234e-09 874152.4
-910417660000.0 0.38639325 5.643234e-09 874152.4
-908883700000.0 0.38574222 5.643234e-09 874152.4
-907349660000.0 0.38509113 6.32583e-09 880164.4
-905815700000.0 0.3844401 6.32583e-09 880164.4
-904281700000.0 0.3837891 6.32583e-09 880164.4
-902747700000.0 0.383138 6.32583e-09 880164.4
-901213800000.0 0.38248697 7.004166e-09 885300.06
-899679800000.0 0.38183594 7.004166e-09 885300.06
-898145800000.0 0.38118488 7.004166e-09 885300.06
-896611800000.0 0.38053384 7.004166e-09 885300.06
-895077840000.0 0.3798828 7.695347e-09 914743.44
-893543800000.0 0.37923175 7.695347e-09 914743.44
-892009900000.0 0.37858075 7.695347e-09 914743.44
-890475900000.0 0.3779297 7.695347e-09 914743.44
-888941900000.0 0.37727866 8.4078415e-09 962458.6
-887408000000.0 0.37662762 8.4078415e-09 962458.6
-885873900000.0 0.37597656 8.4078415e-09 962458.6
-884339970000.0 0.37532553 8.4078415e-09 962458.6
-882806000000.0 0.3746745 9.113971e-09 1016402.1
-881271960000.0 0.37402344 9.113971e-09 1016402.1
-879738000000.0 0.3733724 9.113971e-09 1016402.1
-878204100000.0 0.37272137 9.113971e-09 1016402.1
-876670000000.0 0.37207028 9.845604e-09 1063805.0
-875136100000.0 0.37141925 9.845604e-09 1063805.0
-873602100000.0 0.37076822 9.845604e-09 1063805.0
-872068100000.0 0.37011716 9.845604e-09 1063805.0
-870534200000.0 0.3694662 1.0564274e-08 1094986.0
-869000150000.0 0.3688151 1.0564274e-08 1094986.0
-867466200000.0 0.36816406 1.0564274e-08 1094986.0
-865932200000.0 0.36751303 1.0564274e-08 1094986.0
-864398200000.0 0.36686197 1.1268352e-08 1112958.8
-862864200000.0 0.36621094 1.1268352e-08 1112958.8
-861330300000.0 0.3655599 1.1268352e-08 1112958.8
-859796200000.0 0.36490884 1.1268352e-08 1112958.8
-858262300000.0 0.3642578 1.188683e-08 1073587.9
-856728340000.0 0.36360678 1.188683e-08 1073587.9
-855194300000.0 0.36295572 1.188683e-08 1073587.9
-853660340000.0 0.3623047 1.188683e-08 1073587.9
-852126400000.0 0.36165366 1.2481709e-08 1030737.1
-850592330000.0 0.3610026 1.2481709e-08 1030737.1
-849058460000.0 0.3603516 1.2481709e-08 1030737.1
-847524400000.0 0.35970053 1.2481709e-08 1030737.1
-845990460000.0 0.3590495 1.3102881e-08 1010032.2
-844456500000.0 0.35839847 1.3102881e-08 1010032.2
-842922460000.0 0.35774738 1.3102881e-08 1010032.2
-841388500000.0 0.35709634 1.3102881e-08 1010032.2
-839854500000.0 0.3564453 1.375656e-08 1012057.75
-838320500000.0 0.35579425 1.375656e-08 1012057.75
-836786600000.0 0.35514322 1.375656e-08 1012057.75
-835252600000.0 0.3544922 1.375656e-08 1012057.75
-833718600000.0 0.35384113 1.44229055e-08 1032486.1
-832184600000.0 0.3531901 1.44229055e-08 1032486.1
-830650650000.0 0.35253906 1.44229055e-08 1032486.1
-829116600000.0 0.351888 1.44229055e-08 1032486.1
-827582700000.0 0.351237 1.5083433e-08 1063154.5
-826048700000.0 0.35058594 1.5083433e-08 1063154.5
-824514700000.0 0.3499349 1.5083433e-08 1063154.5
-822980800000.0 0.34928387 1.5083433e-08 1063154.5
-821446700000.0 0.3486328 1.5738863e-08 1095559.2
-819912800000.0 0.34798178 1.5738863e-08 1095559.2
-818378830000.0 0.34733075 1.5738863e-08 1095559.2
-816844800000.0 0.3466797 1.5738863e-08 1095559.2
-815310800000.0 0.34602866 1.6367554e-08 1130587.2
-813776900000.0 0.34537762 1.6367554e-08 1130587.2
-812242800000.0 0.34472653 1.6367554e-08 1130587.2
-810708900000.0 0.3440755 1.6367554e-08 1130587.2
-809174900000.0 0.34342447 1.695598e-08 1163888.5
-807640900000.0 0.3427734 1.695598e-08 1163888.5
-806107000000.0 0.3421224 1.695598e-08 1163888.5
-804572950000.0 0.34147134 1.695598e-08 1163888.5
-803039000000.0 0.3408203 1.7544018e-08 1192989.9
-801505000000.0 0.34016928 1.7544018e-08 1192989.9
-799971000000.0 0.33951822 1.7544018e-08 1192989.9
-798437000000.0 0.3388672 1.7544018e-08 1192989.9
-796903100000.0 0.33821616 1.8088109e-08 1219475.0
-795369000000.0 0.3375651 1.8088109e-08 1219475.0
-793835100000.0 0.33691406 1.8088109e-08 1219475.0
-792301140000.0 0.33626303 1.8088109e-08 1219475.0
-790767100000.0 0.33561197 1.8653717e-08 1242624.4
-789233140000.0 0.33496094 1.8653717e-08 1242624.4
-787699200000.0 0.3343099 1.8653717e-08 1242624.4
-786165200000.0 0.33365887 1.8653717e-08 1242624.4
-784631200000.0 0.3330078 1.9149354e-08 1273674.8
-783097200000.0 0.33235678 1.9149354e-08 1273674.8
-781563270000.0 0.33170575 1.9149354e-08 1273674.8
-780029300000.0 0.33105472 1.9149354e-08 1273674.8
-778495260000.0 0.33040363 1.9680943e-08 1309675.4
-776961300000.0 0.3297526 1.9680943e-08 1309675.4
-775427300000.0 0.32910156 1.9680943e-08 1309675.4
-773893300000.0 0.3284505 1.9680943e-08 1309675.4
-772359300000.0 0.32779947 2.0174136e-08 1345445.4
-770825400000.0 0.32714844 2.0174136e-08 1345445.4
-769291400000.0 0.32649738 2.0174136e-08 1345445.4
-767757400000.0 0.32584634 2.0174136e-08 1345445.4
-766223450000.0 0.3251953 2.0584585e-08 1375410.6
-764689500000.0 0.32454428 2.0584585e-08 1375410.6
-763155450000.0 0.32389322 2.0584585e-08 1375410.6
-761621500000.0 0.3232422 2.0584585e-08 1375410.6
-760087500000.0 0.32259116 2.1004368e-08 1396187.4
-758553600000.0 0.32194012 2.1004368e-08 1396187.4
-757019500000.0 0.32128906 2.1004368e-08 1396187.4
-755485600000.0 0.32063803 2.1004368e-08 1396187.4
-753951640000.0 0.319987 2.1401755e-08 1417332.5
-752417600000.0 0.31933594 2.1401755e-08 1417332.5
-750883640000.0 0.3186849 2.1401755e-08 1417332.5
-749349700000.0 0.31803387 2.1401755e-08 1417332.5
-747815700000.0 0.31738284 2.1812825e-08 1439249.1
-746281700000.0 0.31673178 2.1812825e-08 1439249.1
-744747700000.0 0.31608072 2.1812825e-08 1439249.1
-743213760000.0 0.3154297 2.1812825e-08 1439249.1
-741679700000.0 0.31477863 2.2239252e-08 1461016.5
-740145760000.0 0.3141276 2.2239252e-08 1461016.5
-738611800000.0 0.31347656 2.2239252e-08 1461016.5
-737077800000.0 0.31282553 2.2239252e-08 1461016.5
-735543800000.0 0.31217447 2.2678055e-08 1483723.8
-734009800000.0 0.3115234 2.2678055e-08 1483723.8
-732475900000.0 0.3108724 2.2678055e-08 1483723.8
-730941800000.0 0.3102213 2.2678055e-08 1483723.8
-729407900000.0 0.3095703 2.3130736e-08 1505946.6
-727873950000.0 0.30891928 2.3130736e-08 1505946.6
-726339940000.0 0.30826822 2.3130736e-08 1505946.6
-724805940000.0 0.3076172 2.3130736e-08 1505946.6
-723272000000.0 0.30696616 2.3601737e-08 1521693.9
-721738000000.0 0.30631512 2.3601737e-08 1521693.9
-720204000000.0 0.30566406 2.3601737e-08 1521693.9
-718670000000.0 0.30501303 2.3601737e-08 1521693.9
-717136100000.0 0.304362 2.4098355e-08 1535057.0
-715602100000.0 0.30371094 2.4098355e-08 1535057.0
-714068070000.0 0.30305988 2.4098355e-08 1535057.0
-712534100000.0 0.30240884 2.4098355e-08 1535057.0
-711000100000.0 0.3017578 2.4507798e-08 1550472.2
-709466100000.0 0.30110675 2.4507798e-08 1550472.2
-707932100000.0 0.30045572 2.4507798e-08 1550472.2
-706398200000.0 0.2998047 2.4507798e-08 1550472.2
-704864200000.0 0.29915366 2.4857881e-08 1563319.1
-703330200000.0 0.2985026 2.4857881e-08 1563319.1
-701796250000.0 0.29785156 2.4857881e-08 1563319.1
-700262300000.0 0.29720056 2.4857881e-08 1563319.1
-698728250000.0 0.29654947 2.5285578e-08 1569866.9
-697194300000.0 0.29589847 2.5285578e-08 1569866.9
-695660300000.0 0.2952474 2.5285578e-08 1569866.9
-694126300000.0 0.29459634 2.5285578e-08 1569866.9
