morphology_data/1d_wa_a0.05_l8r0.5_00001.ecsv
# %ECSV 1.0
# ---
# datatype:
# - {name: b, datatype: float32}
# - {name: phase, datatype: float32}
# - {name: sigma, datatype: float32}
# - {name: vr, datatype: float32}
# meta: {lambda: 8, rp: 0.5, sep: 0.05, wind: a}
# schema: astropy-2.0
b phase sigma vr
[from data line 1246]
1474155900000.0 -0.3128256 4.458864e-08 -2442615.5
1477223600000.0 -0.31347656 4.458864e-08 -2442615.5
1480291400000.0 -0.3141276 4.458864e-08 -2442615.5
1483359800000.0 -0.31477872 4.458864e-08 -2442615.5
1486427500000.0 -0.3154297 4.574043e-08 -2414342.0
1489495300000.0 -0.3160807 4.574043e-08 -2414342.0
1492563400000.0 -0.31673178 4.574043e-08 -2414342.0
1495631400000.0 -0.31738284 4.574043e-08 -2414342.0
1498699100000.0 -0.3180338 4.7205983e-08 -2477882.5
1501767300000.0 -0.3186849 4.7205983e-08 -2477882.5
1504835300000.0 -0.31933597 4.7205983e-08 -2477882.5
1507903000000.0 -0.31998697 4.7205983e-08 -2477882.5
1510971100000.0 -0.32063803 4.7888573e-08 -2488131.2
1514039300000.0 -0.3212891 4.7888573e-08 -2488131.2
1517107000000.0 -0.3219401 4.7888573e-08 -2488131.2
1520175000000.0 -0.32259116 4.7888573e-08 -2488131.2
1523243200000.0 -0.32324222 4.9078352e-08 -2558786.8
1526310900000.0 -0.32389322 4.9078352e-08 -2558786.8
1529379000000.0 -0.32454428 4.9078352e-08 -2558786.8
1532447000000.0 -0.32519534 4.9078352e-08 -2558786.8
1535514800000.0 -0.32584634 4.975529e-08 -2587641.8
1538582500000.0 -0.32649735 4.975529e-08 -2587641.8
1541651000000.0 -0.3271485 4.975529e-08 -2587641.8
1544718600000.0 -0.32779947 4.975529e-08 -2587641.8
1547786400000.0 -0.32845047 5.0824735e-08 -2692052.0
1550854900000.0 -0.32910162 5.0824735e-08 -2692052.0
1553922700000.0 -0.3297526 5.0824735e-08 -2692052.0
1556990400000.0 -0.3304036 5.0824735e-08 -2692052.0
1560058800000.0 -0.33105475 5.1826678e-08 -2770042.8
1563126500000.0 -0.33170575 5.1826678e-08 -2770042.8
1566194300000.0 -0.33235672 5.1826678e-08 -2770042.8
1569262400000.0 -0.3330078 5.1826678e-08 -2770042.8
1572330400000.0 -0.33365887 5.335889e-08 -2892853.8
1575398100000.0 -0.33430985 5.335889e-08 -2892853.8
1578466300000.0 -0.33496094 5.335889e-08 -2892853.8
1581534400000.0 -0.335612 5.335889e-08 -2892853.8
1584602000000.0 -0.336263 5.4947698e-08 -3007829.0
1587670200000.0 -0.33691406 5.4947698e-08 -3007829.0
1590738300000.0 -0.33756512 5.4947698e-08 -3007829.0
1593806000000.0 -0.33821613 5.4947698e-08 -3007829.0
1596874000000.0 -0.3388672 5.7219218e-08 -3114303.0
1599942200000.0 -0.33951825 5.7219218e-08 -3114303.0
1603009900000.0 -0.34016925 5.7219218e-08 -3114303.0
1606078000000.0 -0.3408203 5.7219218e-08 -3114303.0
1609146000000.0 -0.3414714 5.9696745e-08 -3207280.2
1612213800000.0 -0.34212238 5.9696745e-08 -3207280.2
1615281500000.0 -0.34277338 5.9696745e-08 -3207280.2
1618350000000.0 -0.34342453 5.9696745e-08 -3207280.2
1621417800000.0 -0.3440755 6.187643e-08 -3270908.5
1624485400000.0 -0.3447265 6.187643e-08 -3270908.5
1627553900000.0 -0.34537765 6.187643e-08 -3270908.5
1630621700000.0 -0.34602866 6.187643e-08 -3270908.5
1633689400000.0 -0.34667963 6.394414e-08 -3358016.2
1636757800000.0 -0.34733078 6.394414e-08 -3358016.2
1639825500000.0 -0.34798178 6.394414e-08 -3358016.2
1642893300000.0 -0.34863275 6.394414e-08 -3358016.2
1645961700000.0 -0.3492839 6.540971e-08 -3404053.5
1649029400000.0 -0.3499349 6.540971e-08 -3404053.5
1652097200000.0 -0.3505859 6.540971e-08 -3404053.5
1655165300000.0 -0.35123697 6.540971e-08 -3404053.5
1658233400000.0 -0.35188803 6.69843e-08 -3463156.0
1661301200000.0 -0.35253903 6.69843e-08 -3463156.0
1664369200000.0 -0.3531901 6.69843e-08 -3463156.0
1667437300000.0 -0.35384116 6.69843e-08 -3463156.0
1670505000000.0 -0.35449216 6.773744e-08 -3449098.0
1673573200000.0 -0.35514322 6.773744e-08 -3449098.0
1676641200000.0 -0.3557943 6.773744e-08 -3449098.0
1679708900000.0 -0.35644528 6.773744e-08 -3449098.0
1682777000000.0 -0.35709634 6.798081e-08 -3468428.0
1685845000000.0 -0.35774744 6.798081e-08 -3468428.0
1688912800000.0 -0.3583984 6.798081e-08 -3468428.0
1691980900000.0 -0.3590495 6.798081e-08 -3468428.0
1695049000000.0 -0.35970056 6.695637e-08 -3462726.0
1698116800000.0 -0.36035156 6.695637e-08 -3462726.0
1701184500000.0 -0.36100253 6.695637e-08 -3462726.0
1704252900000.0 -0.3616537 6.695637e-08 -3462726.0
1707320700000.0 -0.3623047 6.578087e-08 -3513798.2
1710388400000.0 -0.36295566 6.578087e-08 -3513798.2
1713456800000.0 -0.3636068 6.578087e-08 -3513798.2
1716524500000.0 -0.3642578 6.578087e-08 -3513798.2
1719592300000.0 -0.3649088 6.3362876e-08 -3536112.8
1722660800000.0 -0.36555994 6.3362876e-08 -3536112.8
1725728400000.0 -0.36621094 6.3362876e-08 -3536112.8
1728796200000.0 -0.36686194 6.3362876e-08 -3536112.8
1731864700000.0 -0.3675131 6.115928e-08 -3585834.8
1734932400000.0 -0.36816406 6.115928e-08 -3585834.8
1738000200000.0 -0.36881506 6.115928e-08 -3585834.8
1741068200000.0 -0.36946613 6.115928e-08 -3585834.8
1744136300000.0 -0.3701172 5.8217747e-08 -3573675.2
1747204000000.0 -0.3707682 5.8217747e-08 -3573675.2
1750272200000.0 -0.37141925 5.8217747e-08 -3573675.2
1753340200000.0 -0.37207034 5.8217747e-08 -3573675.2
1756407900000.0 -0.3727213 5.5561934e-08 -3580085.2
1759476000000.0 -0.3733724 5.5561934e-08 -3580085.2
1762544200000.0 -0.37402347 5.5561934e-08 -3580085.2
1765611800000.0 -0.37467447 5.5561934e-08 -3580085.2
1768679900000.0 -0.37532553 5.2272448e-08 -3572991.8
1771748000000.0 -0.3759766 5.2272448e-08 -3572991.8
1774815800000.0 -0.3766276 5.2272448e-08 -3572991.8
1777883800000.0 -0.37727866 5.2272448e-08 -3572991.8
1780952000000.0 -0.37792972 4.9394306e-08 -3596362.0
1784019700000.0 -0.37858072 4.9394306e-08 -3596362.0
1787087400000.0 -0.37923172 4.9394306e-08 -3596362.0
1790155800000.0 -0.37988284 4.9394306e-08 -3596362.0
1793223600000.0 -0.38053384 4.6339704e-08 -3611948.8
1796291300000.0 -0.38118485 4.6339704e-08 -3611948.8
1799359800000.0 -0.381836 4.6339704e-08 -3611948.8
1802427600000.0 -0.38248697 4.6339704e-08 -3611948.8
1805495200000.0 -0.38313797 4.3841002e-08 -3629740.2
1808563700000.0 -0.38378912 4.3841002e-08 -3629740.2
1811631400000.0 -0.3844401 4.3841002e-08 -3629740.2
1814699200000.0 -0.3850911 4.3841002e-08 -3629740.2
1817767600000.0 -0.38574225 4.1445592e-08 -3625883.8
1820835300000.0 -0.38639325 4.1445592e-08 -3625883.8
1823903000000.0 -0.38704422 4.1445592e-08 -3625883.8
1826971200000.0 -0.3876953 4.1445592e-08 -3625883.8
1830039200000.0 -0.38834637 3.9550795e-08 -3610340.2
1833106900000.0 -0.38899738 3.9550795e-08 -3610340.2
1836175000000.0 -0.38964844 3.9550795e-08 -3610340.2
1839243200000.0 -0.3902995 3.9550795e-08 -3610340.2
1842311000000.0 -0.3909505 3.767388e-08 -3583034.8
1845379000000.0 -0.39160156 3.767388e-08 -3583034.8
1848447100000.0 -0.39225262 3.767388e-08 -3583034.8
1851514800000.0 -0.39290363 3.767388e-08 -3583034.8
1854582800000.0 -0.3935547 3.606436e-08 -3558234.8
1857651000000.0 -0.39420575 3.606436e-08 -3558234.8
1860718700000.0 -0.39485675 3.606436e-08 -3558234.8
1863786800000.0 -0.3955078 3.606436e-08 -3558234.8
1866854800000.0 -0.3961589 3.4328174e-08 -3555160.0
1869922600000.0 -0.39680988 3.4328174e-08 -3555160.0
1872990300000.0 -0.39746088 3.4328174e-08 -3555160.0
1876058800000.0 -0.39811203 3.4328174e-08 -3555160.0
1879126600000.0 -0.398763 3.287186e-08 -3571166.5
1882194300000.0 -0.399414 3.287186e-08 -3571166.5
1885262700000.0 -0.40006515 3.287186e-08 -3571166.5
1888330400000.0 -0.40071616 3.287186e-08 -3571166.5
1891398200000.0 -0.40136713 3.143451e-08 -3610588.8
1894466600000.0 -0.40201828 3.143451e-08 -3610588.8
1897534300000.0 -0.40266928 3.143451e-08 -3610588.8
1900602000000.0 -0.40332028 3.143451e-08 -3610588.8
1903670500000.0 -0.4039714 3.0120695e-08 -3655160.2
1906738200000.0 -0.4046224 3.0120695e-08 -3655160.2
1909806000000.0 -0.4052734 3.0120695e-08 -3655160.2
1912874100000.0 -0.40592447 3.0120695e-08 -3655160.2
1915942200000.0 -0.40657553 2.874686e-08 -3686587.0
1919010000000.0 -0.40722653 2.874686e-08 -3686587.0
1922078000000.0 -0.4078776 2.874686e-08 -3686587.0
1925146100000.0 -0.40852866 2.874686e-08 -3686587.0
1928213800000.0 -0.40917966 2.7586289e-08 -3696708.8
1931282000000.0 -0.40983072 2.7586289e-08 -3696708.8
1934350000000.0 -0.4104818 2.7586289e-08 -3696708.8
1937417700000.0 -0.41113278 2.7586289e-08 -3696708.8
1940485800000.0 -0.41178387 2.6378848e-08 -3685758.8
1943553800000.0 -0.41243494 2.6378848e-08 -3685758.8
1946621600000.0 -0.4130859 2.6378848e-08 -3685758.8
1949689700000.0 -0.413737 2.6378848e-08 -3685758.8
1952757800000.0 -0.41438806 2.5399098e-08 -3668001.0
1955825600000.0 -0.41503906 2.5399098e-08 -3668001.0
1958893300000.0 -0.41569003 2.5399098e-08 -3668001.0
1961961700000.0 -0.4163412 2.5399098e-08 -3668001.0
1965029500000.0 -0.4169922 2.4466578e-08 -3629827.0
1968097200000.0 -0.4176432 2.4466578e-08 -3629827.0
1971165600000.0 -0.4182943 2.4466578e-08 -3629827.0
1974233300000.0 -0.4189453 2.4466578e-08 -3629827.0
1977301100000.0 -0.4195963 2.3719535e-08 -3584887.8
1980369600000.0 -0.42024744 2.3719535e-08 -3584887.8
1983437300000.0 -0.42089844 2.3719535e-08 -3584887.8
1986505000000.0 -0.42154944 2.3719535e-08 -3584887.8
1989573500000.0 -0.4222006 2.2916069e-08 -3534686.0
1992641200000.0 -0.42285156 2.2916069e-08 -3534686.0
1995709000000.0 -0.42350256 2.2916069e-08 -3534686.0
1998777000000.0 -0.42415363 2.2916069e-08 -3534686.0
2001845100000.0 -0.42480472 2.212202e-08 -3482545.8
2004912800000.0 -0.4254557 2.212202e-08 -3482545.8
2007981000000.0 -0.42610675 2.212202e-08 -3482545.8
2011049000000.0 -0.42675784 2.212202e-08 -3482545.8
2014116700000.0 -0.4274088 2.1278515e-08 -3423712.8
2017184800000.0 -0.4280599 2.1278515e-08 -3423712.8
2020253000000.0 -0.42871097 2.1278515e-08 -3423712.8
2023320700000.0 -0.42936197 2.1278515e-08 -3423712.8
2026388700000.0 -0.43001303 2.046105e-08 -3375729.2
2029456900000.0 -0.4306641 2.046105e-08 -3375729.2
2032524600000.0 -0.4313151 2.046105e-08 -3375729.2
2035592600000.0 -0.43196616 2.046105e-08 -3375729.2
2038660700000.0 -0.43261722 1.9640096e-08 -3308428.2
2041728500000.0 -0.43326822 1.9640096e-08 -3308428.2
2044796200000.0 -0.43391922 1.9640096e-08 -3308428.2
2047864600000.0 -0.43457034 1.9640096e-08 -3308428.2
2050932300000.0 -0.43522134 1.8884556e-08 -3266561.5
2054000100000.0 -0.43587235 1.8884556e-08 -3266561.5
2057068600000.0 -0.4365235 1.8884556e-08 -3266561.5
2060136300000.0 -0.43717447 1.8884556e-08 -3266561.5
2063204100000.0 -0.43782547 1.8159216e-08 -3192964.2
2066272500000.0 -0.43847662 1.8159216e-08 -3192964.2
2069340200000.0 -0.43912762 1.8159216e-08 -3192964.2
2072408000000.0 -0.4397786 1.8159216e-08 -3192964.2
2075476400000.0 -0.44042975 1.7584329e-08 -3154751.8
2078544100000.0 -0.44108075 1.7584329e-08 -3154751.8
2081611800000.0 -0.44173172 1.7584329e-08 -3154751.8
2084680000000.0 -0.4423828 1.7584329e-08 -3154751.8
2087748000000.0 -0.44303387 1.7062263e-08 -3071286.5
2090815700000.0 -0.44368488 1.7062263e-08 -3071286.5
2093883900000.0 -0.44433594 1.7062263e-08 -3071286.5
2096952000000.0 -0.444987 1.7062263e-08 -3071286.5
2100019700000.0 -0.445638 1.6759921e-08 -3045325.2
2103087700000.0 -0.44628906 1.6759921e-08 -3045325.2
2106155900000.0 -0.44694012 1.6759921e-08 -3045325.2
2109223600000.0 -0.44759113 1.6759921e-08 -3045325.2
2112291700000.0 -0.4482422 1.6377898e-08 -2938014.8
2115359700000.0 -0.44889325 1.6377898e-08 -2938014.8
2118427500000.0 -0.44954425 1.6377898e-08 -2938014.8
2121495600000.0 -0.4501953 1.6377898e-08 -2938014.8
2124563600000.0 -0.4508464 1.5973958e-08 -2875690.8
2127631400000.0 -0.45149738 1.5973958e-08 -2875690.8
2130699100000.0 -0.45214838 1.5973958e-08 -2875690.8
2133767600000.0 -0.45279953 1.5973958e-08 -2875690.8
2136835400000.0 -0.45345053 1.5259051e-08 -2629441.5
2139903100000.0 -0.4541015 1.5259051e-08 -2629441.5
2142971500000.0 -0.45475265 1.5259051e-08 -2629441.5
2146039200000.0 -0.45540366 1.5259051e-08 -2629441.5
2149107000000.0 -0.45605463 1.4239182e-08 -2463947.5
2152175400000.0 -0.45670578 1.4239182e-08 -2463947.5
2155243100000.0 -0.45735678 1.4239182e-08 -2463947.5
2158310900000.0 -0.45800778 1.4239182e-08 -2463947.5
2161379400000.0 -0.4586589 1.2983873e-08 -2215236.5
2164447000000.0 -0.4593099 1.2983873e-08 -2215236.5
2167514700000.0 -0.4599609 1.2983873e-08 -2215236.5
2170582900000.0 -0.46061197 1.2983873e-08 -2215236.5
2173651000000.0 -0.46126303 1.2009058e-08 -2084561.0
2176718700000.0 -0.46191403 1.2009058e-08 -2084561.0
2179786700000.0 -0.4625651 1.2009058e-08 -2084561.0
2182854900000.0 -0.46321616 1.2009058e-08 -2084561.0
2185922600000.0 -0.46386716 1.1141183e-08 -1901014.8
2188990700000.0 -0.46451822 1.1141183e-08 -1901014.8
2192058700000.0 -0.4651693 1.1141183e-08 -1901014.8
2195126500000.0 -0.46582028 1.1141183e-08 -1901014.8
2198194600000.0 -0.46647137 1.06431175e-08 -1776617.1
2201262800000.0 -0.46712244 1.06431175e-08 -1776617.1
2204330400000.0 -0.46777344 1.06431175e-08 -1776617.1
2207398500000.0 -0.4684245 1.06431175e-08 -1776617.1
2210466600000.0 -0.46907556 1.0202895e-08 -1588072.4
2213534200000.0 -0.4697265 1.0202895e-08 -1588072.4
2216602000000.0 -0.47037753 1.0202895e-08 -1588072.4
2219670500000.0 -0.4710287 1.0202895e-08 -1588072.4
2222738400000.0 -0.47167972 9.9359e-09 -1428694.9
2225806000000.0 -0.4723307 9.9359e-09 -1428694.9
2228874400000.0 -0.4729818 9.9359e-09 -1428694.9
2231942300000.0 -0.47363284 9.9359e-09 -1428694.9
2235009900000.0 -0.4742838 9.696196e-09 -1205993.6
2238078300000.0 -0.47493497 9.696196e-09 -1205993.6
2241146000000.0 -0.47558594 9.696196e-09 -1205993.6
2244213700000.0 -0.47623694 9.696196e-09 -1205993.6
2247282000000.0 -0.47688803 9.418176e-09 -1041721.1
2250350000000.0 -0.47753906 9.418176e-09 -1041721.1
2253417600000.0 -0.47819003 9.418176e-09 -1041721.1
2256485700000.0 -0.47884113 9.418176e-09 -1041721.1
2259554000000.0 -0.47949222 9.099718e-09 -836966.8
2262621700000.0 -0.48014325 9.099718e-09 -836966.8
2265689600000.0 -0.48079422 9.099718e-09 -836966.8
2268757800000.0 -0.48144534 9.099718e-09 -836966.8
2271825600000.0 -0.48209637 8.7477545e-09 -704910.44
2274893500000.0 -0.48274735 8.7477545e-09 -704910.44
2277961600000.0 -0.48339847 8.7477545e-09 -704910.44
2281029500000.0 -0.48404947 8.7477545e-09 -704910.44
2284097600000.0 -0.48470056 8.3826315e-09 -596429.9
2287165500000.0 -0.48535156 8.3826315e-09 -596429.9
2290233400000.0 -0.4860026 8.3826315e-09 -596429.9
2293301500000.0 -0.48665366 8.3826315e-09 -596429.9
2296369600000.0 -0.48730478 8.033641e-09 -566615.7
2299437300000.0 -0.48795572 8.033641e-09 -566615.7
2302505000000.0 -0.48860675 8.033641e-09 -566615.7
2305573500000.0 -0.48925787 8.033641e-09 -566615.7
2308641000000.0 -0.48990884 7.584634e-09 -585085.44
2311709000000.0 -0.49055988 7.584634e-09 -585085.44
2314777400000.0 -0.491211 7.584634e-09 -585085.44
2317845000000.0 -0.49186197 7.584634e-09 -585085.44
2320913000000.0 -0.49251297 7.270291e-09 -638499.7
2323981300000.0 -0.49316412 7.270291e-09 -638499.7
2327049000000.0 -0.49381506 7.270291e-09 -638499.7
2330116800000.0 -0.4944661 7.270291e-09 -638499.7
2333185100000.0 -0.49511725 6.7500037e-09 -713498.94
2336253000000.0 -0.49576828 6.7500037e-09 -713498.94
2339320600000.0 -0.49641922 6.7500037e-09 -713498.94
2342388800000.0 -0.4970703 6.7500037e-09 -713498.94
2345457000000.0 -0.49772137 6.4730266e-09 -786168.44
2348524500000.0 -0.49837238 6.4730266e-09 -786168.44
2351592600000.0 -0.49902344 6.4730266e-09 -786168.44
2354660800000.0 -0.4996745 6.4730266e-09 -786168.44
