morphology_data/1d_wa_a0.025_l8r1_00001.ecsv
# %ECSV 1.0
# ---
# datatype:
# - {name: b, datatype: float32}
# - {name: phase, datatype: float32}
# - {name: sigma, datatype: float32}
# - {name: vr, datatype: float32}
# meta: {lambda: 8, rp: 1.0, sep: 0.025, wind: a}
# schema: astropy-2.0
b phase sigma vr
-1177330300000.0 0.49967447 nan nan
-1175796300000.0 0.49902344 nan nan
-1174262400000.0 0.4983724 nan nan
-1172728300000.0 0.49772134 nan nan
-1171194400000.0 0.4970703 nan nan
-1169660400000.0 0.49641928 nan nan
-1168126500000.0 0.49576828 nan nan
-1166592400000.0 0.4951172 nan nan
-1165058500000.0 0.4944662 nan nan
-1163524400000.0 0.49381506 nan nan
-1161990500000.0 0.4931641 nan nan
-1160456400000.0 0.49251297 nan nan
-1158922500000.0 0.49186197 nan nan
-1157388600000.0 0.49121094 nan nan
-1155854500000.0 0.49055988 nan nan
-1154320600000.0 0.48990884 nan nan
-1152786600000.0 0.4892578 nan nan
-1151252600000.0 0.48860675 nan nan
-1149718600000.0 0.48795572 nan nan
-1148184700000.0 0.4873047 nan nan
-1146650800000.0 0.48665366 nan nan
-1145116700000.0 0.4860026 nan nan
-1143582800000.0 0.48535156 nan nan
-1142048800000.0 0.48470056 nan nan
-1140514800000.0 0.48404947 nan nan
-1138980800000.0 0.48339847 nan nan
-1137446700000.0 0.48274735 nan nan
-1135912800000.0 0.48209637 nan nan
-1134378700000.0 0.48144525 nan nan
-1132844800000.0 0.48079422 nan nan
-1131310900000.0 0.48014325 nan nan
-1129776800000.0 0.47949213 nan nan
-1128242900000.0 0.47884113 nan nan
-1126709000000.0 0.4781901 nan nan
-1125175000000.0 0.47753906 nan nan
-1123640900000.0 0.476888 nan nan
-1122107000000.0 0.47623697 nan nan
-1120573000000.0 0.47558594 nan nan
-1119039100000.0 0.47493497 nan nan
-1117505000000.0 0.47428384 nan nan
-1115971100000.0 0.47363284 nan nan
-1114437000000.0 0.47298175 nan nan
-1112903100000.0 0.47233072 nan nan
-1111369200000.0 0.47167972 nan nan
-1109835100000.0 0.47102863 nan nan
-1108301200000.0 0.47037762 nan nan
-1106767100000.0 0.4697265 nan nan
-1105233200000.0 0.46907553 nan nan
-1103699200000.0 0.4684245 nan nan
-1102165200000.0 0.46777344 nan nan
-1100631200000.0 0.4671224 nan nan
-1099097300000.0 0.46647137 nan nan
-1097563400000.0 0.46582034 nan nan
-1096029300000.0 0.46516925 nan nan
-1094495400000.0 0.46451822 nan nan
-1092961400000.0 0.4638672 nan nan
-1091427400000.0 0.46321613 nan nan
-1089893400000.0 0.4625651 nan nan
-1088359400000.0 0.46191406 nan nan
-1086825370000.0 0.461263 nan nan
-1085291400000.0 0.46061197 nan nan
-1083757500000.0 0.45996094 nan nan
-1082223500000.0 0.4593099 nan nan
-1080689500000.0 0.45865884 nan nan
-1079155560000.0 0.4580078 nan nan
-1077621560000.0 0.45735678 nan nan
-1076087600000.0 0.45670575 nan nan
-1074553550000.0 0.4560547 nan nan
-1073019600000.0 0.45540366 nan nan
-1071485700000.0 0.45475262 nan nan
-1069951600000.0 0.45410153 nan nan
-1068417700000.0 0.45345053 nan nan
-1066883700000.0 0.4527995 nan nan
-1065349700000.0 0.4521484 nan nan
-1063815700000.0 0.45149738 nan nan
-1062281740000.0 0.45084634 nan nan
-1060747800000.0 0.4501953 nan nan
-1059213740000.0 0.44954425 nan nan
-1057679800000.0 0.44889322 nan nan
-1056145870000.0 0.4482422 nan nan
-1054611870000.0 0.44759116 nan nan
-1053077860000.0 0.4469401 nan nan
-1051543860000.0 0.44628906 nan nan
-1050009900000.0 0.44563803 nan nan
-1048475860000.0 0.44498697 nan nan
-1046941900000.0 0.44433594 nan nan
-1045408000000.0 0.4436849 nan nan
-1043873900000.0 0.44303384 nan nan
-1042340000000.0 0.4423828 nan nan
-1040806000000.0 0.44173178 nan nan
-1039272050000.0 0.44108075 nan nan
-1037738000000.0 0.44042966 nan nan
-1036204050000.0 0.43977866 nan nan
-1034670100000.0 0.43912762 nan nan
-1033136200000.0 0.4384766 nan nan
-1031602100000.0 0.4378255 nan nan
-1030068200000.0 0.43717447 nan nan
-1028534200000.0 0.43652344 nan nan
-1027000200000.0 0.43587238 nan nan
-1025466200000.0 0.43522134 nan nan
-1023932240000.0 0.4345703 nan nan
-1022398200000.0 0.43391925 nan nan
-1020864230000.0 0.43326822 nan nan
-1019330300000.0 0.4326172 nan nan
-1017796300000.0 0.43196616 nan nan
-1016262300000.0 0.4313151 nan nan
-1014728300000.0 0.43066406 nan nan
-1013194360000.0 0.43001303 nan nan
-1011660400000.0 0.429362 nan nan
-1010126360000.0 0.42871094 nan nan
-1008592400000.0 0.4280599 nan nan
-1007058500000.0 0.42740887 nan nan
-1005524400000.0 0.42675778 nan nan
-1003990500000.0 0.42610675 nan nan
-1002456500000.0 0.42545575 nan nan
-1000922500000.0 0.42480466 nan nan
-999388500000.0 0.42415363 nan nan
-997854540000.0 0.4235026 nan nan
-996320600000.0 0.42285156 nan nan
-994786600000.0 0.42220053 nan nan
-993252600000.0 0.42154947 nan nan
-991718700000.0 0.42089844 nan nan
-990184700000.0 0.4202474 nan nan
-988650700000.0 0.41959634 nan nan
-987116670000.0 0.4189453 nan nan
-985582700000.0 0.41829428 nan nan
-984048660000.0 0.41764322 nan nan
-982514700000.0 0.4169922 nan nan
-980980800000.0 0.41634116 nan nan
-979446700000.0 0.4156901 nan nan
-977912860000.0 0.4150391 nan nan
-976378800000.0 0.41438803 nan nan
-974844800000.0 0.41373694 nan nan
-973310900000.0 0.41308597 nan nan
-971776850000.0 0.41243488 nan nan
-970242900000.0 0.41178387 nan nan
-968709000000.0 0.41113284 nan nan
-967174900000.0 0.41048175 nan nan
-965641000000.0 0.40983072 nan nan
-964107000000.0 0.4091797 nan nan
-962573000000.0 0.40852863 nan nan
-961039000000.0 0.4078776 nan nan
-959505040000.0 0.40722656 nan nan
-957971000000.0 0.4065755 nan nan
-956437100000.0 0.4059245 nan nan
-954903100000.0 0.40527344 nan nan
-953369030000.0 0.40462238 nan nan
-951835160000.0 0.40397137 nan nan
-950301100000.0 0.4033203 nan nan
-948767160000.0 0.40266928 nan nan
-947233200000.0 0.40201825 nan nan
-945699160000.0 0.4013672 nan nan
-944165200000.0 0.40071616 nan nan
-942631300000.0 0.40006512 nan nan
-941097200000.0 0.39941403 nan nan
-939563300000.0 0.398763 nan nan
-938029300000.0 0.39811197 nan nan
-936495300000.0 0.3974609 nan nan
-934961400000.0 0.39680994 nan nan
-933427350000.0 0.39615884 nan nan
-931893400000.0 0.3955078 nan nan
-930359400000.0 0.39485678 nan nan
-928825400000.0 0.39420572 nan nan
-927291400000.0 0.3935547 nan nan
-925757500000.0 0.39290366 nan nan
-924223500000.0 0.3922526 nan nan
-922689500000.0 0.39160156 nan nan
-921155530000.0 0.39095053 nan nan
-919621500000.0 0.39029947 nan nan
-918087500000.0 0.38964844 nan nan
-916553600000.0 0.3889974 nan nan
-915019500000.0 0.38834634 nan nan
-913485660000.0 0.38769534 nan nan
-911951600000.0 0.38704428 nan nan
-910417660000.0 0.38639325 nan nan
-908883700000.0 0.38574222 nan nan
-907349660000.0 0.38509113 nan nan
-905815700000.0 0.3844401 nan nan
-904281700000.0 0.3837891 nan nan
-902747700000.0 0.383138 nan nan
-901213800000.0 0.38248697 nan nan
-899679800000.0 0.38183594 nan nan
-898145800000.0 0.38118488 nan nan
-896611800000.0 0.38053384 nan nan
-895077840000.0 0.3798828 nan nan
-893543800000.0 0.37923175 nan nan
-892009900000.0 0.37858075 nan nan
-890475900000.0 0.3779297 nan nan
-888941900000.0 0.37727866 nan nan
-887408000000.0 0.37662762 nan nan
-885873900000.0 0.37597656 nan nan
-884339970000.0 0.37532553 nan nan
-882806000000.0 0.3746745 nan nan
-881271960000.0 0.37402344 nan nan
-879738000000.0 0.3733724 nan nan
-878204100000.0 0.37272137 nan nan
-876670000000.0 0.37207028 nan nan
-875136100000.0 0.37141925 nan nan
-873602100000.0 0.37076822 nan nan
-872068100000.0 0.37011716 nan nan
-870534200000.0 0.3694662 nan nan
-869000150000.0 0.3688151 nan nan
-867466200000.0 0.36816406 nan nan
-865932200000.0 0.36751303 nan nan
-864398200000.0 0.36686197 nan nan
-862864200000.0 0.36621094 nan nan
-861330300000.0 0.3655599 nan nan
-859796200000.0 0.36490884 nan nan
-858262300000.0 0.3642578 nan nan
-856728340000.0 0.36360678 nan nan
-855194300000.0 0.36295572 nan nan
-853660340000.0 0.3623047 nan nan
-852126400000.0 0.36165366 nan nan
-850592330000.0 0.3610026 nan nan
-849058460000.0 0.3603516 nan nan
-847524400000.0 0.35970053 nan nan
-845990460000.0 0.3590495 nan nan
-844456500000.0 0.35839847 nan nan
-842922460000.0 0.35774738 nan nan
-841388500000.0 0.35709634 nan nan
-839854500000.0 0.3564453 nan nan
-838320500000.0 0.35579425 nan nan
-836786600000.0 0.35514322 nan nan
-835252600000.0 0.3544922 nan nan
-833718600000.0 0.35384113 nan nan
-832184600000.0 0.3531901 nan nan
-830650650000.0 0.35253906 nan nan
-829116600000.0 0.351888 nan nan
-827582700000.0 0.351237 nan nan
-826048700000.0 0.35058594 nan nan
-824514700000.0 0.3499349 nan nan
-822980800000.0 0.34928387 nan nan
-821446700000.0 0.3486328 nan nan
-819912800000.0 0.34798178 nan nan
-818378830000.0 0.34733075 nan nan
-816844800000.0 0.3466797 nan nan
-815310800000.0 0.34602866 nan nan
-813776900000.0 0.34537762 nan nan
-812242800000.0 0.34472653 nan nan
-810708900000.0 0.3440755 nan nan
-809174900000.0 0.34342447 nan nan
-807640900000.0 0.3427734 nan nan
-806107000000.0 0.3421224 nan nan
-804572950000.0 0.34147134 nan nan
-803039000000.0 0.3408203 nan nan
-801505000000.0 0.34016928 nan nan
-799971000000.0 0.33951822 nan nan
-798437000000.0 0.3388672 nan nan
-796903100000.0 0.33821616 nan nan
-795369000000.0 0.3375651 nan nan
-793835100000.0 0.33691406 nan nan
-792301140000.0 0.33626303 nan nan
-790767100000.0 0.33561197 nan nan
-789233140000.0 0.33496094 nan nan
-787699200000.0 0.3343099 nan nan
-786165200000.0 0.33365887 nan nan
-784631200000.0 0.3330078 nan nan
-783097200000.0 0.33235678 nan nan
-781563270000.0 0.33170575 nan nan
-780029300000.0 0.33105472 nan nan
-778495260000.0 0.33040363 nan nan
-776961300000.0 0.3297526 nan nan
-775427300000.0 0.32910156 nan nan
-773893300000.0 0.3284505 nan nan
-772359300000.0 0.32779947 nan nan
-770825400000.0 0.32714844 nan nan
-769291400000.0 0.32649738 nan nan
-767757400000.0 0.32584634 nan nan
-766223450000.0 0.3251953 nan nan
-764689500000.0 0.32454428 nan nan
-763155450000.0 0.32389322 nan nan
-761621500000.0 0.3232422 nan nan
-760087500000.0 0.32259116 nan nan
-758553600000.0 0.32194012 nan nan
-757019500000.0 0.32128906 nan nan
-755485600000.0 0.32063803 nan nan
-753951640000.0 0.319987 nan nan
-752417600000.0 0.31933594 nan nan
-750883640000.0 0.3186849 nan nan
-749349700000.0 0.31803387 nan nan
-747815700000.0 0.31738284 nan nan
-746281700000.0 0.31673178 nan nan
-744747700000.0 0.31608072 nan nan
-743213760000.0 0.3154297 nan nan
-741679700000.0 0.31477863 nan nan
-740145760000.0 0.3141276 nan nan
-738611800000.0 0.31347656 nan nan
-737077800000.0 0.31282553 nan nan
-735543800000.0 0.31217447 nan nan
-734009800000.0 0.3115234 nan nan
-732475900000.0 0.3108724 nan nan
-730941800000.0 0.3102213 nan nan
-729407900000.0 0.3095703 nan nan
-727873950000.0 0.30891928 nan nan
-726339940000.0 0.30826822 nan nan
-724805940000.0 0.3076172 nan nan
-723272000000.0 0.30696616 nan nan
-721738000000.0 0.30631512 nan nan
-720204000000.0 0.30566406 nan nan
-718670000000.0 0.30501303 nan nan
-717136100000.0 0.304362 nan nan
-715602100000.0 0.30371094 nan nan
-714068070000.0 0.30305988 nan nan
-712534100000.0 0.30240884 nan nan
-711000100000.0 0.3017578 nan nan
-709466100000.0 0.30110675 nan nan
-707932100000.0 0.30045572 nan nan
-706398200000.0 0.2998047 nan nan
-704864200000.0 0.29915366 nan nan
-703330200000.0 0.2985026 nan nan
-701796250000.0 0.29785156 nan nan
-700262300000.0 0.29720056 nan nan
-698728250000.0 0.29654947 nan nan
-697194300000.0 0.29589847 nan nan
-695660300000.0 0.2952474 nan nan
-694126300000.0 0.29459634 nan nan
-692592300000.0 0.29394528 nan nan
-691058400000.0 0.29329428 nan nan
-689524440000.0 0.29264325 nan nan
-687990440000.0 0.2919922 nan nan
-686456440000.0 0.29134116 nan nan
-684922440000.0 0.2906901 nan nan
-683388440000.0 0.29003903 nan nan
-681854500000.0 0.28938803 nan nan
-680320500000.0 0.28873697 nan nan
-678786560000.0 0.28808594 nan nan
-677252560000.0 0.2874349 nan nan
-675718560000.0 0.28678384 nan nan
-674184600000.0 0.28613284 nan nan
-672650600000.0 0.28548178 nan nan
-671116600000.0 0.28483072 nan nan
-669582600000.0 0.28417966 nan nan
-668048700000.0 0.28352866 nan nan
-666514700000.0 0.2828776 nan nan
-664980700000.0 0.28222656 nan nan
-663446750000.0 0.28157553 nan nan
-661912750000.0 0.28092447 nan nan
-660378750000.0 0.28027344 nan nan
-658844800000.0 0.2796224 nan nan
-657310800000.0 0.27897137 nan nan
-655776800000.0 0.2783203 nan nan
-654242800000.0 0.27766928 nan nan
-652708900000.0 0.27701825 nan nan
-651174900000.0 0.2763672 nan nan
-649640900000.0 0.27571613 nan nan
-648106930000.0 0.2750651 nan nan
-646572930000.0 0.27441406 nan nan
-645038900000.0 0.273763 nan nan
-643504900000.0 0.27311197 nan nan
-641971000000.0 0.27246094 nan nan
-640437000000.0 0.2718099 nan nan
-638903000000.0 0.27115884 nan nan
-637369060000.0 0.2705078 nan nan
-635835100000.0 0.2698568 nan nan
-634301100000.0 0.26920575 nan nan
-632767100000.0 0.2685547 nan nan
-631233100000.0 0.26790366 nan nan
-629699100000.0 0.2672526 nan nan
-628165100000.0 0.26660156 nan nan
-626631200000.0 0.26595053 nan nan
-625097240000.0 0.2652995 nan nan
-623563240000.0 0.26464844 nan nan
-622029240000.0 0.2639974 nan nan
-620495240000.0 0.26334634 nan nan
-618961240000.0 0.26269528 nan nan
-617427240000.0 0.26204425 nan nan
-615893300000.0 0.26139322 nan nan
-614359400000.0 0.2607422 nan nan
-612825370000.0 0.26009116 nan nan
-611291370000.0 0.2594401 nan nan
-609757400000.0 0.2587891 nan nan
-608223400000.0 0.25813803 nan nan
-606689400000.0 0.257487 nan nan
-605155400000.0 0.2568359 nan nan
-603621500000.0 0.2561849 nan nan
-602087500000.0 0.25553384 nan nan
-600553500000.0 0.2548828 nan nan
-599019550000.0 0.25423178 nan nan
-597485550000.0 0.25358072 nan nan
-595951550000.0 0.2529297 nan nan
-594417600000.0 0.25227866 nan nan
-592883600000.0 0.25162762 nan nan
-591349600000.0 0.25097656 nan nan
-589815600000.0 0.2503255 nan nan
-588281700000.0 0.24967448 nan nan
-586747700000.0 0.24902344 nan nan
-585213700000.0 0.24837239 nan nan
-583679740000.0 0.24772136 nan nan
-582145740000.0 0.2470703 nan nan
-580611740000.0 0.24641925 nan nan
-579077730000.0 0.2457682 nan nan
-577543800000.0 0.24511719 nan nan
-576009800000.0 0.24446614 1.0836893e-11 -255061.06
-574475800000.0 0.2438151 1.0836893e-11 -255061.06
-572941860000.0 0.24316406 1.0836893e-11 -255061.06
-571407900000.0 0.24251305 1.0836893e-11 -255061.06
-569873900000.0 0.241862 1.9624776e-11 -188113.55
-568339900000.0 0.24121095 1.9624776e-11 -188113.55
-566805900000.0 0.2405599 1.9624776e-11 -188113.55
-565271900000.0 0.23990884 1.9624776e-11 -188113.55
-563737900000.0 0.2392578 3.389537e-11 -126770.63
-562204000000.0 0.23860677 3.389537e-11 -126770.63
-560670050000.0 0.23795573 3.389537e-11 -126770.63
-559136050000.0 0.23730469 3.389537e-11 -126770.63
-557602050000.0 0.23665364 5.5674736e-11 -71273.03
-556068040000.0 0.2360026 5.5674736e-11 -71273.03
-554534040000.0 0.23535155 5.5674736e-11 -71273.03
-553000040000.0 0.23470049 5.5674736e-11 -71273.03
-551466100000.0 0.23404948 8.706903e-11 -21398.893
-549932200000.0 0.23339845 8.706903e-11 -21398.893
-548398170000.0 0.23274739 8.706903e-11 -21398.893
-546864170000.0 0.23209634 8.706903e-11 -21398.893
-545330200000.0 0.23144531 1.2992095e-10 23719.623
-543796200000.0 0.23079427 1.2992095e-10 23719.623
-542262200000.0 0.23014322 1.2992095e-10 23719.623
-540728260000.0 0.22949219 1.2992095e-10 23719.623
-539194300000.0 0.22884116 1.8577287e-10 64378.44
-537660300000.0 0.22819011 1.8577287e-10 64378.44
-536126300000.0 0.22753906 1.8577287e-10 64378.44
-534592320000.0 0.22688803 1.8577287e-10 64378.44
-533058360000.0 0.22623697 2.5585487e-10 100767.39
-531524350000.0 0.22558592 2.5585487e-10 100767.39
-529990400000.0 0.22493489 2.5585487e-10 100767.39
-528456420000.0 0.22428386 2.5585487e-10 100767.39
-526922400000.0 0.22363281 3.405376e-10 134501.06
-525388400000.0 0.22298177 3.405376e-10 134501.06
-523854480000.0 0.22233073 3.405376e-10 134501.06
-522320480000.0 0.22167969 3.405376e-10 134501.06
-520786480000.0 0.22102864 4.3990359e-10 166068.47
-519252500000.0 0.22037761 4.3990359e-10 166068.47
-517718570000.0 0.21972658 4.3990359e-10 166068.47
-516184570000.0 0.21907552 4.3990359e-10 166068.47
-514650570000.0 0.21842447 5.5385696e-10 194180.7
-513116600000.0 0.21777344 5.5385696e-10 194180.7
-511582600000.0 0.21712239 5.5385696e-10 194180.7
-510048600000.0 0.21647134 5.5385696e-10 194180.7
-508514660000.0 0.21582031 6.822101e-10 220996.81
