morphology_data/1d_wb_a0.05_l2r2_00001.ecsv
# %ECSV 1.0
# ---
# datatype:
# - {name: b, datatype: float32}
# - {name: phase, datatype: float32}
# - {name: sigma, datatype: float32}
# - {name: vr, datatype: float32}
# meta: {lambda: 2, rp: 2.0, sep: 0.05, wind: b}
# schema: astropy-2.0
b phase sigma vr
[from data line 358]
-1256330200000.0 0.26660156 6.674986e-10 -3963128.0
-1253262400000.0 0.26595053 6.674986e-10 -3963128.0
-1250194500000.0 0.2652995 5.426545e-10 -4245434.5
-1247126500000.0 0.26464844 5.426545e-10 -4245434.5
-1244058500000.0 0.2639974 5.426545e-10 -4245434.5
-1240990500000.0 0.26334634 5.426545e-10 -4245434.5
-1237922500000.0 0.26269528 5.210418e-10 -4121927.8
-1234854500000.0 0.26204425 5.210418e-10 -4121927.8
-1231786600000.0 0.26139322 5.210418e-10 -4121927.8
-1228718700000.0 0.2607422 5.210418e-10 -4121927.8
-1225650700000.0 0.26009116 4.9934357e-10 -4165045.0
-1222582700000.0 0.2594401 4.9934357e-10 -4165045.0
-1219514900000.0 0.2587891 4.9934357e-10 -4165045.0
-1216446900000.0 0.25813803 4.9934357e-10 -4165045.0
-1213378900000.0 0.257487 4.978275e-10 -4149839.0
-1210310900000.0 0.2568359 4.978275e-10 -4149839.0
-1207243000000.0 0.2561849 4.978275e-10 -4149839.0
-1204175000000.0 0.25553384 4.978275e-10 -4149839.0
-1201107000000.0 0.2548828 5.079297e-10 -4066366.0
-1198039100000.0 0.25423178 5.079297e-10 -4066366.0
-1194971100000.0 0.25358072 5.079297e-10 -4066366.0
-1191903100000.0 0.2529297 5.079297e-10 -4066366.0
-1188835200000.0 0.25227866 5.112418e-10 -4078063.5
-1185767200000.0 0.25162762 5.112418e-10 -4078063.5
-1182699200000.0 0.25097656 5.112418e-10 -4078063.5
-1179631200000.0 0.2503255 5.112418e-10 -4078063.5
-1176563400000.0 0.24967448 5.6796357e-10 -3651335.5
-1173495300000.0 0.24902344 5.6796357e-10 -3651335.5
-1170427300000.0 0.24837239 5.6796357e-10 -3651335.5
-1167359500000.0 0.24772136 5.6796357e-10 -3651335.5
-1164291500000.0 0.2470703 6.0276256e-10 -3702321.0
-1161223500000.0 0.24641925 6.0276256e-10 -3702321.0
-1158155500000.0 0.2457682 6.0276256e-10 -3702321.0
-1155087600000.0 0.24511719 6.0276256e-10 -3702321.0
-1152019600000.0 0.24446614 6.62131e-10 -3244402.0
-1148951600000.0 0.2438151 6.62131e-10 -3244402.0
-1145883700000.0 0.24316406 6.62131e-10 -3244402.0
-1142815900000.0 0.24251305 6.62131e-10 -3244402.0
-1139747800000.0 0.241862 7.414654e-10 -3215276.0
-1136679800000.0 0.24121095 7.414654e-10 -3215276.0
-1133611800000.0 0.2405599 7.414654e-10 -3215276.0
-1130543800000.0 0.23990884 7.414654e-10 -3215276.0
-1127475800000.0 0.2392578 8.0066365e-10 -2893964.2
-1124408000000.0 0.23860677 8.0066365e-10 -2893964.2
-1121340100000.0 0.23795573 8.0066365e-10 -2893964.2
-1118272100000.0 0.23730469 8.0066365e-10 -2893964.2
-1115204100000.0 0.23665364 8.975137e-10 -2758977.0
-1112136100000.0 0.2360026 8.975137e-10 -2758977.0
-1109068100000.0 0.23535155 8.975137e-10 -2758977.0
-1106000100000.0 0.23470049 8.975137e-10 -2758977.0
-1102932200000.0 0.23404948 9.318436e-10 -2553672.5
-1099864300000.0 0.23339845 9.318436e-10 -2553672.5
-1096796340000.0 0.23274739 9.318436e-10 -2553672.5
-1093728340000.0 0.23209634 9.318436e-10 -2553672.5
-1090660400000.0 0.23144531 9.971601e-10 -2389260.2
-1087592400000.0 0.23079427 9.971601e-10 -2389260.2
-1084524400000.0 0.23014322 9.971601e-10 -2389260.2
-1081456500000.0 0.22949219 9.971601e-10 -2389260.2
-1078388600000.0 0.22884116 1.0355931e-09 -2276181.8
-1075320600000.0 0.22819011 1.0355931e-09 -2276181.8
-1072252600000.0 0.22753906 1.0355931e-09 -2276181.8
-1069184650000.0 0.22688803 1.0355931e-09 -2276181.8
-1066116700000.0 0.22623697 1.0735959e-09 -2158047.8
-1063048700000.0 0.22558592 1.0735959e-09 -2158047.8
-1059980800000.0 0.22493489 1.0735959e-09 -2158047.8
-1056912830000.0 0.22428386 1.0735959e-09 -2158047.8
-1053844800000.0 0.22363281 1.1237632e-09 -2111459.5
-1050776800000.0 0.22298177 1.1237632e-09 -2111459.5
-1047708960000.0 0.22233073 1.1237632e-09 -2111459.5
-1044640960000.0 0.22167969 1.1237632e-09 -2111459.5
-1041572950000.0 0.22102864 1.1426786e-09 -2043894.1
-1038505000000.0 0.22037761 1.1426786e-09 -2043894.1
-1035437150000.0 0.21972658 1.1426786e-09 -2043894.1
-1032369140000.0 0.21907552 1.1426786e-09 -2043894.1
-1029301140000.0 0.21842447 1.1848553e-09 -2040751.0
-1026233200000.0 0.21777344 1.1848553e-09 -2040751.0
-1023165200000.0 0.21712239 1.1848553e-09 -2040751.0
-1020097200000.0 0.21647134 1.1848553e-09 -2040751.0
-1017029300000.0 0.21582031 1.2013527e-09 -2001719.6
-1013961400000.0 0.21516928 1.2013527e-09 -2001719.6
-1010893400000.0 0.21451823 1.2013527e-09 -2001719.6
-1007825400000.0 0.21386719 1.2013527e-09 -2001719.6
-1004757450000.0 0.21321616 1.2361032e-09 -1990071.2
-1001689500000.0 0.2125651 1.2361032e-09 -1990071.2
-998621500000.0 0.21191405 1.2361032e-09 -1990071.2
-995553600000.0 0.21126302 1.2361032e-09 -1990071.2
-992485640000.0 0.21061198 1.2582578e-09 -1955799.1
-989417640000.0 0.20996094 1.2582578e-09 -1955799.1
-986349630000.0 0.20930989 1.2582578e-09 -1955799.1
-983281760000.0 0.20865886 1.2582578e-09 -1955799.1
-980213760000.0 0.20800781 1.2855675e-09 -1919749.1
-977145760000.0 0.20735677 1.2855675e-09 -1919749.1
-974077800000.0 0.20670573 1.2855675e-09 -1919749.1
-971009950000.0 0.2060547 1.2855675e-09 -1919749.1
-967941950000.0 0.20540364 1.3306867e-09 -1867756.1
-964873950000.0 0.2047526 1.3306867e-09 -1867756.1
-961806000000.0 0.20410156 1.3306867e-09 -1867756.1
-958738140000.0 0.20345053 1.3306867e-09 -1867756.1
-955670000000.0 0.20279947 1.3783541e-09 -1797265.2
-952602100000.0 0.20214844 1.3783541e-09 -1797265.2
-949534200000.0 0.2014974 1.3783541e-09 -1797265.2
-946466200000.0 0.20084636 1.3783541e-09 -1797265.2
-943398200000.0 0.20019531 1.4663802e-09 -1726089.6
-940330250000.0 0.19954428 1.4663802e-09 -1726089.6
-937262400000.0 0.19889325 1.4663802e-09 -1726089.6
-934194300000.0 0.19824217 1.4663802e-09 -1726089.6
-931126400000.0 0.19759114 1.5804248e-09 -1636716.6
-928058440000.0 0.19694011 1.5804248e-09 -1636716.6
-924990440000.0 0.19628906 1.5804248e-09 -1636716.6
-921922440000.0 0.19563802 1.5804248e-09 -1636716.6
-918854570000.0 0.19498698 1.777293e-09 -1543360.1
-915786600000.0 0.19433595 1.777293e-09 -1543360.1
-912718560000.0 0.19368488 1.777293e-09 -1543360.1
-909650600000.0 0.19303386 1.777293e-09 -1543360.1
-906582750000.0 0.19238283 1.9621613e-09 -1489120.9
-903514750000.0 0.19173177 1.9621613e-09 -1489120.9
-900446750000.0 0.19108072 1.9621613e-09 -1489120.9
-897378800000.0 0.19042969 1.9621613e-09 -1489120.9
-894310900000.0 0.18977866 2.1274895e-09 -1453465.4
-891242800000.0 0.1891276 2.1274895e-09 -1453465.4
-888174940000.0 0.18847656 2.1274895e-09 -1453465.4
-885107000000.0 0.18782553 2.1274895e-09 -1453465.4
-882039000000.0 0.18717448 2.2647557e-09 -1477824.1
-878971000000.0 0.18652342 2.2647557e-09 -1477824.1
-875903060000.0 0.1858724 2.2647557e-09 -1477824.1
-872835200000.0 0.18522137 2.2647557e-09 -1477824.1
-869767050000.0 0.1845703 2.3640951e-09 -1464512.0
-866699200000.0 0.18391927 2.3640951e-09 -1464512.0
-863631250000.0 0.18326823 2.3640951e-09 -1464512.0
-860563240000.0 0.18261719 2.3640951e-09 -1464512.0
-857495400000.0 0.18196616 2.4681408e-09 -1525979.6
-854427400000.0 0.18131511 2.4681408e-09 -1525979.6
-851359400000.0 0.18066408 2.4681408e-09 -1525979.6
-848291360000.0 0.180013 2.4681408e-09 -1525979.6
-845223400000.0 0.17936198 2.492369e-09 -1533403.5
-842155560000.0 0.17871095 2.492369e-09 -1533403.5
-839087400000.0 0.17805988 2.492369e-09 -1533403.5
-836019700000.0 0.17740889 2.492369e-09 -1533403.5
-832951600000.0 0.17675781 2.5477938e-09 -1655949.9
-829883550000.0 0.17610675 2.5477938e-09 -1655949.9
-826815800000.0 0.17545575 2.5477938e-09 -1655949.9
-823747740000.0 0.17480469 2.5477938e-09 -1655949.9
-820679600000.0 0.17415361 2.4946527e-09 -1734639.8
-817611870000.0 0.17350262 2.4946527e-09 -1734639.8
-814543800000.0 0.17285155 2.4946527e-09 -1734639.8
-811475860000.0 0.17220053 2.4946527e-09 -1734639.8
-808408000000.0 0.1715495 2.5195335e-09 -1919567.6
-805339860000.0 0.17089842 2.5195335e-09 -1919567.6
-802272000000.0 0.17024739 2.5195335e-09 -1919567.6
-799204050000.0 0.16959636 2.5195335e-09 -1919567.6
-796136000000.0 0.1689453 2.4738065e-09 -2045848.6
-793068240000.0 0.1682943 2.4738065e-09 -2045848.6
-790000200000.0 0.16764323 2.4738065e-09 -2045848.6
-786932040000.0 0.16699216 2.4738065e-09 -2045848.6
-783864370000.0 0.16634117 2.7214702e-09 -2261450.8
-780796200000.0 0.1656901 2.7214702e-09 -2261450.8
-777728160000.0 0.16503903 2.7214702e-09 -2261450.8
-774660400000.0 0.16438805 2.7214702e-09 -2261450.8
-771592360000.0 0.16373697 2.8151808e-09 -2380747.2
-768524400000.0 0.16308594 2.8151808e-09 -2380747.2
-765456500000.0 0.1624349 2.8151808e-09 -2380747.2
-762388400000.0 0.16178384 2.8151808e-09 -2380747.2
-759320540000.0 0.16113281 2.9223108e-09 -2536240.5
-756252600000.0 0.16048178 2.9223108e-09 -2536240.5
-753184540000.0 0.1598307 2.9223108e-09 -2536240.5
-750116800000.0 0.15917972 2.9223108e-09 -2536240.5
-747048670000.0 0.15852864 3.0207894e-09 -2697580.2
-743980600000.0 0.15787758 3.0207894e-09 -2697580.2
-740912860000.0 0.15722659 3.0207894e-09 -2697580.2
-737844800000.0 0.15657552 3.0207894e-09 -2697580.2
-734776700000.0 0.15592445 3.118982e-09 -2792965.8
-731709000000.0 0.15527347 3.118982e-09 -2792965.8
-728640850000.0 0.15462239 3.118982e-09 -2792965.8
-725573000000.0 0.15397136 3.118982e-09 -2792965.8
-722505040000.0 0.15332033 3.254258e-09 -2788534.0
-719437000000.0 0.15266925 3.254258e-09 -2788534.0
-716369040000.0 0.15201822 3.254258e-09 -2788534.0
-713301160000.0 0.1513672 3.254258e-09 -2788534.0
-710233000000.0 0.15071613 3.437213e-09 -2750388.5
-707165300000.0 0.15006512 3.437213e-09 -2750388.5
-704097200000.0 0.14941406 3.437213e-09 -2750388.5
-701029150000.0 0.148763 3.437213e-09 -2750388.5
-697961400000.0 0.148112 3.6381582e-09 -2718250.2
-694893300000.0 0.14746092 3.6381582e-09 -2718250.2
-691825200000.0 0.14680986 3.6381582e-09 -2718250.2
-688757500000.0 0.14615887 3.6381582e-09 -2718250.2
-685689400000.0 0.1455078 3.8124e-09 -2685149.8
-682621500000.0 0.14485677 3.8124e-09 -2685149.8
-679553600000.0 0.14420575 3.8124e-09 -2685149.8
-676485460000.0 0.14355466 3.8124e-09 -2685149.8
-673417600000.0 0.14290364 3.947923e-09 -2649311.5
-670349660000.0 0.14225261 3.947923e-09 -2649311.5
-667281600000.0 0.14160155 3.947923e-09 -2649311.5
-664213850000.0 0.14095055 3.947923e-09 -2649311.5
-661145800000.0 0.14029948 4.0414156e-09 -2625670.2
-658077650000.0 0.13964841 4.0414156e-09 -2625670.2
-655009900000.0 0.1389974 4.0414156e-09 -2625670.2
-651941840000.0 0.13834634 4.0414156e-09 -2625670.2
-648873800000.0 0.13769528 4.1048964e-09 -2613628.5
-645806000000.0 0.1370443 4.1048964e-09 -2613628.5
-642737960000.0 0.13639323 4.1048964e-09 -2613628.5
-639670000000.0 0.13574219 4.1048964e-09 -2613628.5
-636602100000.0 0.13509116 4.186603e-09 -2620559.5
-633534000000.0 0.1344401 4.186603e-09 -2620559.5
-630466100000.0 0.13378905 4.186603e-09 -2620559.5
-627398200000.0 0.13313803 4.186603e-09 -2620559.5
-624330150000.0 0.13248697 4.3251775e-09 -2637616.5
-621262400000.0 0.13183598 4.3251775e-09 -2637616.5
-618194300000.0 0.13118489 4.3251775e-09 -2637616.5
-615126200000.0 0.13053383 4.3251775e-09 -2637616.5
-612058460000.0 0.12988284 4.521456e-09 -2650016.5
-608990400000.0 0.12923177 4.521456e-09 -2650016.5
-605922260000.0 0.12858069 4.521456e-09 -2650016.5
-602854600000.0 0.12792972 4.521456e-09 -2650016.5
-599786460000.0 0.12727864 4.776911e-09 -2632756.8
-596718600000.0 0.12662761 4.776911e-09 -2632756.8
-593650650000.0 0.12597658 4.776911e-09 -2632756.8
-590582600000.0 0.1253255 4.776911e-09 -2632756.8
-587514640000.0 0.12467448 5.0187516e-09 -2593848.2
-584446800000.0 0.12402345 5.0187516e-09 -2593848.2
-581378640000.0 0.123372376 5.0187516e-09 -2593848.2
-578310900000.0 0.12272138 5.0187516e-09 -2593848.2
-575242800000.0 0.12207031 5.2054117e-09 -2545233.8
-572174760000.0 0.12141925 5.2054117e-09 -2545233.8
-569107000000.0 0.12076825 5.2054117e-09 -2545233.8
-566038900000.0 0.12011717 5.2054117e-09 -2545233.8
-562970800000.0 0.11946611 5.278411e-09 -2499066.2
-559903100000.0 0.118815124 5.278411e-09 -2499066.2
-556835000000.0 0.118164055 5.278411e-09 -2499066.2
-553767100000.0 0.11751302 5.278411e-09 -2499066.2
-550699200000.0 0.11686199 5.2594933e-09 -2457966.0
-547631100000.0 0.11621092 5.2594933e-09 -2457966.0
-544563200000.0 0.11555989 5.2594933e-09 -2457966.0
-541495260000.0 0.11490886 5.2594933e-09 -2457966.0
-538427200000.0 0.11425779 5.11653e-09 -2419523.5
-535359460000.0 0.113606796 5.11653e-09 -2419523.5
-532291350000.0 0.11295573 5.11653e-09 -2419523.5
-529223300000.0 0.11230466 5.11653e-09 -2419523.5
-526155550000.0 0.11165367 4.8542357e-09 -2423202.8
-523087450000.0 0.1110026 4.8542357e-09 -2423202.8
-520019350000.0 0.11035153 4.8542357e-09 -2423202.8
-516951640000.0 0.10970054 4.8542357e-09 -2423202.8
-513883540000.0 0.10904947 4.5470063e-09 -2457873.5
-510815630000.0 0.10839844 4.5470063e-09 -2457873.5
-507747730000.0 0.107747406 4.5470063e-09 -2457873.5
-504679630000.0 0.10709634 4.5470063e-09 -2457873.5
-501611720000.0 0.106445305 4.2865347e-09 -2473116.5
-498543820000.0 0.10579427 4.2865347e-09 -2473116.5
-495475720000.0 0.10514321 4.2865347e-09 -2473116.5
-492407980000.0 0.10449222 4.2865347e-09 -2473116.5
-489339900000.0 0.10384115 4.1239323e-09 -2442210.8
-486271800000.0 0.10319008 4.1239323e-09 -2442210.8
-483204070000.0 0.102539085 4.1239323e-09 -2442210.8
-480135970000.0 0.101888016 4.1239323e-09 -2442210.8
-477067900000.0 0.10123695 4.121991e-09 -2334035.8
-474000160000.0 0.10058595 4.121991e-09 -2334035.8
-470932060000.0 0.09993488 4.121991e-09 -2334035.8
-467864160000.0 0.09928385 4.121991e-09 -2334035.8
-464796250000.0 0.09863283 4.2901593e-09 -2193811.2
-461728150000.0 0.09798176 4.2901593e-09 -2193811.2
-458660250000.0 0.09733073 4.2901593e-09 -2193811.2
-455592350000.0 0.096679695 4.2901593e-09 -2193811.2
-452524240000.0 0.096028626 4.588152e-09 -2088027.9
-449456500000.0 0.09537763 4.588152e-09 -2088027.9
-446388440000.0 0.09472656 4.588152e-09 -2088027.9
-443320340000.0 0.09407549 4.588152e-09 -2088027.9
-440252600000.0 0.0934245 4.8970845e-09 -2084813.8
-437184530000.0 0.09277343 4.8970845e-09 -2084813.8
-434116430000.0 0.09212236 4.8970845e-09 -2084813.8
-431048700000.0 0.091471374 4.8970845e-09 -2084813.8
-427980620000.0 0.090820305 5.029992e-09 -2132339.8
-424912680000.0 0.09016927 5.029992e-09 -2132339.8
-421844780000.0 0.08951824 5.029992e-09 -2132339.8
-418776700000.0 0.08886717 5.029992e-09 -2132339.8
-415708770000.0 0.08821614 4.875825e-09 -2166253.5
-412640870000.0 0.08756511 4.875825e-09 -2166253.5
-409572800000.0 0.08691404 4.875825e-09 -2166253.5
-406505060000.0 0.086263046 4.875825e-09 -2166253.5
-403436960000.0 0.08561198 4.3600514e-09 -2095696.8
-400368860000.0 0.08496091 4.3600514e-09 -2095696.8
-397301150000.0 0.08430992 4.3600514e-09 -2095696.8
-394233050000.0 0.08365885 4.3600514e-09 -2095696.8
-391165150000.0 0.08300782 4.000222e-09 -2030564.5
-388097250000.0 0.08235679 4.000222e-09 -2030564.5
-385029140000.0 0.08170572 3.584825e-09 -1989577.4
-381961240000.0 0.08105469 3.584825e-09 -1989577.4
-378893340000.0 0.080403656 3.2662886e-09 -1938726.1
-375825240000.0 0.07975259 3.2662886e-09 -1938726.1
-372757500000.0 0.07910159 3.0370826e-09 -1869438.9
-369689400000.0 0.07845052 3.0370826e-09 -1869438.9
-366621330000.0 0.077799454 2.8741178e-09 -1813421.5
-363553600000.0 0.07714847 2.8741178e-09 -1813421.5
-360485500000.0 0.07649739 2.7675875e-09 -1786892.2
-357417420000.0 0.07584633 2.7675875e-09 -1786892.2
-354349680000.0 0.075195335 2.7328426e-09 -1783949.6
-351281580000.0 0.07454426 2.7328426e-09 -1783949.6
-348213670000.0 0.073893234 2.7536053e-09 -1812929.0
-345145770000.0 0.0732422 2.7536053e-09 -1812929.0
-342077670000.0 0.07259113 2.8065001e-09 -1865822.5
-339009770000.0 0.0719401 2.8065001e-09 -1865822.5
-335941860000.0 0.07128907 2.8581395e-09 -1942789.1
-332873760000.0 0.070638 2.8581395e-09 -1942789.1
-329806020000.0 0.06998701 2.8979819e-09 -2002865.5
-326737950000.0 0.069335945 2.8979819e-09 -2002865.5
-323669850000.0 0.068684876 2.925752e-09 -2014186.5
-320602100000.0 0.068033874 2.925752e-09 -2014186.5
-317534040000.0 0.06738281 2.9412126e-09 -1985584.8
-314465940000.0 0.06673174 2.9412126e-09 -1985584.8
