morphology_data/1d_wa_a0.025_l4r2_00001.ecsv
# %ECSV 1.0
# ---
# datatype:
# - {name: b, datatype: float32}
# - {name: phase, datatype: float32}
# - {name: sigma, datatype: float32}
# - {name: vr, datatype: float32}
# meta: {lambda: 4, rp: 2.0, sep: 0.025, wind: a}
# schema: astropy-2.0
b phase sigma vr
-1177330300000.0 0.49967447 2.9904954e-11 1884424.6
-1175796300000.0 0.49902344 2.9904954e-11 1884424.6
-1174262400000.0 0.4983724 2.9904954e-11 1884424.6
-1172728300000.0 0.49772134 2.9904954e-11 1884424.6
-1171194400000.0 0.4970703 2.961093e-11 1937691.9
-1169660400000.0 0.49641928 2.961093e-11 1937691.9
-1168126500000.0 0.49576828 2.961093e-11 1937691.9
-1166592400000.0 0.4951172 2.961093e-11 1937691.9
-1165058500000.0 0.4944662 3.0116885e-11 1978504.6
-1163524400000.0 0.49381506 3.0116885e-11 1978504.6
-1161990500000.0 0.4931641 3.0116885e-11 1978504.6
-1160456400000.0 0.49251297 3.0116885e-11 1978504.6
-1158922500000.0 0.49186197 3.1133242e-11 1970755.1
-1157388600000.0 0.49121094 3.1133242e-11 1970755.1
-1155854500000.0 0.49055988 3.1133242e-11 1970755.1
-1154320600000.0 0.48990884 3.1133242e-11 1970755.1
-1152786600000.0 0.4892578 3.2726506e-11 1921802.9
-1151252600000.0 0.48860675 3.2726506e-11 1921802.9
-1149718600000.0 0.48795572 3.2726506e-11 1921802.9
-1148184700000.0 0.4873047 3.2726506e-11 1921802.9
-1146650800000.0 0.48665366 3.465937e-11 1863023.4
-1145116700000.0 0.4860026 3.465937e-11 1863023.4
-1143582800000.0 0.48535156 3.465937e-11 1863023.4
-1142048800000.0 0.48470056 3.465937e-11 1863023.4
-1140514800000.0 0.48404947 3.668764e-11 1831829.4
-1138980800000.0 0.48339847 3.668764e-11 1831829.4
-1137446700000.0 0.48274735 3.668764e-11 1831829.4
-1135912800000.0 0.48209637 3.668764e-11 1831829.4
-1134378700000.0 0.48144525 3.867581e-11 1818131.9
-1132844800000.0 0.48079422 3.867581e-11 1818131.9
-1131310900000.0 0.48014325 3.867581e-11 1818131.9
-1129776800000.0 0.47949213 3.867581e-11 1818131.9
-1128242900000.0 0.47884113 4.0592606e-11 1805793.2
-1126709000000.0 0.4781901 4.0592606e-11 1805793.2
-1125175000000.0 0.47753906 4.0592606e-11 1805793.2
-1123640900000.0 0.476888 4.0592606e-11 1805793.2
-1122107000000.0 0.47623697 4.2242633e-11 1798118.2
-1120573000000.0 0.47558594 4.2242633e-11 1798118.2
-1119039100000.0 0.47493497 4.2242633e-11 1798118.2
-1117505000000.0 0.47428384 4.2242633e-11 1798118.2
-1115971100000.0 0.47363284 4.3444682e-11 1768937.9
-1114437000000.0 0.47298175 4.3444682e-11 1768937.9
-1112903100000.0 0.47233072 4.3444682e-11 1768937.9
-1111369200000.0 0.47167972 4.3444682e-11 1768937.9
-1109835100000.0 0.47102863 4.4469733e-11 1746295.2
-1108301200000.0 0.47037762 4.4469733e-11 1746295.2
-1106767100000.0 0.4697265 4.4469733e-11 1746295.2
-1105233200000.0 0.46907553 4.4469733e-11 1746295.2
-1103699200000.0 0.4684245 4.553168e-11 1726412.9
-1102165200000.0 0.46777344 4.553168e-11 1726412.9
-1100631200000.0 0.4671224 4.553168e-11 1726412.9
-1099097300000.0 0.46647137 4.553168e-11 1726412.9
-1097563400000.0 0.46582034 4.648286e-11 1733650.9
-1096029300000.0 0.46516925 4.648286e-11 1733650.9
-1094495400000.0 0.46451822 4.648286e-11 1733650.9
-1092961400000.0 0.4638672 4.648286e-11 1733650.9
-1091427400000.0 0.46321613 4.767642e-11 1715527.8
-1089893400000.0 0.4625651 4.767642e-11 1715527.8
-1088359400000.0 0.46191406 4.767642e-11 1715527.8
-1086825370000.0 0.461263 4.767642e-11 1715527.8
-1085291400000.0 0.46061197 4.9698353e-11 1673900.6
-1083757500000.0 0.45996094 4.9698353e-11 1673900.6
-1082223500000.0 0.4593099 4.9698353e-11 1673900.6
-1080689500000.0 0.45865884 4.9698353e-11 1673900.6
-1079155560000.0 0.4580078 5.2917826e-11 1707324.9
-1077621560000.0 0.45735678 5.2917826e-11 1707324.9
-1076087600000.0 0.45670575 5.2917826e-11 1707324.9
-1074553550000.0 0.4560547 5.2917826e-11 1707324.9
-1073019600000.0 0.45540366 5.68885e-11 1796240.8
-1071485700000.0 0.45475262 5.68885e-11 1796240.8
-1069951600000.0 0.45410153 5.68885e-11 1796240.8
-1068417700000.0 0.45345053 5.68885e-11 1796240.8
-1066883700000.0 0.4527995 6.067596e-11 1858340.5
-1065349700000.0 0.4521484 6.067596e-11 1858340.5
-1063815700000.0 0.45149738 6.067596e-11 1858340.5
-1062281740000.0 0.45084634 6.067596e-11 1858340.5
-1060747800000.0 0.4501953 6.3047144e-11 1846553.2
-1059213740000.0 0.44954425 6.3047144e-11 1846553.2
-1057679800000.0 0.44889322 6.3047144e-11 1846553.2
-1056145870000.0 0.4482422 6.3047144e-11 1846553.2
-1054611870000.0 0.44759116 6.449913e-11 1788624.2
-1053077860000.0 0.4469401 6.449913e-11 1788624.2
-1051543860000.0 0.44628906 6.449913e-11 1788624.2
-1050009900000.0 0.44563803 6.449913e-11 1788624.2
-1048475860000.0 0.44498697 6.5911214e-11 1730435.0
-1046941900000.0 0.44433594 6.5911214e-11 1730435.0
-1045408000000.0 0.4436849 6.5911214e-11 1730435.0
-1043873900000.0 0.44303384 6.5911214e-11 1730435.0
-1042340000000.0 0.4423828 6.890848e-11 1639996.2
-1040806000000.0 0.44173178 6.890848e-11 1639996.2
-1039272050000.0 0.44108075 6.890848e-11 1639996.2
-1037738000000.0 0.44042966 6.890848e-11 1639996.2
-1036204050000.0 0.43977866 7.2982426e-11 1519490.6
-1034670100000.0 0.43912762 7.2982426e-11 1519490.6
-1033136200000.0 0.4384766 7.2982426e-11 1519490.6
-1031602100000.0 0.4378255 7.2982426e-11 1519490.6
-1030068200000.0 0.43717447 7.822472e-11 1381670.5
-1028534200000.0 0.43652344 7.822472e-11 1381670.5
-1027000200000.0 0.43587238 7.822472e-11 1381670.5
-1025466200000.0 0.43522134 7.822472e-11 1381670.5
-1023932240000.0 0.4345703 8.405853e-11 1219257.4
-1022398200000.0 0.43391925 8.405853e-11 1219257.4
-1020864230000.0 0.43326822 8.405853e-11 1219257.4
-1019330300000.0 0.4326172 8.405853e-11 1219257.4
-1017796300000.0 0.43196616 9.018816e-11 1031076.75
-1016262300000.0 0.4313151 9.018816e-11 1031076.75
-1014728300000.0 0.43066406 9.018816e-11 1031076.75
-1013194360000.0 0.43001303 9.018816e-11 1031076.75
-1011660400000.0 0.429362 9.614556e-11 852649.8
-1010126360000.0 0.42871094 9.614556e-11 852649.8
-1008592400000.0 0.4280599 9.614556e-11 852649.8
-1007058500000.0 0.42740887 9.614556e-11 852649.8
-1005524400000.0 0.42675778 1.0272623e-10 718984.06
-1003990500000.0 0.42610675 1.0272623e-10 718984.06
-1002456500000.0 0.42545575 1.0272623e-10 718984.06
-1000922500000.0 0.42480466 1.0272623e-10 718984.06
-999388500000.0 0.42415363 1.1037205e-10 630754.94
-997854540000.0 0.4235026 1.1037205e-10 630754.94
-996320600000.0 0.42285156 1.1037205e-10 630754.94
-994786600000.0 0.42220053 1.1037205e-10 630754.94
-993252600000.0 0.42154947 1.184125e-10 579750.9
-991718700000.0 0.42089844 1.184125e-10 579750.9
-990184700000.0 0.4202474 1.184125e-10 579750.9
-988650700000.0 0.41959634 1.184125e-10 579750.9
-987116670000.0 0.4189453 1.2643978e-10 552677.06
-985582700000.0 0.41829428 1.2643978e-10 552677.06
-984048660000.0 0.41764322 1.2643978e-10 552677.06
-982514700000.0 0.4169922 1.2643978e-10 552677.06
-980980800000.0 0.41634116 1.3466586e-10 547359.56
-979446700000.0 0.4156901 1.3466586e-10 547359.56
-977912860000.0 0.4150391 1.3466586e-10 547359.56
-976378800000.0 0.41438803 1.3466586e-10 547359.56
-974844800000.0 0.41373694 1.426793e-10 539913.06
-973310900000.0 0.41308597 1.426793e-10 539913.06
-971776850000.0 0.41243488 1.426793e-10 539913.06
-970242900000.0 0.41178387 1.426793e-10 539913.06
-968709000000.0 0.41113284 1.4992063e-10 515980.56
-967174900000.0 0.41048175 1.4992063e-10 515980.56
-965641000000.0 0.40983072 1.4992063e-10 515980.56
-964107000000.0 0.4091797 1.4992063e-10 515980.56
-962573000000.0 0.40852863 1.564844e-10 483787.88
-961039000000.0 0.4078776 1.564844e-10 483787.88
-959505040000.0 0.40722656 1.564844e-10 483787.88
-957971000000.0 0.4065755 1.564844e-10 483787.88
-956437100000.0 0.4059245 1.6358725e-10 445403.62
-954903100000.0 0.40527344 1.6358725e-10 445403.62
-953369030000.0 0.40462238 1.6358725e-10 445403.62
-951835160000.0 0.40397137 1.6358725e-10 445403.62
-950301100000.0 0.4033203 1.7260215e-10 411170.03
-948767160000.0 0.40266928 1.7260215e-10 411170.03
-947233200000.0 0.40201825 1.7260215e-10 411170.03
-945699160000.0 0.4013672 1.7260215e-10 411170.03
-944165200000.0 0.40071616 1.8416811e-10 383353.7
-942631300000.0 0.40006512 1.8416811e-10 383353.7
-941097200000.0 0.39941403 1.8416811e-10 383353.7
-939563300000.0 0.398763 1.8416811e-10 383353.7
-938029300000.0 0.39811197 1.9957838e-10 372486.03
-936495300000.0 0.3974609 1.9957838e-10 372486.03
-934961400000.0 0.39680994 1.9957838e-10 372486.03
-933427350000.0 0.39615884 1.9957838e-10 372486.03
-931893400000.0 0.3955078 2.1824688e-10 370687.1
-930359400000.0 0.39485678 2.1824688e-10 370687.1
-928825400000.0 0.39420572 2.1824688e-10 370687.1
-927291400000.0 0.3935547 2.1824688e-10 370687.1
-925757500000.0 0.39290366 2.3921237e-10 376882.2
-924223500000.0 0.3922526 2.3921237e-10 376882.2
-922689500000.0 0.39160156 2.3921237e-10 376882.2
-921155530000.0 0.39095053 2.3921237e-10 376882.2
-919621500000.0 0.39029947 2.622545e-10 396931.38
-918087500000.0 0.38964844 2.622545e-10 396931.38
-916553600000.0 0.3889974 2.622545e-10 396931.38
-915019500000.0 0.38834634 2.622545e-10 396931.38
-913485660000.0 0.38769534 2.8844835e-10 438251.88
-911951600000.0 0.38704428 2.8844835e-10 438251.88
-910417660000.0 0.38639325 2.8844835e-10 438251.88
-908883700000.0 0.38574222 2.8844835e-10 438251.88
-907349660000.0 0.38509113 3.2147993e-10 498157.2
-905815700000.0 0.3844401 3.2147993e-10 498157.2
-904281700000.0 0.3837891 3.2147993e-10 498157.2
-902747700000.0 0.383138 3.2147993e-10 498157.2
-901213800000.0 0.38248697 3.6746628e-10 580914.06
-899679800000.0 0.38183594 3.6746628e-10 580914.06
-898145800000.0 0.38118488 3.6746628e-10 580914.06
-896611800000.0 0.38053384 3.6746628e-10 580914.06
-895077840000.0 0.3798828 4.288761e-10 687385.9
-893543800000.0 0.37923175 4.288761e-10 687385.9
-892009900000.0 0.37858075 4.288761e-10 687385.9
-890475900000.0 0.3779297 4.288761e-10 687385.9
-888941900000.0 0.37727866 5.150937e-10 800460.75
-887408000000.0 0.37662762 5.150937e-10 800460.75
-885873900000.0 0.37597656 5.150937e-10 800460.75
-884339970000.0 0.37532553 5.150937e-10 800460.75
-882806000000.0 0.3746745 6.3051375e-10 929746.5
-881271960000.0 0.37402344 6.3051375e-10 929746.5
-879738000000.0 0.3733724 6.3051375e-10 929746.5
-878204100000.0 0.37272137 6.3051375e-10 929746.5
-876670000000.0 0.37207028 7.835036e-10 1064421.8
-875136100000.0 0.37141925 7.835036e-10 1064421.8
-873602100000.0 0.37076822 7.835036e-10 1064421.8
-872068100000.0 0.37011716 7.835036e-10 1064421.8
-870534200000.0 0.3694662 9.875979e-10 1186856.6
-869000150000.0 0.3688151 9.875979e-10 1186856.6
-867466200000.0 0.36816406 9.875979e-10 1186856.6
-865932200000.0 0.36751303 9.875979e-10 1186856.6
-864398200000.0 0.36686197 1.2657635e-09 1287553.1
-862864200000.0 0.36621094 1.2657635e-09 1287553.1
-861330300000.0 0.3655599 1.2657635e-09 1287553.1
-859796200000.0 0.36490884 1.2657635e-09 1287553.1
-858262300000.0 0.3642578 1.6465258e-09 1366139.9
-856728340000.0 0.36360678 1.6465258e-09 1366139.9
-855194300000.0 0.36295572 1.6465258e-09 1366139.9
-853660340000.0 0.3623047 1.6465258e-09 1366139.9
-852126400000.0 0.36165366 2.1470346e-09 1422317.6
-850592330000.0 0.3610026 2.1470346e-09 1422317.6
-849058460000.0 0.3603516 2.1470346e-09 1422317.6
-847524400000.0 0.35970053 2.1470346e-09 1422317.6
-845990460000.0 0.3590495 2.79046e-09 1450613.1
-844456500000.0 0.35839847 2.79046e-09 1450613.1
-842922460000.0 0.35774738 2.79046e-09 1450613.1
-841388500000.0 0.35709634 2.79046e-09 1450613.1
-839854500000.0 0.3564453 3.593803e-09 1455615.6
-838320500000.0 0.35579425 3.593803e-09 1455615.6
-836786600000.0 0.35514322 3.593803e-09 1455615.6
-835252600000.0 0.3544922 3.593803e-09 1455615.6
-833718600000.0 0.35384113 4.5596438e-09 1443964.1
-832184600000.0 0.3531901 4.5596438e-09 1443964.1
-830650650000.0 0.35253906 4.5596438e-09 1443964.1
-829116600000.0 0.351888 4.5596438e-09 1443964.1
-827582700000.0 0.351237 5.673157e-09 1418558.1
-826048700000.0 0.35058594 5.673157e-09 1418558.1
-824514700000.0 0.3499349 5.673157e-09 1418558.1
-822980800000.0 0.34928387 5.673157e-09 1418558.1
-821446700000.0 0.3486328 6.9210726e-09 1383854.9
-819912800000.0 0.34798178 6.9210726e-09 1383854.9
-818378830000.0 0.34733075 6.9210726e-09 1383854.9
-816844800000.0 0.3466797 6.9210726e-09 1383854.9
-815310800000.0 0.34602866 8.292986e-09 1344626.9
-813776900000.0 0.34537762 8.292986e-09 1344626.9
-812242800000.0 0.34472653 8.292986e-09 1344626.9
-810708900000.0 0.3440755 8.292986e-09 1344626.9
-809174900000.0 0.34342447 9.7735535e-09 1303294.9
-807640900000.0 0.3427734 9.7735535e-09 1303294.9
-806107000000.0 0.3421224 9.7735535e-09 1303294.9
-804572950000.0 0.34147134 9.7735535e-09 1303294.9
-803039000000.0 0.3408203 1.1334105e-08 1263540.9
-801505000000.0 0.34016928 1.1334105e-08 1263540.9
-799971000000.0 0.33951822 1.1334105e-08 1263540.9
-798437000000.0 0.3388672 1.1334105e-08 1263540.9
-796903100000.0 0.33821616 1.29330635e-08 1228218.2
-795369000000.0 0.3375651 1.29330635e-08 1228218.2
-793835100000.0 0.33691406 1.29330635e-08 1228218.2
-792301140000.0 0.33626303 1.29330635e-08 1228218.2
-790767100000.0 0.33561197 1.4530211e-08 1198442.2
-789233140000.0 0.33496094 1.4530211e-08 1198442.2
-787699200000.0 0.3343099 1.4530211e-08 1198442.2
-786165200000.0 0.33365887 1.4530211e-08 1198442.2
-784631200000.0 0.3330078 1.6105934e-08 1173553.5
-783097200000.0 0.33235678 1.6105934e-08 1173553.5
-781563270000.0 0.33170575 1.6105934e-08 1173553.5
-780029300000.0 0.33105472 1.6105934e-08 1173553.5
-778495260000.0 0.33040363 1.7646368e-08 1152426.0
-776961300000.0 0.3297526 1.7646368e-08 1152426.0
-775427300000.0 0.32910156 1.7646368e-08 1152426.0
-773893300000.0 0.3284505 1.7646368e-08 1152426.0
-772359300000.0 0.32779947 1.9138435e-08 1134090.9
-770825400000.0 0.32714844 1.9138435e-08 1134090.9
-769291400000.0 0.32649738 1.9138435e-08 1134090.9
-767757400000.0 0.32584634 1.9138435e-08 1134090.9
-766223450000.0 0.3251953 2.05768e-08 1117194.9
-764689500000.0 0.32454428 2.05768e-08 1117194.9
-763155450000.0 0.32389322 2.05768e-08 1117194.9
-761621500000.0 0.3232422 2.05768e-08 1117194.9
-760087500000.0 0.32259116 2.1937947e-08 1103013.8
-758553600000.0 0.32194012 2.1937947e-08 1103013.8
-757019500000.0 0.32128906 2.1937947e-08 1103013.8
-755485600000.0 0.32063803 2.1937947e-08 1103013.8
-753951640000.0 0.319987 2.3217082e-08 1091097.0
-752417600000.0 0.31933594 2.3217082e-08 1091097.0
-750883640000.0 0.3186849 2.3217082e-08 1091097.0
-749349700000.0 0.31803387 2.3217082e-08 1091097.0
-747815700000.0 0.31738284 2.443967e-08 1080588.5
-746281700000.0 0.31673178 2.443967e-08 1080588.5
-744747700000.0 0.31608072 2.443967e-08 1080588.5
-743213760000.0 0.3154297 2.443967e-08 1080588.5
-741679700000.0 0.31477863 2.5615611e-08 1072712.6
-740145760000.0 0.3141276 2.5615611e-08 1072712.6
-738611800000.0 0.31347656 2.5615611e-08 1072712.6
-737077800000.0 0.31282553 2.5615611e-08 1072712.6
-735543800000.0 0.31217447 2.6761864e-08 1067349.9
-734009800000.0 0.3115234 2.6761864e-08 1067349.9
-732475900000.0 0.3108724 2.6761864e-08 1067349.9
-730941800000.0 0.3102213 2.6761864e-08 1067349.9
-729407900000.0 0.3095703 2.7856846e-08 1064781.6
-727873950000.0 0.30891928 2.7856846e-08 1064781.6
-726339940000.0 0.30826822 2.7856846e-08 1064781.6
-724805940000.0 0.3076172 2.7856846e-08 1064781.6
-723272000000.0 0.30696616 2.892687e-08 1064057.9
-721738000000.0 0.30631512 2.892687e-08 1064057.9
-720204000000.0 0.30566406 2.892687e-08 1064057.9
-718670000000.0 0.30501303 2.892687e-08 1064057.9
-717136100000.0 0.304362 2.993929e-08 1065523.1
-715602100000.0 0.30371094 2.993929e-08 1065523.1
-714068070000.0 0.30305988 2.993929e-08 1065523.1
-712534100000.0 0.30240884 2.993929e-08 1065523.1
-711000100000.0 0.3017578 3.088526e-08 1068068.4
-709466100000.0 0.30110675 3.088526e-08 1068068.4
-707932100000.0 0.30045572 3.088526e-08 1068068.4
-706398200000.0 0.2998047 3.088526e-08 1068068.4
-704864200000.0 0.29915366 3.174237e-08 1072362.4
-703330200000.0 0.2985026 3.174237e-08 1072362.4
-701796250000.0 0.29785156 3.174237e-08 1072362.4
-700262300000.0 0.29720056 3.174237e-08 1072362.4
-698728250000.0 0.29654947 3.2570398e-08 1078695.9
-697194300000.0 0.29589847 3.2570398e-08 1078695.9
-695660300000.0 0.2952474 3.2570398e-08 1078695.9
-694126300000.0 0.29459634 3.2570398e-08 1078695.9
