morphology_data/1d_wc_a0.025_l8r0.5_00001.ecsv
# %ECSV 1.0
# ---
# datatype:
# - {name: b, datatype: float32}
# - {name: phase, datatype: float32}
# - {name: sigma, datatype: float32}
# - {name: vr, datatype: float32}
# meta: {lambda: 8, rp: 0.5, sep: 0.025, wind: c}
# schema: astropy-2.0
b phase sigma vr
[from data line 622]
-223194220000.0 0.09472656 3.5711237e-10 -972882.75
-221660170000.0 0.09407549 3.5711237e-10 -972882.75
-220126300000.0 0.0934245 3.2930086e-10 -990275.6
-218592260000.0 0.09277343 3.2930086e-10 -990275.6
-217058210000.0 0.09212236 3.2930086e-10 -990275.6
-215524340000.0 0.091471374 3.2930086e-10 -990275.6
-213990310000.0 0.090820305 3.3614045e-10 -1261954.6
-212456340000.0 0.09016927 3.3614045e-10 -1261954.6
-210922390000.0 0.08951824 3.3614045e-10 -1261954.6
-209388360000.0 0.08886717 3.3614045e-10 -1261954.6
-207854390000.0 0.08821614 3.540584e-10 -1489099.4
-206320440000.0 0.08756511 3.540584e-10 -1489099.4
-204786400000.0 0.08691404 3.540584e-10 -1489099.4
-203252530000.0 0.086263046 3.540584e-10 -1489099.4
-201718480000.0 0.08561198 3.8317205e-10 -961642.6
-200184430000.0 0.08496091 3.8317205e-10 -961642.6
-198650580000.0 0.08430992 3.8317205e-10 -961642.6
-197116530000.0 0.08365885 3.8317205e-10 -961642.6
-195582570000.0 0.08300782 5.3874394e-10 -7987.6396
-194048620000.0 0.08235679 5.3874394e-10 -7987.6396
-192514570000.0 0.08170572 5.50111e-10 -128702.67
-190980620000.0 0.08105469 5.50111e-10 -128702.67
-189446670000.0 0.080403656 5.74492e-10 -111553.24
-187912620000.0 0.07975259 5.74492e-10 -111553.24
-186378750000.0 0.07910159 6.112885e-10 -87527.17
-184844700000.0 0.07845052 6.112885e-10 -87527.17
-183310660000.0 0.077799454 6.582686e-10 -7426.1885
-181776800000.0 0.07714847 6.582686e-10 -7426.1885
-180242740000.0 0.07649739 7.0899947e-10 157163.8
-178708710000.0 0.07584633 7.0899947e-10 157163.8
-177174840000.0 0.075195335 7.577443e-10 328697.8
-175640790000.0 0.07454426 7.577443e-10 328697.8
-174106840000.0 0.073893234 7.9626306e-10 390471.72
-172572880000.0 0.0732422 7.9626306e-10 390471.72
-171038830000.0 0.07259113 8.3410145e-10 308692.12
-169504880000.0 0.0719401 8.3410145e-10 308692.12
-167970930000.0 0.07128907 8.948893e-10 130114.61
-166436880000.0 0.070638 8.948893e-10 130114.61
-164903010000.0 0.06998701 9.830975e-10 -52345.508
-163368980000.0 0.069335945 9.830975e-10 -52345.508
-161834930000.0 0.068684876 1.0675272e-09 -180501.56
-160301060000.0 0.068033874 1.0675272e-09 -180501.56
-158767020000.0 0.06738281 1.1005608e-09 -317787.34
-157232970000.0 0.06673174 1.1005608e-09 -317787.34
-155699100000.0 0.06608075 1.0390084e-09 -448216.66
-154165070000.0 0.06542969 1.0390084e-09 -448216.66
-152631100000.0 0.06477865 9.053872e-10 -104938.57
-151097150000.0 0.06412762 9.053872e-10 -104938.57
-149563110000.0 0.063476555 8.11065e-10 495827.53
-148029150000.0 0.062825516 8.11065e-10 495827.53
-146495200000.0 0.062174488 7.463661e-10 680957.3
-144961160000.0 0.061523426 7.5117057e-10 647952.9
-143427290000.0 0.060872428 7.694203e-10 635042.3
-141893240000.0 0.06022136 8.1033896e-10 693867.44
-140359190000.0 0.059570286 8.7301016e-10 800517.1
-138825330000.0 0.058919296 9.616463e-10 964901.25
-137291284000.0 0.058268227 1.0805427e-09 1202715.4
-135757240000.0 0.057617158 1.224101e-09 1475915.4
-134223370000.0 0.056966167 1.378975e-09 1741546.2
-132689330000.0 0.056315098 1.5427494e-09 1982832.6
-131155370000.0 0.055664066 1.7263829e-09 2180268.2
-129621420000.0 0.055013034 1.9114004e-09 2342480.0
-128087376000.0 0.05436197 2.087462e-09 2451925.0
-126553416000.0 0.053710938 2.1450255e-09 2384094.5
-125019460000.0 0.053059906 2.0208684e-09 2047575.1
-123485420000.0 0.052408837 1.836044e-09 1537609.6
-121951550000.0 0.051757842 1.7070338e-09 1013602.8
-120417510000.0 0.051106777 1.6308679e-09 615684.7
-118883460000.0 0.050455708 1.5856372e-09 482446.22
-117349600000.0 0.049804714 1.627388e-09 436263.2
-115815555000.0 0.049153645 1.718035e-09 293731.03
-114281505000.0 0.048502576 1.7567607e-09 -31960.193
-112747640000.0 0.047851585 1.6743167e-09 -573094.1
-111213590000.0 0.047200516 1.5107078e-09 -1178731.0
-109679640000.0 0.046549484 1.3718756e-09 -1494224.0
-108145690000.0 0.045898452 1.3284248e-09 -1508009.6
-106611640000.0 0.045247383 1.3470292e-09 -1482129.8
-105077690000.0 0.04459635 1.3824164e-09 -1470369.4
-103543734000.0 0.043945324 1.4184158e-09 -1451165.8
-102009680000.0 0.043294255 1.4443373e-09 -1445031.5
-100475820000.0 0.04264326 1.4629818e-09 -1418094.2
-98941770000.0 0.04199219 1.5006614e-09 -1389153.9
-97407730000.0 0.041341122 1.5725693e-09 -1365347.9
-95873870000.0 0.04069013 1.6833223e-09 -1337221.0
-94339820000.0 0.040039062 1.8358549e-09 -1282437.0
-92805775000.0 0.039387994 2.0695126e-09 -1206848.0
-91271905000.0 0.038736995 2.331268e-09 -1144939.9
-89737860000.0 0.03808593 2.5785585e-09 -1113747.5
-88203910000.0 0.0374349 2.782576e-09 -1105695.1
-86669950000.0 0.03678387 2.9632983e-09 -1094756.5
-85135910000.0 0.0361328 3.1007228e-09 -1106259.6
-83601960000.0 0.035481773 3.1730039e-09 -1123401.4
-82068000000.0 0.034830738 3.2218057e-09 -1117718.5
-80533955000.0 0.03417967 3.2964038e-09 -1077087.8
-79000084000.0 0.033528678 3.3889578e-09 -1002558.3
-77466040000.0 0.03287761 3.52432e-09 -886657.44
-75932000000.0 0.03222654 3.708305e-09 -741068.2
-74398130000.0 0.031575546 3.899493e-09 -612128.0
-72864090000.0 0.030924477 4.0712225e-09 -606150.1
-71330050000.0 0.030273411 4.1533816e-09 -613099.75
-69796176000.0 0.029622415 4.403157e-09 -602618.06
-68262130000.0 0.028971346 4.7856754e-09 -603457.8
-66728178000.0 0.028320316 4.942156e-09 -665114.75
-65194220000.0 0.027669284 4.9082547e-09 -697934.25
-63660175000.0 0.027018217 4.740834e-09 -729194.7
-62126220000.0 0.026367186 4.5227675e-09 -804937.06
-60592263000.0 0.025716154 4.329594e-09 -846994.25
-59058220000.0 0.025065087 4.359067e-09 -898105.06
-57524355000.0 0.024414092 4.4909703e-09 -911651.5
-55990310000.0 0.023763025 4.4004906e-09 -791549.4
-54456267000.0 0.023111956 4.35138e-09 -756161.75
-52922400000.0 0.022460962 4.3053583e-09 -764488.06
-51388355000.0 0.021809895 4.3401243e-09 -760150.56
-49854310000.0 0.021158826 4.207986e-09 -799069.06
-48320442000.0 0.020507833 4.249277e-09 -848317.0
-46786400000.0 0.019856764 4.328071e-09 -884186.56
-45252444000.0 0.019205732 4.4156288e-09 -912489.2
-43718490000.0 0.018554702 4.555207e-09 -939258.8
-42184440000.0 0.017903633 5.164514e-09 -867971.7
-40650486000.0 0.017252602 6.153221e-09 -629912.44
-39116534000.0 0.016601572 6.753347e-09 -500250.75
-37582488000.0 0.015950503 6.4372996e-09 -405279.6
-36048620000.0 0.015299509 6.6859713e-09 -138064.56
-34514575000.0 0.014648439 6.2927747e-09 -394717.47
-32980531000.0 0.013997372 6.3537273e-09 -487237.03
-31446665000.0 0.013346379 6.658775e-09 -493462.8
-29912621000.0 0.012695311 6.0792122e-09 -456883.5
-28378577000.0 0.012044242 6.4219625e-09 -259524.33
-26844710000.0 0.011393248 8.1613845e-09 -146117.92
-25310667000.0 0.01074218 9.394724e-09 -87644.516
-23776710000.0 0.010091149 1.0417317e-08 -68489.46
-22242755000.0 0.009440118 1.0738521e-08 119848.734
-20708710000.0 0.008789049 1.1751731e-08 229533.31
-19174754000.0 0.008138019 1.3723204e-08 309780.78
-17640800000.0 0.0074869874 1.5031247e-08 312241.7
-16106755000.0 0.006835919 1.6163725e-08 266350.2
-14572889000.0 0.006184926 1.6419868e-08 119090.37
-13038844000.0 0.0055338573 1.675162e-08 38027.08
-11504800000.0 0.0048827888 1.8337607e-08 -27759.828
-9970934000.0 0.0042317957 2.0667962e-08 -56341.58
-8436888600.0 0.0035807267 2.587826e-08 -51080.2
-6902844000.0 0.0029296577 3.777231e-08 -16190.395
-5368978000.0 0.0022786648 7.468304e-08 25147.045
-3834933000.0 0.0016275961 2.7131114e-07 13172.459
3834933000.0 -0.0016275961 4.4211367e-07 -72011.41
5368978000.0 -0.0022786648 9.02064e-08 -198489.17
6902844000.0 -0.0029296577 3.6134676e-08 -308655.12
8436888600.0 -0.0035807267 1.6136413e-08 -456408.8
9970934000.0 -0.0042317957 5.710004e-10 -1539193.4
11504800000.0 -0.0048827888 nan nan
13038844000.0 -0.0055338573 nan nan
14572889000.0 -0.006184926 nan nan
16106755000.0 -0.006835919 nan nan
17640800000.0 -0.0074869874 nan nan
19174754000.0 -0.008138019 nan nan
20708710000.0 -0.008789049 nan nan
22242755000.0 -0.009440118 nan nan
23776710000.0 -0.010091149 nan nan
25310667000.0 -0.01074218 nan nan
26844710000.0 -0.011393248 nan nan
28378577000.0 -0.012044242 nan nan
29912621000.0 -0.012695311 nan nan
31446665000.0 -0.013346379 nan nan
32980531000.0 -0.013997372 nan nan
34514575000.0 -0.014648439 nan nan
36048620000.0 -0.015299509 nan nan
37582488000.0 -0.015950503 nan nan
39116534000.0 -0.016601572 nan nan
40650486000.0 -0.017252602 nan nan
42184440000.0 -0.017903633 nan nan
43718490000.0 -0.018554702 nan nan
45252444000.0 -0.019205732 nan nan
46786400000.0 -0.019856764 nan nan
48320442000.0 -0.020507833 nan nan
49854310000.0 -0.021158826 nan nan
51388355000.0 -0.021809895 nan nan
52922400000.0 -0.022460962 nan nan
54456267000.0 -0.023111956 nan nan
55990310000.0 -0.023763025 nan nan
57524355000.0 -0.024414092 nan nan
59058220000.0 -0.025065087 nan nan
60592263000.0 -0.025716154 nan nan
62126220000.0 -0.026367186 nan nan
63660175000.0 -0.027018217 nan nan
65194220000.0 -0.027669284 nan nan
66728178000.0 -0.028320316 nan nan
68262130000.0 -0.028971346 nan nan
69796176000.0 -0.029622415 nan nan
71330050000.0 -0.030273411 nan nan
72864090000.0 -0.030924477 nan nan
74398130000.0 -0.031575546 nan nan
75932000000.0 -0.03222654 nan nan
77466040000.0 -0.03287761 nan nan
79000084000.0 -0.033528678 nan nan
80533955000.0 -0.03417967 nan nan
82068000000.0 -0.034830738 nan nan
83601960000.0 -0.035481773 nan nan
85135910000.0 -0.0361328 nan nan
86669950000.0 -0.03678387 nan nan
88203910000.0 -0.0374349 nan nan
89737860000.0 -0.03808593 nan nan
91271905000.0 -0.038736995 nan nan
92805775000.0 -0.039387994 nan nan
94339820000.0 -0.040039062 nan nan
95873870000.0 -0.04069013 nan nan
97407730000.0 -0.041341122 nan nan
98941770000.0 -0.04199219 nan nan
100475820000.0 -0.04264326 nan nan
102009680000.0 -0.043294255 nan nan
103543734000.0 -0.043945324 nan nan
105077690000.0 -0.04459635 nan nan
106611640000.0 -0.045247383 nan nan
108145690000.0 -0.045898452 nan nan
109679640000.0 -0.046549484 nan nan
111213590000.0 -0.047200516 nan nan
112747640000.0 -0.047851585 nan nan
114281505000.0 -0.048502576 nan nan
115815555000.0 -0.049153645 nan nan
117349600000.0 -0.049804714 nan nan
118883460000.0 -0.050455708 nan nan
120417510000.0 -0.051106777 nan nan
121951550000.0 -0.051757842 nan nan
123485420000.0 -0.052408837 nan nan
125019460000.0 -0.053059906 nan nan
126553416000.0 -0.053710938 nan nan
128087376000.0 -0.05436197 nan nan
129621420000.0 -0.055013034 nan nan
131155370000.0 -0.055664066 nan nan
132689330000.0 -0.056315098 nan nan
134223370000.0 -0.056966167 nan nan
135757240000.0 -0.057617158 nan nan
137291284000.0 -0.058268227 nan nan
138825330000.0 -0.058919296 nan nan
140359190000.0 -0.059570286 nan nan
141893240000.0 -0.06022136 nan nan
143427290000.0 -0.060872428 nan nan
144961160000.0 -0.061523426 nan nan
146495200000.0 -0.062174488 nan nan
148029150000.0 -0.062825516 nan nan
149563110000.0 -0.063476555 nan nan
151097150000.0 -0.06412762 nan nan
152631100000.0 -0.06477865 nan nan
154165070000.0 -0.06542969 nan nan
155699100000.0 -0.06608075 nan nan
157232970000.0 -0.06673174 nan nan
158767020000.0 -0.06738281 nan nan
160301060000.0 -0.068033874 nan nan
161834930000.0 -0.068684876 nan nan
163368980000.0 -0.069335945 nan nan
164903010000.0 -0.06998701 nan nan
166436880000.0 -0.070638 nan nan
167970930000.0 -0.07128907 nan nan
169504880000.0 -0.0719401 nan nan
171038830000.0 -0.07259113 nan nan
172572880000.0 -0.0732422 nan nan
174106840000.0 -0.073893234 nan nan
175640790000.0 -0.07454426 nan nan
177174840000.0 -0.075195335 nan nan
178708710000.0 -0.07584633 nan nan
180242740000.0 -0.07649739 nan nan
181776800000.0 -0.07714847 nan nan
183310660000.0 -0.077799454 nan nan
184844700000.0 -0.07845052 nan nan
186378750000.0 -0.07910159 nan nan
187912620000.0 -0.07975259 nan nan
189446670000.0 -0.080403656 nan nan
190980620000.0 -0.08105469 nan nan
192514570000.0 -0.08170572 nan nan
194048620000.0 -0.08235679 nan nan
195582570000.0 -0.08300782 nan nan
197116530000.0 -0.08365885 nan nan
198650580000.0 -0.08430992 nan nan
200184430000.0 -0.08496091 nan nan
201718480000.0 -0.08561198 nan nan
203252530000.0 -0.086263046 nan nan
204786400000.0 -0.08691404 nan nan
206320440000.0 -0.08756511 nan nan
207854390000.0 -0.08821614 nan nan
209388360000.0 -0.08886717 nan nan
210922390000.0 -0.08951824 nan nan
212456340000.0 -0.09016927 nan nan
213990310000.0 -0.090820305 nan nan
215524340000.0 -0.091471374 nan nan
217058210000.0 -0.09212236 nan nan
218592260000.0 -0.09277343 nan nan
220126300000.0 -0.0934245 nan nan
221660170000.0 -0.09407549 nan nan
223194220000.0 -0.09472656 nan nan
224728250000.0 -0.09537763 nan nan
226262120000.0 -0.096028626 nan nan
227796170000.0 -0.096679695 nan nan
229330120000.0 -0.09733073 nan nan
230864080000.0 -0.09798176 nan nan
232398130000.0 -0.09863283 nan nan
233932080000.0 -0.09928385 nan nan
235466030000.0 -0.09993488 nan nan
237000080000.0 -0.10058595 nan nan
238533950000.0 -0.10123695 nan nan
240067990000.0 -0.101888016 nan nan
241602040000.0 -0.102539085 nan nan
243135900000.0 -0.10319008 nan nan
244669960000.0 -0.10384115 nan nan
246203990000.0 -0.10449222 nan nan
247737860000.0 -0.10514321 nan nan
249271910000.0 -0.10579427 nan nan
250805860000.0 -0.106445305 nan nan
252339810000.0 -0.10709634 nan nan
253873860000.0 -0.107747406 nan nan
255407820000.0 -0.10839844 nan nan
256941770000.0 -0.10904947 nan nan
258475820000.0 -0.10970054 nan nan
260009670000.0 -0.11035153 nan nan
261543720000.0 -0.1110026 nan nan
263077770000.0 -0.11165367 nan nan
264611640000.0 -0.11230466 nan nan
266145680000.0 -0.11295573 nan nan
267679730000.0 -0.113606796 nan nan
269213600000.0 -0.11425779 nan nan
270747630000.0 -0.11490886 nan nan
272281600000.0 -0.11555989 nan nan
273815550000.0 -0.11621092 nan nan
275349600000.0 -0.11686199 nan nan
276883540000.0 -0.11751302 nan nan
278417500000.0 -0.118164055 nan nan
279951540000.0 -0.118815124 nan nan
281485400000.0 -0.11946611 nan nan
283019440000.0 -0.12011717 nan nan
284553500000.0 -0.12076825 nan nan
286087380000.0 -0.12141925 nan nan
287621400000.0 -0.12207031 nan nan
289155450000.0 -0.12272138 nan nan
290689320000.0 -0.123372376 nan nan
292223400000.0 -0.12402345 nan nan
293757320000.0 -0.12467448 nan nan
295291300000.0 -0.1253255 nan nan
296825320000.0 -0.12597658 nan nan
298359300000.0 -0.12662761 nan nan
299893230000.0 -0.12727864 nan nan
301427300000.0 -0.12792972 nan nan
302961130000.0 -0.12858069 nan nan
304495200000.0 -0.12923177 nan nan
306029230000.0 -0.12988284 nan nan
307563100000.0 -0.13053383 nan nan
309097140000.0 -0.13118489 nan nan
310631200000.0 -0.13183598 nan nan
312165070000.0 -0.13248697 nan nan
313699100000.0 -0.13313803 nan nan
315233040000.0 -0.13378905 nan nan
316767000000.0 -0.1344401 nan nan
318301040000.0 -0.13509116 nan nan
319835000000.0 -0.13574219 nan nan
321368980000.0 -0.13639323 nan nan
322903000000.0 -0.1370443 nan nan
324436900000.0 -0.13769528 nan nan
325970920000.0 -0.13834634 nan nan
327504950000.0 -0.1389974 nan nan
329038820000.0 -0.13964841 nan nan
330572900000.0 -0.14029948 nan nan
332106920000.0 -0.14095055 nan nan
333640800000.0 -0.14160155 nan nan
335174830000.0 -0.14225261 nan nan
336708900000.0 -0.14290369 nan nan
338242730000.0 -0.14355466 nan nan
339776800000.0 -0.14420575 nan nan
341310830000.0 -0.14485681 nan nan
342844700000.0 -0.1455078 nan nan
344378570000.0 -0.1461588 nan nan
345912800000.0 -0.14680995 nan nan
347446640000.0 -0.14746092 nan nan
348980500000.0 -0.14811192 nan nan
350514740000.0 -0.14876308 nan nan
352048600000.0 -0.14941406 nan nan
353582480000.0 -0.15006506 nan nan
355116700000.0 -0.1507162 nan nan
356650580000.0 -0.1513672 nan nan
358184420000.0 -0.15201817 nan nan
359718650000.0 -0.15266933 nan nan
361252520000.0 -0.15332033 nan nan
362786400000.0 -0.15397131 nan nan
364320420000.0 -0.15462239 nan nan
365854500000.0 -0.15527347 nan nan
367388360000.0 -0.15592445 nan nan
368922400000.0 -0.15657552 nan nan
370456430000.0 -0.15722659 nan nan
371990300000.0 -0.15787758 nan nan
373524330000.0 -0.15852864 nan nan
375058400000.0 -0.15917972 nan nan
