morphology_data/1d_wb_a0.05_l2r0.5_00001.ecsv
# %ECSV 1.0
# ---
# datatype:
# - {name: b, datatype: float32}
# - {name: phase, datatype: float32}
# - {name: sigma, datatype: float32}
# - {name: vr, datatype: float32}
# meta: {lambda: 2, rp: 0.5, sep: 0.05, wind: b}
# schema: astropy-2.0
b phase sigma vr
[from data line 1038]
836019700000.0 -0.17740889 nan nan
839087400000.0 -0.17805988 nan nan
842155560000.0 -0.17871095 nan nan
845223600000.0 -0.17936201 nan nan
848291360000.0 -0.180013 nan nan
851359100000.0 -0.180664 nan nan
854427500000.0 -0.18131514 nan nan
857495240000.0 -0.18196614 nan nan
860563000000.0 -0.18261713 nan nan
863631440000.0 -0.18326828 nan nan
866699200000.0 -0.18391927 nan nan
869766900000.0 -0.18457027 nan nan
872835400000.0 -0.1852214 nan nan
875903060000.0 -0.1858724 nan nan
878970800000.0 -0.1865234 nan nan
882039260000.0 -0.18717454 nan nan
885107000000.0 -0.18782553 nan nan
888174740000.0 -0.18847652 nan nan
891242800000.0 -0.1891276 nan nan
894310900000.0 -0.18977866 nan nan
897378600000.0 -0.19042966 nan nan
900446750000.0 -0.19108072 nan nan
903514800000.0 -0.1917318 nan nan
906582560000.0 -0.19238278 nan nan
909650600000.0 -0.19303386 nan nan
912718760000.0 -0.19368492 nan nan
915786400000.0 -0.19433591 nan nan
918854570000.0 -0.19498698 nan nan
921922630000.0 -0.19563805 nan nan
924990400000.0 -0.19628905 nan nan
928058440000.0 -0.19694011 nan nan
931126600000.0 -0.19759119 nan nan
934194300000.0 -0.19824217 nan nan
937262000000.0 -0.19889317 nan nan
940330450000.0 -0.19954431 nan nan
943398200000.0 -0.20019531 nan nan
946465900000.0 -0.2008463 nan nan
949534400000.0 -0.20149745 nan nan
952602100000.0 -0.20214844 nan nan
955669800000.0 -0.20279942 nan nan
958738300000.0 -0.20345058 nan nan
961806000000.0 -0.20410156 nan nan
964873750000.0 -0.20475256 nan nan
967942200000.0 -0.2054037 nan nan
971009950000.0 -0.2060547 nan nan
974077700000.0 -0.20670569 nan nan
977145760000.0 -0.20735677 nan nan
980213800000.0 -0.20800783 nan nan
983281570000.0 -0.20865881 nan nan
986349630000.0 -0.20930989 nan nan
989417770000.0 -0.20996095 nan nan
992485500000.0 -0.21061195 nan nan
995553600000.0 -0.21126302 nan nan
998621640000.0 -0.21191409 nan nan
1001689400000.0 -0.21256508 nan nan
1004757450000.0 -0.21321616 nan nan
1007825600000.0 -0.21386722 nan nan
1010893300000.0 -0.2145182 nan nan
1013961400000.0 -0.21516928 nan nan
1017029460000.0 -0.21582034 nan nan
1020097200000.0 -0.21647134 nan nan
1023164940000.0 -0.21712233 nan nan
1026233400000.0 -0.21777348 nan nan
1029301140000.0 -0.21842447 nan nan
1032368900000.0 -0.21907547 nan nan
1035437300000.0 -0.2197266 nan nan
1038505000000.0 -0.22037761 nan nan
1041572760000.0 -0.2210286 nan nan
1044641200000.0 -0.22167975 nan nan
1047708960000.0 -0.22233073 nan nan
1050776700000.0 -0.22298172 nan nan
1053845100000.0 -0.22363287 nan nan
1056912830000.0 -0.22428386 nan nan
1059980600000.0 -0.22493486 nan nan
1063048700000.0 -0.22558592 nan nan
1066116800000.0 -0.226237 nan nan
1069184500000.0 -0.22688799 nan nan
1072252600000.0 -0.22753906 nan nan
1075320650000.0 -0.22819012 nan nan
1078388400000.0 -0.22884111 nan nan
1081456500000.0 -0.22949219 nan nan
1084524600000.0 -0.23014325 nan nan
1087592330000.0 -0.23079425 nan nan
1090660400000.0 -0.23144531 nan nan
1093728530000.0 -0.23209639 nan nan
1096796200000.0 -0.23274738 nan nan
1099864300000.0 -0.23339845 nan nan
1102932500000.0 -0.23404953 nan nan
1106000100000.0 -0.23470049 nan nan
1109067800000.0 -0.23535149 nan nan
1112136400000.0 -0.23600265 nan nan
1115204100000.0 -0.23665364 nan nan
1118271800000.0 -0.23730463 nan nan
1121340200000.0 -0.23795578 nan nan
1124408000000.0 -0.23860677 nan nan
1127475700000.0 -0.23925777 nan nan
1130544100000.0 -0.2399089 nan nan
1133611800000.0 -0.2405599 nan nan
1136679600000.0 -0.2412109 nan nan
1139748100000.0 -0.24186206 nan nan
1142815900000.0 -0.24251305 nan nan
1145883500000.0 -0.243164 nan nan
1148951600000.0 -0.2438151 nan nan
1152019700000.0 -0.24446616 nan nan
1155087500000.0 -0.24511716 nan nan
1158155500000.0 -0.2457682 nan nan
1161223600000.0 -0.2464193 nan nan
1164291300000.0 -0.24707028 nan nan
1167359500000.0 -0.24772136 nan nan
1170427500000.0 -0.24837242 nan nan
1173495200000.0 -0.24902342 nan nan
1176563400000.0 -0.24967448 nan nan
1179631500000.0 -0.25032556 nan nan
1182699200000.0 -0.25097656 nan nan
1185767200000.0 -0.25162762 nan nan
1188835400000.0 -0.2522787 nan nan
1191903100000.0 -0.2529297 nan nan
1194970800000.0 -0.25358066 nan nan
1198039200000.0 -0.2542318 nan nan
1201107000000.0 -0.2548828 nan nan
1204174700000.0 -0.2555338 nan nan
1207243100000.0 -0.25618494 nan nan
1210310900000.0 -0.2568359 nan nan
1213378600000.0 -0.25748694 nan nan
1216447100000.0 -0.25813806 nan nan
1219514900000.0 -0.2587891 nan nan
1222582600000.0 -0.2594401 nan nan
1225651000000.0 -0.26009122 nan nan
1228718700000.0 -0.2607422 nan nan
1231786500000.0 -0.2613932 nan nan
1234854500000.0 -0.26204425 nan nan
1237922600000.0 -0.26269534 nan nan
1240990400000.0 -0.2633463 nan nan
1244058500000.0 -0.2639974 nan nan
1247126500000.0 -0.26464844 nan nan
1250194200000.0 -0.26529944 nan nan
1253262400000.0 -0.26595053 nan nan
1256330500000.0 -0.2666016 nan nan
1259398200000.0 -0.2672526 nan nan
1262466200000.0 -0.26790366 nan nan
1265534400000.0 -0.26855472 nan nan
1268602100000.0 -0.26920572 nan nan
1271670200000.0 -0.2698568 nan nan
1274738200000.0 -0.27050784 nan nan
1277806000000.0 -0.27115884 nan nan
1280873700000.0 -0.27180985 nan nan
1283942100000.0 -0.27246097 nan nan
1287009900000.0 -0.27311197 nan nan
1290077600000.0 -0.27376294 nan nan
1293146100000.0 -0.27441412 nan nan
1296213900000.0 -0.2750651 nan nan
1299281600000.0 -0.27571613 nan nan
1302350000000.0 -0.27636725 nan nan
1305417700000.0 -0.27701825 nan nan
1308485500000.0 -0.27766922 nan nan
1311553900000.0 -0.27832037 nan nan
1314621600000.0 -0.27897137 nan nan
1317689400000.0 -0.27962235 nan nan
1320757500000.0 -0.28027344 nan nan
1323825600000.0 -0.28092453 nan nan
1326893200000.0 -0.28157547 nan nan
1329961400000.0 -0.28222656 nan nan
1333029500000.0 -0.28287762 nan nan
1336097200000.0 -0.28352863 nan nan
1339165200000.0 -0.28417966 nan nan
1342233400000.0 -0.28483075 nan nan
1345301100000.0 -0.28548175 nan nan
1348369300000.0 -0.28613284 nan nan
1351437300000.0 -0.28678387 nan nan
1354505000000.0 -0.28743488 nan nan
1357573100000.0 -0.28808594 nan nan
1360641300000.0 -0.28873703 nan nan
1363709000000.0 -0.28938803 nan nan
1366776600000.0 -0.29003897 nan nan
1369845100000.0 -0.29069015 nan nan
1372912900000.0 -0.29134116 nan nan
1375980600000.0 -0.29199213 nan nan
1379049000000.0 -0.29264328 nan nan
1382116800000.0 -0.29329428 nan nan
1385184500000.0 -0.29394525 nan nan
1388252900000.0 -0.2945964 nan nan
1391320600000.0 -0.2952474 nan nan
1394388400000.0 -0.2958984 nan nan
1397456900000.0 -0.29654956 nan nan
1400524600000.0 -0.29720056 nan nan
1403592400000.0 -0.29785153 nan nan
1406660400000.0 -0.2985026 nan nan
1409728500000.0 -0.29915366 nan nan
1412796300000.0 -0.29980466 nan nan
1415864300000.0 -0.30045572 nan nan
1418932400000.0 -0.30110678 nan nan
1422000100000.0 -0.30175778 nan nan
1425068300000.0 -0.30240884 nan nan
1428136300000.0 -0.3030599 nan nan
1431204000000.0 -0.3037109 nan nan
1434272100000.0 -0.304362 nan nan
1437340300000.0 -0.30501306 nan nan
1440408000000.0 -0.30566406 nan nan
1443476000000.0 -0.30631512 nan nan
1446544100000.0 -0.3069662 nan nan
1449611900000.0 -0.3076172 nan nan
1452679600000.0 -0.30826816 nan nan
1455748000000.0 -0.3089193 nan nan
1458815800000.0 -0.3095703 nan nan
1461883500000.0 -0.3102213 nan nan
1464951900000.0 -0.31087244 nan nan
1468019600000.0 -0.3115234 nan nan
1471087400000.0 -0.31217444 nan nan
1474155900000.0 -0.3128256 nan nan
1477223600000.0 -0.31347656 nan nan
1480291400000.0 -0.3141276 nan nan
1483359800000.0 -0.31477872 nan nan
1486427500000.0 -0.3154297 nan nan
1489495300000.0 -0.3160807 nan nan
1492563400000.0 -0.31673178 nan nan
1495631400000.0 -0.31738284 nan nan
1498699100000.0 -0.3180338 nan nan
1501767300000.0 -0.3186849 nan nan
1504835300000.0 -0.31933597 nan nan
1507903000000.0 -0.31998697 nan nan
1510971100000.0 -0.32063803 nan nan
1514039300000.0 -0.3212891 nan nan
1517107000000.0 -0.3219401 nan nan
1520175000000.0 -0.32259116 nan nan
1523243200000.0 -0.32324222 nan nan
1526310900000.0 -0.32389322 nan nan
1529379000000.0 -0.32454428 nan nan
1532447000000.0 -0.32519534 nan nan
1535514800000.0 -0.32584634 nan nan
1538582500000.0 -0.32649735 nan nan
1541651000000.0 -0.3271485 nan nan
1544718600000.0 -0.32779947 nan nan
1547786400000.0 -0.32845047 nan nan
1550854900000.0 -0.32910162 nan nan
1553922700000.0 -0.3297526 nan nan
1556990400000.0 -0.3304036 nan nan
1560058800000.0 -0.33105475 nan nan
1563126500000.0 -0.33170575 nan nan
1566194300000.0 -0.33235672 nan nan
1569262400000.0 -0.3330078 nan nan
1572330400000.0 -0.33365887 nan nan
1575398100000.0 -0.33430985 nan nan
1578466300000.0 -0.33496094 nan nan
1581534400000.0 -0.335612 nan nan
1584602000000.0 -0.336263 nan nan
1587670200000.0 -0.33691406 nan nan
1590738300000.0 -0.33756512 nan nan
1593806000000.0 -0.33821613 nan nan
1596874000000.0 -0.3388672 nan nan
1599942200000.0 -0.33951825 nan nan
1603009900000.0 -0.34016925 nan nan
1606078000000.0 -0.3408203 nan nan
1609146000000.0 -0.3414714 nan nan
1612213800000.0 -0.34212238 nan nan
1615281500000.0 -0.34277338 nan nan
1618350000000.0 -0.34342453 nan nan
1621417800000.0 -0.3440755 nan nan
1624485400000.0 -0.3447265 nan nan
1627553900000.0 -0.34537765 nan nan
1630621700000.0 -0.34602866 nan nan
1633689400000.0 -0.34667963 nan nan
1636757800000.0 -0.34733078 nan nan
1639825500000.0 -0.34798178 nan nan
1642893300000.0 -0.34863275 nan nan
1645961700000.0 -0.3492839 nan nan
1649029400000.0 -0.3499349 nan nan
1652097200000.0 -0.3505859 nan nan
1655165300000.0 -0.35123697 nan nan
1658233400000.0 -0.35188803 nan nan
1661301200000.0 -0.35253903 nan nan
1664369200000.0 -0.3531901 nan nan
1667437300000.0 -0.35384116 nan nan
1670505000000.0 -0.35449216 nan nan
1673573200000.0 -0.35514322 nan nan
1676641200000.0 -0.3557943 nan nan
1679708900000.0 -0.35644528 nan nan
1682777000000.0 -0.35709634 nan nan
1685845000000.0 -0.35774744 nan nan
1688912800000.0 -0.3583984 nan nan
1691980900000.0 -0.3590495 nan nan
1695049000000.0 -0.35970056 nan nan
1698116800000.0 -0.36035156 nan nan
1701184500000.0 -0.36100253 nan nan
1704252900000.0 -0.3616537 nan nan
1707320700000.0 -0.3623047 nan nan
1710388400000.0 -0.36295566 nan nan
1713456800000.0 -0.3636068 nan nan
1716524500000.0 -0.3642578 nan nan
1719592300000.0 -0.3649088 nan nan
1722660800000.0 -0.36555994 nan nan
1725728400000.0 -0.36621094 nan nan
1728796200000.0 -0.36686194 nan nan
1731864700000.0 -0.3675131 nan nan
1734932400000.0 -0.36816406 nan nan
1738000200000.0 -0.36881506 nan nan
1741068200000.0 -0.36946613 nan nan
1744136300000.0 -0.3701172 nan nan
1747204000000.0 -0.3707682 nan nan
1750272200000.0 -0.37141925 nan nan
1753340200000.0 -0.37207034 nan nan
1756407900000.0 -0.3727213 nan nan
1759476000000.0 -0.3733724 nan nan
1762544200000.0 -0.37402347 nan nan
1765611800000.0 -0.37467447 nan nan
1768679900000.0 -0.37532553 nan nan
1771748000000.0 -0.3759766 nan nan
1774815800000.0 -0.3766276 nan nan
1777883800000.0 -0.37727866 nan nan
1780952000000.0 -0.37792972 nan nan
1784019700000.0 -0.37858072 nan nan
1787087400000.0 -0.37923172 nan nan
1790155800000.0 -0.37988284 nan nan
1793223600000.0 -0.38053384 nan nan
1796291300000.0 -0.38118485 nan nan
1799359800000.0 -0.381836 nan nan
1802427600000.0 -0.38248697 nan nan
1805495200000.0 -0.38313797 nan nan
1808563700000.0 -0.38378912 nan nan
1811631400000.0 -0.3844401 nan nan
1814699200000.0 -0.3850911 nan nan
1817767600000.0 -0.38574225 nan nan
1820835300000.0 -0.38639325 nan nan
1823903000000.0 -0.38704422 nan nan
1826971200000.0 -0.3876953 nan nan
1830039200000.0 -0.38834637 nan nan
1833106900000.0 -0.38899738 nan nan
1836175000000.0 -0.38964844 nan nan
1839243200000.0 -0.3902995 nan nan
1842311000000.0 -0.3909505 nan nan
1845379000000.0 -0.39160156 nan nan
1848447100000.0 -0.39225262 nan nan
1851514800000.0 -0.39290363 nan nan
1854582800000.0 -0.3935547 nan nan
1857651000000.0 -0.39420575 nan nan
1860718700000.0 -0.39485675 nan nan
1863786800000.0 -0.3955078 nan nan
1866854800000.0 -0.3961589 nan nan
1869922600000.0 -0.39680988 nan nan
1872990300000.0 -0.39746088 nan nan
1876058800000.0 -0.39811203 nan nan
1879126600000.0 -0.398763 nan nan
1882194300000.0 -0.399414 nan nan
1885262700000.0 -0.40006515 nan nan
1888330400000.0 -0.40071616 nan nan
1891398200000.0 -0.40136713 nan nan
1894466600000.0 -0.40201828 nan nan
1897534300000.0 -0.40266928 nan nan
1900602000000.0 -0.40332028 nan nan
1903670500000.0 -0.4039714 nan nan
1906738200000.0 -0.4046224 nan nan
1909806000000.0 -0.4052734 nan nan
1912874100000.0 -0.40592447 nan nan
1915942200000.0 -0.40657553 nan nan
1919010000000.0 -0.40722653 nan nan
1922078000000.0 -0.4078776 nan nan
1925146100000.0 -0.40852866 nan nan
1928213800000.0 -0.40917966 nan nan
1931282000000.0 -0.40983072 nan nan
1934350000000.0 -0.4104818 nan nan
1937417700000.0 -0.41113278 nan nan
1940485800000.0 -0.41178387 nan nan
1943553800000.0 -0.41243494 nan nan
1946621600000.0 -0.4130859 nan nan
1949689700000.0 -0.413737 nan nan
1952757800000.0 -0.41438806 nan nan
1955825600000.0 -0.41503906 nan nan
1958893300000.0 -0.41569003 nan nan
1961961700000.0 -0.4163412 nan nan
1965029500000.0 -0.4169922 nan nan
1968097200000.0 -0.4176432 nan nan
1971165600000.0 -0.4182943 nan nan
1974233300000.0 -0.4189453 nan nan
1977301100000.0 -0.4195963 nan nan
1980369600000.0 -0.42024744 nan nan
1983437300000.0 -0.42089844 nan nan
1986505000000.0 -0.42154944 nan nan
1989573500000.0 -0.4222006 nan nan
1992641200000.0 -0.42285156 nan nan
1995709000000.0 -0.42350256 nan nan
1998777000000.0 -0.42415363 nan nan
2001845100000.0 -0.42480472 nan nan
2004912800000.0 -0.4254557 nan nan
2007981000000.0 -0.42610675 nan nan
2011049000000.0 -0.42675784 nan nan
2014116700000.0 -0.4274088 nan nan
2017184800000.0 -0.4280599 nan nan
2020253000000.0 -0.42871097 nan nan
2023320700000.0 -0.42936197 nan nan
2026388700000.0 -0.43001303 nan nan
2029456900000.0 -0.4306641 nan nan
2032524600000.0 -0.4313151 nan nan
2035592600000.0 -0.43196616 nan nan
2038660700000.0 -0.43261722 nan nan
2041728500000.0 -0.43326822 nan nan
2044796200000.0 -0.43391922 nan nan
2047864600000.0 -0.43457034 nan nan
2050932300000.0 -0.43522134 nan nan
2054000100000.0 -0.43587235 nan nan
2057068600000.0 -0.4365235 nan nan
2060136300000.0 -0.43717447 nan nan
2063204100000.0 -0.43782547 nan nan
2066272500000.0 -0.43847662 nan nan
2069340200000.0 -0.43912762 nan nan
2072408000000.0 -0.4397786 nan nan
2075476400000.0 -0.44042975 nan nan
2078544100000.0 -0.44108075 nan nan
2081611800000.0 -0.44173172 nan nan
2084680000000.0 -0.4423828 nan nan
2087748000000.0 -0.44303387 nan nan
2090815700000.0 -0.44368488 nan nan
2093883900000.0 -0.44433594 nan nan
2096952000000.0 -0.444987 nan nan
2100019700000.0 -0.445638 nan nan
2103087700000.0 -0.44628906 nan nan
2106155900000.0 -0.44694012 nan nan
2109223600000.0 -0.44759113 nan nan
2112291700000.0 -0.4482422 nan nan
2115359700000.0 -0.44889325 nan nan
2118427500000.0 -0.44954425 nan nan
2121495600000.0 -0.4501953 nan nan
2124563600000.0 -0.4508464 nan nan
2127631400000.0 -0.45149738 nan nan
2130699100000.0 -0.45214838 nan nan
2133767600000.0 -0.45279953 nan nan
2136835400000.0 -0.45345053 nan nan
2139903100000.0 -0.4541015 nan nan
2142971500000.0 -0.45475265 nan nan
2146039200000.0 -0.45540366 nan nan
2149107000000.0 -0.45605463 nan nan
2152175400000.0 -0.45670578 nan nan
2155243100000.0 -0.45735678 nan nan
2158310900000.0 -0.45800778 nan nan
2161379400000.0 -0.4586589 nan nan
2164447000000.0 -0.4593099 nan nan
2167514700000.0 -0.4599609 nan nan
2170582900000.0 -0.46061197 nan nan
2173651000000.0 -0.46126303 nan nan
2176718700000.0 -0.46191403 nan nan
2179786700000.0 -0.4625651 nan nan
2182854900000.0 -0.46321616 nan nan
2185922600000.0 -0.46386716 nan nan
2188990700000.0 -0.46451822 nan nan
2192058700000.0 -0.4651693 nan nan
2195126500000.0 -0.46582028 nan nan
2198194600000.0 -0.46647137 nan nan
2201262800000.0 -0.46712244 nan nan
2204330400000.0 -0.46777344 nan nan
2207398500000.0 -0.4684245 nan nan
2210466600000.0 -0.46907556 nan nan
