morphology_data/1d_wa_a0.025_l8r1_00001.ecsv
# %ECSV 1.0
# ---
# datatype:
# - {name: b, datatype: float32}
# - {name: phase, datatype: float32}
# - {name: sigma, datatype: float32}
# - {name: vr, datatype: float32}
# meta: {lambda: 8, rp: 1.0, sep: 0.025, wind: a}
# schema: astropy-2.0
b phase sigma vr
[from data line 438]
-505446700000.0 0.21451823 6.822101e-10 220996.81
-503912700000.0 0.21386719 6.822101e-10 220996.81
-502378730000.0 0.21321616 8.246308e-10 245776.58
-500844760000.0 0.2125651 8.246308e-10 245776.58
-499310760000.0 0.21191405 8.246308e-10 245776.58
-497776800000.0 0.21126302 8.246308e-10 245776.58
-496242820000.0 0.21061198 9.825084e-10 268603.4
-494708820000.0 0.20996094 9.825084e-10 268603.4
-493174820000.0 0.20930989 9.825084e-10 268603.4
-491640880000.0 0.20865886 9.825084e-10 268603.4
-490106880000.0 0.20800781 1.1575959e-09 291103.06
-488572880000.0 0.20735677 1.1575959e-09 291103.06
-487038900000.0 0.20670573 1.1575959e-09 291103.06
-485504970000.0 0.2060547 1.1575959e-09 291103.06
-483970970000.0 0.20540364 1.351764e-09 312587.4
-482436970000.0 0.2047526 1.351764e-09 312587.4
-480903000000.0 0.20410156 1.351764e-09 312587.4
-479369070000.0 0.20345053 1.351764e-09 312587.4
-477835000000.0 0.20279947 1.56904e-09 335424.94
-476301070000.0 0.20214844 1.56904e-09 335424.94
-474767100000.0 0.2014974 1.56904e-09 335424.94
-473233100000.0 0.20084636 1.56904e-09 335424.94
-471699100000.0 0.20019531 1.813725e-09 358318.97
-470165130000.0 0.19954428 1.813725e-09 358318.97
-468631200000.0 0.19889325 1.813725e-09 358318.97
-467097160000.0 0.19824217 1.813725e-09 358318.97
-465563200000.0 0.19759114 2.0912958e-09 382605.5
-464029220000.0 0.19694011 2.0912958e-09 382605.5
-462495220000.0 0.19628906 2.0912958e-09 382605.5
-460961220000.0 0.19563802 2.0912958e-09 382605.5
-459427280000.0 0.19498698 2.404081e-09 408531.7
-457893300000.0 0.19433595 2.404081e-09 408531.7
-456359280000.0 0.19368488 2.404081e-09 408531.7
-454825300000.0 0.19303386 2.404081e-09 408531.7
-453291380000.0 0.19238283 2.7584526e-09 435914.94
-451757380000.0 0.19173177 2.7584526e-09 435914.94
-450223370000.0 0.19108072 2.7584526e-09 435914.94
-448689400000.0 0.19042969 2.7584526e-09 435914.94
-447155440000.0 0.18977866 3.1566585e-09 464097.6
-445621400000.0 0.1891276 3.1566585e-09 464097.6
-444087470000.0 0.18847656 3.1566585e-09 464097.6
-442553500000.0 0.18782553 3.1566585e-09 464097.6
-441019500000.0 0.18717448 3.5987446e-09 491788.0
-439485500000.0 0.18652342 3.5987446e-09 491788.0
-437951530000.0 0.1858724 3.5987446e-09 491788.0
-436417600000.0 0.18522137 3.5987446e-09 491788.0
-434883530000.0 0.1845703 4.0895642e-09 519907.12
-433349600000.0 0.18391927 4.0895642e-09 519907.12
-431815620000.0 0.18326823 4.0895642e-09 519907.12
-430281620000.0 0.18261719 4.0895642e-09 519907.12
-428747700000.0 0.18196616 4.6363606e-09 548692.56
-427213700000.0 0.18131511 4.6363606e-09 548692.56
-425679700000.0 0.18066408 4.6363606e-09 548692.56
-424145680000.0 0.180013 4.6363606e-09 548692.56
-422611700000.0 0.17936198 5.240201e-09 576754.6
-421077780000.0 0.17871095 5.240201e-09 576754.6
-419543700000.0 0.17805988 5.240201e-09 576754.6
-418009840000.0 0.17740889 5.240201e-09 576754.6
-416475800000.0 0.17675781 5.89996e-09 603773.44
-414941770000.0 0.17610675 5.89996e-09 603773.44
-413407900000.0 0.17545575 5.89996e-09 603773.44
-411873870000.0 0.17480469 5.89996e-09 603773.44
-410339800000.0 0.17415361 6.6139356e-09 629303.56
-408805930000.0 0.17350262 6.6139356e-09 629303.56
-407271900000.0 0.17285155 6.6139356e-09 629303.56
-405737930000.0 0.17220053 6.6139356e-09 629303.56
-404204000000.0 0.1715495 7.386928e-09 653114.44
-402669930000.0 0.17089842 7.386928e-09 653114.44
-401136000000.0 0.17024739 7.386928e-09 653114.44
-399602020000.0 0.16959636 7.386928e-09 653114.44
-398068000000.0 0.1689453 8.2132035e-09 674691.75
-396534120000.0 0.1682943 8.2132035e-09 674691.75
-395000100000.0 0.16764323 8.2132035e-09 674691.75
-393466020000.0 0.16699216 8.2132035e-09 674691.75
-391932180000.0 0.16634117 9.093958e-09 694494.06
-390398100000.0 0.1656901 9.093958e-09 694494.06
-388864080000.0 0.16503903 9.093958e-09 694494.06
-387330200000.0 0.16438805 9.093958e-09 694494.06
-385796180000.0 0.16373697 1.0038708e-08 712439.4
-384262200000.0 0.16308594 1.0038708e-08 712439.4
-382728240000.0 0.1624349 1.0038708e-08 712439.4
-381194200000.0 0.16178384 1.0038708e-08 712439.4
-379660270000.0 0.16113281 1.1051226e-08 728388.44
-378126300000.0 0.16048178 1.1051226e-08 728388.44
-376592270000.0 0.1598307 1.1051226e-08 728388.44
-375058400000.0 0.15917972 1.1051226e-08 728388.44
-373524330000.0 0.15852864 1.2137864e-08 743350.8
-371990300000.0 0.15787758 1.2137864e-08 743350.8
-370456430000.0 0.15722659 1.2137864e-08 743350.8
-368922400000.0 0.15657552 1.2137864e-08 743350.8
-367388360000.0 0.15592445 1.331814e-08 757124.75
-365854500000.0 0.15527347 1.331814e-08 757124.75
-364320420000.0 0.15462239 1.331814e-08 757124.75
-362786500000.0 0.15397136 1.331814e-08 757124.75
-361252520000.0 0.15332033 1.4582367e-08 768947.9
-359718500000.0 0.15266925 1.4582367e-08 768947.9
-358184520000.0 0.15201822 1.4582367e-08 768947.9
-356650580000.0 0.1513672 1.4582367e-08 768947.9
-355116500000.0 0.15071613 1.5939714e-08 780239.4
-353582650000.0 0.15006512 1.5939714e-08 780239.4
-352048600000.0 0.14941406 1.5939714e-08 780239.4
-350514580000.0 0.148763 1.5939714e-08 780239.4
-348980700000.0 0.148112 1.7402455e-08 791165.6
-347446640000.0 0.14746092 1.7402455e-08 791165.6
-345912600000.0 0.14680986 1.7402455e-08 791165.6
-344378740000.0 0.14615887 1.7402455e-08 791165.6
-342844700000.0 0.1455078 1.8985201e-08 801245.9
-341310730000.0 0.14485677 1.8985201e-08 801245.9
-339776800000.0 0.14420575 1.8985201e-08 801245.9
-338242730000.0 0.14355466 1.8985201e-08 801245.9
-336708800000.0 0.14290364 2.0701663e-08 812497.06
-335174830000.0 0.14225261 2.0701663e-08 812497.06
-333640800000.0 0.14160155 2.0701663e-08 812497.06
-332106920000.0 0.14095055 2.0701663e-08 812497.06
-330572900000.0 0.14029948 2.2530747e-08 822592.1
-329038820000.0 0.13964841 2.2530747e-08 822592.1
-327504950000.0 0.1389974 2.2530747e-08 822592.1
-325970920000.0 0.13834634 2.2530747e-08 822592.1
-324436900000.0 0.13769528 2.4482675e-08 832323.25
-322903000000.0 0.1370443 2.4482675e-08 832323.25
-321368980000.0 0.13639323 2.4482675e-08 832323.25
-319835000000.0 0.13574219 2.4482675e-08 832323.25
-318301040000.0 0.13509116 2.6599784e-08 842537.06
-316767000000.0 0.1344401 2.6599784e-08 842537.06
-315233040000.0 0.13378905 2.6599784e-08 842537.06
-313699100000.0 0.13313803 2.6599784e-08 842537.06
-312165070000.0 0.13248697 2.8862257e-08 851370.44
-310631200000.0 0.13183598 2.8862257e-08 851370.44
-309097140000.0 0.13118489 2.8862257e-08 851370.44
-307563100000.0 0.13053383 2.8862257e-08 851370.44
-306029230000.0 0.12988284 3.117981e-08 857035.6
-304495200000.0 0.12923177 3.117981e-08 857035.6
-302961130000.0 0.12858069 3.117981e-08 857035.6
-301427300000.0 0.12792972 3.117981e-08 857035.6
-299893230000.0 0.12727864 3.3599644e-08 860982.44
-298359300000.0 0.12662761 3.3599644e-08 860982.44
-296825320000.0 0.12597658 3.3599644e-08 860982.44
-295291300000.0 0.1253255 3.3599644e-08 860982.44
-293757320000.0 0.12467448 3.609537e-08 862092.1
-292223400000.0 0.12402345 3.609537e-08 862092.1
-290689320000.0 0.123372376 3.609537e-08 862092.1
-289155450000.0 0.12272138 3.609537e-08 862092.1
-287621400000.0 0.12207031 3.8705483e-08 861357.5
-286087380000.0 0.12141925 3.8705483e-08 861357.5
-284553500000.0 0.12076825 3.8705483e-08 861357.5
-283019440000.0 0.12011717 3.8705483e-08 861357.5
-281485400000.0 0.11946611 4.135012e-08 857835.0
-279951540000.0 0.118815124 4.135012e-08 857835.0
-278417500000.0 0.118164055 4.135012e-08 857835.0
-276883540000.0 0.11751302 4.135012e-08 857835.0
-275349600000.0 0.11686199 4.397855e-08 850337.5
-273815550000.0 0.11621092 4.397855e-08 850337.5
-272281600000.0 0.11555989 4.397855e-08 850337.5
-270747630000.0 0.11490886 4.397855e-08 850337.5
-269213600000.0 0.11425779 4.6683454e-08 840359.44
-267679730000.0 0.113606796 4.6683454e-08 840359.44
-266145680000.0 0.11295573 4.6683454e-08 840359.44
-264611640000.0 0.11230466 4.6683454e-08 840359.44
-263077770000.0 0.11165367 4.9591506e-08 830353.44
-261543720000.0 0.1110026 4.9591506e-08 830353.44
-260009670000.0 0.11035153 4.9591506e-08 830353.44
-258475820000.0 0.10970054 4.9591506e-08 830353.44
-256941770000.0 0.10904947 5.2522715e-08 817743.6
-255407820000.0 0.10839844 5.2522715e-08 817743.6
-253873860000.0 0.107747406 5.2522715e-08 817743.6
-252339810000.0 0.10709634 5.2522715e-08 817743.6
-250805860000.0 0.106445305 5.5203795e-08 798572.75
-249271910000.0 0.10579427 5.5203795e-08 798572.75
-247737860000.0 0.10514321 5.5203795e-08 798572.75
-246203990000.0 0.10449222 5.5203795e-08 798572.75
-244669960000.0 0.10384115 5.784671e-08 777808.9
-243135900000.0 0.10319008 5.784671e-08 777808.9
-241602040000.0 0.102539085 5.784671e-08 777808.9
-240067990000.0 0.101888016 5.784671e-08 777808.9
-238533950000.0 0.10123695 6.057433e-08 755447.3
-237000080000.0 0.10058595 6.057433e-08 755447.3
-235466030000.0 0.09993488 6.057433e-08 755447.3
-233932080000.0 0.09928385 6.057433e-08 755447.3
-232398130000.0 0.09863283 6.33142e-08 732343.9
-230864080000.0 0.09798176 6.33142e-08 732343.9
-229330120000.0 0.09733073 6.33142e-08 732343.9
-227796170000.0 0.096679695 6.33142e-08 732343.9
-226262120000.0 0.096028626 6.605115e-08 705678.75
-224728250000.0 0.09537763 6.605115e-08 705678.75
-223194220000.0 0.09472656 6.605115e-08 705678.75
-221660170000.0 0.09407549 6.605115e-08 705678.75
-220126300000.0 0.0934245 6.889927e-08 679122.7
-218592260000.0 0.09277343 6.889927e-08 679122.7
-217058210000.0 0.09212236 6.889927e-08 679122.7
-215524340000.0 0.091471374 6.889927e-08 679122.7
-213990310000.0 0.090820305 7.1900786e-08 654707.0
-212456340000.0 0.09016927 7.1900786e-08 654707.0
-210922390000.0 0.08951824 7.1900786e-08 654707.0
-209388360000.0 0.08886717 7.1900786e-08 654707.0
-207854390000.0 0.08821614 7.5072215e-08 631685.3
-206320440000.0 0.08756511 7.5072215e-08 631685.3
-204786400000.0 0.08691404 7.5072215e-08 631685.3
-203252530000.0 0.086263046 7.5072215e-08 631685.3
-201718480000.0 0.08561198 7.809053e-08 609440.7
-200184430000.0 0.08496091 7.809053e-08 609440.7
-198650580000.0 0.08430992 7.809053e-08 609440.7
-197116530000.0 0.08365885 7.809053e-08 609440.7
-195582570000.0 0.08300782 8.848536e-08 567379.56
-194048620000.0 0.08235679 8.848536e-08 567379.56
-192514570000.0 0.08170572 8.844958e-08 544278.4
-190980620000.0 0.08105469 8.844958e-08 544278.4
-189446670000.0 0.080403656 8.873947e-08 514157.53
-187912620000.0 0.07975259 8.873947e-08 514157.53
-186378750000.0 0.07910159 8.890091e-08 482102.84
-184844700000.0 0.07845052 8.890091e-08 482102.84
-183310660000.0 0.077799454 8.904501e-08 452366.84
-181776800000.0 0.07714847 8.904501e-08 452366.84
-180242740000.0 0.07649739 8.91455e-08 425829.4
-178708710000.0 0.07584633 8.91455e-08 425829.4
-177174840000.0 0.075195335 8.909431e-08 398451.25
-175640790000.0 0.07454426 8.909431e-08 398451.25
-174106840000.0 0.073893234 8.8629236e-08 367711.7
-172572880000.0 0.0732422 8.8629236e-08 367711.7
-171038830000.0 0.07259113 8.7907594e-08 328940.7
-169504880000.0 0.0719401 8.7907594e-08 328940.7
-167970930000.0 0.07128907 8.7397076e-08 289338.03
-166436880000.0 0.070638 8.7397076e-08 289338.03
-164903010000.0 0.06998701 8.704178e-08 254599.62
-163368980000.0 0.069335945 8.704178e-08 254599.62
-161834930000.0 0.068684876 8.671511e-08 221722.42
-160301060000.0 0.068033874 8.671511e-08 221722.42
-158767020000.0 0.06738281 8.628142e-08 188670.67
-157232970000.0 0.06673174 8.628142e-08 188670.67
-155699100000.0 0.06608075 8.5591715e-08 151297.88
-154165070000.0 0.06542969 8.5591715e-08 151297.88
-152631100000.0 0.06477865 8.477849e-08 108202.93
-151097150000.0 0.06412762 8.477849e-08 108202.93
-149563110000.0 0.063476555 8.40765e-08 65573.44
-148029150000.0 0.062825516 8.40765e-08 65573.44
-146495200000.0 0.062174488 8.112838e-08 -92024.945
-144961160000.0 0.061523426 8.070327e-08 -103856.14
-143427290000.0 0.060872428 8.074828e-08 -118699.09
-141893240000.0 0.06022136 8.091946e-08 -130177.8
-140359190000.0 0.059570286 8.117056e-08 -141270.06
-138825330000.0 0.058919296 8.1459525e-08 -152622.95
-137291284000.0 0.058268227 8.1762884e-08 -164469.28
-135757240000.0 0.057617158 8.206651e-08 -176655.3
-134223370000.0 0.056966167 8.239284e-08 -188992.53
-132689330000.0 0.056315098 8.2772e-08 -201067.33
-131155370000.0 0.055664066 8.3239364e-08 -212292.22
-129621420000.0 0.055013034 8.37916e-08 -222288.4
-128087376000.0 0.05436197 8.439446e-08 -230915.39
-126553416000.0 0.053710938 8.5048626e-08 -238258.1
-125019460000.0 0.053059906 8.5754095e-08 -244786.67
-123485420000.0 0.052408837 8.655022e-08 -250474.36
-121951550000.0 0.051757842 8.74231e-08 -256031.88
-120417510000.0 0.051106777 8.8373305e-08 -261685.77
-118883460000.0 0.050455708 8.9427076e-08 -266724.12
-117349600000.0 0.049804714 9.05584e-08 -271118.72
-115815555000.0 0.049153645 9.176127e-08 -274867.6
-114281505000.0 0.048502576 9.3038246e-08 -277951.62
-112747640000.0 0.047851585 9.440796e-08 -280497.38
-111213590000.0 0.047200516 9.586717e-08 -283338.2
-109679640000.0 0.046549484 9.737266e-08 -287040.47
-108145690000.0 0.045898452 9.894654e-08 -290726.47
-106611640000.0 0.045247383 1.0061514e-07 -294245.2
-105077690000.0 0.04459635 1.0236292e-07 -298279.97
-103543734000.0 0.043945324 1.0416619e-07 -302899.28
-102009680000.0 0.043294255 1.0601294e-07 -307838.5
-100475820000.0 0.04264326 1.0789087e-07 -313638.66
-98941770000.0 0.04199219 1.0980464e-07 -320970.72
-97407730000.0 0.041341122 1.1178985e-07 -329221.12
-95873870000.0 0.04069013 1.1388648e-07 -336935.78
-94339820000.0 0.040039062 1.1601308e-07 -345025.75
-92805775000.0 0.039387994 1.1812888e-07 -354566.6
-91271905000.0 0.038736995 1.2025065e-07 -365998.25
-89737860000.0 0.03808593 1.2241122e-07 -378635.38
-88203910000.0 0.0374349 1.2471897e-07 -390064.38
-86669950000.0 0.03678387 1.2713689e-07 -399969.75
-85135910000.0 0.0361328 1.2955186e-07 -410170.66
-83601960000.0 0.035481773 1.3203874e-07 -420438.5
-82068000000.0 0.034830738 1.3466575e-07 -430642.1
-80533955000.0 0.03417967 1.3750856e-07 -439594.97
-79000084000.0 0.033528678 1.404888e-07 -447670.72
-77466040000.0 0.03287761 1.4352497e-07 -455789.4
-75932000000.0 0.03222654 1.466089e-07 -463640.7
-74398130000.0 0.031575546 1.4990863e-07 -470391.84
-72864090000.0 0.030924477 1.5052237e-07 -471517.8
-71330050000.0 0.030273411 1.5527029e-07 -471929.47
-69796176000.0 0.029622415 1.5957906e-07 -473235.6
-68262130000.0 0.028971346 1.6393459e-07 -477977.84
-66728178000.0 0.028320316 1.6893145e-07 -480472.44
-65194220000.0 0.027669284 1.746023e-07 -481080.25
-63660175000.0 0.027018217 1.8058712e-07 -477616.6
-62126220000.0 0.026367186 1.8638289e-07 -474100.9
-60592263000.0 0.025716154 1.925593e-07 -473613.53
-59058220000.0 0.025065087 1.9924143e-07 -470916.1
-57524355000.0 0.024414092 2.0646863e-07 -470385.1
-55990310000.0 0.023763025 2.1404783e-07 -466222.75
-54456267000.0 0.023111956 2.217385e-07 -460114.47
-52922400000.0 0.022460962 2.3038655e-07 -458149.88
-51388355000.0 0.021809895 2.4020116e-07 -449842.06
-49854310000.0 0.021158826 2.5020776e-07 -440214.78
-48320442000.0 0.020507833 2.5955555e-07 -436412.8
-46786400000.0 0.019856764 2.6972614e-07 -436559.4
-45252444000.0 0.019205732 2.8225782e-07 -430079.94
-43718490000.0 0.018554702 2.962628e-07 -416385.0
-42184440000.0 0.017903633 3.1065247e-07 -403476.94
-40650486000.0 0.017252602 3.2591655e-07 -394334.56
-39116534000.0 0.016601572 3.4408185e-07 -381844.2
-37582488000.0 0.015950503 3.6418464e-07 -364318.8
-36048620000.0 0.015299509 3.8881436e-07 -351936.0
-34514575000.0 0.014648439 4.1652913e-07 -331140.38
-32980531000.0 0.013997372 4.4736777e-07 -304941.75
-31446665000.0 0.013346379 4.769539e-07 -280412.72
-29912621000.0 0.012695311 5.167288e-07 -249529.44
-28378577000.0 0.012044242 5.6452694e-07 -211131.03
-26844710000.0 0.011393248 6.1510633e-07 -171445.84
-25310667000.0 0.01074218 6.8334805e-07 -126720.68
-23776710000.0 0.010091149 7.695876e-07 -74095.75
-22242755000.0 0.009440118 8.704217e-07 -23238.488
-20708710000.0 0.008789049 1.0116319e-06 33491.65
