morphology_data/1d_wa_a0.025_l8r1_00001.ecsv
# %ECSV 1.0
# ---
# datatype:
# - {name: b, datatype: float32}
# - {name: phase, datatype: float32}
# - {name: sigma, datatype: float32}
# - {name: vr, datatype: float32}
# meta: {lambda: 8, rp: 1.0, sep: 0.025, wind: a}
# schema: astropy-2.0
b phase sigma vr
[from data line 756]
-17640800000.0 0.0074869874 1.4381301e-06 138035.6
-16106755000.0 0.006835919 1.7859113e-06 184978.55
-14572889000.0 0.006184926 2.2831375e-06 221350.53
-13038844000.0 0.0055338573 3.0862866e-06 239483.47
-11504800000.0 0.0048827888 4.5262186e-06 241373.83
-9970934000.0 0.0042317957 7.418671e-06 232127.8
-8436888600.0 0.0035807267 1.470333e-05 183293.56
8436888600.0 -0.0035807267 1.8411727e-05 -144607.19
9970934000.0 -0.0042317957 8.677925e-06 -224303.7
11504800000.0 -0.0048827888 5.1112543e-06 -266135.16
13038844000.0 -0.0055338573 3.434889e-06 -285297.72
14572889000.0 -0.006184926 2.4941137e-06 -285540.03
16106755000.0 -0.006835919 1.9226227e-06 -273453.0
17640800000.0 -0.0074869874 1.5619072e-06 -244890.81
19174754000.0 -0.008138019 1.2972213e-06 -209652.16
20708710000.0 -0.008789049 1.0962088e-06 -178690.06
22242755000.0 -0.009440118 9.4384893e-07 -146707.28
23776710000.0 -0.010091149 8.404438e-07 -114549.945
25310667000.0 -0.01074218 7.55757e-07 -78076.04
26844710000.0 -0.011393248 6.8986736e-07 -49480.33
28378577000.0 -0.012044242 6.218211e-07 -22474.398
29912621000.0 -0.012695311 5.735284e-07 -11959.207
31446665000.0 -0.013346379 5.3152473e-07 1680.9354
32980531000.0 -0.013997372 5.0468725e-07 7836.343
34514575000.0 -0.014648439 4.7545745e-07 16764.758
36048620000.0 -0.015299509 4.5416246e-07 18033.012
37582488000.0 -0.015950503 4.3626972e-07 32592.602
39116534000.0 -0.016601572 4.151756e-07 36701.543
40650486000.0 -0.017252602 3.986458e-07 37753.098
42184440000.0 -0.017903633 3.8195512e-07 36769.33
43718490000.0 -0.018554702 3.6815365e-07 29402.777
45252444000.0 -0.019205732 3.5490694e-07 22965.373
46786400000.0 -0.019856764 3.4350347e-07 13415.877
48320442000.0 -0.020507833 3.3443345e-07 7268.335
49854310000.0 -0.021158826 3.251824e-07 -554.21844
51388355000.0 -0.021809895 3.1781747e-07 -11242.163
52922400000.0 -0.022460962 3.0931545e-07 -23171.424
54456267000.0 -0.023111956 3.0132537e-07 -42044.75
55990310000.0 -0.023763025 2.9339677e-07 -61381.527
57524355000.0 -0.024414092 2.847924e-07 -84709.19
59058220000.0 -0.025065087 2.7791887e-07 -108356.43
60592263000.0 -0.025716154 2.7056615e-07 -130242.73
62126220000.0 -0.026367186 2.6411854e-07 -153036.39
63660175000.0 -0.027018217 2.588781e-07 -171885.31
65194220000.0 -0.027669284 2.5327017e-07 -190948.33
66728178000.0 -0.028320316 2.4873754e-07 -210104.31
68262130000.0 -0.028971346 2.4407186e-07 -225428.67
69796176000.0 -0.029622415 2.4011175e-07 -239483.2
71330050000.0 -0.030273411 2.3794085e-07 -249602.11
72864090000.0 -0.030924477 2.3516134e-07 -258828.69
74398130000.0 -0.031575546 2.3022633e-07 -291604.16
75932000000.0 -0.03222654 2.2915611e-07 -296906.03
77466040000.0 -0.03287761 2.2882706e-07 -301109.47
79000084000.0 -0.033528678 2.2882571e-07 -307779.12
80533955000.0 -0.03417967 2.2889193e-07 -317881.56
82068000000.0 -0.034830738 2.2905465e-07 -329607.66
83601960000.0 -0.035481773 2.295713e-07 -342686.22
85135910000.0 -0.0361328 2.3037326e-07 -356709.75
86669950000.0 -0.03678387 2.3134918e-07 -370312.38
88203910000.0 -0.0374349 2.326558e-07 -381978.84
89737860000.0 -0.03808593 2.3436863e-07 -390258.16
91271905000.0 -0.038736995 2.3643204e-07 -395503.9
92805775000.0 -0.039387994 2.3864473e-07 -398744.44
94339820000.0 -0.040039062 2.4070243e-07 -401962.38
95873870000.0 -0.04069013 2.424014e-07 -406797.78
97407730000.0 -0.041341122 2.436237e-07 -413230.7
98941770000.0 -0.04199219 2.4424614e-07 -420931.9
100475820000.0 -0.04264326 2.44353e-07 -430254.0
102009680000.0 -0.043294255 2.4402277e-07 -441244.94
103543734000.0 -0.043945324 2.4323688e-07 -453570.88
105077690000.0 -0.04459635 2.4199363e-07 -466629.62
106611640000.0 -0.045247383 2.4050942e-07 -480435.1
108145690000.0 -0.045898452 2.3889461e-07 -494303.28
109679640000.0 -0.046549484 2.3716794e-07 -507833.44
111213590000.0 -0.047200516 2.3545009e-07 -520844.22
112747640000.0 -0.047851585 2.337804e-07 -533058.3
114281505000.0 -0.048502576 2.3217898e-07 -544309.75
115815555000.0 -0.049153645 2.3063022e-07 -554872.1
117349600000.0 -0.049804714 2.2912644e-07 -565083.9
118883460000.0 -0.050455708 2.2764695e-07 -575457.9
120417510000.0 -0.051106777 2.2613466e-07 -586440.9
121951550000.0 -0.051757842 2.245625e-07 -598262.2
123485420000.0 -0.052408837 2.229491e-07 -610525.6
125019460000.0 -0.053059906 2.2133707e-07 -622706.9
126553416000.0 -0.053710938 2.1970304e-07 -635012.06
128087376000.0 -0.05436197 2.1812762e-07 -647262.0
129621420000.0 -0.055013034 2.1669828e-07 -659187.0
131155370000.0 -0.055664066 2.1545718e-07 -670560.9
132689330000.0 -0.056315098 2.1440256e-07 -681416.75
134223370000.0 -0.056966167 2.1351887e-07 -691911.94
135757240000.0 -0.057617158 2.1283532e-07 -701916.4
137291284000.0 -0.058268227 2.1239599e-07 -711391.7
138825330000.0 -0.058919296 2.1214758e-07 -720432.4
140359190000.0 -0.059570286 2.1199979e-07 -728926.94
141893240000.0 -0.06022136 2.1193145e-07 -737166.44
143427290000.0 -0.060872428 2.1206635e-07 -745297.0
144961160000.0 -0.061523426 2.122127e-07 -753359.9
146495200000.0 -0.062174488 2.1285022e-07 -758506.44
148029150000.0 -0.062825516 2.11605e-07 -788919.25
149563110000.0 -0.063476555 2.11605e-07 -788919.25
151097150000.0 -0.06412762 2.1199497e-07 -805190.5
152631100000.0 -0.06477865 2.1199497e-07 -805190.5
154165070000.0 -0.06542969 2.128672e-07 -823370.44
155699100000.0 -0.06608075 2.128672e-07 -823370.44
157232970000.0 -0.06673174 2.1401792e-07 -844172.44
158767020000.0 -0.06738281 2.1401792e-07 -844172.44
160301060000.0 -0.068033874 2.1516114e-07 -868517.6
161834930000.0 -0.068684876 2.1516114e-07 -868517.6
163368980000.0 -0.069335945 2.1597197e-07 -896355.8
164903010000.0 -0.06998701 2.1597197e-07 -896355.8
166436880000.0 -0.070638 2.1628865e-07 -926734.25
167970930000.0 -0.07128907 2.1628865e-07 -926734.25
169504880000.0 -0.0719401 2.1605194e-07 -959497.44
171038830000.0 -0.07259113 2.1605194e-07 -959497.44
172572880000.0 -0.0732422 2.1544034e-07 -994658.6
174106840000.0 -0.073893234 2.1544034e-07 -994658.6
175640790000.0 -0.07454426 2.1443944e-07 -1031589.06
177174840000.0 -0.075195335 2.1443944e-07 -1031589.06
178708710000.0 -0.07584633 2.1334336e-07 -1069608.0
180242740000.0 -0.07649739 2.1334336e-07 -1069608.0
181776800000.0 -0.07714847 2.1233599e-07 -1108353.6
183310660000.0 -0.077799454 2.1233599e-07 -1108353.6
184844700000.0 -0.07845052 2.1146033e-07 -1146037.0
186378750000.0 -0.07910159 2.1146033e-07 -1146037.0
187912620000.0 -0.07975259 2.1071277e-07 -1181183.4
189446670000.0 -0.080403656 2.1071277e-07 -1181183.4
190980620000.0 -0.08105469 2.0979118e-07 -1213321.0
192514570000.0 -0.08170572 2.0979118e-07 -1213321.0
194048620000.0 -0.08235679 2.0913565e-07 -1243936.1
195582570000.0 -0.08300782 2.0913565e-07 -1243936.1
197116530000.0 -0.08365885 1.9692645e-07 -1307264.9
198650580000.0 -0.08430992 1.9692645e-07 -1307264.9
200184430000.0 -0.08496091 1.9692645e-07 -1307264.9
201718480000.0 -0.08561198 1.9692645e-07 -1307264.9
203252530000.0 -0.086263046 1.9240731e-07 -1356445.6
204786400000.0 -0.08691404 1.9240731e-07 -1356445.6
206320440000.0 -0.08756511 1.9240731e-07 -1356445.6
207854390000.0 -0.08821614 1.9240731e-07 -1356445.6
209388360000.0 -0.08886717 1.8779035e-07 -1399232.5
210922390000.0 -0.08951824 1.8779035e-07 -1399232.5
212456340000.0 -0.09016927 1.8779035e-07 -1399232.5
213990310000.0 -0.090820305 1.8779035e-07 -1399232.5
215524340000.0 -0.091471374 1.8285525e-07 -1438952.2
217058210000.0 -0.09212236 1.8285525e-07 -1438952.2
218592260000.0 -0.09277343 1.8285525e-07 -1438952.2
220126300000.0 -0.0934245 1.8285525e-07 -1438952.2
221660170000.0 -0.09407549 1.7739102e-07 -1477636.4
223194220000.0 -0.09472656 1.7739102e-07 -1477636.4
224728250000.0 -0.09537763 1.7739102e-07 -1477636.4
226262120000.0 -0.096028626 1.7739102e-07 -1477636.4
227796170000.0 -0.096679695 1.7172123e-07 -1513837.5
229330120000.0 -0.09733073 1.7172123e-07 -1513837.5
230864080000.0 -0.09798176 1.7172123e-07 -1513837.5
232398130000.0 -0.09863283 1.7172123e-07 -1513837.5
233932080000.0 -0.09928385 1.6588743e-07 -1547924.9
235466030000.0 -0.09993488 1.6588743e-07 -1547924.9
237000080000.0 -0.10058595 1.6588743e-07 -1547924.9
238533950000.0 -0.10123695 1.6588743e-07 -1547924.9
240067990000.0 -0.101888016 1.5973295e-07 -1582435.5
241602040000.0 -0.102539085 1.5973295e-07 -1582435.5
243135900000.0 -0.10319008 1.5973295e-07 -1582435.5
244669960000.0 -0.10384115 1.5973295e-07 -1582435.5
246203990000.0 -0.10449222 1.5351837e-07 -1617544.4
247737860000.0 -0.10514321 1.5351837e-07 -1617544.4
249271910000.0 -0.10579427 1.5351837e-07 -1617544.4
250805860000.0 -0.106445305 1.5351837e-07 -1617544.4
252339810000.0 -0.10709634 1.475002e-07 -1650642.1
253873860000.0 -0.107747406 1.475002e-07 -1650642.1
255407820000.0 -0.10839844 1.475002e-07 -1650642.1
256941770000.0 -0.10904947 1.475002e-07 -1650642.1
258475820000.0 -0.10970054 1.4186836e-07 -1678619.8
260009670000.0 -0.11035153 1.4186836e-07 -1678619.8
261543720000.0 -0.1110026 1.4186836e-07 -1678619.8
263077770000.0 -0.11165367 1.4186836e-07 -1678619.8
264611640000.0 -0.11230466 1.3692775e-07 -1701110.9
266145680000.0 -0.11295573 1.3692775e-07 -1701110.9
267679730000.0 -0.113606796 1.3692775e-07 -1701110.9
269213600000.0 -0.11425779 1.3692775e-07 -1701110.9
270747630000.0 -0.11490886 1.3274634e-07 -1720228.1
272281600000.0 -0.11555989 1.3274634e-07 -1720228.1
273815550000.0 -0.11621092 1.3274634e-07 -1720228.1
275349600000.0 -0.11686199 1.3274634e-07 -1720228.1
276883540000.0 -0.11751302 1.2869504e-07 -1737852.4
278417500000.0 -0.118164055 1.2869504e-07 -1737852.4
279951540000.0 -0.118815124 1.2869504e-07 -1737852.4
281485400000.0 -0.11946611 1.2869504e-07 -1737852.4
283019440000.0 -0.12011717 1.2464716e-07 -1753662.4
284553500000.0 -0.12076825 1.2464716e-07 -1753662.4
286087380000.0 -0.12141925 1.2464716e-07 -1753662.4
287621400000.0 -0.12207031 1.2464716e-07 -1753662.4
289155450000.0 -0.12272138 1.2049895e-07 -1767343.0
290689320000.0 -0.123372376 1.2049895e-07 -1767343.0
292223400000.0 -0.12402345 1.2049895e-07 -1767343.0
293757320000.0 -0.12467448 1.2049895e-07 -1767343.0
295291300000.0 -0.1253255 1.160729e-07 -1779382.4
296825320000.0 -0.12597658 1.160729e-07 -1779382.4
298359300000.0 -0.12662761 1.160729e-07 -1779382.4
299893230000.0 -0.12727864 1.160729e-07 -1779382.4
301427300000.0 -0.12792972 1.1129447e-07 -1790210.8
302961130000.0 -0.12858069 1.1129447e-07 -1790210.8
304495200000.0 -0.12923177 1.1129447e-07 -1790210.8
306029230000.0 -0.12988284 1.1129447e-07 -1790210.8
307563100000.0 -0.13053383 1.0612975e-07 -1800197.5
309097140000.0 -0.13118489 1.0612975e-07 -1800197.5
310631200000.0 -0.13183598 1.0612975e-07 -1800197.5
312165070000.0 -0.13248697 1.0612975e-07 -1800197.5
313699100000.0 -0.13313803 1.0079054e-07 -1809077.6
315233040000.0 -0.13378905 1.0079054e-07 -1809077.6
316767000000.0 -0.1344401 1.0079054e-07 -1809077.6
318301040000.0 -0.13509116 1.0079054e-07 -1809077.6
319835000000.0 -0.13574219 9.516051e-08 -1816438.2
321368980000.0 -0.13639323 9.516051e-08 -1816438.2
322903000000.0 -0.1370443 9.516051e-08 -1816438.2
324436900000.0 -0.13769528 9.516051e-08 -1816438.2
325970920000.0 -0.13834634 8.909978e-08 -1821327.5
327504950000.0 -0.1389974 8.909978e-08 -1821327.5
329038820000.0 -0.13964841 8.909978e-08 -1821327.5
330572900000.0 -0.14029948 8.909978e-08 -1821327.5
332106920000.0 -0.14095055 8.273821e-08 -1822993.4
333640800000.0 -0.14160155 8.273821e-08 -1822993.4
335174830000.0 -0.14225261 8.273821e-08 -1822993.4
336708900000.0 -0.14290369 8.273821e-08 -1822993.4
338242730000.0 -0.14355466 7.629176e-08 -1821645.5
339776800000.0 -0.14420575 7.629176e-08 -1821645.5
341310830000.0 -0.14485681 7.629176e-08 -1821645.5
342844700000.0 -0.1455078 7.629176e-08 -1821645.5
344378570000.0 -0.1461588 6.990895e-08 -1817941.2
345912800000.0 -0.14680995 6.990895e-08 -1817941.2
347446640000.0 -0.14746092 6.990895e-08 -1817941.2
348980500000.0 -0.14811192 6.990895e-08 -1817941.2
350514740000.0 -0.14876308 6.368632e-08 -1812627.1
352048600000.0 -0.14941406 6.368632e-08 -1812627.1
353582480000.0 -0.15006506 6.368632e-08 -1812627.1
355116700000.0 -0.1507162 6.368632e-08 -1812627.1
356650580000.0 -0.1513672 5.7553944e-08 -1805269.6
358184420000.0 -0.15201817 5.7553944e-08 -1805269.6
359718650000.0 -0.15266933 5.7553944e-08 -1805269.6
361252520000.0 -0.15332033 5.7553944e-08 -1805269.6
362786400000.0 -0.15397131 5.158376e-08 -1794713.2
364320420000.0 -0.15462239 5.158376e-08 -1794713.2
365854500000.0 -0.15527347 5.158376e-08 -1794713.2
367388360000.0 -0.15592445 5.158376e-08 -1794713.2
368922400000.0 -0.15657552 4.5515613e-08 -1775584.8
370456430000.0 -0.15722659 4.5515613e-08 -1775584.8
371990300000.0 -0.15787758 4.5515613e-08 -1775584.8
373524330000.0 -0.15852864 4.5515613e-08 -1775584.8
375058400000.0 -0.15917972 3.965336e-08 -1745801.4
376592270000.0 -0.1598307 3.965336e-08 -1745801.4
378126300000.0 -0.16048178 3.965336e-08 -1745801.4
379660340000.0 -0.16113284 3.965336e-08 -1745801.4
381194200000.0 -0.16178384 3.4198038e-08 -1702758.5
382728240000.0 -0.1624349 3.4198038e-08 -1702758.5
384262300000.0 -0.16308598 3.4198038e-08 -1702758.5
385796180000.0 -0.16373697 3.4198038e-08 -1702758.5
387330050000.0 -0.16438797 2.913044e-08 -1645554.2
388864250000.0 -0.1650391 2.913044e-08 -1645554.2
390398100000.0 -0.1656901 2.913044e-08 -1645554.2
391932000000.0 -0.1663411 2.913044e-08 -1645554.2
393466220000.0 -0.16699223 2.4434566e-08 -1574828.2
395000100000.0 -0.16764323 2.4434566e-08 -1574828.2
396533960000.0 -0.16829422 2.4434566e-08 -1574828.2
398068150000.0 -0.16894537 2.4434566e-08 -1574828.2
399602020000.0 -0.16959636 2.0122531e-08 -1491668.5
401135900000.0 -0.17024736 2.0122531e-08 -1491668.5
402669930000.0 -0.17089842 2.0122531e-08 -1491668.5
404204000000.0 -0.1715495 2.0122531e-08 -1491668.5
405737870000.0 -0.17220049 1.6274772e-08 -1399700.9
407271900000.0 -0.17285155 1.6274772e-08 -1399700.9
408805930000.0 -0.17350262 1.6274772e-08 -1399700.9
410339800000.0 -0.17415361 1.6274772e-08 -1399700.9
411873870000.0 -0.17480469 1.2934179e-08 -1305501.0
413407900000.0 -0.17545575 1.2934179e-08 -1305501.0
414941770000.0 -0.17610675 1.2934179e-08 -1305501.0
416475800000.0 -0.17675781 1.2934179e-08 -1305501.0
418009840000.0 -0.17740889 1.0147951e-08 -1212302.9
419543700000.0 -0.17805988 1.0147951e-08 -1212302.9
421077780000.0 -0.17871095 1.0147951e-08 -1212302.9
422611800000.0 -0.17936201 1.0147951e-08 -1212302.9
424145680000.0 -0.180013 7.877138e-09 -1122400.9
425679550000.0 -0.180664 7.877138e-09 -1122400.9
427213750000.0 -0.18131514 7.877138e-09 -1122400.9
428747620000.0 -0.18196614 7.877138e-09 -1122400.9
430281500000.0 -0.18261713 6.048611e-09 -1040562.6
431815720000.0 -0.18326828 6.048611e-09 -1040562.6
433349600000.0 -0.18391927 6.048611e-09 -1040562.6
434883460000.0 -0.18457027 6.048611e-09 -1040562.6
436417700000.0 -0.1852214 4.6080424e-09 -966406.6
437951530000.0 -0.1858724 4.6080424e-09 -966406.6
439485400000.0 -0.1865234 4.6080424e-09 -966406.6
441019630000.0 -0.18717454 4.6080424e-09 -966406.6
442553500000.0 -0.18782553 3.4873475e-09 -898810.94
444087370000.0 -0.18847652 3.4873475e-09 -898810.94
445621400000.0 -0.1891276 3.4873475e-09 -898810.94
447155440000.0 -0.18977866 3.4873475e-09 -898810.94
448689300000.0 -0.19042966 2.6235947e-09 -835447.06
450223370000.0 -0.19108072 2.6235947e-09 -835447.06
451757400000.0 -0.1917318 2.6235947e-09 -835447.06
453291280000.0 -0.19238278 2.6235947e-09 -835447.06
454825300000.0 -0.19303386 1.9585604e-09 -783480.56
456359380000.0 -0.19368492 1.9585604e-09 -783480.56
457893200000.0 -0.19433591 1.9585604e-09 -783480.56
459427280000.0 -0.19498698 1.9585604e-09 -783480.56
460961320000.0 -0.19563805 1.4536905e-09 -739598.0
462495200000.0 -0.19628905 1.4536905e-09 -739598.0
464029220000.0 -0.19694011 1.4536905e-09 -739598.0
465563300000.0 -0.19759119 1.4536905e-09 -739598.0
467097160000.0 -0.19824217 1.0756762e-09 -696616.7
468631000000.0 -0.19889317 1.0756762e-09 -696616.7
470165230000.0 -0.19954431 1.0756762e-09 -696616.7
