morphology_data/1d_wb_a0.05_l4r0.5_00001.ecsv
# %ECSV 1.0
# ---
# datatype:
# - {name: b, datatype: float32}
# - {name: phase, datatype: float32}
# - {name: sigma, datatype: float32}
# - {name: vr, datatype: float32}
# meta: {lambda: 4, rp: 0.5, sep: 0.05, wind: b}
# schema: astropy-2.0
b phase sigma vr
-2354660500000.0 0.49967447 nan nan
-2351592600000.0 0.49902344 nan nan
-2348524800000.0 0.4983724 nan nan
-2345456600000.0 0.49772134 nan nan
-2342388800000.0 0.4970703 nan nan
-2339321000000.0 0.49641928 nan nan
-2336253000000.0 0.49576828 nan nan
-2333185000000.0 0.4951172 nan nan
-2330117000000.0 0.4944662 nan nan
-2327049000000.0 0.49381506 nan nan
-2323981000000.0 0.4931641 nan nan
-2320913000000.0 0.49251297 nan nan
-2317845000000.0 0.49186197 nan nan
-2314777100000.0 0.49121094 nan nan
-2311709000000.0 0.49055988 nan nan
-2308641000000.0 0.48990884 nan nan
-2305573300000.0 0.4892578 nan nan
-2302505000000.0 0.48860675 nan nan
-2299437300000.0 0.48795572 nan nan
-2296369400000.0 0.4873047 nan nan
-2293301500000.0 0.48665366 nan nan
-2290233400000.0 0.4860026 nan nan
-2287165500000.0 0.48535156 nan nan
-2284097600000.0 0.48470056 nan nan
-2281029500000.0 0.48404947 nan nan
-2277961600000.0 0.48339847 nan nan
-2274893500000.0 0.48274735 nan nan
-2271825600000.0 0.48209637 nan nan
-2268757500000.0 0.48144525 nan nan
-2265689600000.0 0.48079422 nan nan
-2262621700000.0 0.48014325 nan nan
-2259553600000.0 0.47949213 nan nan
-2256485700000.0 0.47884113 nan nan
-2253418000000.0 0.4781901 nan nan
-2250350000000.0 0.47753906 nan nan
-2247281900000.0 0.476888 nan nan
-2244214000000.0 0.47623697 nan nan
-2241146000000.0 0.47558594 nan nan
-2238078300000.0 0.47493497 nan nan
-2235010000000.0 0.47428384 nan nan
-2231942300000.0 0.47363284 nan nan
-2228874000000.0 0.47298175 nan nan
-2225806200000.0 0.47233072 nan nan
-2222738400000.0 0.47167972 nan nan
-2219670200000.0 0.47102863 nan nan
-2216602400000.0 0.47037762 nan nan
-2213534200000.0 0.4697265 nan nan
-2210466400000.0 0.46907553 nan nan
-2207398500000.0 0.4684245 nan nan
-2204330400000.0 0.46777344 nan nan
-2201262500000.0 0.4671224 nan nan
-2198194600000.0 0.46647137 nan nan
-2195126700000.0 0.46582034 nan nan
-2192058600000.0 0.46516925 nan nan
-2188990700000.0 0.46451822 nan nan
-2185922700000.0 0.4638672 nan nan
-2182854700000.0 0.46321613 nan nan
-2179786700000.0 0.4625651 nan nan
-2176718900000.0 0.46191406 nan nan
-2173650700000.0 0.461263 nan nan
-2170582900000.0 0.46061197 nan nan
-2167515000000.0 0.45996094 nan nan
-2164447000000.0 0.4593099 nan nan
-2161379000000.0 0.45865884 nan nan
-2158311100000.0 0.4580078 nan nan
-2155243100000.0 0.45735678 nan nan
-2152175200000.0 0.45670575 nan nan
-2149107100000.0 0.4560547 nan nan
-2146039200000.0 0.45540366 nan nan
-2142971400000.0 0.45475262 nan nan
-2139903200000.0 0.45410153 nan nan
-2136835400000.0 0.45345053 nan nan
-2133767400000.0 0.4527995 nan nan
-2130699400000.0 0.4521484 nan nan
-2127631400000.0 0.45149738 nan nan
-2124563500000.0 0.45084634 nan nan
-2121495600000.0 0.4501953 nan nan
-2118427500000.0 0.44954425 nan nan
-2115359600000.0 0.44889322 nan nan
-2112291700000.0 0.4482422 nan nan
-2109223700000.0 0.44759116 nan nan
-2106155700000.0 0.4469401 nan nan
-2103087700000.0 0.44628906 nan nan
-2100019900000.0 0.44563803 nan nan
-2096951700000.0 0.44498697 nan nan
-2093883900000.0 0.44433594 nan nan
-2090816000000.0 0.4436849 nan nan
-2087747800000.0 0.44303384 nan nan
-2084680000000.0 0.4423828 nan nan
-2081612000000.0 0.44173178 nan nan
-2078544100000.0 0.44108075 nan nan
-2075476000000.0 0.44042966 nan nan
-2072408100000.0 0.43977866 nan nan
-2069340200000.0 0.43912762 nan nan
-2066272400000.0 0.4384766 nan nan
-2063204200000.0 0.4378255 nan nan
-2060136300000.0 0.43717447 nan nan
-2057068300000.0 0.43652344 nan nan
-2054000300000.0 0.43587238 nan nan
-2050932300000.0 0.43522134 nan nan
-2047864500000.0 0.4345703 nan nan
-2044796300000.0 0.43391925 nan nan
-2041728500000.0 0.43326822 nan nan
-2038660600000.0 0.4326172 nan nan
-2035592600000.0 0.43196616 nan nan
-2032524600000.0 0.4313151 nan nan
-2029456600000.0 0.43066406 nan nan
-2026388700000.0 0.43001303 nan nan
-2023320800000.0 0.429362 nan nan
-2020252700000.0 0.42871094 nan nan
-2017184800000.0 0.4280599 nan nan
-2014117000000.0 0.42740887 nan nan
-2011048800000.0 0.42675778 nan nan
-2007981000000.0 0.42610675 nan nan
-2004913000000.0 0.42545575 nan nan
-2001845000000.0 0.42480466 nan nan
-1998777000000.0 0.42415363 nan nan
-1995709100000.0 0.4235026 nan nan
-1992641200000.0 0.42285156 nan nan
-1989573200000.0 0.42220053 nan nan
-1986505200000.0 0.42154947 nan nan
-1983437300000.0 0.42089844 nan nan
-1980369300000.0 0.4202474 nan nan
-1977301300000.0 0.41959634 nan nan
-1974233300000.0 0.4189453 nan nan
-1971165500000.0 0.41829428 nan nan
-1968097300000.0 0.41764322 nan nan
-1965029500000.0 0.4169922 nan nan
-1961961600000.0 0.41634116 nan nan
-1958893500000.0 0.4156901 nan nan
-1955825700000.0 0.4150391 nan nan
-1952757600000.0 0.41438803 nan nan
-1949689600000.0 0.41373694 nan nan
-1946621800000.0 0.41308597 nan nan
-1943553700000.0 0.41243488 nan nan
-1940485800000.0 0.41178387 nan nan
-1937418000000.0 0.41113284 1.0267081e-11 -13497510.0
-1934349800000.0 0.41048175 1.0267081e-11 -13497510.0
-1931282000000.0 0.40983072 1.0267081e-11 -13497510.0
-1928214000000.0 0.4091797 1.0267081e-11 -13497510.0
-1925146000000.0 0.40852863 1.036559e-11 -13469610.0
-1922078000000.0 0.4078776 1.036559e-11 -13469610.0
-1919010100000.0 0.40722656 1.036559e-11 -13469610.0
-1915942000000.0 0.4065755 1.036559e-11 -13469610.0
-1912874200000.0 0.4059245 2.3937699e-11 -10384049.0
-1909806200000.0 0.40527344 2.3937699e-11 -10384049.0
-1906738100000.0 0.40462238 2.3937699e-11 -10384049.0
-1903670300000.0 0.40397137 2.3937699e-11 -10384049.0
-1900602200000.0 0.4033203 2.4138249e-11 -10421439.0
-1897534300000.0 0.40266928 2.4138249e-11 -10421439.0
-1894466500000.0 0.40201825 2.4138249e-11 -10421439.0
-1891398300000.0 0.4013672 2.4138249e-11 -10421439.0
-1888330400000.0 0.40071616 4.8468073e-11 -7692987.0
-1885262600000.0 0.40006512 4.8468073e-11 -7692987.0
-1882194400000.0 0.39941403 4.8468073e-11 -7692987.0
-1879126600000.0 0.398763 4.8468073e-11 -7692987.0
-1876058600000.0 0.39811197 5.0589342e-11 -7977396.0
-1872990600000.0 0.3974609 5.0589342e-11 -7977396.0
-1869922800000.0 0.39680994 5.0589342e-11 -7977396.0
-1866854700000.0 0.39615884 5.0589342e-11 -7977396.0
-1863786800000.0 0.3955078 8.482218e-11 -5913209.0
-1860718800000.0 0.39485678 8.482218e-11 -5913209.0
-1857650800000.0 0.39420572 8.482218e-11 -5913209.0
-1854582800000.0 0.3935547 8.482218e-11 -5913209.0
-1851515000000.0 0.39290366 9.396717e-11 -6132939.0
-1848447000000.0 0.3922526 9.396717e-11 -6132939.0
-1845379000000.0 0.39160156 9.396717e-11 -6132939.0
-1842311100000.0 0.39095053 9.396717e-11 -6132939.0
-1839243000000.0 0.39029947 1.3479183e-10 -4711389.0
-1836175000000.0 0.38964844 1.3479183e-10 -4711389.0
-1833107200000.0 0.3889974 1.3479183e-10 -4711389.0
-1830039000000.0 0.38834634 1.3479183e-10 -4711389.0
-1826971300000.0 0.38769534 1.523905e-10 -4615162.0
-1823903200000.0 0.38704428 1.523905e-10 -4615162.0
-1820835300000.0 0.38639325 1.523905e-10 -4615162.0
-1817767400000.0 0.38574222 1.523905e-10 -4615162.0
-1814699300000.0 0.38509113 2.0222274e-10 -3750122.8
-1811631400000.0 0.3844401 2.0222274e-10 -3750122.8
-1808563400000.0 0.3837891 2.0222274e-10 -3750122.8
-1805495400000.0 0.383138 2.0222274e-10 -3750122.8
-1802427600000.0 0.38248697 2.2520821e-10 -3515495.5
-1799359600000.0 0.38183594 2.2520821e-10 -3515495.5
-1796291600000.0 0.38118488 2.2520821e-10 -3515495.5
-1793223600000.0 0.38053384 2.2520821e-10 -3515495.5
-1790155700000.0 0.3798828 2.885171e-10 -2994027.8
-1787087600000.0 0.37923175 2.885171e-10 -2994027.8
-1784019800000.0 0.37858075 2.885171e-10 -2994027.8
-1780951800000.0 0.3779297 2.885171e-10 -2994027.8
-1777883800000.0 0.37727866 3.058108e-10 -2856998.8
-1774816000000.0 0.37662762 3.058108e-10 -2856998.8
-1771747800000.0 0.37597656 3.058108e-10 -2856998.8
-1768679900000.0 0.37532553 3.058108e-10 -2856998.8
-1765612000000.0 0.3746745 3.5012312e-10 -2687896.8
-1762543900000.0 0.37402344 3.5012312e-10 -2687896.8
-1759476000000.0 0.3733724 3.5012312e-10 -2687896.8
-1756408200000.0 0.37272137 3.5012312e-10 -2687896.8
-1753340000000.0 0.37207028 3.4335648e-10 -2680532.8
-1750272200000.0 0.37141925 3.4335648e-10 -2680532.8
-1747204200000.0 0.37076822 3.4335648e-10 -2680532.8
-1744136200000.0 0.37011716 3.4335648e-10 -2680532.8
-1741068400000.0 0.3694662 3.3505834e-10 -2921531.0
-1738000300000.0 0.3688151 3.3505834e-10 -2921531.0
-1734932400000.0 0.36816406 3.3505834e-10 -2921531.0
-1731864400000.0 0.36751303 3.3505834e-10 -2921531.0
-1728796400000.0 0.36686197 3.0525343e-10 -3251423.0
-1725728400000.0 0.36621094 3.0525343e-10 -3251423.0
-1722660600000.0 0.3655599 3.0525343e-10 -3251423.0
-1719592400000.0 0.36490884 3.0525343e-10 -3251423.0
-1716524500000.0 0.3642578 2.5896202e-10 -4675838.5
-1713456700000.0 0.36360678 2.5896202e-10 -4675838.5
-1710388500000.0 0.36295572 2.5896202e-10 -4675838.5
-1707320700000.0 0.3623047 2.5896202e-10 -4675838.5
-1704252800000.0 0.36165366 2.384949e-10 -4885716.0
-1701184700000.0 0.3610026 2.384949e-10 -4885716.0
-1698116900000.0 0.3603516 2.384949e-10 -4885716.0
-1695048800000.0 0.35970053 2.384949e-10 -4885716.0
-1691980900000.0 0.3590495 1.3766066e-10 -8419997.0
-1688913000000.0 0.35839847 1.3766066e-10 -8419997.0
-1685844900000.0 0.35774738 1.3766066e-10 -8419997.0
-1682777000000.0 0.35709634 1.3766066e-10 -8419997.0
-1679709000000.0 0.3564453 1.2918075e-10 -8177059.0
-1676641000000.0 0.35579425 1.2918075e-10 -8177059.0
-1673573200000.0 0.35514322 1.2918075e-10 -8177059.0
-1670505200000.0 0.3544922 1.2918075e-10 -8177059.0
-1667437200000.0 0.35384113 5.4008475e-11 -11849297.0
-1664369200000.0 0.3531901 5.4008475e-11 -11849297.0
-1661301300000.0 0.35253906 5.4008475e-11 -11849297.0
-1658233200000.0 0.351888 5.4008475e-11 -11849297.0
-1655165400000.0 0.351237 5.099774e-11 -11577550.0
-1652097400000.0 0.35058594 5.099774e-11 -11577550.0
-1649029400000.0 0.3499349 5.099774e-11 -11577550.0
-1645961500000.0 0.34928387 5.099774e-11 -11577550.0
-1642893400000.0 0.3486328 3.0405713e-11 -11669590.0
-1639825500000.0 0.34798178 3.0405713e-11 -11669590.0
-1636757700000.0 0.34733075 3.0405713e-11 -11669590.0
-1633689500000.0 0.3466797 3.0405713e-11 -11669590.0
-1630621700000.0 0.34602866 3.0264895e-11 -11615605.0
-1627553800000.0 0.34537762 3.0264895e-11 -11615605.0
-1624485700000.0 0.34472653 3.0264895e-11 -11615605.0
-1621417800000.0 0.3440755 3.0264895e-11 -11615605.0
-1618349800000.0 0.34342447 2.8583602e-11 -11097374.0
-1615281800000.0 0.3427734 2.8583602e-11 -11097374.0
-1612214000000.0 0.3421224 2.8583602e-11 -11097374.0
-1609145900000.0 0.34147134 2.8583602e-11 -11097374.0
-1606078000000.0 0.3408203 2.8761656e-11 -11116520.0
-1603010000000.0 0.34016928 2.8761656e-11 -11116520.0
-1599942000000.0 0.33951822 2.8761656e-11 -11116520.0
-1596874000000.0 0.3388672 2.8761656e-11 -11116520.0
-1593806200000.0 0.33821616 3.4483156e-11 -10856341.0
-1590738000000.0 0.3375651 3.4483156e-11 -10856341.0
-1587670200000.0 0.33691406 3.4483156e-11 -10856341.0
-1584602300000.0 0.33626303 3.4483156e-11 -10856341.0
-1581534200000.0 0.33561197 3.4596357e-11 -10876522.0
-1578466300000.0 0.33496094 3.4596357e-11 -10876522.0
-1575398400000.0 0.3343099 3.4596357e-11 -10876522.0
-1572330400000.0 0.33365887 3.4596357e-11 -10876522.0
-1569262400000.0 0.3330078 4.615887e-11 -11144691.0
-1566194400000.0 0.33235678 4.615887e-11 -11144691.0
-1563126500000.0 0.33170575 4.615887e-11 -11144691.0
-1560058700000.0 0.33105472 4.615887e-11 -11144691.0
-1556990500000.0 0.33040363 4.7000747e-11 -11224745.0
-1553922700000.0 0.3297526 4.7000747e-11 -11224745.0
-1550854700000.0 0.32910156 4.7000747e-11 -11224745.0
-1547786600000.0 0.3284505 4.7000747e-11 -11224745.0
-1544718600000.0 0.32779947 5.294137e-11 -10995415.0
-1541650800000.0 0.32714844 5.294137e-11 -10995415.0
-1538582800000.0 0.32649738 5.294137e-11 -10995415.0
-1535514800000.0 0.32584634 5.294137e-11 -10995415.0
-1532446900000.0 0.3251953 5.5662402e-11 -11072112.0
-1529379000000.0 0.32454428 5.5662402e-11 -11072112.0
-1526310900000.0 0.32389322 5.5662402e-11 -11072112.0
-1523243000000.0 0.3232422 5.5662402e-11 -11072112.0
-1520175000000.0 0.32259116 5.4302653e-11 -11124833.0
-1517107200000.0 0.32194012 5.4302653e-11 -11124833.0
-1514039000000.0 0.32128906 5.4302653e-11 -11124833.0
-1510971100000.0 0.32063803 5.4302653e-11 -11124833.0
-1507903300000.0 0.319987 5.7436972e-11 -11054317.0
-1504835100000.0 0.31933594 5.7436972e-11 -11054317.0
-1501767300000.0 0.3186849 5.7436972e-11 -11054317.0
-1498699400000.0 0.31803387 5.7436972e-11 -11054317.0
-1495631400000.0 0.31738284 5.4458445e-11 -11362476.0
-1492563400000.0 0.31673178 5.4458445e-11 -11362476.0
-1489495400000.0 0.31608072 5.4458445e-11 -11362476.0
-1486427500000.0 0.3154297 5.4458445e-11 -11362476.0
-1483359400000.0 0.31477863 5.75878e-11 -11243891.0
-1480291500000.0 0.3141276 5.75878e-11 -11243891.0
-1477223600000.0 0.31347656 5.75878e-11 -11243891.0
-1474155600000.0 0.31282553 5.75878e-11 -11243891.0
-1471087600000.0 0.31217447 5.376453e-11 -11701606.0
-1468019600000.0 0.3115234 5.376453e-11 -11701606.0
-1464951800000.0 0.3108724 5.376453e-11 -11701606.0
-1461883600000.0 0.3102213 5.376453e-11 -11701606.0
-1458815800000.0 0.3095703 5.632814e-11 -11614768.0
-1455747900000.0 0.30891928 5.632814e-11 -11614768.0
-1452679900000.0 0.30826822 5.632814e-11 -11614768.0
-1449611900000.0 0.3076172 5.632814e-11 -11614768.0
-1446544000000.0 0.30696616 5.5809454e-11 -12391717.0
-1443476000000.0 0.30631512 5.5809454e-11 -12391717.0
-1440408000000.0 0.30566406 5.5809454e-11 -12391717.0
-1437340000000.0 0.30501303 5.5809454e-11 -12391717.0
-1434272100000.0 0.304362 5.6401862e-11 -12477152.0
-1431204100000.0 0.30371094 5.6401862e-11 -12477152.0
-1428136100000.0 0.30305988 5.6401862e-11 -12477152.0
-1425068300000.0 0.30240884 5.6401862e-11 -12477152.0
-1422000300000.0 0.3017578 5.548534e-11 -13557260.0
-1418932300000.0 0.30110675 5.548534e-11 -13557260.0
-1415864300000.0 0.30045572 5.548534e-11 -13557260.0
-1412796400000.0 0.2998047 5.548534e-11 -13557260.0
-1409728400000.0 0.29915366 5.1719976e-11 -14464715.0
-1406660400000.0 0.2985026 5.1719976e-11 -14464715.0
-1403592500000.0 0.29785156 5.1719976e-11 -14464715.0
-1400524600000.0 0.29720056 5.1719976e-11 -14464715.0
-1397456500000.0 0.29654947 3.948224e-11 -15627190.0
-1394388600000.0 0.29589847 3.948224e-11 -15627190.0
-1391320600000.0 0.2952474 3.948224e-11 -15627190.0
-1388252600000.0 0.29459634 3.948224e-11 -15627190.0
-1385184600000.0 0.29394528 3.820704e-11 -15490092.0
-1382116800000.0 0.29329428 3.820704e-11 -15490092.0
-1379048900000.0 0.29264325 3.820704e-11 -15490092.0
-1375980900000.0 0.2919922 3.820704e-11 -15490092.0
-1372912900000.0 0.29134116 3.8220028e-11 -14923023.0
-1369844900000.0 0.2906901 3.8220028e-11 -14923023.0
-1366776900000.0 0.29003903 3.8220028e-11 -14923023.0
-1363709000000.0 0.28938803 3.8220028e-11 -14923023.0
-1360641000000.0 0.28873697 4.084961e-11 -14721986.0
-1357573100000.0 0.28808594 4.084961e-11 -14721986.0
-1354505100000.0 0.2874349 4.084961e-11 -14721986.0
-1351437100000.0 0.28678384 4.084961e-11 -14721986.0
-1348369300000.0 0.28613284 4.5942583e-11 -14172506.0
-1345301300000.0 0.28548178 4.5942583e-11 -14172506.0
-1342233200000.0 0.28483072 4.5942583e-11 -14172506.0
-1339165200000.0 0.28417966 4.5942583e-11 -14172506.0
-1336097400000.0 0.28352866 4.7032434e-11 -14137385.0
-1333029400000.0 0.2828776 4.7032434e-11 -14137385.0
-1329961400000.0 0.28222656 4.7032434e-11 -14137385.0
-1326893500000.0 0.28157553 4.7032434e-11 -14137385.0
-1323825500000.0 0.28092447 5.2937887e-11 -13756699.0
-1320757500000.0 0.28027344 5.2937887e-11 -13756699.0
-1317689600000.0 0.2796224 5.2937887e-11 -13756699.0
-1314621600000.0 0.27897137 5.2937887e-11 -13756699.0
-1311553600000.0 0.2783203 5.282882e-11 -13732364.0
-1308485600000.0 0.27766928 5.282882e-11 -13732364.0
-1305417700000.0 0.27701825 5.282882e-11 -13732364.0
-1302349700000.0 0.2763672 5.282882e-11 -13732364.0
-1299281700000.0 0.27571613 5.6302154e-11 -13392479.0
-1296213900000.0 0.2750651 5.6302154e-11 -13392479.0
