morphology_data/1d_wc_a0.025_l8r1_00001.ecsv
# %ECSV 1.0
# ---
# datatype:
# - {name: b, datatype: float32}
# - {name: phase, datatype: float32}
# - {name: sigma, datatype: float32}
# - {name: vr, datatype: float32}
# meta: {lambda: 8, rp: 1.0, sep: 0.025, wind: c}
# schema: astropy-2.0
b phase sigma vr
[from data line 1413]
1005524500000.0 -0.42675784 1.51478e-11 -679891.44
1007058350000.0 -0.4274088 1.29220905e-11 -1279996.1
1008592400000.0 -0.4280599 1.29220905e-11 -1279996.1
1010126500000.0 -0.42871097 1.29220905e-11 -1279996.1
1011660360000.0 -0.42936197 1.29220905e-11 -1279996.1
1013194360000.0 -0.43001303 1.1371448e-11 -1852581.8
1014728400000.0 -0.4306641 1.1371448e-11 -1852581.8
1016262300000.0 -0.4313151 1.1371448e-11 -1852581.8
1017796300000.0 -0.43196616 1.1371448e-11 -1852581.8
1019330360000.0 -0.43261722 1.0602267e-11 -2286980.2
1020864230000.0 -0.43326822 1.0602267e-11 -2286980.2
1022398100000.0 -0.43391922 1.0602267e-11 -2286980.2
1023932300000.0 -0.43457034 1.0602267e-11 -2286980.2
1025466200000.0 -0.43522134 1.08687035e-11 -2469615.0
1027000040000.0 -0.43587235 1.08687035e-11 -2469615.0
1028534300000.0 -0.4365235 1.08687035e-11 -2469615.0
1030068200000.0 -0.43717447 1.08687035e-11 -2469615.0
1031602040000.0 -0.43782547 1.20921545e-11 -2378336.5
1033136240000.0 -0.43847662 1.20921545e-11 -2378336.5
1034670100000.0 -0.43912762 1.20921545e-11 -2378336.5
1036204000000.0 -0.4397786 1.20921545e-11 -2378336.5
1037738200000.0 -0.44042975 1.3807123e-11 -2076966.2
1039272050000.0 -0.44108075 1.3807123e-11 -2076966.2
1040805900000.0 -0.44173172 1.3807123e-11 -2076966.2
1042340000000.0 -0.4423828 1.3807123e-11 -2076966.2
1043874000000.0 -0.44303387 1.5721202e-11 -1682674.1
1045407860000.0 -0.44368488 1.5721202e-11 -1682674.1
1046941900000.0 -0.44433594 1.5721202e-11 -1682674.1
1048476000000.0 -0.444987 1.5721202e-11 -1682674.1
1050009860000.0 -0.445638 1.7783391e-11 -1281764.6
1051543860000.0 -0.44628906 1.7783391e-11 -1281764.6
1053077900000.0 -0.44694012 1.7783391e-11 -1281764.6
1054611800000.0 -0.44759113 1.7783391e-11 -1281764.6
1056145870000.0 -0.4482422 1.949666e-11 -896371.9
1057679900000.0 -0.44889325 1.949666e-11 -896371.9
1059213740000.0 -0.44954425 1.949666e-11 -896371.9
1060747800000.0 -0.4501953 1.949666e-11 -896371.9
1062281800000.0 -0.4508464 2.0055214e-11 -707672.94
1063815700000.0 -0.45149738 2.0055214e-11 -707672.94
1065349550000.0 -0.45214838 2.0055214e-11 -707672.94
1066883800000.0 -0.45279953 2.0055214e-11 -707672.94
1068417700000.0 -0.45345053 1.939625e-11 -833452.5
1069951550000.0 -0.4541015 1.939625e-11 -833452.5
1071485750000.0 -0.45475265 1.939625e-11 -833452.5
1073019600000.0 -0.45540366 1.939625e-11 -833452.5
1074553500000.0 -0.45605463 1.7856923e-11 -1384459.9
1076087700000.0 -0.45670578 1.7856923e-11 -1384459.9
1077621560000.0 -0.45735678 1.7856923e-11 -1384459.9
1079155400000.0 -0.45800778 1.7856923e-11 -1384459.9
1080689700000.0 -0.4586589 1.5480462e-11 -2290068.5
1082223500000.0 -0.4593099 1.5480462e-11 -2290068.5
1083757360000.0 -0.4599609 1.5480462e-11 -2290068.5
1085291400000.0 -0.46061197 1.5480462e-11 -2290068.5
1086825500000.0 -0.46126303 1.3903333e-11 -2951956.5
1088359370000.0 -0.46191403 1.3903333e-11 -2951956.5
1089893400000.0 -0.4625651 1.3903333e-11 -2951956.5
1091427430000.0 -0.46321616 1.3903333e-11 -2951956.5
1092961300000.0 -0.46386716 1.34153634e-11 -3296270.5
1094495400000.0 -0.46451822 1.34153634e-11 -3296270.5
1096029400000.0 -0.4651693 1.34153634e-11 -3296270.5
1097563240000.0 -0.46582028 1.34153634e-11 -3296270.5
1099097300000.0 -0.46647137 1.3434255e-11 -3462535.0
1100631400000.0 -0.46712244 1.3434255e-11 -3462535.0
1102165200000.0 -0.46777344 1.3434255e-11 -3462535.0
1103699200000.0 -0.4684245 1.3434255e-11 -3462535.0
1105233300000.0 -0.46907556 1.3881069e-11 -3458804.0
1106767100000.0 -0.4697265 1.3881069e-11 -3458804.0
1108301000000.0 -0.47037753 1.3881069e-11 -3458804.0
1109835300000.0 -0.4710287 1.3881069e-11 -3458804.0
1111369200000.0 -0.47167972 1.487391e-11 -3320862.5
1112903000000.0 -0.4723307 1.487391e-11 -3320862.5
1114437200000.0 -0.4729818 1.487391e-11 -3320862.5
1115971100000.0 -0.47363284 1.487391e-11 -3320862.5
1117504900000.0 -0.4742838 1.5608882e-11 -3298874.8
1119039100000.0 -0.47493497 1.5608882e-11 -3298874.8
1120573000000.0 -0.47558594 1.5608882e-11 -3298874.8
1122106900000.0 -0.47623694 1.5608882e-11 -3298874.8
1123641000000.0 -0.47688803 1.5623256e-11 -3553519.0
1125175000000.0 -0.47753906 1.5623256e-11 -3553519.0
1126708800000.0 -0.47819003 1.5623256e-11 -3553519.0
1128242900000.0 -0.47884113 1.5623256e-11 -3553519.0
1129777000000.0 -0.47949222 1.5478492e-11 -3998360.0
1131310900000.0 -0.48014325 1.5478492e-11 -3998360.0
1132844800000.0 -0.48079422 1.5478492e-11 -3998360.0
1134378900000.0 -0.48144534 1.5478492e-11 -3998360.0
1135912800000.0 -0.48209637 1.6487499e-11 -4175547.2
1137446700000.0 -0.48274735 1.6487499e-11 -4175547.2
1138980800000.0 -0.48339847 1.6487499e-11 -4175547.2
1140514800000.0 -0.48404947 1.6487499e-11 -4175547.2
1142048800000.0 -0.48470056 1.9021791e-11 -3963041.2
1143582800000.0 -0.48535156 1.9021791e-11 -3963041.2
1145116700000.0 -0.4860026 1.9021791e-11 -3963041.2
1146650800000.0 -0.48665366 1.9021791e-11 -3963041.2
1148184800000.0 -0.48730478 2.2356159e-11 -3587392.8
1149718600000.0 -0.48795572 2.2356159e-11 -3587392.8
1151252600000.0 -0.48860675 2.2356159e-11 -3587392.8
1152786800000.0 -0.48925787 2.2356159e-11 -3587392.8
1154320600000.0 -0.48990884 2.5574064e-11 -3230577.0
1155854500000.0 -0.49055988 2.5574064e-11 -3230577.0
1157388700000.0 -0.491211 2.5574064e-11 -3230577.0
1158922500000.0 -0.49186197 2.5574064e-11 -3230577.0
1160456400000.0 -0.49251297 2.7834436e-11 -3052173.2
1161990600000.0 -0.49316412 2.7834436e-11 -3052173.2
1163524400000.0 -0.49381506 2.7834436e-11 -3052173.2
1165058400000.0 -0.4944661 2.7834436e-11 -3052173.2
1166592600000.0 -0.49511725 2.9391066e-11 -2993067.0
1168126500000.0 -0.49576828 2.9391066e-11 -2993067.0
1169660300000.0 -0.49641922 2.9391066e-11 -2993067.0
1171194400000.0 -0.4970703 2.9391066e-11 -2993067.0
1172728400000.0 -0.49772137 3.0436032e-11 -2974996.8
1174262300000.0 -0.49837238 3.0436032e-11 -2974996.8
1175796300000.0 -0.49902344 3.0436032e-11 -2974996.8
1177330400000.0 -0.4996745 3.0436032e-11 -2974996.8
