morphology_data/1d_wa_a0.1_l4r2_00001.ecsv
# %ECSV 1.0
# ---
# datatype:
# - {name: b, datatype: float32}
# - {name: phase, datatype: float32}
# - {name: sigma, datatype: float32}
# - {name: vr, datatype: float32}
# meta: {lambda: 4, rp: 2.0, sep: 0.1, wind: a}
# schema: astropy-2.0
b phase sigma vr
[from data line 1283]
3187612000000.0 -0.33821613 3.1801846e-08 -1642113.6
3193748000000.0 -0.3388672 2.920761e-08 -1944764.4
3199884300000.0 -0.33951825 2.920761e-08 -1944764.4
3206019800000.0 -0.34016925 2.920761e-08 -1944764.4
3212156000000.0 -0.3408203 2.920761e-08 -1944764.4
3218292000000.0 -0.3414714 2.6352566e-08 -2185232.0
3224427600000.0 -0.34212238 2.6352566e-08 -2185232.0
3230563000000.0 -0.34277338 2.6352566e-08 -2185232.0
3236700000000.0 -0.34342453 2.6352566e-08 -2185232.0
3242835600000.0 -0.3440755 2.3216323e-08 -2338744.2
3248970800000.0 -0.3447265 2.3216323e-08 -2338744.2
3255107800000.0 -0.34537765 2.3216323e-08 -2338744.2
3261243300000.0 -0.34602866 2.3216323e-08 -2338744.2
3267378800000.0 -0.34667963 1.9782243e-08 -2408906.8
3273515600000.0 -0.34733078 1.9782243e-08 -2408906.8
3279651000000.0 -0.34798178 1.9782243e-08 -2408906.8
3285786600000.0 -0.34863275 1.9782243e-08 -2408906.8
3291923300000.0 -0.3492839 1.6975577e-08 -2383783.0
3298058800000.0 -0.3499349 1.6975577e-08 -2383783.0
3304194300000.0 -0.3505859 1.6975577e-08 -2383783.0
3310330600000.0 -0.35123697 1.6975577e-08 -2383783.0
3316466800000.0 -0.35188803 1.5304142e-08 -2277166.0
3322602300000.0 -0.35253903 1.5304142e-08 -2277166.0
3328738300000.0 -0.3531901 1.5304142e-08 -2277166.0
3334874600000.0 -0.35384116 1.5304142e-08 -2277166.0
3341010000000.0 -0.35449216 1.4056042e-08 -2150269.8
3347146300000.0 -0.35514322 1.4056042e-08 -2150269.8
3353282300000.0 -0.3557943 1.4056042e-08 -2150269.8
3359417800000.0 -0.35644528 1.4056042e-08 -2150269.8
3365554000000.0 -0.35709634 1.3031647e-08 -2073029.1
3371690000000.0 -0.35774744 1.3031647e-08 -2073029.1
3377825600000.0 -0.3583984 1.3031647e-08 -2073029.1
3383961800000.0 -0.3590495 1.3031647e-08 -2073029.1
3390098000000.0 -0.35970056 1.2070223e-08 -2047914.8
3396233600000.0 -0.36035156 1.2070223e-08 -2047914.8
3402369000000.0 -0.36100253 1.2070223e-08 -2047914.8
3408505900000.0 -0.3616537 1.2070223e-08 -2047914.8
3414641300000.0 -0.3623047 1.1121468e-08 -2082253.8
3420776800000.0 -0.36295566 1.1121468e-08 -2082253.8
3426913600000.0 -0.3636068 1.1121468e-08 -2082253.8
3433049000000.0 -0.3642578 1.1121468e-08 -2082253.8
3439184600000.0 -0.3649088 1.052377e-08 -2143774.2
3445321600000.0 -0.36555994 1.052377e-08 -2143774.2
3451456800000.0 -0.36621094 1.052377e-08 -2143774.2
3457592300000.0 -0.36686194 1.052377e-08 -2143774.2
3463729400000.0 -0.3675131 1.0119023e-08 -2177313.2
3469864900000.0 -0.36816406 1.0119023e-08 -2177313.2
3476000300000.0 -0.36881506 1.0119023e-08 -2177313.2
3482136300000.0 -0.36946613 1.0119023e-08 -2177313.2
3488272600000.0 -0.3701172 9.777715e-09 -2160617.5
3494408000000.0 -0.3707682 9.777715e-09 -2160617.5
3500544400000.0 -0.37141925 9.777715e-09 -2160617.5
3506680400000.0 -0.37207034 9.777715e-09 -2160617.5
3512815800000.0 -0.3727213 9.441692e-09 -2119881.0
3518952000000.0 -0.3733724 9.441692e-09 -2119881.0
3525088400000.0 -0.37402347 9.441692e-09 -2119881.0
3531223600000.0 -0.37467447 9.441692e-09 -2119881.0
3537359900000.0 -0.37532553 9.271824e-09 -2082246.5
3543496000000.0 -0.3759766 9.271824e-09 -2082246.5
3549631600000.0 -0.3766276 9.271824e-09 -2082246.5
3555767600000.0 -0.37727866 9.271824e-09 -2082246.5
3561904000000.0 -0.37792972 9.316804e-09 -2071034.6
3568039400000.0 -0.37858072 9.316804e-09 -2071034.6
3574174800000.0 -0.37923172 9.316804e-09 -2071034.6
3580311600000.0 -0.37988284 9.316804e-09 -2071034.6
3586447000000.0 -0.38053384 9.343776e-09 -2093365.9
3592582600000.0 -0.38118485 9.343776e-09 -2093365.9
3598719600000.0 -0.381836 9.343776e-09 -2093365.9
3604855000000.0 -0.38248697 9.343776e-09 -2093365.9
3610990300000.0 -0.38313797 9.237768e-09 -2148579.2
3617127400000.0 -0.38378912 9.237768e-09 -2148579.2
3623263000000.0 -0.3844401 9.237768e-09 -2148579.2
3629398400000.0 -0.3850911 9.237768e-09 -2148579.2
3635535200000.0 -0.38574225 8.930273e-09 -2228922.8
3641670600000.0 -0.38639325 8.930273e-09 -2228922.8
3647806000000.0 -0.38704422 8.930273e-09 -2228922.8
3653942400000.0 -0.3876953 8.930273e-09 -2228922.8
3660078400000.0 -0.38834637 8.3832035e-09 -2293423.8
3666213900000.0 -0.38899738 8.3832035e-09 -2293423.8
3672350000000.0 -0.38964844 8.3832035e-09 -2293423.8
3678486400000.0 -0.3902995 8.3832035e-09 -2293423.8
3684622000000.0 -0.3909505 7.603134e-09 -2294645.8
3690758000000.0 -0.39160156 7.603134e-09 -2294645.8
3696894100000.0 -0.39225262 7.603134e-09 -2294645.8
3703029600000.0 -0.39290363 7.603134e-09 -2294645.8
3709165600000.0 -0.3935547 6.848739e-09 -2224232.2
3715302000000.0 -0.39420575 6.848739e-09 -2224232.2
3721437400000.0 -0.39485675 6.848739e-09 -2224232.2
3727573600000.0 -0.3955078 6.848739e-09 -2224232.2
3733709700000.0 -0.3961589 6.3262973e-09 -2155298.8
3739845100000.0 -0.39680988 6.3262973e-09 -2155298.8
3745980600000.0 -0.39746088 6.3262973e-09 -2155298.8
3752117700000.0 -0.39811203 6.3262973e-09 -2155298.8
3758253100000.0 -0.398763 6.1042362e-09 -2119816.8
3764388600000.0 -0.399414 6.1042362e-09 -2119816.8
3770525400000.0 -0.40006515 6.1042362e-09 -2119816.8
3776661000000.0 -0.40071616 6.1042362e-09 -2119816.8
3782796400000.0 -0.40136713 6.193146e-09 -2139159.8
3788933200000.0 -0.40201828 6.193146e-09 -2139159.8
3795068600000.0 -0.40266928 6.193146e-09 -2139159.8
3801204000000.0 -0.40332028 6.193146e-09 -2139159.8
3807341000000.0 -0.4039714 6.2896035e-09 -2199859.2
3813476400000.0 -0.4046224 6.2896035e-09 -2199859.2
3819612000000.0 -0.4052734 6.2896035e-09 -2199859.2
3825748100000.0 -0.40592447 6.2896035e-09 -2199859.2
3831884400000.0 -0.40657553 5.73595e-09 -2394332.0
3838020000000.0 -0.40722653 5.73595e-09 -2394332.0
3844156000000.0 -0.4078776 5.73595e-09 -2394332.0
3850292200000.0 -0.40852866 5.73595e-09 -2394332.0
3856427600000.0 -0.40917966 4.5412674e-09 -2668663.8
3862564000000.0 -0.40983072 4.5412674e-09 -2668663.8
3868700000000.0 -0.4104818 4.5412674e-09 -2668663.8
3874835400000.0 -0.41113278 4.5412674e-09 -2668663.8
3880971700000.0 -0.41178387 3.442253e-09 -2790668.5
3887107700000.0 -0.41243494 3.442253e-09 -2790668.5
3893243200000.0 -0.4130859 3.442253e-09 -2790668.5
3899379400000.0 -0.413737 3.442253e-09 -2790668.5
3905515700000.0 -0.41438806 3.212182e-09 -2919083.0
3911651200000.0 -0.41503906 3.212182e-09 -2919083.0
3917786600000.0 -0.41569003 3.212182e-09 -2919083.0
3923923400000.0 -0.4163412 3.212182e-09 -2919083.0
3930059000000.0 -0.4169922 3.4820167e-09 -3223338.8
3936194400000.0 -0.4176432 3.4820167e-09 -3223338.8
3942331200000.0 -0.4182943 3.4820167e-09 -3223338.8
3948466700000.0 -0.4189453 3.4820167e-09 -3223338.8
3954602100000.0 -0.4195963 3.3875986e-09 -3559807.5
3960739200000.0 -0.42024744 3.3875986e-09 -3559807.5
3966874700000.0 -0.42089844 3.3875986e-09 -3559807.5
3973010000000.0 -0.42154944 3.3875986e-09 -3559807.5
3979147000000.0 -0.4222006 2.9701581e-09 -3809633.8
3985282400000.0 -0.42285156 2.9701581e-09 -3809633.8
3991418000000.0 -0.42350256 2.9701581e-09 -3809633.8
3997554000000.0 -0.42415363 2.9701581e-09 -3809633.8
4003690200000.0 -0.42480472 2.1563318e-09 -3944413.8
4009825700000.0 -0.4254557 2.1563318e-09 -3944413.8
4015962000000.0 -0.42610675 2.1563318e-09 -3944413.8
4022098000000.0 -0.42675784 2.1563318e-09 -3944413.8
4028233400000.0 -0.4274088 1.339319e-09 -4024955.2
4034369700000.0 -0.4280599 1.339319e-09 -4024955.2
4040506000000.0 -0.42871097 1.339319e-09 -4024955.2
4046641400000.0 -0.42936197 1.339319e-09 -4024955.2
4052777400000.0 -0.43001303 1.0345144e-09 -4488517.0
4058913700000.0 -0.4306641 1.0345144e-09 -4488517.0
4065049200000.0 -0.4313151 1.0345144e-09 -4488517.0
4071185200000.0 -0.43196616 1.0345144e-09 -4488517.0
4077321500000.0 -0.43261722 9.1720154e-10 -5214970.0
4083457000000.0 -0.43326822 9.1720154e-10 -5214970.0
4089592400000.0 -0.43391922 9.1720154e-10 -5214970.0
4095729200000.0 -0.43457034 9.1720154e-10 -5214970.0
4101864700000.0 -0.43522134 7.9613544e-10 -6450254.5
4108000200000.0 -0.43587235 7.9613544e-10 -6450254.5
4114137200000.0 -0.4365235 7.9613544e-10 -6450254.5
4120272700000.0 -0.43717447 7.9613544e-10 -6450254.5
4126408200000.0 -0.43782547 6.2836225e-10 -8111378.5
4132545000000.0 -0.43847662 6.2836225e-10 -8111378.5
4138680500000.0 -0.43912762 6.2836225e-10 -8111378.5
4144816000000.0 -0.4397786 6.2836225e-10 -8111378.5
4150952700000.0 -0.44042975 4.2426154e-10 -10291265.0
4157088200000.0 -0.44108075 4.2426154e-10 -10291265.0
4163223700000.0 -0.44173172 4.2426154e-10 -10291265.0
4169360000000.0 -0.4423828 4.2426154e-10 -10291265.0
4175496000000.0 -0.44303387 2.35183e-10 -13007783.0
4181631400000.0 -0.44368488 2.35183e-10 -13007783.0
4187767700000.0 -0.44433594 2.35183e-10 -13007783.0
4193904000000.0 -0.444987 2.35183e-10 -13007783.0
4200039400000.0 -0.445638 1.5351112e-10 -14453434.0
4206175500000.0 -0.44628906 1.5351112e-10 -14453434.0
4212311700000.0 -0.44694012 1.5351112e-10 -14453434.0
4218447200000.0 -0.44759113 1.5351112e-10 -14453434.0
4224583500000.0 -0.4482422 1.3273835e-10 -14090730.0
4230719500000.0 -0.44889325 1.3273835e-10 -14090730.0
4236855000000.0 -0.44954425 1.3273835e-10 -14090730.0
4242991200000.0 -0.4501953 1.3273835e-10 -14090730.0
4249127200000.0 -0.4508464 1.2446444e-10 -13816027.0
4255262700000.0 -0.45149738 1.2446444e-10 -13816027.0
4261398200000.0 -0.45214838 1.2446444e-10 -13816027.0
4267535200000.0 -0.45279953 1.2446444e-10 -13816027.0
4273670700000.0 -0.45345053 1.2089134e-10 -13304950.0
4279806200000.0 -0.4541015 1.2089134e-10 -13304950.0
4285943000000.0 -0.45475265 1.2089134e-10 -13304950.0
4292078500000.0 -0.45540366 1.2089134e-10 -13304950.0
4298214000000.0 -0.45605463 1.1726052e-10 -13348922.0
4304350700000.0 -0.45670578 1.1726052e-10 -13348922.0
4310486200000.0 -0.45735678 1.1726052e-10 -13348922.0
4316621700000.0 -0.45800778 1.1726052e-10 -13348922.0
4322758800000.0 -0.4586589 9.515633e-11 -14281342.0
4328894000000.0 -0.4593099 9.515633e-11 -14281342.0
4335029500000.0 -0.4599609 9.515633e-11 -14281342.0
4341165700000.0 -0.46061197 9.515633e-11 -14281342.0
4347302000000.0 -0.46126303 5.64648e-11 -16946378.0
4353437500000.0 -0.46191403 5.64648e-11 -16946378.0
4359573500000.0 -0.4625651 5.64648e-11 -16946378.0
4365709700000.0 -0.46321616 5.64648e-11 -16946378.0
4371845200000.0 -0.46386716 3.7498442e-11 -18330470.0
4377981500000.0 -0.46451822 3.7498442e-11 -18330470.0
4384117500000.0 -0.4651693 3.7498442e-11 -18330470.0
4390253000000.0 -0.46582028 3.7498442e-11 -18330470.0
4396389200000.0 -0.46647137 2.9353193e-11 -20193472.0
4402525500000.0 -0.46712244 2.9353193e-11 -20193472.0
4408660700000.0 -0.46777344 2.9353193e-11 -20193472.0
4414797000000.0 -0.4684245 2.9353193e-11 -20193472.0
4420933000000.0 -0.46907556 1.5772902e-11 -22274930.0
4427068500000.0 -0.4697265 1.5772902e-11 -22274930.0
4433204000000.0 -0.47037753 1.5772902e-11 -22274930.0
4439341000000.0 -0.4710287 1.5772902e-11 -22274930.0
4445477000000.0 -0.47167972 nan nan
4451612000000.0 -0.4723307 nan nan
4457749000000.0 -0.4729818 nan nan
4463884500000.0 -0.47363284 nan nan
4470019700000.0 -0.4742838 nan nan
4476156500000.0 -0.47493497 nan nan
4482292000000.0 -0.47558594 nan nan
4488427500000.0 -0.47623694 nan nan
4494564000000.0 -0.47688803 nan nan
4500700000000.0 -0.47753906 nan nan
4506835000000.0 -0.47819003 nan nan
4512971500000.0 -0.47884113 nan nan
4519108000000.0 -0.47949222 nan nan
4525243500000.0 -0.48014325 nan nan
4531379000000.0 -0.48079422 nan nan
4537515500000.0 -0.48144534 nan nan
4543651000000.0 -0.48209637 nan nan
4549787000000.0 -0.48274735 nan nan
4555923000000.0 -0.48339847 nan nan
4562059000000.0 -0.48404947 nan nan
4568195300000.0 -0.48470056 nan nan
4574331000000.0 -0.48535156 nan nan
4580467000000.0 -0.4860026 nan nan
4586603000000.0 -0.48665366 nan nan
4592739300000.0 -0.48730478 nan nan
4598874500000.0 -0.48795572 nan nan
4605010000000.0 -0.48860675 nan nan
4611147000000.0 -0.48925787 nan nan
4617282000000.0 -0.48990884 nan nan
4623418000000.0 -0.49055988 nan nan
4629555000000.0 -0.491211 nan nan
4635690000000.0 -0.49186197 nan nan
4641826000000.0 -0.49251297 nan nan
4647962500000.0 -0.49316412 nan nan
4654098000000.0 -0.49381506 nan nan
4660233500000.0 -0.4944661 nan nan
4666370300000.0 -0.49511725 nan nan
4672506000000.0 -0.49576828 nan nan
4678641000000.0 -0.49641922 nan nan
4684777500000.0 -0.4970703 nan nan
4690914000000.0 -0.49772137 nan nan
4697049000000.0 -0.49837238 nan nan
4703185300000.0 -0.49902344 nan nan
4709321500000.0 -0.4996745 nan nan
