morphology_data/1d_wb_a0.05_l4r0.5_00001.ecsv
# %ECSV 1.0
# ---
# datatype:
# - {name: b, datatype: float32}
# - {name: phase, datatype: float32}
# - {name: sigma, datatype: float32}
# - {name: vr, datatype: float32}
# meta: {lambda: 4, rp: 0.5, sep: 0.05, wind: b}
# schema: astropy-2.0
b phase sigma vr
[from data line 347]
-1290077900000.0 0.273763 5.6302154e-11 -13392479.0
-1287009900000.0 0.27311197 5.5830663e-11 -13359668.0
-1283942000000.0 0.27246094 5.5830663e-11 -13359668.0
-1280874000000.0 0.2718099 5.5830663e-11 -13359668.0
-1277806000000.0 0.27115884 5.5830663e-11 -13359668.0
-1274738100000.0 0.2705078 6.0925806e-11 -12721467.0
-1271670200000.0 0.2698568 6.0925806e-11 -12721467.0
-1268602200000.0 0.26920575 6.0925806e-11 -12721467.0
-1265534200000.0 0.2685547 6.0925806e-11 -12721467.0
-1262466200000.0 0.26790366 6.026628e-11 -12618588.0
-1259398200000.0 0.2672526 6.026628e-11 -12618588.0
-1256330200000.0 0.26660156 6.026628e-11 -12618588.0
-1253262400000.0 0.26595053 6.026628e-11 -12618588.0
-1250194500000.0 0.2652995 7.7281556e-11 -11231496.0
-1247126500000.0 0.26464844 7.7281556e-11 -11231496.0
-1244058500000.0 0.2639974 7.7281556e-11 -11231496.0
-1240990500000.0 0.26334634 7.7281556e-11 -11231496.0
-1237922500000.0 0.26269528 7.727318e-11 -11119215.0
-1234854500000.0 0.26204425 7.727318e-11 -11119215.0
-1231786600000.0 0.26139322 7.727318e-11 -11119215.0
-1228718700000.0 0.2607422 7.727318e-11 -11119215.0
-1225650700000.0 0.26009116 1.23894e-10 -9236056.0
-1222582700000.0 0.2594401 1.23894e-10 -9236056.0
-1219514900000.0 0.2587891 1.23894e-10 -9236056.0
-1216446900000.0 0.25813803 1.23894e-10 -9236056.0
-1213378900000.0 0.257487 1.2576049e-10 -9199001.0
-1210310900000.0 0.2568359 1.2576049e-10 -9199001.0
-1207243000000.0 0.2561849 1.2576049e-10 -9199001.0
-1204175000000.0 0.25553384 1.2576049e-10 -9199001.0
-1201107000000.0 0.2548828 2.0762539e-10 -7602648.5
-1198039100000.0 0.25423178 2.0762539e-10 -7602648.5
-1194971100000.0 0.25358072 2.0762539e-10 -7602648.5
-1191903100000.0 0.2529297 2.0762539e-10 -7602648.5
-1188835200000.0 0.25227866 2.1876186e-10 -7635224.0
-1185767200000.0 0.25162762 2.1876186e-10 -7635224.0
-1182699200000.0 0.25097656 2.1876186e-10 -7635224.0
-1179631200000.0 0.2503255 2.1876186e-10 -7635224.0
-1176563400000.0 0.24967448 3.1265696e-10 -6722344.5
-1173495300000.0 0.24902344 3.1265696e-10 -6722344.5
-1170427300000.0 0.24837239 3.1265696e-10 -6722344.5
-1167359500000.0 0.24772136 3.1265696e-10 -6722344.5
-1164291500000.0 0.2470703 3.394288e-10 -6672590.0
-1161223500000.0 0.24641925 3.394288e-10 -6672590.0
-1158155500000.0 0.2457682 3.394288e-10 -6672590.0
-1155087600000.0 0.24511719 3.394288e-10 -6672590.0
-1152019600000.0 0.24446614 4.076295e-10 -6257394.5
-1148951600000.0 0.2438151 4.076295e-10 -6257394.5
-1145883700000.0 0.24316406 4.076295e-10 -6257394.5
-1142815900000.0 0.24251305 4.076295e-10 -6257394.5
-1139747800000.0 0.241862 4.3685774e-10 -6182735.0
-1136679800000.0 0.24121095 4.3685774e-10 -6182735.0
-1133611800000.0 0.2405599 4.3685774e-10 -6182735.0
-1130543800000.0 0.23990884 4.3685774e-10 -6182735.0
-1127475800000.0 0.2392578 4.759808e-10 -6065177.5
-1124408000000.0 0.23860677 4.759808e-10 -6065177.5
-1121340100000.0 0.23795573 4.759808e-10 -6065177.5
-1118272100000.0 0.23730469 4.759808e-10 -6065177.5
-1115204100000.0 0.23665364 5.063596e-10 -6022668.0
-1112136100000.0 0.2360026 5.063596e-10 -6022668.0
-1109068100000.0 0.23535155 5.063596e-10 -6022668.0
-1106000100000.0 0.23470049 5.063596e-10 -6022668.0
-1102932200000.0 0.23404948 5.237007e-10 -6028764.0
-1099864300000.0 0.23339845 5.237007e-10 -6028764.0
-1096796340000.0 0.23274739 5.237007e-10 -6028764.0
-1093728340000.0 0.23209634 5.237007e-10 -6028764.0
-1090660400000.0 0.23144531 5.539288e-10 -5905744.5
-1087592400000.0 0.23079427 5.539288e-10 -5905744.5
-1084524400000.0 0.23014322 5.539288e-10 -5905744.5
-1081456500000.0 0.22949219 5.539288e-10 -5905744.5
-1078388600000.0 0.22884116 5.586875e-10 -5849376.5
-1075320600000.0 0.22819011 5.586875e-10 -5849376.5
-1072252600000.0 0.22753906 5.586875e-10 -5849376.5
-1069184650000.0 0.22688803 5.586875e-10 -5849376.5
-1066116700000.0 0.22623697 5.836825e-10 -5705504.5
-1063048700000.0 0.22558592 5.836825e-10 -5705504.5
-1059980800000.0 0.22493489 5.836825e-10 -5705504.5
-1056912830000.0 0.22428386 5.836825e-10 -5705504.5
-1053844800000.0 0.22363281 5.987566e-10 -5629136.0
-1050776800000.0 0.22298177 5.987566e-10 -5629136.0
-1047708960000.0 0.22233073 5.987566e-10 -5629136.0
-1044640960000.0 0.22167969 5.987566e-10 -5629136.0
-1041572950000.0 0.22102864 6.161367e-10 -5560600.5
-1038505000000.0 0.22037761 6.161367e-10 -5560600.5
-1035437150000.0 0.21972658 6.161367e-10 -5560600.5
-1032369140000.0 0.21907552 6.161367e-10 -5560600.5
-1029301140000.0 0.21842447 6.366628e-10 -5466630.5
-1026233200000.0 0.21777344 6.366628e-10 -5466630.5
-1023165200000.0 0.21712239 6.366628e-10 -5466630.5
-1020097200000.0 0.21647134 6.366628e-10 -5466630.5
-1017029300000.0 0.21582031 6.4551353e-10 -5451786.5
-1013961400000.0 0.21516928 6.4551353e-10 -5451786.5
-1010893400000.0 0.21451823 6.4551353e-10 -5451786.5
-1007825400000.0 0.21386719 6.4551353e-10 -5451786.5
-1004757450000.0 0.21321616 6.639126e-10 -5351706.5
-1001689500000.0 0.2125651 6.639126e-10 -5351706.5
-998621500000.0 0.21191405 6.639126e-10 -5351706.5
-995553600000.0 0.21126302 6.639126e-10 -5351706.5
-992485640000.0 0.21061198 6.5849987e-10 -5358795.0
-989417640000.0 0.20996094 6.5849987e-10 -5358795.0
-986349630000.0 0.20930989 6.5849987e-10 -5358795.0
-983281760000.0 0.20865886 6.5849987e-10 -5358795.0
-980213760000.0 0.20800781 6.5356065e-10 -5291213.5
-977145760000.0 0.20735677 6.5356065e-10 -5291213.5
-974077800000.0 0.20670573 6.5356065e-10 -5291213.5
-971009950000.0 0.2060547 6.5356065e-10 -5291213.5
-967941950000.0 0.20540364 6.3808586e-10 -5258081.0
-964873950000.0 0.2047526 6.3808586e-10 -5258081.0
-961806000000.0 0.20410156 6.3808586e-10 -5258081.0
-958738140000.0 0.20345053 6.3808586e-10 -5258081.0
-955670000000.0 0.20279947 6.264506e-10 -5202196.5
-952602100000.0 0.20214844 6.264506e-10 -5202196.5
-949534200000.0 0.2014974 6.264506e-10 -5202196.5
-946466200000.0 0.20084636 6.264506e-10 -5202196.5
-943398200000.0 0.20019531 6.289025e-10 -5102621.5
-940330250000.0 0.19954428 6.289025e-10 -5102621.5
-937262400000.0 0.19889325 6.289025e-10 -5102621.5
-934194300000.0 0.19824217 6.289025e-10 -5102621.5
-931126400000.0 0.19759114 6.388783e-10 -5059083.0
-928058440000.0 0.19694011 6.388783e-10 -5059083.0
-924990440000.0 0.19628906 6.388783e-10 -5059083.0
-921922440000.0 0.19563802 6.388783e-10 -5059083.0
-918854570000.0 0.19498698 6.701798e-10 -4888414.0
-915786600000.0 0.19433595 6.701798e-10 -4888414.0
-912718560000.0 0.19368488 6.701798e-10 -4888414.0
-909650600000.0 0.19303386 6.701798e-10 -4888414.0
-906582750000.0 0.19238283 7.1245077e-10 -4719707.5
-903514750000.0 0.19173177 7.1245077e-10 -4719707.5
-900446750000.0 0.19108072 7.1245077e-10 -4719707.5
-897378800000.0 0.19042969 7.1245077e-10 -4719707.5
-894310900000.0 0.18977866 7.7363604e-10 -4505127.5
-891242800000.0 0.1891276 7.7363604e-10 -4505127.5
-888174940000.0 0.18847656 7.7363604e-10 -4505127.5
-885107000000.0 0.18782553 7.7363604e-10 -4505127.5
-882039000000.0 0.18717448 8.409206e-10 -4384519.5
-878971000000.0 0.18652342 8.409206e-10 -4384519.5
-875903060000.0 0.1858724 8.409206e-10 -4384519.5
-872835200000.0 0.18522137 8.409206e-10 -4384519.5
-869767050000.0 0.1845703 8.7422936e-10 -4313411.0
-866699200000.0 0.18391927 8.7422936e-10 -4313411.0
-863631250000.0 0.18326823 8.7422936e-10 -4313411.0
-860563240000.0 0.18261719 8.7422936e-10 -4313411.0
-857495400000.0 0.18196616 9.0893804e-10 -4306467.5
-854427400000.0 0.18131511 9.0893804e-10 -4306467.5
-851359400000.0 0.18066408 9.0893804e-10 -4306467.5
-848291360000.0 0.180013 9.0893804e-10 -4306467.5
-845223400000.0 0.17936198 9.114867e-10 -4350443.5
-842155560000.0 0.17871095 9.114867e-10 -4350443.5
-839087400000.0 0.17805988 9.114867e-10 -4350443.5
-836019700000.0 0.17740889 9.114867e-10 -4350443.5
-832951600000.0 0.17675781 9.1546865e-10 -4468857.5
-829883550000.0 0.17610675 9.1546865e-10 -4468857.5
-826815800000.0 0.17545575 9.1546865e-10 -4468857.5
-823747740000.0 0.17480469 9.1546865e-10 -4468857.5
-820679600000.0 0.17415361 8.9737656e-10 -4591350.0
-817611870000.0 0.17350262 8.9737656e-10 -4591350.0
-814543800000.0 0.17285155 8.9737656e-10 -4591350.0
-811475860000.0 0.17220053 8.9737656e-10 -4591350.0
-808408000000.0 0.1715495 8.76462e-10 -4710464.0
-805339860000.0 0.17089842 8.76462e-10 -4710464.0
-802272000000.0 0.17024739 8.76462e-10 -4710464.0
-799204050000.0 0.16959636 8.76462e-10 -4710464.0
-796136000000.0 0.1689453 8.594821e-10 -4816218.0
-793068240000.0 0.1682943 8.594821e-10 -4816218.0
-790000200000.0 0.16764323 8.594821e-10 -4816218.0
-786932040000.0 0.16699216 8.594821e-10 -4816218.0
-783864370000.0 0.16634117 8.227373e-10 -4920133.5
-780796200000.0 0.1656901 8.227373e-10 -4920133.5
-777728160000.0 0.16503903 8.227373e-10 -4920133.5
-774660400000.0 0.16438805 8.227373e-10 -4920133.5
-771592360000.0 0.16373697 8.1889345e-10 -4930328.0
-768524400000.0 0.16308594 8.1889345e-10 -4930328.0
-765456500000.0 0.1624349 8.1889345e-10 -4930328.0
-762388400000.0 0.16178384 8.1889345e-10 -4930328.0
-759320540000.0 0.16113281 8.2657403e-10 -4930122.0
-756252600000.0 0.16048178 8.2657403e-10 -4930122.0
-753184540000.0 0.1598307 8.2657403e-10 -4930122.0
-750116800000.0 0.15917972 8.2657403e-10 -4930122.0
-747048670000.0 0.15852864 8.463636e-10 -4948635.5
-743980600000.0 0.15787758 8.463636e-10 -4948635.5
-740912860000.0 0.15722659 8.463636e-10 -4948635.5
-737844800000.0 0.15657552 8.463636e-10 -4948635.5
-734776700000.0 0.15592445 8.8304924e-10 -4991373.0
-731709000000.0 0.15527347 8.8304924e-10 -4991373.0
-728640850000.0 0.15462239 8.8304924e-10 -4991373.0
-725573000000.0 0.15397136 8.8304924e-10 -4991373.0
-722505040000.0 0.15332033 9.312244e-10 -5053423.0
-719437000000.0 0.15266925 9.312244e-10 -5053423.0
-716369040000.0 0.15201822 9.312244e-10 -5053423.0
-713301160000.0 0.1513672 9.312244e-10 -5053423.0
-710233000000.0 0.15071613 9.892759e-10 -5158493.0
-707165300000.0 0.15006512 9.892759e-10 -5158493.0
-704097200000.0 0.14941406 9.892759e-10 -5158493.0
-701029150000.0 0.148763 9.892759e-10 -5158493.0
-697961400000.0 0.148112 1.0573343e-09 -5280969.0
-694893300000.0 0.14746092 1.0573343e-09 -5280969.0
-691825200000.0 0.14680986 1.0573343e-09 -5280969.0
-688757500000.0 0.14615887 1.0573343e-09 -5280969.0
-685689400000.0 0.1455078 1.1274344e-09 -5386528.0
-682621500000.0 0.14485677 1.1274344e-09 -5386528.0
-679553600000.0 0.14420575 1.1274344e-09 -5386528.0
-676485460000.0 0.14355466 1.1274344e-09 -5386528.0
-673417600000.0 0.14290364 1.1891081e-09 -5430873.0
-670349660000.0 0.14225261 1.1891081e-09 -5430873.0
-667281600000.0 0.14160155 1.1891081e-09 -5430873.0
-664213850000.0 0.14095055 1.1891081e-09 -5430873.0
-661145800000.0 0.14029948 1.2357749e-09 -5394461.5
-658077650000.0 0.13964841 1.2357749e-09 -5394461.5
-655009900000.0 0.1389974 1.2357749e-09 -5394461.5
-651941840000.0 0.13834634 1.2357749e-09 -5394461.5
-648873800000.0 0.13769528 1.2784344e-09 -5250683.5
-645806000000.0 0.1370443 1.2784344e-09 -5250683.5
-642737960000.0 0.13639323 1.2784344e-09 -5250683.5
-639670000000.0 0.13574219 1.2784344e-09 -5250683.5
-636602100000.0 0.13509116 1.3228952e-09 -4993069.5
-633534000000.0 0.1344401 1.3228952e-09 -4993069.5
-630466100000.0 0.13378905 1.3228952e-09 -4993069.5
-627398200000.0 0.13313803 1.3228952e-09 -4993069.5
-624330150000.0 0.13248697 1.3440671e-09 -4708645.5
-621262400000.0 0.13183598 1.3440671e-09 -4708645.5
-618194300000.0 0.13118489 1.3440671e-09 -4708645.5
-615126200000.0 0.13053383 1.3440671e-09 -4708645.5
-612058460000.0 0.12988284 1.3017828e-09 -4581862.0
-608990400000.0 0.12923177 1.3017828e-09 -4581862.0
-605922260000.0 0.12858069 1.3017828e-09 -4581862.0
-602854600000.0 0.12792972 1.3017828e-09 -4581862.0
-599786460000.0 0.12727864 1.1694734e-09 -4886689.5
-596718600000.0 0.12662761 1.1694734e-09 -4886689.5
-593650650000.0 0.12597658 1.1694734e-09 -4886689.5
-590582600000.0 0.1253255 1.1694734e-09 -4886689.5
-587514640000.0 0.12467448 1.0024251e-09 -5460513.0
-584446800000.0 0.12402345 1.0024251e-09 -5460513.0
-581378640000.0 0.123372376 1.0024251e-09 -5460513.0
-578310900000.0 0.12272138 1.0024251e-09 -5460513.0
-575242800000.0 0.12207031 9.055048e-10 -5763286.0
-572174760000.0 0.12141925 9.055048e-10 -5763286.0
-569107000000.0 0.12076825 9.055048e-10 -5763286.0
-566038900000.0 0.12011717 9.055048e-10 -5763286.0
-562970800000.0 0.11946611 8.909382e-10 -5837576.5
-559903100000.0 0.118815124 8.909382e-10 -5837576.5
-556835000000.0 0.118164055 8.909382e-10 -5837576.5
-553767100000.0 0.11751302 8.909382e-10 -5837576.5
-550699200000.0 0.11686199 9.0143065e-10 -5872561.0
-547631100000.0 0.11621092 9.0143065e-10 -5872561.0
-544563200000.0 0.11555989 9.0143065e-10 -5872561.0
-541495260000.0 0.11490886 9.0143065e-10 -5872561.0
-538427200000.0 0.11425779 9.000624e-10 -5934188.0
-535359460000.0 0.113606796 9.000624e-10 -5934188.0
-532291350000.0 0.11295573 9.000624e-10 -5934188.0
-529223300000.0 0.11230466 9.000624e-10 -5934188.0
-526155550000.0 0.11165367 8.87192e-10 -5994696.5
-523087450000.0 0.1110026 8.87192e-10 -5994696.5
-520019350000.0 0.11035153 8.87192e-10 -5994696.5
-516951640000.0 0.10970054 8.87192e-10 -5994696.5
-513883540000.0 0.10904947 8.567393e-10 -6090260.5
-510815630000.0 0.10839844 8.567393e-10 -6090260.5
-507747730000.0 0.107747406 8.567393e-10 -6090260.5
-504679630000.0 0.10709634 8.567393e-10 -6090260.5
-501611720000.0 0.106445305 8.045047e-10 -6265859.0
-498543820000.0 0.10579427 8.045047e-10 -6265859.0
-495475720000.0 0.10514321 8.045047e-10 -6265859.0
-492407980000.0 0.10449222 8.045047e-10 -6265859.0
-489339900000.0 0.10384115 7.6436796e-10 -6544115.0
-486271800000.0 0.10319008 7.6436796e-10 -6544115.0
-483204070000.0 0.102539085 7.6436796e-10 -6544115.0
-480135970000.0 0.101888016 7.6436796e-10 -6544115.0
-477067900000.0 0.10123695 7.6730056e-10 -6783207.0
-474000160000.0 0.10058595 7.6730056e-10 -6783207.0
-470932060000.0 0.09993488 7.6730056e-10 -6783207.0
-467864160000.0 0.09928385 7.6730056e-10 -6783207.0
-464796250000.0 0.09863283 8.266841e-10 -6634292.0
-461728150000.0 0.09798176 8.266841e-10 -6634292.0
-458660250000.0 0.09733073 8.266841e-10 -6634292.0
-455592350000.0 0.096679695 8.266841e-10 -6634292.0
-452524240000.0 0.096028626 9.750347e-10 -5875870.0
-449456500000.0 0.09537763 9.750347e-10 -5875870.0
-446388440000.0 0.09472656 9.750347e-10 -5875870.0
-443320340000.0 0.09407549 9.750347e-10 -5875870.0
-440252600000.0 0.0934245 1.2020728e-09 -4971895.5
-437184530000.0 0.09277343 1.2020728e-09 -4971895.5
-434116430000.0 0.09212236 1.2020728e-09 -4971895.5
-431048700000.0 0.091471374 1.2020728e-09 -4971895.5
-427980620000.0 0.090820305 1.3778801e-09 -4443789.5
-424912680000.0 0.09016927 1.3778801e-09 -4443789.5
-421844780000.0 0.08951824 1.3778801e-09 -4443789.5
-418776700000.0 0.08886717 1.3778801e-09 -4443789.5
-415708770000.0 0.08821614 1.4317114e-09 -4280805.0
-412640870000.0 0.08756511 1.4317114e-09 -4280805.0
-409572800000.0 0.08691404 1.4317114e-09 -4280805.0
-406505060000.0 0.086263046 1.4317114e-09 -4280805.0
-403436960000.0 0.08561198 1.4003704e-09 -4340688.5
-400368860000.0 0.08496091 1.4003704e-09 -4340688.5
-397301150000.0 0.08430992 1.4003704e-09 -4340688.5
-394233050000.0 0.08365885 1.4003704e-09 -4340688.5
-391165150000.0 0.08300782 1.29124e-09 -4453410.5
-388097250000.0 0.08235679 1.29124e-09 -4453410.5
-385029140000.0 0.08170572 1.4171498e-09 -4059701.2
-381961240000.0 0.08105469 1.4171498e-09 -4059701.2
-378893340000.0 0.080403656 1.5076064e-09 -3819215.8
-375825240000.0 0.07975259 1.5076064e-09 -3819215.8
-372757500000.0 0.07910159 1.5118822e-09 -3685209.0
-369689400000.0 0.07845052 1.5118822e-09 -3685209.0
-366621330000.0 0.077799454 1.4401106e-09 -3838897.5
-363553600000.0 0.07714847 1.4401106e-09 -3838897.5
-360485500000.0 0.07649739 1.3540689e-09 -4046531.0
-357417420000.0 0.07584633 1.3540689e-09 -4046531.0
-354349680000.0 0.075195335 1.2598071e-09 -4310567.0
-351281580000.0 0.07454426 1.2598071e-09 -4310567.0
-348213670000.0 0.073893234 1.1393895e-09 -4542208.5
