morphology_data/1d_wb_a0.05_l8r0.5_00001.ecsv
# %ECSV 1.0
# ---
# datatype:
# - {name: b, datatype: float32}
# - {name: phase, datatype: float32}
# - {name: sigma, datatype: float32}
# - {name: vr, datatype: float32}
# meta: {lambda: 8, rp: 0.5, sep: 0.05, wind: b}
# schema: astropy-2.0
b phase sigma vr
[from data line 371]
-1216446900000.0 0.25813803 4.4463366e-10 -3984292.8
-1213378900000.0 0.257487 4.480162e-10 -4051503.8
-1210310900000.0 0.2568359 4.480162e-10 -4051503.8
-1207243000000.0 0.2561849 4.480162e-10 -4051503.8
-1204175000000.0 0.25553384 4.480162e-10 -4051503.8
-1201107000000.0 0.2548828 4.5850726e-10 -4141931.2
-1198039100000.0 0.25423178 4.5850726e-10 -4141931.2
-1194971100000.0 0.25358072 4.5850726e-10 -4141931.2
-1191903100000.0 0.2529297 4.5850726e-10 -4141931.2
-1188835200000.0 0.25227866 4.6259596e-10 -4206315.5
-1185767200000.0 0.25162762 4.6259596e-10 -4206315.5
-1182699200000.0 0.25097656 4.6259596e-10 -4206315.5
-1179631200000.0 0.2503255 4.6259596e-10 -4206315.5
-1176563400000.0 0.24967448 5.0051685e-10 -4098915.5
-1173495300000.0 0.24902344 5.0051685e-10 -4098915.5
-1170427300000.0 0.24837239 5.0051685e-10 -4098915.5
-1167359500000.0 0.24772136 5.0051685e-10 -4098915.5
-1164291500000.0 0.2470703 5.0638155e-10 -4129391.8
-1161223500000.0 0.24641925 5.0638155e-10 -4129391.8
-1158155500000.0 0.2457682 5.0638155e-10 -4129391.8
-1155087600000.0 0.24511719 5.0638155e-10 -4129391.8
-1152019600000.0 0.24446614 5.831903e-10 -3910212.0
-1148951600000.0 0.2438151 5.831903e-10 -3910212.0
-1145883700000.0 0.24316406 5.831903e-10 -3910212.0
-1142815900000.0 0.24251305 5.831903e-10 -3910212.0
-1139747800000.0 0.241862 5.925177e-10 -3932796.8
-1136679800000.0 0.24121095 5.925177e-10 -3932796.8
-1133611800000.0 0.2405599 5.925177e-10 -3932796.8
-1130543800000.0 0.23990884 5.925177e-10 -3932796.8
-1127475800000.0 0.2392578 7.045294e-10 -3650453.5
-1124408000000.0 0.23860677 7.045294e-10 -3650453.5
-1121340100000.0 0.23795573 7.045294e-10 -3650453.5
-1118272100000.0 0.23730469 7.045294e-10 -3650453.5
-1115204100000.0 0.23665364 7.233789e-10 -3681621.2
-1112136100000.0 0.2360026 7.233789e-10 -3681621.2
-1109068100000.0 0.23535155 7.233789e-10 -3681621.2
-1106000100000.0 0.23470049 7.233789e-10 -3681621.2
-1102932200000.0 0.23404948 8.8026336e-10 -3454805.2
-1099864300000.0 0.23339845 8.8026336e-10 -3454805.2
-1096796340000.0 0.23274739 8.8026336e-10 -3454805.2
-1093728340000.0 0.23209634 8.8026336e-10 -3454805.2
-1090660400000.0 0.23144531 9.441984e-10 -3493081.2
-1087592400000.0 0.23079427 9.441984e-10 -3493081.2
-1084524400000.0 0.23014322 9.441984e-10 -3493081.2
-1081456500000.0 0.22949219 9.441984e-10 -3493081.2
-1078388600000.0 0.22884116 1.1783737e-09 -3316601.8
-1075320600000.0 0.22819011 1.1783737e-09 -3316601.8
-1072252600000.0 0.22753906 1.1783737e-09 -3316601.8
-1069184650000.0 0.22688803 1.1783737e-09 -3316601.8
-1066116700000.0 0.22623697 1.2944043e-09 -3248005.5
-1063048700000.0 0.22558592 1.2944043e-09 -3248005.5
-1059980800000.0 0.22493489 1.2944043e-09 -3248005.5
-1056912830000.0 0.22428386 1.2944043e-09 -3248005.5
-1053844800000.0 0.22363281 1.5818185e-09 -3073982.5
-1050776800000.0 0.22298177 1.5818185e-09 -3073982.5
-1047708960000.0 0.22233073 1.5818185e-09 -3073982.5
-1044640960000.0 0.22167969 1.5818185e-09 -3073982.5
-1041572950000.0 0.22102864 1.7217537e-09 -2916126.5
-1038505000000.0 0.22037761 1.7217537e-09 -2916126.5
-1035437150000.0 0.21972658 1.7217537e-09 -2916126.5
-1032369140000.0 0.21907552 1.7217537e-09 -2916126.5
-1029301140000.0 0.21842447 2.037888e-09 -2726083.8
-1026233200000.0 0.21777344 2.037888e-09 -2726083.8
-1023165200000.0 0.21712239 2.037888e-09 -2726083.8
-1020097200000.0 0.21647134 2.037888e-09 -2726083.8
-1017029300000.0 0.21582031 2.2249338e-09 -2531837.5
-1013961400000.0 0.21516928 2.2249338e-09 -2531837.5
-1010893400000.0 0.21451823 2.2249338e-09 -2531837.5
-1007825400000.0 0.21386719 2.2249338e-09 -2531837.5
-1004757450000.0 0.21321616 2.5332032e-09 -2353505.8
-1001689500000.0 0.2125651 2.5332032e-09 -2353505.8
-998621500000.0 0.21191405 2.5332032e-09 -2353505.8
-995553600000.0 0.21126302 2.5332032e-09 -2353505.8
-992485640000.0 0.21061198 2.7361167e-09 -2203772.8
-989417640000.0 0.20996094 2.7361167e-09 -2203772.8
-986349630000.0 0.20930989 2.7361167e-09 -2203772.8
-983281760000.0 0.20865886 2.7361167e-09 -2203772.8
-980213760000.0 0.20800781 2.8471256e-09 -2120670.5
-977145760000.0 0.20735677 2.8471256e-09 -2120670.5
-974077800000.0 0.20670573 2.8471256e-09 -2120670.5
-971009950000.0 0.2060547 2.8471256e-09 -2120670.5
-967941950000.0 0.20540364 2.9507417e-09 -2104061.0
-964873950000.0 0.2047526 2.9507417e-09 -2104061.0
-961806000000.0 0.20410156 2.9507417e-09 -2104061.0
-958738140000.0 0.20345053 2.9507417e-09 -2104061.0
-955670000000.0 0.20279947 2.8977234e-09 -2103817.8
-952602100000.0 0.20214844 2.8977234e-09 -2103817.8
-949534200000.0 0.2014974 2.8977234e-09 -2103817.8
-946466200000.0 0.20084636 2.8977234e-09 -2103817.8
-943398200000.0 0.20019531 2.971693e-09 -2145483.8
-940330250000.0 0.19954428 2.971693e-09 -2145483.8
-937262400000.0 0.19889325 2.971693e-09 -2145483.8
-934194300000.0 0.19824217 2.971693e-09 -2145483.8
-931126400000.0 0.19759114 2.8490523e-09 -2191218.5
-928058440000.0 0.19694011 2.8490523e-09 -2191218.5
-924990440000.0 0.19628906 2.8490523e-09 -2191218.5
-921922440000.0 0.19563802 2.8490523e-09 -2191218.5
-918854570000.0 0.19498698 2.8575955e-09 -2259174.8
-915786600000.0 0.19433595 2.8575955e-09 -2259174.8
-912718560000.0 0.19368488 2.8575955e-09 -2259174.8
-909650600000.0 0.19303386 2.8575955e-09 -2259174.8
-906582750000.0 0.19238283 2.732775e-09 -2302290.2
-903514750000.0 0.19173177 2.732775e-09 -2302290.2
-900446750000.0 0.19108072 2.732775e-09 -2302290.2
-897378800000.0 0.19042969 2.732775e-09 -2302290.2
-894310900000.0 0.18977866 2.7712843e-09 -2357146.0
-891242800000.0 0.1891276 2.7712843e-09 -2357146.0
-888174940000.0 0.18847656 2.7712843e-09 -2357146.0
-885107000000.0 0.18782553 2.7712843e-09 -2357146.0
-882039000000.0 0.18717448 2.7713831e-09 -2393777.5
-878971000000.0 0.18652342 2.7713831e-09 -2393777.5
-875903060000.0 0.1858724 2.7713831e-09 -2393777.5
-872835200000.0 0.18522137 2.7713831e-09 -2393777.5
-869767050000.0 0.1845703 2.8932654e-09 -2427772.2
-866699200000.0 0.18391927 2.8932654e-09 -2427772.2
-863631250000.0 0.18326823 2.8932654e-09 -2427772.2
-860563240000.0 0.18261719 2.8932654e-09 -2427772.2
-857495400000.0 0.18196616 3.0613e-09 -2441113.8
-854427400000.0 0.18131511 3.0613e-09 -2441113.8
-851359400000.0 0.18066408 3.0613e-09 -2441113.8
-848291360000.0 0.180013 3.0613e-09 -2441113.8
-845223400000.0 0.17936198 3.261578e-09 -2429520.5
-842155560000.0 0.17871095 3.261578e-09 -2429520.5
-839087400000.0 0.17805988 3.261578e-09 -2429520.5
-836019700000.0 0.17740889 3.261578e-09 -2429520.5
-832951600000.0 0.17675781 3.5126508e-09 -2389810.2
-829883550000.0 0.17610675 3.5126508e-09 -2389810.2
-826815800000.0 0.17545575 3.5126508e-09 -2389810.2
-823747740000.0 0.17480469 3.5126508e-09 -2389810.2
-820679600000.0 0.17415361 3.759191e-09 -2353158.5
-817611870000.0 0.17350262 3.759191e-09 -2353158.5
-814543800000.0 0.17285155 3.759191e-09 -2353158.5
-811475860000.0 0.17220053 3.759191e-09 -2353158.5
-808408000000.0 0.1715495 4.031551e-09 -2322393.2
-805339860000.0 0.17089842 4.031551e-09 -2322393.2
-802272000000.0 0.17024739 4.031551e-09 -2322393.2
-799204050000.0 0.16959636 4.031551e-09 -2322393.2
-796136000000.0 0.1689453 4.2590194e-09 -2297995.5
-793068240000.0 0.1682943 4.2590194e-09 -2297995.5
-790000200000.0 0.16764323 4.2590194e-09 -2297995.5
-786932040000.0 0.16699216 4.2590194e-09 -2297995.5
-783864370000.0 0.16634117 4.6133786e-09 -2268853.8
-780796200000.0 0.1656901 4.6133786e-09 -2268853.8
-777728160000.0 0.16503903 4.6133786e-09 -2268853.8
-774660400000.0 0.16438805 4.6133786e-09 -2268853.8
-771592360000.0 0.16373697 4.6256634e-09 -2254523.8
-768524400000.0 0.16308594 4.6256634e-09 -2254523.8
-765456500000.0 0.1624349 4.6256634e-09 -2254523.8
-762388400000.0 0.16178384 4.6256634e-09 -2254523.8
-759320540000.0 0.16113281 4.586143e-09 -2243491.5
-756252600000.0 0.16048178 4.586143e-09 -2243491.5
-753184540000.0 0.1598307 4.586143e-09 -2243491.5
-750116800000.0 0.15917972 4.586143e-09 -2243491.5
-747048670000.0 0.15852864 4.495306e-09 -2240632.5
-743980600000.0 0.15787758 4.495306e-09 -2240632.5
-740912860000.0 0.15722659 4.495306e-09 -2240632.5
-737844800000.0 0.15657552 4.495306e-09 -2240632.5
-734776700000.0 0.15592445 4.366719e-09 -2241240.5
-731709000000.0 0.15527347 4.366719e-09 -2241240.5
-728640850000.0 0.15462239 4.366719e-09 -2241240.5
-725573000000.0 0.15397136 4.366719e-09 -2241240.5
-722505040000.0 0.15332033 4.2140686e-09 -2249760.5
-719437000000.0 0.15266925 4.2140686e-09 -2249760.5
-716369040000.0 0.15201822 4.2140686e-09 -2249760.5
-713301160000.0 0.1513672 4.2140686e-09 -2249760.5
-710233000000.0 0.15071613 4.033258e-09 -2262880.0
-707165300000.0 0.15006512 4.033258e-09 -2262880.0
-704097200000.0 0.14941406 4.033258e-09 -2262880.0
-701029150000.0 0.148763 4.033258e-09 -2262880.0
-697961400000.0 0.148112 3.8826644e-09 -2284228.8
-694893300000.0 0.14746092 3.8826644e-09 -2284228.8
-691825200000.0 0.14680986 3.8826644e-09 -2284228.8
-688757500000.0 0.14615887 3.8826644e-09 -2284228.8
-685689400000.0 0.1455078 3.7473153e-09 -2291453.0
-682621500000.0 0.14485677 3.7473153e-09 -2291453.0
-679553600000.0 0.14420575 3.7473153e-09 -2291453.0
-676485460000.0 0.14355466 3.7473153e-09 -2291453.0
-673417600000.0 0.14290364 3.6347572e-09 -2287549.5
-670349660000.0 0.14225261 3.6347572e-09 -2287549.5
-667281600000.0 0.14160155 3.6347572e-09 -2287549.5
-664213850000.0 0.14095055 3.6347572e-09 -2287549.5
-661145800000.0 0.14029948 3.4997534e-09 -2246602.5
-658077650000.0 0.13964841 3.4997534e-09 -2246602.5
-655009900000.0 0.1389974 3.4997534e-09 -2246602.5
-651941840000.0 0.13834634 3.4997534e-09 -2246602.5
-648873800000.0 0.13769528 3.4110696e-09 -2204713.5
-645806000000.0 0.1370443 3.4110696e-09 -2204713.5
-642737960000.0 0.13639323 3.4110696e-09 -2204713.5
-639670000000.0 0.13574219 3.4110696e-09 -2204713.5
-636602100000.0 0.13509116 3.3267673e-09 -2144865.2
-633534000000.0 0.1344401 3.3267673e-09 -2144865.2
-630466100000.0 0.13378905 3.3267673e-09 -2144865.2
-627398200000.0 0.13313803 3.3267673e-09 -2144865.2
-624330150000.0 0.13248697 3.337062e-09 -2106157.5
-621262400000.0 0.13183598 3.337062e-09 -2106157.5
-618194300000.0 0.13118489 3.337062e-09 -2106157.5
-615126200000.0 0.13053383 3.337062e-09 -2106157.5
-612058460000.0 0.12988284 3.3527945e-09 -2093835.0
-608990400000.0 0.12923177 3.3527945e-09 -2093835.0
-605922260000.0 0.12858069 3.3527945e-09 -2093835.0
-602854600000.0 0.12792972 3.3527945e-09 -2093835.0
-599786460000.0 0.12727864 3.4179233e-09 -2118527.8
-596718600000.0 0.12662761 3.4179233e-09 -2118527.8
-593650650000.0 0.12597658 3.4179233e-09 -2118527.8
-590582600000.0 0.1253255 3.4179233e-09 -2118527.8
-587514640000.0 0.12467448 3.4658658e-09 -2162044.8
-584446800000.0 0.12402345 3.4658658e-09 -2162044.8
-581378640000.0 0.123372376 3.4658658e-09 -2162044.8
-578310900000.0 0.12272138 3.4658658e-09 -2162044.8
-575242800000.0 0.12207031 3.5222099e-09 -2221941.5
-572174760000.0 0.12141925 3.5222099e-09 -2221941.5
-569107000000.0 0.12076825 3.5222099e-09 -2221941.5
-566038900000.0 0.12011717 3.5222099e-09 -2221941.5
-562970800000.0 0.11946611 3.5812422e-09 -2293923.8
-559903100000.0 0.118815124 3.5812422e-09 -2293923.8
-556835000000.0 0.118164055 3.5812422e-09 -2293923.8
-553767100000.0 0.11751302 3.5812422e-09 -2293923.8
-550699200000.0 0.11686199 3.6612589e-09 -2371234.2
-547631100000.0 0.11621092 3.6612589e-09 -2371234.2
-544563200000.0 0.11555989 3.6612589e-09 -2371234.2
-541495260000.0 0.11490886 3.6612589e-09 -2371234.2
-538427200000.0 0.11425779 3.7505057e-09 -2456012.8
-535359460000.0 0.113606796 3.7505057e-09 -2456012.8
-532291350000.0 0.11295573 3.7505057e-09 -2456012.8
-529223300000.0 0.11230466 3.7505057e-09 -2456012.8
-526155550000.0 0.11165367 3.8917096e-09 -2492219.8
-523087450000.0 0.1110026 3.8917096e-09 -2492219.8
-520019350000.0 0.11035153 3.8917096e-09 -2492219.8
-516951640000.0 0.10970054 3.8917096e-09 -2492219.8
-513883540000.0 0.10904947 4.0577506e-09 -2466957.8
-510815630000.0 0.10839844 4.0577506e-09 -2466957.8
-507747730000.0 0.107747406 4.0577506e-09 -2466957.8
-504679630000.0 0.10709634 4.0577506e-09 -2466957.8
-501611720000.0 0.106445305 4.266559e-09 -2365143.5
-498543820000.0 0.10579427 4.266559e-09 -2365143.5
-495475720000.0 0.10514321 4.266559e-09 -2365143.5
-492407980000.0 0.10449222 4.266559e-09 -2365143.5
-489339900000.0 0.10384115 4.4594572e-09 -2200264.8
-486271800000.0 0.10319008 4.4594572e-09 -2200264.8
-483204070000.0 0.102539085 4.4594572e-09 -2200264.8
-480135970000.0 0.101888016 4.4594572e-09 -2200264.8
-477067900000.0 0.10123695 4.6087516e-09 -2015406.8
-474000160000.0 0.10058595 4.6087516e-09 -2015406.8
-470932060000.0 0.09993488 4.6087516e-09 -2015406.8
-467864160000.0 0.09928385 4.6087516e-09 -2015406.8
-464796250000.0 0.09863283 4.7506226e-09 -1855015.1
-461728150000.0 0.09798176 4.7506226e-09 -1855015.1
-458660250000.0 0.09733073 4.7506226e-09 -1855015.1
-455592350000.0 0.096679695 4.7506226e-09 -1855015.1
-452524240000.0 0.096028626 4.743376e-09 -1728882.2
-449456500000.0 0.09537763 4.743376e-09 -1728882.2
-446388440000.0 0.09472656 4.743376e-09 -1728882.2
-443320340000.0 0.09407549 4.743376e-09 -1728882.2
-440252600000.0 0.0934245 4.693016e-09 -1624026.1
-437184530000.0 0.09277343 4.693016e-09 -1624026.1
-434116430000.0 0.09212236 4.693016e-09 -1624026.1
-431048700000.0 0.091471374 4.693016e-09 -1624026.1
-427980620000.0 0.090820305 4.5277533e-09 -1526190.0
-424912680000.0 0.09016927 4.5277533e-09 -1526190.0
-421844780000.0 0.08951824 4.5277533e-09 -1526190.0
-418776700000.0 0.08886717 4.5277533e-09 -1526190.0
-415708770000.0 0.08821614 4.347046e-09 -1446465.5
-412640870000.0 0.08756511 4.347046e-09 -1446465.5
-409572800000.0 0.08691404 4.347046e-09 -1446465.5
-406505060000.0 0.086263046 4.347046e-09 -1446465.5
-403436960000.0 0.08561198 4.1321777e-09 -1368805.8
-400368860000.0 0.08496091 4.1321777e-09 -1368805.8
-397301150000.0 0.08430992 4.1321777e-09 -1368805.8
-394233050000.0 0.08365885 4.1321777e-09 -1368805.8
-391165150000.0 0.08300782 3.9856234e-09 -1198646.5
-388097250000.0 0.08235679 3.9856234e-09 -1198646.5
-385029140000.0 0.08170572 3.924664e-09 -1137638.1
-381961240000.0 0.08105469 3.924664e-09 -1137638.1
-378893340000.0 0.080403656 3.7766403e-09 -1032605.4
-375825240000.0 0.07975259 3.7766403e-09 -1032605.4
-372757500000.0 0.07910159 3.6640153e-09 -930388.7
-369689400000.0 0.07845052 3.6640153e-09 -930388.7
-366621330000.0 0.077799454 3.5399972e-09 -771855.0
-363553600000.0 0.07714847 3.5399972e-09 -771855.0
-360485500000.0 0.07649739 3.510185e-09 -662845.44
-357417420000.0 0.07584633 3.510185e-09 -662845.44
-354349680000.0 0.075195335 3.5338712e-09 -548566.4
-351281580000.0 0.07454426 3.5338712e-09 -548566.4
-348213670000.0 0.073893234 3.5709733e-09 -540314.1
-345145770000.0 0.0732422 3.5709733e-09 -540314.1
-342077670000.0 0.07259113 3.4159602e-09 -616580.75
-339009770000.0 0.0719401 3.4159602e-09 -616580.75
-335941860000.0 0.07128907 3.016106e-09 -903190.56
-332873760000.0 0.070638 3.016106e-09 -903190.56
-329806020000.0 0.06998701 2.5541023e-09 -1211808.0
-326737950000.0 0.069335945 2.5541023e-09 -1211808.0
-323669850000.0 0.068684876 2.3895672e-09 -1289257.5
-320602100000.0 0.068033874 2.3895672e-09 -1289257.5
-317534040000.0 0.06738281 2.4211904e-09 -1165346.9
-314465940000.0 0.06673174 2.4211904e-09 -1165346.9
-311398200000.0 0.06608075 2.5953473e-09 -997787.56
-308330140000.0 0.06542969 2.5953473e-09 -997787.56
-305262200000.0 0.06477865 2.834163e-09 -851205.7
-302194300000.0 0.06412762 2.834163e-09 -851205.7
-299126230000.0 0.063476555 3.1028544e-09 -719199.94
-296058300000.0 0.062825516 3.1028544e-09 -719199.94
-292990400000.0 0.062174488 3.2348448e-09 -673931.8
-289922320000.0 0.061523426 3.2348448e-09 -673931.8
-286854580000.0 0.060872428 3.3003182e-09 -679084.1
-283786480000.0 0.06022136 3.3003182e-09 -679084.1
-280718380000.0 0.059570286 3.3337204e-09 -703305.44
-277650670000.0 0.058919296 3.3337204e-09 -703305.44
-274582570000.0 0.058268227 3.4263001e-09 -700249.7
