morphology_data/1d_wb_a0.1_l2r2_00001.ecsv
# %ECSV 1.0
# ---
# datatype:
# - {name: b, datatype: float32}
# - {name: phase, datatype: float32}
# - {name: sigma, datatype: float32}
# - {name: vr, datatype: float32}
# meta: {lambda: 2, rp: 2.0, sep: 0.1, wind: b}
# schema: astropy-2.0
b phase sigma vr
[from data line 449]
-1954291500000.0 0.20735677 nan nan
-1948155600000.0 0.20670573 nan nan
-1942019900000.0 0.2060547 nan nan
-1935883900000.0 0.20540364 nan nan
-1929747900000.0 0.2047526 nan nan
-1923612000000.0 0.20410156 nan nan
-1917476300000.0 0.20345053 nan nan
-1911340000000.0 0.20279947 nan nan
-1905204300000.0 0.20214844 nan nan
-1899068400000.0 0.2014974 nan nan
-1892932400000.0 0.20084636 nan nan
-1886796400000.0 0.20019531 nan nan
-1880660500000.0 0.19954428 nan nan
-1874524800000.0 0.19889325 nan nan
-1868388600000.0 0.19824217 nan nan
-1862252800000.0 0.19759114 nan nan
-1856116900000.0 0.19694011 nan nan
-1849980900000.0 0.19628906 nan nan
-1843844900000.0 0.19563802 nan nan
-1837709100000.0 0.19498698 nan nan
-1831573300000.0 0.19433595 nan nan
-1825437100000.0 0.19368488 nan nan
-1819301200000.0 0.19303386 nan nan
-1813165500000.0 0.19238283 nan nan
-1807029500000.0 0.19173177 nan nan
-1800893500000.0 0.19108072 nan nan
-1794757600000.0 0.19042969 nan nan
-1788621800000.0 0.18977866 nan nan
-1782485600000.0 0.1891276 nan nan
-1776349900000.0 0.18847656 nan nan
-1770214000000.0 0.18782553 nan nan
-1764078000000.0 0.18717448 nan nan
-1757942000000.0 0.18652342 nan nan
-1751806100000.0 0.1858724 nan nan
-1745670400000.0 0.18522137 nan nan
-1739534100000.0 0.1845703 nan nan
-1733398400000.0 0.18391927 nan nan
-1727262500000.0 0.18326823 nan nan
-1721126500000.0 0.18261719 nan nan
-1714990700000.0 0.18196616 nan nan
-1708854700000.0 0.18131511 nan nan
-1702718900000.0 0.18066408 nan nan
-1696582700000.0 0.180013 nan nan
-1690446900000.0 0.17936198 nan nan
-1684311100000.0 0.17871095 nan nan
-1678174800000.0 0.17805988 nan nan
-1672039400000.0 0.17740889 nan nan
-1665903200000.0 0.17675781 nan nan
-1659767100000.0 0.17610675 nan nan
-1653631600000.0 0.17545575 nan nan
-1647495500000.0 0.17480469 nan nan
-1641359200000.0 0.17415361 nan nan
-1635223700000.0 0.17350262 nan nan
-1629087600000.0 0.17285155 nan nan
-1622951700000.0 0.17220053 nan nan
-1616816000000.0 0.1715495 nan nan
-1610679700000.0 0.17089842 nan nan
-1604544000000.0 0.17024739 nan nan
-1598408100000.0 0.16959636 nan nan
-1592272000000.0 0.1689453 nan nan
-1586136500000.0 0.1682943 nan nan
-1580000300000.0 0.16764323 nan nan
-1573864100000.0 0.16699216 nan nan
-1567728700000.0 0.16634117 nan nan
-1561592500000.0 0.1656901 nan nan
-1555456300000.0 0.16503903 nan nan
-1549320800000.0 0.16438805 nan nan
-1543184700000.0 0.16373697 nan nan
-1537048800000.0 0.16308594 nan nan
-1530913000000.0 0.1624349 nan nan
-1524776800000.0 0.16178384 nan nan
-1518641100000.0 0.16113281 nan nan
-1512505200000.0 0.16048178 nan nan
-1506369100000.0 0.1598307 nan nan
-1500233600000.0 0.15917972 nan nan
-1494097300000.0 0.15852864 nan nan
-1487961200000.0 0.15787758 nan nan
-1481825700000.0 0.15722659 nan nan
-1475689600000.0 0.15657552 nan nan
-1469553400000.0 0.15592445 nan nan
-1463418000000.0 0.15527347 nan nan
-1457281700000.0 0.15462239 nan nan
-1451146000000.0 0.15397136 nan nan
-1445010100000.0 0.15332033 nan nan
-1438874000000.0 0.15266925 nan nan
-1432738100000.0 0.15201822 nan nan
-1426602300000.0 0.1513672 nan nan
-1420466000000.0 0.15071613 1.0820947e-11 -20195976.0
-1414330600000.0 0.15006512 1.0820947e-11 -20195976.0
-1408194400000.0 0.14941406 1.0820947e-11 -20195976.0
-1402058300000.0 0.148763 1.0820947e-11 -20195976.0
-1395922800000.0 0.148112 1.3742741e-11 -19445092.0
-1389786600000.0 0.14746092 1.3742741e-11 -19445092.0
-1383650400000.0 0.14680986 1.3742741e-11 -19445092.0
-1377515000000.0 0.14615887 1.3742741e-11 -19445092.0
-1371378800000.0 0.1455078 2.1389224e-11 -16567502.0
-1365243000000.0 0.14485677 2.1389224e-11 -16567502.0
-1359107200000.0 0.14420575 2.1389224e-11 -16567502.0
-1352970900000.0 0.14355466 2.1389224e-11 -16567502.0
-1346835200000.0 0.14290364 3.923622e-11 -12837860.0
-1340699300000.0 0.14225261 3.923622e-11 -12837860.0
-1334563200000.0 0.14160155 3.923622e-11 -12837860.0
-1328427700000.0 0.14095055 3.923622e-11 -12837860.0
-1322291600000.0 0.14029948 6.463616e-11 -10392213.0
-1316155300000.0 0.13964841 6.463616e-11 -10392213.0
-1310019800000.0 0.1389974 6.463616e-11 -10392213.0
-1303883700000.0 0.13834634 6.463616e-11 -10392213.0
-1297747500000.0 0.13769528 8.762726e-11 -9217034.0
-1291612000000.0 0.1370443 8.762726e-11 -9217034.0
-1285475900000.0 0.13639323 8.762726e-11 -9217034.0
-1279340000000.0 0.13574219 8.762726e-11 -9217034.0
-1273204200000.0 0.13509116 1.03362624e-10 -8778704.0
-1267068000000.0 0.1344401 1.03362624e-10 -8778704.0
-1260932200000.0 0.13378905 1.03362624e-10 -8778704.0
-1254796400000.0 0.13313803 1.03362624e-10 -8778704.0
-1248660300000.0 0.13248697 1.08013744e-10 -8852427.0
-1242524800000.0 0.13183598 1.08013744e-10 -8852427.0
-1236388500000.0 0.13118489 1.08013744e-10 -8852427.0
-1230252400000.0 0.13053383 1.08013744e-10 -8852427.0
-1224116900000.0 0.12988284 1.03782226e-10 -9307380.0
-1217980800000.0 0.12923177 1.03782226e-10 -9307380.0
-1211844500000.0 0.12858069 1.03782226e-10 -9307380.0
-1205709200000.0 0.12792972 1.03782226e-10 -9307380.0
-1199572900000.0 0.12727864 1.0347613e-10 -9838234.0
-1193437200000.0 0.12662761 1.0347613e-10 -9838234.0
-1187301300000.0 0.12597658 1.0347613e-10 -9838234.0
-1181165200000.0 0.1253255 1.0347613e-10 -9838234.0
-1175029300000.0 0.12467448 1.1480498e-10 -10204092.0
-1168893500000.0 0.12402345 1.1480498e-10 -10204092.0
-1162757300000.0 0.123372376 1.1480498e-10 -10204092.0
-1156621800000.0 0.12272138 1.1480498e-10 -10204092.0
-1150485700000.0 0.12207031 1.3482464e-10 -10193537.0
-1144349500000.0 0.12141925 1.3482464e-10 -10193537.0
-1138214000000.0 0.12076825 1.3482464e-10 -10193537.0
-1132077800000.0 0.12011717 1.3482464e-10 -10193537.0
-1125941600000.0 0.11946611 1.6010672e-10 -9718435.0
-1119806200000.0 0.118815124 1.6010672e-10 -9718435.0
-1113670000000.0 0.118164055 1.6010672e-10 -9718435.0
-1107534200000.0 0.11751302 1.6010672e-10 -9718435.0
-1101398400000.0 0.11686199 1.9309422e-10 -9047699.0
-1095262200000.0 0.11621092 1.9309422e-10 -9047699.0
-1089126400000.0 0.11555989 1.9309422e-10 -9047699.0
-1082990500000.0 0.11490886 1.9309422e-10 -9047699.0
-1076854400000.0 0.11425779 2.2779245e-10 -8447273.0
-1070718900000.0 0.113606796 2.2779245e-10 -8447273.0
-1064582700000.0 0.11295573 2.2779245e-10 -8447273.0
-1058446600000.0 0.11230466 2.2779245e-10 -8447273.0
-1052311100000.0 0.11165367 2.582804e-10 -7941335.5
-1046174900000.0 0.1110026 2.582804e-10 -7941335.5
-1040038700000.0 0.11035153 2.582804e-10 -7941335.5
-1033903300000.0 0.10970054 2.582804e-10 -7941335.5
-1027767100000.0 0.10904947 2.875858e-10 -7437083.5
-1021631270000.0 0.10839844 2.875858e-10 -7437083.5
-1015495460000.0 0.107747406 2.875858e-10 -7437083.5
-1009359260000.0 0.10709634 2.875858e-10 -7437083.5
-1003223450000.0 0.106445305 3.3034703e-10 -6859357.5
-997087640000.0 0.10579427 3.3034703e-10 -6859357.5
-990951440000.0 0.10514321 3.3034703e-10 -6859357.5
-984815960000.0 0.10449222 3.3034703e-10 -6859357.5
-978679800000.0 0.10384115 4.0263679e-10 -6217696.0
-972543600000.0 0.10319008 4.0263679e-10 -6217696.0
-966408140000.0 0.102539085 4.0263679e-10 -6217696.0
-960271940000.0 0.101888016 4.0263679e-10 -6217696.0
-954135800000.0 0.10123695 5.215014e-10 -5498925.5
-948000300000.0 0.10058595 5.215014e-10 -5498925.5
-941864100000.0 0.09993488 5.215014e-10 -5498925.5
-935728300000.0 0.09928385 5.215014e-10 -5498925.5
-929592500000.0 0.09863283 7.018117e-10 -4794912.5
-923456300000.0 0.09798176 7.018117e-10 -4794912.5
-917320500000.0 0.09733073 7.018117e-10 -4794912.5
-911184700000.0 0.096679695 7.018117e-10 -4794912.5
-905048500000.0 0.096028626 9.2771063e-10 -4265773.5
-898913000000.0 0.09537763 9.2771063e-10 -4265773.5
-892776900000.0 0.09472656 9.2771063e-10 -4265773.5
-886640700000.0 0.09407549 9.2771063e-10 -4265773.5
-880505200000.0 0.0934245 1.136744e-09 -3949966.0
-874369060000.0 0.09277343 1.136744e-09 -3949966.0
-868232860000.0 0.09212236 1.136744e-09 -3949966.0
-862097400000.0 0.091471374 1.136744e-09 -3949966.0
-855961240000.0 0.090820305 1.2494745e-09 -3796205.2
-849825370000.0 0.09016927 1.2494745e-09 -3796205.2
-843689560000.0 0.08951824 1.2494745e-09 -3796205.2
-837553400000.0 0.08886717 1.2494745e-09 -3796205.2
-831417550000.0 0.08821614 1.2469195e-09 -3812861.0
-825281740000.0 0.08756511 1.2469195e-09 -3812861.0
-819145600000.0 0.08691404 1.2469195e-09 -3812861.0
-813010100000.0 0.086263046 1.2469195e-09 -3812861.0
-806873900000.0 0.08561198 1.2476032e-09 -3841008.8
-800737700000.0 0.08496091 1.2476032e-09 -3841008.8
-794602300000.0 0.08430992 1.2476032e-09 -3841008.8
-788466100000.0 0.08365885 1.2476032e-09 -3841008.8
-782330300000.0 0.08300782 1.2699568e-09 -3819419.0
-776194500000.0 0.08235679 1.2699568e-09 -3819419.0
-770058300000.0 0.08170572 1.3311322e-09 -3849168.2
-763922500000.0 0.08105469 1.3311322e-09 -3849168.2
-757786700000.0 0.080403656 1.2623957e-09 -4175561.0
-751650500000.0 0.07975259 1.2623957e-09 -4175561.0
-745515000000.0 0.07910159 1.1678312e-09 -4546493.5
-739378800000.0 0.07845052 1.1678312e-09 -4546493.5
-733242650000.0 0.077799454 1.1492951e-09 -4517033.0
-727107200000.0 0.07714847 1.1492951e-09 -4517033.0
-720971000000.0 0.07649739 1.1750575e-09 -4437722.0
-714834840000.0 0.07584633 1.1750575e-09 -4437722.0
-708699360000.0 0.075195335 1.2361777e-09 -4260029.0
-702563160000.0 0.07454426 1.2361777e-09 -4260029.0
-696427350000.0 0.073893234 1.2723615e-09 -4226386.5
-690291540000.0 0.0732422 1.2723615e-09 -4226386.5
-684155340000.0 0.07259113 1.2925496e-09 -4187045.2
-678019500000.0 0.0719401 1.2925496e-09 -4187045.2
-671883700000.0 0.07128907 1.2645386e-09 -4434491.0
-665747500000.0 0.070638 1.2645386e-09 -4434491.0
-659612040000.0 0.06998701 1.1822046e-09 -4596407.0
-653475900000.0 0.069335945 1.1822046e-09 -4596407.0
-647339700000.0 0.068684876 1.1308726e-09 -4867847.5
-641204200000.0 0.068033874 1.1308726e-09 -4867847.5
-635068100000.0 0.06738281 9.388889e-10 -5193515.5
-628931900000.0 0.06673174 9.388889e-10 -5193515.5
-622796400000.0 0.06608075 7.920197e-10 -5551477.5
-616660300000.0 0.06542969 7.920197e-10 -5551477.5
-610524400000.0 0.06477865 5.913467e-10 -6164722.0
-604388600000.0 0.06412762 5.913467e-10 -6164722.0
-598252450000.0 0.063476555 4.895543e-10 -6398027.0
-592116600000.0 0.062825516 4.895543e-10 -6398027.0
-585980800000.0 0.062174488 4.6507342e-10 -6362380.5
-579844640000.0 0.061523426 4.6507342e-10 -6362380.5
-573709160000.0 0.060872428 4.787885e-10 -6372813.0
-567572960000.0 0.06022136 4.787885e-10 -6372813.0
-561436750000.0 0.059570286 5.353922e-10 -6345291.0
-555301340000.0 0.058919296 5.353922e-10 -6345291.0
-549165140000.0 0.058268227 5.715927e-10 -5791609.0
-543028970000.0 0.057617158 5.715927e-10 -5791609.0
-536893500000.0 0.056966167 6.194923e-10 -5077265.0
-530757320000.0 0.056315098 6.194923e-10 -5077265.0
-524621480000.0 0.055664066 6.7057326e-10 -4447824.0
-518485670000.0 0.055013034 6.7057326e-10 -4447824.0
-512349500000.0 0.05436197 7.5748574e-10 -4005787.2
-506213660000.0 0.053710938 7.5748574e-10 -4005787.2
-500077850000.0 0.053059906 8.616389e-10 -3615833.2
-493941700000.0 0.052408837 8.616389e-10 -3615833.2
-487806200000.0 0.051757842 1.0180196e-09 -3281921.2
-481670040000.0 0.051106777 1.0180196e-09 -3281921.2
-475533840000.0 0.050455708 1.1489594e-09 -2974027.2
-469398400000.0 0.049804714 1.1489594e-09 -2974027.2
-463262220000.0 0.049153645 1.1806307e-09 -2810896.8
-457126020000.0 0.048502576 1.1806307e-09 -2810896.8
-450990570000.0 0.047851585 1.2470891e-09 -2523148.0
-444854370000.0 0.047200516 1.2470891e-09 -2523148.0
-438718560000.0 0.046549484 1.368277e-09 -1843509.9
-432582750000.0 0.045898452 1.368277e-09 -1843509.9
-426446550000.0 0.045247383 1.6087184e-09 -1016645.3
-420310750000.0 0.04459635 1.6087184e-09 -1016645.3
-414174940000.0 0.043945324 1.8578845e-09 -423999.7
-408038740000.0 0.043294255 1.8578845e-09 -423999.7
-401903300000.0 0.04264326 2.093795e-09 -65700.81
-395767100000.0 0.04199219 2.093795e-09 -65700.81
-389630920000.0 0.041341122 2.2897217e-09 229641.52
-383495470000.0 0.04069013 2.5463798e-09 300913.97
-377359270000.0 0.040039062 2.7841258e-09 328995.25
-371223100000.0 0.039387994 2.9841227e-09 355196.16
-365087620000.0 0.038736995 2.9703888e-09 450352.78
-358951450000.0 0.03808593 2.9039424e-09 454506.1
-352815640000.0 0.0374349 2.8469653e-09 373534.0
-346679800000.0 0.03678387 2.8500944e-09 273952.34
-340543640000.0 0.0361328 2.8059084e-09 270448.25
-334407830000.0 0.035481773 2.7553426e-09 218410.36
-328272000000.0 0.034830738 2.665276e-09 186523.64
-322135820000.0 0.03417967 2.5781115e-09 155893.47
-316000340000.0 0.033528678 2.4914995e-09 222673.23
-309864170000.0 0.03287761 2.4234352e-09 210087.02
-303728000000.0 0.03222654 2.38584e-09 215977.89
-297592520000.0 0.031575546 2.412599e-09 218858.14
-291456350000.0 0.030924477 2.4225266e-09 294878.66
-285320200000.0 0.030273411 2.5065807e-09 308104.5
-279184700000.0 0.029622415 2.580627e-09 330417.28
-273048520000.0 0.028971346 2.6775e-09 358491.8
-266912710000.0 0.028320316 2.808973e-09 414996.97
-260776890000.0 0.027669284 3.028053e-09 380501.62
-254640700000.0 0.027018217 3.13192e-09 234362.6
-248504880000.0 0.026367186 2.875117e-09 271597.5
-242369050000.0 0.025716154 2.6471096e-09 460437.7
-236232880000.0 0.025065087 2.621517e-09 671362.06
-230097420000.0 0.024414092 2.6469626e-09 718427.3
-223961240000.0 0.023763025 2.6239322e-09 604156.75
-217825070000.0 0.023111956 2.3939537e-09 503733.28
-211689600000.0 0.022460962 2.168243e-09 586444.9
-205553420000.0 0.021809895 2.1912157e-09 685866.7
-199417230000.0 0.021158826 2.2391098e-09 710989.8
-193281770000.0 0.020507833 2.2002702e-09 514279.62
-187145600000.0 0.019856764 2.1267597e-09 250685.67
-181009780000.0 0.019205732 2.1656756e-09 -21856.89
-174873950000.0 0.018554702 2.1173145e-09 -309017.56
-168737770000.0 0.017903633 2.0825945e-09 -610013.75
-162601940000.0 0.017252602 2.0596467e-09 -737604.9
-156466140000.0 0.016601572 2.198575e-09 -799522.3
-150329950000.0 0.015950503 2.4536535e-09 -731163.5
-144194490000.0 0.015299509 2.7340419e-09 -763158.8
-138058300000.0 0.014648439 2.2720676e-09 -969491.9
-131922125000.0 0.013997372 2.1372484e-09 -1041199.8
-125786660000.0 0.013346379 2.1987125e-09 -953690.9
-119650484000.0 0.012695311 2.5003892e-09 -842793.56
-113514310000.0 0.012044242 2.8047389e-09 -739096.0
-107378840000.0 0.011393248 3.0257485e-09 -661953.6
-101242670000.0 0.01074218 3.3296894e-09 -644443.9
-95106840000.0 0.010091149 3.6054737e-09 -627679.06
-88971020000.0 0.009440118 3.8346033e-09 -593939.94
-82834840000.0 0.008789049 4.0755035e-09 -496312.12
-76699020000.0 0.008138019 4.5582436e-09 -440748.16
-70563200000.0 0.0074869874 5.0505893e-09 -416714.62
-64427020000.0 0.006835919 5.711714e-09 -352172.66
-58291556000.0 0.006184926 6.4084578e-09 -339706.8
-52155376000.0 0.0055338573 7.2405832e-09 -290768.75
-46019200000.0 0.0048827888 8.252519e-09 -287971.5
-39883735000.0 0.0042317957 9.9180895e-09 -237885.0
-33747554000.0 0.0035807267 1.2822651e-08 -164733.17
-27611376000.0 0.0029296577 1.6622405e-08 -151124.56
-21475912000.0 0.0022786648 2.4103073e-08 -87438.23
-15339732000.0 0.0016275961 3.993899e-08 -55597.61
15339732000.0 -0.0016275961 4.142452e-08 -163198.58
21475912000.0 -0.0022786648 2.5314977e-08 -263933.06
27611376000.0 -0.0029296577 1.7638904e-08 -420330.1
33747554000.0 -0.0035807267 1.3510739e-08 -531084.4
39883735000.0 -0.0042317957 1.1100746e-08 -740443.44
46019200000.0 -0.0048827888 9.442587e-09 -868759.2
52155376000.0 -0.0055338573 7.945102e-09 -934161.1
58291556000.0 -0.006184926 6.851396e-09 -1125864.2
64427020000.0 -0.006835919 6.0132153e-09 -1259437.2
70563200000.0 -0.0074869874 5.16399e-09 -1568622.1
76699020000.0 -0.008138019 4.665207e-09 -1615800.1
82834840000.0 -0.008789049 4.0752965e-09 -1871346.8
88971020000.0 -0.009440118 3.7332604e-09 -2060408.6
95106840000.0 -0.010091149 3.705965e-09 -2192605.0
101242670000.0 -0.01074218 3.4136998e-09 -2373468.8
107378840000.0 -0.011393248 3.0775786e-09 -2512082.8
