morphology_data/1d_wb_a0.025_l8r2_00001.ecsv
# %ECSV 1.0
# ---
# datatype:
# - {name: b, datatype: float32}
# - {name: phase, datatype: float32}
# - {name: sigma, datatype: float32}
# - {name: vr, datatype: float32}
# meta: {lambda: 8, rp: 2.0, sep: 0.025, wind: b}
# schema: astropy-2.0
b phase sigma vr
[from data line 397]
-568339900000.0 0.24121095 2.048258e-08 155824.7
-566805900000.0 0.2405599 2.048258e-08 155824.7
-565271900000.0 0.23990884 2.048258e-08 155824.7
-563737900000.0 0.2392578 2.2224361e-08 141343.34
-562204000000.0 0.23860677 2.2224361e-08 141343.34
-560670050000.0 0.23795573 2.2224361e-08 141343.34
-559136050000.0 0.23730469 2.2224361e-08 141343.34
-557602050000.0 0.23665364 2.3899265e-08 125010.41
-556068040000.0 0.2360026 2.3899265e-08 125010.41
-554534040000.0 0.23535155 2.3899265e-08 125010.41
-553000040000.0 0.23470049 2.3899265e-08 125010.41
-551466100000.0 0.23404948 2.5471586e-08 106820.78
-549932200000.0 0.23339845 2.5471586e-08 106820.78
-548398170000.0 0.23274739 2.5471586e-08 106820.78
-546864170000.0 0.23209634 2.5471586e-08 106820.78
-545330200000.0 0.23144531 2.6970152e-08 87781.914
-543796200000.0 0.23079427 2.6970152e-08 87781.914
-542262200000.0 0.23014322 2.6970152e-08 87781.914
-540728260000.0 0.22949219 2.6970152e-08 87781.914
-539194300000.0 0.22884116 2.8363633e-08 67919.39
-537660300000.0 0.22819011 2.8363633e-08 67919.39
-536126300000.0 0.22753906 2.8363633e-08 67919.39
-534592320000.0 0.22688803 2.8363633e-08 67919.39
-533058360000.0 0.22623697 2.957166e-08 46081.145
-531524350000.0 0.22558592 2.957166e-08 46081.145
-529990400000.0 0.22493489 2.957166e-08 46081.145
-528456420000.0 0.22428386 2.957166e-08 46081.145
-526922400000.0 0.22363281 3.0627135e-08 23578.32
-525388400000.0 0.22298177 3.0627135e-08 23578.32
-523854480000.0 0.22233073 3.0627135e-08 23578.32
-522320480000.0 0.22167969 3.0627135e-08 23578.32
-520786480000.0 0.22102864 3.1545774e-08 506.51474
-519252500000.0 0.22037761 3.1545774e-08 506.51474
-517718570000.0 0.21972658 3.1545774e-08 506.51474
-516184570000.0 0.21907552 3.1545774e-08 506.51474
-514650570000.0 0.21842447 3.2277903e-08 -24331.994
-513116600000.0 0.21777344 3.2277903e-08 -24331.994
-511582600000.0 0.21712239 3.2277903e-08 -24331.994
-510048600000.0 0.21647134 3.2277903e-08 -24331.994
-508514660000.0 0.21582031 3.2849442e-08 -50487.406
-506980700000.0 0.21516928 3.2849442e-08 -50487.406
-505446700000.0 0.21451823 3.2849442e-08 -50487.406
-503912700000.0 0.21386719 3.2849442e-08 -50487.406
-502378730000.0 0.21321616 3.326028e-08 -77534.414
-500844760000.0 0.2125651 3.326028e-08 -77534.414
-499310760000.0 0.21191405 3.326028e-08 -77534.414
-497776800000.0 0.21126302 3.326028e-08 -77534.414
-496242820000.0 0.21061198 3.3438976e-08 -105205.734
-494708820000.0 0.20996094 3.3438976e-08 -105205.734
-493174820000.0 0.20930989 3.3438976e-08 -105205.734
-491640880000.0 0.20865886 3.3438976e-08 -105205.734
-490106880000.0 0.20800781 3.3325907e-08 -132130.62
-488572880000.0 0.20735677 3.3325907e-08 -132130.62
-487038900000.0 0.20670573 3.3325907e-08 -132130.62
-485504970000.0 0.2060547 3.3325907e-08 -132130.62
-483970970000.0 0.20540364 3.292191e-08 -157939.36
-482436970000.0 0.2047526 3.292191e-08 -157939.36
-480903000000.0 0.20410156 3.292191e-08 -157939.36
-479369070000.0 0.20345053 3.292191e-08 -157939.36
-477835000000.0 0.20279947 3.2267728e-08 -184445.83
-476301070000.0 0.20214844 3.2267728e-08 -184445.83
-474767100000.0 0.2014974 3.2267728e-08 -184445.83
-473233100000.0 0.20084636 3.2267728e-08 -184445.83
-471699100000.0 0.20019531 3.143066e-08 -212796.78
-470165130000.0 0.19954428 3.143066e-08 -212796.78
-468631200000.0 0.19889325 3.143066e-08 -212796.78
-467097160000.0 0.19824217 3.143066e-08 -212796.78
-465563200000.0 0.19759114 3.0474965e-08 -243273.22
-464029220000.0 0.19694011 3.0474965e-08 -243273.22
-462495220000.0 0.19628906 3.0474965e-08 -243273.22
-460961220000.0 0.19563802 3.0474965e-08 -243273.22
-459427280000.0 0.19498698 2.9477885e-08 -276048.75
-457893300000.0 0.19433595 2.9477885e-08 -276048.75
-456359280000.0 0.19368488 2.9477885e-08 -276048.75
-454825300000.0 0.19303386 2.9477885e-08 -276048.75
-453291380000.0 0.19238283 2.8526406e-08 -310983.94
-451757380000.0 0.19173177 2.8526406e-08 -310983.94
-450223370000.0 0.19108072 2.8526406e-08 -310983.94
-448689400000.0 0.19042969 2.8526406e-08 -310983.94
-447155440000.0 0.18977866 2.7668593e-08 -347473.75
-445621400000.0 0.1891276 2.7668593e-08 -347473.75
-444087470000.0 0.18847656 2.7668593e-08 -347473.75
-442553500000.0 0.18782553 2.7668593e-08 -347473.75
-441019500000.0 0.18717448 2.6959961e-08 -384566.0
-439485500000.0 0.18652342 2.6959961e-08 -384566.0
-437951530000.0 0.1858724 2.6959961e-08 -384566.0
-436417600000.0 0.18522137 2.6959961e-08 -384566.0
-434883530000.0 0.1845703 2.6411328e-08 -420863.84
-433349600000.0 0.18391927 2.6411328e-08 -420863.84
-431815620000.0 0.18326823 2.6411328e-08 -420863.84
-430281620000.0 0.18261719 2.6411328e-08 -420863.84
-428747700000.0 0.18196616 2.5953096e-08 -455631.72
-427213700000.0 0.18131511 2.5953096e-08 -455631.72
-425679700000.0 0.18066408 2.5953096e-08 -455631.72
-424145680000.0 0.180013 2.5953096e-08 -455631.72
-422611700000.0 0.17936198 2.5635625e-08 -488831.3
-421077780000.0 0.17871095 2.5635625e-08 -488831.3
-419543700000.0 0.17805988 2.5635625e-08 -488831.3
-418009840000.0 0.17740889 2.5635625e-08 -488831.3
-416475800000.0 0.17675781 2.5439633e-08 -519136.03
-414941770000.0 0.17610675 2.5439633e-08 -519136.03
-413407900000.0 0.17545575 2.5439633e-08 -519136.03
-411873870000.0 0.17480469 2.5439633e-08 -519136.03
-410339800000.0 0.17415361 2.5404072e-08 -545593.56
-408805930000.0 0.17350262 2.5404072e-08 -545593.56
-407271900000.0 0.17285155 2.5404072e-08 -545593.56
-405737930000.0 0.17220053 2.5404072e-08 -545593.56
-404204000000.0 0.1715495 2.5553351e-08 -567495.7
-402669930000.0 0.17089842 2.5553351e-08 -567495.7
-401136000000.0 0.17024739 2.5553351e-08 -567495.7
-399602020000.0 0.16959636 2.5553351e-08 -567495.7
-398068000000.0 0.1689453 2.5790575e-08 -585220.6
-396534120000.0 0.1682943 2.5790575e-08 -585220.6
-395000100000.0 0.16764323 2.5790575e-08 -585220.6
-393466020000.0 0.16699216 2.5790575e-08 -585220.6
-391932180000.0 0.16634117 2.6139269e-08 -598837.3
-390398100000.0 0.1656901 2.6139269e-08 -598837.3
-388864080000.0 0.16503903 2.6139269e-08 -598837.3
-387330200000.0 0.16438805 2.6139269e-08 -598837.3
-385796180000.0 0.16373697 2.6543747e-08 -608810.5
-384262200000.0 0.16308594 2.6543747e-08 -608810.5
-382728240000.0 0.1624349 2.6543747e-08 -608810.5
-381194200000.0 0.16178384 2.6543747e-08 -608810.5
-379660270000.0 0.16113281 2.6909282e-08 -615803.0
-378126300000.0 0.16048178 2.6909282e-08 -615803.0
-376592270000.0 0.1598307 2.6909282e-08 -615803.0
-375058400000.0 0.15917972 2.6909282e-08 -615803.0
-373524330000.0 0.15852864 2.7251254e-08 -619892.7
-371990300000.0 0.15787758 2.7251254e-08 -619892.7
-370456430000.0 0.15722659 2.7251254e-08 -619892.7
-368922400000.0 0.15657552 2.7251254e-08 -619892.7
-367388360000.0 0.15592445 2.7511168e-08 -622413.2
-365854500000.0 0.15527347 2.7511168e-08 -622413.2
-364320420000.0 0.15462239 2.7511168e-08 -622413.2
-362786500000.0 0.15397136 2.7511168e-08 -622413.2
-361252520000.0 0.15332033 2.7650561e-08 -624079.56
-359718500000.0 0.15266925 2.7650561e-08 -624079.56
-358184520000.0 0.15201822 2.7650561e-08 -624079.56
-356650580000.0 0.1513672 2.7650561e-08 -624079.56
-355116500000.0 0.15071613 2.776768e-08 -624463.06
-353582650000.0 0.15006512 2.776768e-08 -624463.06
-352048600000.0 0.14941406 2.776768e-08 -624463.06
-350514580000.0 0.148763 2.776768e-08 -624463.06
-348980700000.0 0.148112 2.7903846e-08 -624275.6
-347446640000.0 0.14746092 2.7903846e-08 -624275.6
-345912600000.0 0.14680986 2.7903846e-08 -624275.6
-344378740000.0 0.14615887 2.7903846e-08 -624275.6
-342844700000.0 0.1455078 2.8021123e-08 -625140.6
-341310730000.0 0.14485677 2.8021123e-08 -625140.6
-339776800000.0 0.14420575 2.8021123e-08 -625140.6
-338242730000.0 0.14355466 2.8021123e-08 -625140.6
-336708800000.0 0.14290364 2.8173705e-08 -628058.94
-335174830000.0 0.14225261 2.8173705e-08 -628058.94
-333640800000.0 0.14160155 2.8173705e-08 -628058.94
-332106920000.0 0.14095055 2.8173705e-08 -628058.94
-330572900000.0 0.14029948 2.8368369e-08 -634421.1
-329038820000.0 0.13964841 2.8368369e-08 -634421.1
-327504950000.0 0.1389974 2.8368369e-08 -634421.1
-325970920000.0 0.13834634 2.8368369e-08 -634421.1
-324436900000.0 0.13769528 2.858477e-08 -646256.75
-322903000000.0 0.1370443 2.858477e-08 -646256.75
-321368980000.0 0.13639323 2.858477e-08 -646256.75
-319835000000.0 0.13574219 2.858477e-08 -646256.75
-318301040000.0 0.13509116 2.8829128e-08 -664675.56
-316767000000.0 0.1344401 2.8829128e-08 -664675.56
-315233040000.0 0.13378905 2.8829128e-08 -664675.56
-313699100000.0 0.13313803 2.8829128e-08 -664675.56
-312165070000.0 0.13248697 2.9246802e-08 -689865.3
-310631200000.0 0.13183598 2.9246802e-08 -689865.3
-309097140000.0 0.13118489 2.9246802e-08 -689865.3
-307563100000.0 0.13053383 2.9246802e-08 -689865.3
-306029230000.0 0.12988284 2.9770556e-08 -722954.44
-304495200000.0 0.12923177 2.9770556e-08 -722954.44
-302961130000.0 0.12858069 2.9770556e-08 -722954.44
-301427300000.0 0.12792972 2.9770556e-08 -722954.44
-299893230000.0 0.12727864 3.0394357e-08 -761176.44
-298359300000.0 0.12662761 3.0394357e-08 -761176.44
-296825320000.0 0.12597658 3.0394357e-08 -761176.44
-295291300000.0 0.1253255 3.0394357e-08 -761176.44
-293757320000.0 0.12467448 3.1040354e-08 -801147.94
-292223400000.0 0.12402345 3.1040354e-08 -801147.94
-290689320000.0 0.123372376 3.1040354e-08 -801147.94
-289155450000.0 0.12272138 3.1040354e-08 -801147.94
-287621400000.0 0.12207031 3.1663486e-08 -840762.4
-286087380000.0 0.12141925 3.1663486e-08 -840762.4
-284553500000.0 0.12076825 3.1663486e-08 -840762.4
-283019440000.0 0.12011717 3.1663486e-08 -840762.4
-281485400000.0 0.11946611 3.2163562e-08 -880762.75
-279951540000.0 0.118815124 3.2163562e-08 -880762.75
-278417500000.0 0.118164055 3.2163562e-08 -880762.75
-276883540000.0 0.11751302 3.2163562e-08 -880762.75
-275349600000.0 0.11686199 3.2451116e-08 -921798.2
-273815550000.0 0.11621092 3.2451116e-08 -921798.2
-272281600000.0 0.11555989 3.2451116e-08 -921798.2
-270747630000.0 0.11490886 3.2451116e-08 -921798.2
-269213600000.0 0.11425779 3.2674038e-08 -961864.3
-267679730000.0 0.113606796 3.2674038e-08 -961864.3
-266145680000.0 0.11295573 3.2674038e-08 -961864.3
-264611640000.0 0.11230466 3.2674038e-08 -961864.3
-263077770000.0 0.11165367 3.2746602e-08 -1003593.25
-261543720000.0 0.1110026 3.2746602e-08 -1003593.25
-260009670000.0 0.11035153 3.2746602e-08 -1003593.25
-258475820000.0 0.10970054 3.2746602e-08 -1003593.25
-256941770000.0 0.10904947 3.2631185e-08 -1048576.6
-255407820000.0 0.10839844 3.2631185e-08 -1048576.6
-253873860000.0 0.107747406 3.2631185e-08 -1048576.6
-252339810000.0 0.10709634 3.2631185e-08 -1048576.6
-250805860000.0 0.106445305 3.2551704e-08 -1092878.2
-249271910000.0 0.10579427 3.2551704e-08 -1092878.2
-247737860000.0 0.10514321 3.2551704e-08 -1092878.2
-246203990000.0 0.10449222 3.2551704e-08 -1092878.2
-244669960000.0 0.10384115 3.2500207e-08 -1137432.0
-243135900000.0 0.10319008 3.2500207e-08 -1137432.0
-241602040000.0 0.102539085 3.2500207e-08 -1137432.0
-240067990000.0 0.101888016 3.2500207e-08 -1137432.0
-238533950000.0 0.10123695 3.234339e-08 -1184934.6
-237000080000.0 0.10058595 3.234339e-08 -1184934.6
-235466030000.0 0.09993488 3.234339e-08 -1184934.6
-233932080000.0 0.09928385 3.234339e-08 -1184934.6
-232398130000.0 0.09863283 3.2320177e-08 -1229528.6
-230864080000.0 0.09798176 3.2320177e-08 -1229528.6
-229330120000.0 0.09733073 3.2320177e-08 -1229528.6
-227796170000.0 0.096679695 3.2320177e-08 -1229528.6
-226262120000.0 0.096028626 3.2420807e-08 -1272918.4
-224728250000.0 0.09537763 3.2420807e-08 -1272918.4
-223194220000.0 0.09472656 3.2420807e-08 -1272918.4
-221660170000.0 0.09407549 3.2420807e-08 -1272918.4
-220126300000.0 0.0934245 3.2589163e-08 -1319214.4
-218592260000.0 0.09277343 3.2589163e-08 -1319214.4
-217058210000.0 0.09212236 3.2589163e-08 -1319214.4
-215524340000.0 0.091471374 3.2589163e-08 -1319214.4
-213990310000.0 0.090820305 3.275123e-08 -1369590.4
-212456340000.0 0.09016927 3.275123e-08 -1369590.4
-210922390000.0 0.08951824 3.275123e-08 -1369590.4
-209388360000.0 0.08886717 3.275123e-08 -1369590.4
-207854390000.0 0.08821614 3.3020854e-08 -1422970.9
-206320440000.0 0.08756511 3.3020854e-08 -1422970.9
-204786400000.0 0.08691404 3.3020854e-08 -1422970.9
-203252530000.0 0.086263046 3.3020854e-08 -1422970.9
-201718480000.0 0.08561198 3.3495123e-08 -1474358.6
-200184430000.0 0.08496091 3.3495123e-08 -1474358.6
-198650580000.0 0.08430992 3.3495123e-08 -1474358.6
-197116530000.0 0.08365885 3.3495123e-08 -1474358.6
-195582570000.0 0.08300782 2.6311493e-08 -1790797.1
-194048620000.0 0.08235679 2.6311493e-08 -1790797.1
-192514570000.0 0.08170572 2.712371e-08 -1794770.4
-190980620000.0 0.08105469 2.712371e-08 -1794770.4
-189446670000.0 0.080403656 2.7576803e-08 -1811934.9
-187912620000.0 0.07975259 2.7576803e-08 -1811934.9
-186378750000.0 0.07910159 2.8084996e-08 -1826244.0
-184844700000.0 0.07845052 2.8084996e-08 -1826244.0
-183310660000.0 0.077799454 2.8624632e-08 -1839072.9
-181776800000.0 0.07714847 2.8624632e-08 -1839072.9
-180242740000.0 0.07649739 2.9222916e-08 -1849813.6
-178708710000.0 0.07584633 2.9222916e-08 -1849813.6
-177174840000.0 0.075195335 2.9838066e-08 -1860667.5
-175640790000.0 0.07454426 2.9838066e-08 -1860667.5
-174106840000.0 0.073893234 3.0503944e-08 -1870024.6
-172572880000.0 0.0732422 3.0503944e-08 -1870024.6
-171038830000.0 0.07259113 3.1212146e-08 -1878077.4
-169504880000.0 0.0719401 3.1212146e-08 -1878077.4
-167970930000.0 0.07128907 3.19437e-08 -1885679.8
-166436880000.0 0.070638 3.19437e-08 -1885679.8
-164903010000.0 0.06998701 3.2707753e-08 -1892006.4
-163368980000.0 0.069335945 3.2707753e-08 -1892006.4
-161834930000.0 0.068684876 3.348365e-08 -1896737.6
-160301060000.0 0.068033874 3.348365e-08 -1896737.6
-158767020000.0 0.06738281 3.4270663e-08 -1900514.9
-157232970000.0 0.06673174 3.4270663e-08 -1900514.9
-155699100000.0 0.06608075 3.5082333e-08 -1903419.2
-154165070000.0 0.06542969 3.5082333e-08 -1903419.2
-152631100000.0 0.06477865 3.5931183e-08 -1904719.0
-151097150000.0 0.06412762 3.5931183e-08 -1904719.0
-149563110000.0 0.063476555 3.684339e-08 -1904588.0
-148029150000.0 0.062825516 3.684339e-08 -1904588.0
-146495200000.0 0.062174488 3.6060623e-08 -1927804.4
-144961160000.0 0.061523426 3.689582e-08 -1919983.8
-143427290000.0 0.060872428 3.7432553e-08 -1919394.9
-141893240000.0 0.06022136 3.8031786e-08 -1918820.5
-140359190000.0 0.059570286 3.8615887e-08 -1919549.2
-138825330000.0 0.058919296 3.9194237e-08 -1921557.9
-137291284000.0 0.058268227 3.9760877e-08 -1925013.2
-135757240000.0 0.057617158 4.0315562e-08 -1929862.5
-134223370000.0 0.056966167 4.0868553e-08 -1935647.8
-132689330000.0 0.056315098 4.1437584e-08 -1942090.4
-131155370000.0 0.055664066 4.2025704e-08 -1948780.2
-129621420000.0 0.055013034 4.2632962e-08 -1955530.5
-128087376000.0 0.05436197 4.326401e-08 -1962393.2
-126553416000.0 0.053710938 4.391615e-08 -1969415.2
-125019460000.0 0.053059906 4.4588994e-08 -1976696.5
-123485420000.0 0.052408837 4.5282786e-08 -1984171.2
-121951550000.0 0.051757842 4.599029e-08 -1991714.9
-120417510000.0 0.051106777 4.6719233e-08 -1999353.2
-118883460000.0 0.050455708 4.746554e-08 -2006819.1
-117349600000.0 0.049804714 4.8228863e-08 -2013952.0
-115815555000.0 0.049153645 4.9006186e-08 -2020782.0
-114281505000.0 0.048502576 4.9798935e-08 -2027362.5
-112747640000.0 0.047851585 5.0603955e-08 -2033721.0
-111213590000.0 0.047200516 5.1427797e-08 -2039944.2
-109679640000.0 0.046549484 5.2268863e-08 -2045751.0
-108145690000.0 0.045898452 5.3139363e-08 -2050961.5
-106611640000.0 0.045247383 5.4045287e-08 -2055274.0
-105077690000.0 0.04459635 5.500866e-08 -2058984.8
-103543734000.0 0.043945324 5.6020138e-08 -2061556.4
-102009680000.0 0.043294255 5.7100145e-08 -2063964.8
-100475820000.0 0.04264326 5.8221413e-08 -2065894.9
-98941770000.0 0.04199219 5.938593e-08 -2068226.9
-97407730000.0 0.041341122 6.056635e-08 -2071209.9
-95873870000.0 0.04069013 6.173775e-08 -2074850.9
-94339820000.0 0.040039062 6.291627e-08 -2079937.9
