morphology_data/1d_wb_a0.025_l4r0.5_00001.ecsv
# %ECSV 1.0
# ---
# datatype:
# - {name: b, datatype: float32}
# - {name: phase, datatype: float32}
# - {name: sigma, datatype: float32}
# - {name: vr, datatype: float32}
# meta: {lambda: 4, rp: 0.5, sep: 0.025, wind: b}
# schema: astropy-2.0
b phase sigma vr
[from data line 459]
-473233100000.0 0.20084636 nan nan
-471699100000.0 0.20019531 nan nan
-470165130000.0 0.19954428 nan nan
-468631200000.0 0.19889325 nan nan
-467097160000.0 0.19824217 nan nan
-465563200000.0 0.19759114 nan nan
-464029220000.0 0.19694011 nan nan
-462495220000.0 0.19628906 nan nan
-460961220000.0 0.19563802 nan nan
-459427280000.0 0.19498698 nan nan
-457893300000.0 0.19433595 nan nan
-456359280000.0 0.19368488 nan nan
-454825300000.0 0.19303386 nan nan
-453291380000.0 0.19238283 nan nan
-451757380000.0 0.19173177 nan nan
-450223370000.0 0.19108072 nan nan
-448689400000.0 0.19042969 nan nan
-447155440000.0 0.18977866 nan nan
-445621400000.0 0.1891276 nan nan
-444087470000.0 0.18847656 nan nan
-442553500000.0 0.18782553 nan nan
-441019500000.0 0.18717448 nan nan
-439485500000.0 0.18652342 nan nan
-437951530000.0 0.1858724 nan nan
-436417600000.0 0.18522137 nan nan
-434883530000.0 0.1845703 nan nan
-433349600000.0 0.18391927 nan nan
-431815620000.0 0.18326823 nan nan
-430281620000.0 0.18261719 nan nan
-428747700000.0 0.18196616 nan nan
-427213700000.0 0.18131511 nan nan
-425679700000.0 0.18066408 nan nan
-424145680000.0 0.180013 nan nan
-422611700000.0 0.17936198 nan nan
-421077780000.0 0.17871095 nan nan
-419543700000.0 0.17805988 nan nan
-418009840000.0 0.17740889 nan nan
-416475800000.0 0.17675781 nan nan
-414941770000.0 0.17610675 nan nan
-413407900000.0 0.17545575 nan nan
-411873870000.0 0.17480469 nan nan
-410339800000.0 0.17415361 nan nan
-408805930000.0 0.17350262 nan nan
-407271900000.0 0.17285155 nan nan
-405737930000.0 0.17220053 nan nan
-404204000000.0 0.1715495 nan nan
-402669930000.0 0.17089842 nan nan
-401136000000.0 0.17024739 nan nan
-399602020000.0 0.16959636 nan nan
-398068000000.0 0.1689453 nan nan
-396534120000.0 0.1682943 nan nan
-395000100000.0 0.16764323 nan nan
-393466020000.0 0.16699216 nan nan
-391932180000.0 0.16634117 nan nan
-390398100000.0 0.1656901 nan nan
-388864080000.0 0.16503903 nan nan
-387330200000.0 0.16438805 nan nan
-385796180000.0 0.16373697 nan nan
-384262200000.0 0.16308594 nan nan
-382728240000.0 0.1624349 nan nan
-381194200000.0 0.16178384 nan nan
-379660270000.0 0.16113281 nan nan
-378126300000.0 0.16048178 nan nan
-376592270000.0 0.1598307 nan nan
-375058400000.0 0.15917972 nan nan
-373524330000.0 0.15852864 nan nan
-371990300000.0 0.15787758 nan nan
-370456430000.0 0.15722659 nan nan
-368922400000.0 0.15657552 nan nan
-367388360000.0 0.15592445 nan nan
-365854500000.0 0.15527347 nan nan
-364320420000.0 0.15462239 nan nan
-362786500000.0 0.15397136 nan nan
-361252520000.0 0.15332033 nan nan
-359718500000.0 0.15266925 nan nan
-358184520000.0 0.15201822 nan nan
-356650580000.0 0.1513672 nan nan
-355116500000.0 0.15071613 nan nan
-353582650000.0 0.15006512 nan nan
-352048600000.0 0.14941406 nan nan
-350514580000.0 0.148763 nan nan
-348980700000.0 0.148112 nan nan
-347446640000.0 0.14746092 nan nan
-345912600000.0 0.14680986 nan nan
-344378740000.0 0.14615887 nan nan
-342844700000.0 0.1455078 nan nan
-341310730000.0 0.14485677 nan nan
-339776800000.0 0.14420575 nan nan
-338242730000.0 0.14355466 nan nan
-336708800000.0 0.14290364 nan nan
-335174830000.0 0.14225261 nan nan
-333640800000.0 0.14160155 nan nan
-332106920000.0 0.14095055 nan nan
-330572900000.0 0.14029948 nan nan
-329038820000.0 0.13964841 nan nan
-327504950000.0 0.1389974 nan nan
-325970920000.0 0.13834634 nan nan
-324436900000.0 0.13769528 nan nan
-322903000000.0 0.1370443 nan nan
-321368980000.0 0.13639323 nan nan
-319835000000.0 0.13574219 nan nan
-318301040000.0 0.13509116 nan nan
-316767000000.0 0.1344401 nan nan
-315233040000.0 0.13378905 nan nan
-313699100000.0 0.13313803 nan nan
-312165070000.0 0.13248697 nan nan
-310631200000.0 0.13183598 nan nan
-309097140000.0 0.13118489 nan nan
-307563100000.0 0.13053383 nan nan
-306029230000.0 0.12988284 nan nan
-304495200000.0 0.12923177 nan nan
-302961130000.0 0.12858069 nan nan
-301427300000.0 0.12792972 nan nan
-299893230000.0 0.12727864 nan nan
-298359300000.0 0.12662761 nan nan
-296825320000.0 0.12597658 nan nan
-295291300000.0 0.1253255 nan nan
-293757320000.0 0.12467448 nan nan
-292223400000.0 0.12402345 nan nan
-290689320000.0 0.123372376 nan nan
-289155450000.0 0.12272138 nan nan
-287621400000.0 0.12207031 nan nan
-286087380000.0 0.12141925 nan nan
-284553500000.0 0.12076825 nan nan
-283019440000.0 0.12011717 nan nan
-281485400000.0 0.11946611 nan nan
-279951540000.0 0.118815124 nan nan
-278417500000.0 0.118164055 nan nan
-276883540000.0 0.11751302 nan nan
-275349600000.0 0.11686199 nan nan
-273815550000.0 0.11621092 nan nan
-272281600000.0 0.11555989 nan nan
-270747630000.0 0.11490886 nan nan
-269213600000.0 0.11425779 nan nan
-267679730000.0 0.113606796 nan nan
-266145680000.0 0.11295573 nan nan
-264611640000.0 0.11230466 nan nan
-263077770000.0 0.11165367 nan nan
-261543720000.0 0.1110026 nan nan
-260009670000.0 0.11035153 nan nan
-258475820000.0 0.10970054 nan nan
-256941770000.0 0.10904947 nan nan
-255407820000.0 0.10839844 nan nan
-253873860000.0 0.107747406 nan nan
-252339810000.0 0.10709634 nan nan
-250805860000.0 0.106445305 nan nan
-249271910000.0 0.10579427 nan nan
-247737860000.0 0.10514321 nan nan
-246203990000.0 0.10449222 nan nan
-244669960000.0 0.10384115 nan nan
-243135900000.0 0.10319008 nan nan
-241602040000.0 0.102539085 nan nan
-240067990000.0 0.101888016 nan nan
-238533950000.0 0.10123695 nan nan
-237000080000.0 0.10058595 nan nan
-235466030000.0 0.09993488 nan nan
-233932080000.0 0.09928385 nan nan
-232398130000.0 0.09863283 nan nan
-230864080000.0 0.09798176 nan nan
-229330120000.0 0.09733073 nan nan
-227796170000.0 0.096679695 nan nan
-226262120000.0 0.096028626 nan nan
-224728250000.0 0.09537763 nan nan
-223194220000.0 0.09472656 nan nan
-221660170000.0 0.09407549 nan nan
-220126300000.0 0.0934245 nan nan
-218592260000.0 0.09277343 nan nan
-217058210000.0 0.09212236 nan nan
-215524340000.0 0.091471374 nan nan
-213990310000.0 0.090820305 nan nan
-212456340000.0 0.09016927 nan nan
-210922390000.0 0.08951824 nan nan
-209388360000.0 0.08886717 nan nan
-207854390000.0 0.08821614 nan nan
-206320440000.0 0.08756511 nan nan
-204786400000.0 0.08691404 nan nan
-203252530000.0 0.086263046 nan nan
-201718480000.0 0.08561198 nan nan
-200184430000.0 0.08496091 nan nan
-198650580000.0 0.08430992 nan nan
-197116530000.0 0.08365885 nan nan
-195582570000.0 0.08300782 nan nan
-194048620000.0 0.08235679 nan nan
-192514570000.0 0.08170572 nan nan
-190980620000.0 0.08105469 nan nan
-189446670000.0 0.080403656 nan nan
-187912620000.0 0.07975259 nan nan
-186378750000.0 0.07910159 nan nan
-184844700000.0 0.07845052 nan nan
-183310660000.0 0.077799454 nan nan
-181776800000.0 0.07714847 nan nan
-180242740000.0 0.07649739 nan nan
-178708710000.0 0.07584633 nan nan
-177174840000.0 0.075195335 nan nan
-175640790000.0 0.07454426 nan nan
-174106840000.0 0.073893234 nan nan
-172572880000.0 0.0732422 nan nan
-171038830000.0 0.07259113 nan nan
-169504880000.0 0.0719401 nan nan
-167970930000.0 0.07128907 nan nan
-166436880000.0 0.070638 nan nan
-164903010000.0 0.06998701 nan nan
-163368980000.0 0.069335945 nan nan
-161834930000.0 0.068684876 nan nan
-160301060000.0 0.068033874 nan nan
-158767020000.0 0.06738281 nan nan
-157232970000.0 0.06673174 nan nan
-155699100000.0 0.06608075 nan nan
-154165070000.0 0.06542969 nan nan
-152631100000.0 0.06477865 nan nan
-151097150000.0 0.06412762 nan nan
-149563110000.0 0.063476555 nan nan
-148029150000.0 0.062825516 nan nan
-146495200000.0 0.062174488 nan nan
-144961160000.0 0.061523426 nan nan
-143427290000.0 0.060872428 nan nan
-141893240000.0 0.06022136 nan nan
-140359190000.0 0.059570286 nan nan
-138825330000.0 0.058919296 nan nan
-137291284000.0 0.058268227 nan nan
-135757240000.0 0.057617158 nan nan
-134223370000.0 0.056966167 nan nan
-132689330000.0 0.056315098 nan nan
-131155370000.0 0.055664066 nan nan
-129621420000.0 0.055013034 nan nan
-128087376000.0 0.05436197 nan nan
-126553416000.0 0.053710938 nan nan
-125019460000.0 0.053059906 nan nan
-123485420000.0 0.052408837 nan nan
-121951550000.0 0.051757842 nan nan
-120417510000.0 0.051106777 nan nan
-118883460000.0 0.050455708 nan nan
-117349600000.0 0.049804714 nan nan
-115815555000.0 0.049153645 nan nan
-114281505000.0 0.048502576 nan nan
-112747640000.0 0.047851585 nan nan
-111213590000.0 0.047200516 nan nan
-109679640000.0 0.046549484 nan nan
-108145690000.0 0.045898452 nan nan
-106611640000.0 0.045247383 nan nan
-105077690000.0 0.04459635 nan nan
-103543734000.0 0.043945324 nan nan
-102009680000.0 0.043294255 nan nan
-100475820000.0 0.04264326 nan nan
-98941770000.0 0.04199219 nan nan
-97407730000.0 0.041341122 nan nan
-95873870000.0 0.04069013 nan nan
-94339820000.0 0.040039062 nan nan
-92805775000.0 0.039387994 nan nan
-91271905000.0 0.038736995 nan nan
-89737860000.0 0.03808593 nan nan
-88203910000.0 0.0374349 nan nan
-86669950000.0 0.03678387 nan nan
-85135910000.0 0.0361328 nan nan
-83601960000.0 0.035481773 nan nan
-82068000000.0 0.034830738 nan nan
-80533955000.0 0.03417967 nan nan
-79000084000.0 0.033528678 nan nan
-77466040000.0 0.03287761 nan nan
-75932000000.0 0.03222654 nan nan
-74398130000.0 0.031575546 nan nan
-72864090000.0 0.030924477 nan nan
-71330050000.0 0.030273411 nan nan
-69796176000.0 0.029622415 nan nan
-68262130000.0 0.028971346 nan nan
-66728178000.0 0.028320316 nan nan
-65194220000.0 0.027669284 nan nan
-63660175000.0 0.027018217 nan nan
-62126220000.0 0.026367186 nan nan
-60592263000.0 0.025716154 nan nan
-59058220000.0 0.025065087 nan nan
-57524355000.0 0.024414092 nan nan
-55990310000.0 0.023763025 nan nan
-54456267000.0 0.023111956 nan nan
-52922400000.0 0.022460962 nan nan
-51388355000.0 0.021809895 nan nan
-49854310000.0 0.021158826 nan nan
-48320442000.0 0.020507833 nan nan
-46786400000.0 0.019856764 nan nan
-45252444000.0 0.019205732 nan nan
-43718490000.0 0.018554702 nan nan
-42184440000.0 0.017903633 nan nan
-40650486000.0 0.017252602 nan nan
-39116534000.0 0.016601572 nan nan
-37582488000.0 0.015950503 nan nan
-36048620000.0 0.015299509 nan nan
-34514575000.0 0.014648439 nan nan
-32980531000.0 0.013997372 nan nan
-31446665000.0 0.013346379 nan nan
-29912621000.0 0.012695311 nan nan
-28378577000.0 0.012044242 nan nan
-26844710000.0 0.011393248 nan nan
-25310667000.0 0.01074218 nan nan
-23776710000.0 0.010091149 nan nan
-22242755000.0 0.009440118 nan nan
-20708710000.0 0.008789049 nan nan
-19174754000.0 0.008138019 nan nan
-17640800000.0 0.0074869874 nan nan
-16106755000.0 0.006835919 nan nan
-14572889000.0 0.006184926 nan nan
-13038844000.0 0.0055338573 nan nan
-11504800000.0 0.0048827888 nan nan
-9970934000.0 0.0042317957 nan nan
-8436888600.0 0.0035807267 nan nan
-6902844000.0 0.0029296577 nan nan
-5368978000.0 0.0022786648 nan nan
-3834933000.0 0.0016275961 nan nan
3834933000.0 -0.0016275961 nan nan
5368978000.0 -0.0022786648 nan nan
6902844000.0 -0.0029296577 nan nan
8436888600.0 -0.0035807267 nan nan
9970934000.0 -0.0042317957 nan nan
11504800000.0 -0.0048827888 nan nan
13038844000.0 -0.0055338573 nan nan
14572889000.0 -0.006184926 nan nan
16106755000.0 -0.006835919 nan nan
17640800000.0 -0.0074869874 nan nan
19174754000.0 -0.008138019 nan nan
20708710000.0 -0.008789049 nan nan
22242755000.0 -0.009440118 nan nan
23776710000.0 -0.010091149 nan nan
25310667000.0 -0.01074218 nan nan
26844710000.0 -0.011393248 nan nan
28378577000.0 -0.012044242 nan nan
29912621000.0 -0.012695311 nan nan
31446665000.0 -0.013346379 nan nan
32980531000.0 -0.013997372 nan nan
34514575000.0 -0.014648439 nan nan
36048620000.0 -0.015299509 nan nan
37582488000.0 -0.015950503 nan nan
39116534000.0 -0.016601572 nan nan
40650486000.0 -0.017252602 nan nan
42184440000.0 -0.017903633 nan nan
43718490000.0 -0.018554702 nan nan
45252444000.0 -0.019205732 nan nan
46786400000.0 -0.019856764 nan nan
48320442000.0 -0.020507833 nan nan
49854310000.0 -0.021158826 nan nan
51388355000.0 -0.021809895 nan nan
52922400000.0 -0.022460962 nan nan
54456267000.0 -0.023111956 nan nan
55990310000.0 -0.023763025 nan nan
57524355000.0 -0.024414092 nan nan
59058220000.0 -0.025065087 nan nan
60592263000.0 -0.025716154 nan nan
62126220000.0 -0.026367186 nan nan
63660175000.0 -0.027018217 nan nan
65194220000.0 -0.027669284 nan nan
66728178000.0 -0.028320316 nan nan
68262130000.0 -0.028971346 nan nan
69796176000.0 -0.029622415 nan nan
71330050000.0 -0.030273411 nan nan
72864090000.0 -0.030924477 nan nan
74398130000.0 -0.031575546 nan nan
75932000000.0 -0.03222654 nan nan
77466040000.0 -0.03287761 nan nan
79000084000.0 -0.033528678 nan nan
80533955000.0 -0.03417967 nan nan
82068000000.0 -0.034830738 nan nan
83601960000.0 -0.035481773 nan nan
85135910000.0 -0.0361328 nan nan
86669950000.0 -0.03678387 nan nan
88203910000.0 -0.0374349 nan nan
89737860000.0 -0.03808593 nan nan
91271905000.0 -0.038736995 nan nan
92805775000.0 -0.039387994 nan nan
94339820000.0 -0.040039062 nan nan
95873870000.0 -0.04069013 nan nan
97407730000.0 -0.041341122 nan nan
98941770000.0 -0.04199219 nan nan
100475820000.0 -0.04264326 nan nan
102009680000.0 -0.043294255 nan nan
103543734000.0 -0.043945324 nan nan
105077690000.0 -0.04459635 nan nan
106611640000.0 -0.045247383 nan nan
108145690000.0 -0.045898452 nan nan
109679640000.0 -0.046549484 nan nan
111213590000.0 -0.047200516 nan nan
112747640000.0 -0.047851585 nan nan
114281505000.0 -0.048502576 nan nan
115815555000.0 -0.049153645 nan nan
117349600000.0 -0.049804714 nan nan
118883460000.0 -0.050455708 nan nan
120417510000.0 -0.051106777 nan nan
121951550000.0 -0.051757842 nan nan
123485420000.0 -0.052408837 nan nan
125019460000.0 -0.053059906 nan nan
126553416000.0 -0.053710938 nan nan
128087376000.0 -0.05436197 nan nan
129621420000.0 -0.055013034 nan nan
131155370000.0 -0.055664066 nan nan
132689330000.0 -0.056315098 nan nan
134223370000.0 -0.056966167 nan nan
135757240000.0 -0.057617158 nan nan
137291284000.0 -0.058268227 nan nan
138825330000.0 -0.058919296 nan nan
140359190000.0 -0.059570286 nan nan
141893240000.0 -0.06022136 nan nan
143427290000.0 -0.060872428 nan nan
144961160000.0 -0.061523426 nan nan
146495200000.0 -0.062174488 nan nan
148029150000.0 -0.062825516 nan nan
149563110000.0 -0.063476555 nan nan
151097150000.0 -0.06412762 nan nan
152631100000.0 -0.06477865 nan nan
154165070000.0 -0.06542969 nan nan
155699100000.0 -0.06608075 nan nan
157232970000.0 -0.06673174 nan nan
158767020000.0 -0.06738281 nan nan
160301060000.0 -0.068033874 nan nan
161834930000.0 -0.068684876 nan nan
163368980000.0 -0.069335945 nan nan
164903010000.0 -0.06998701 nan nan
166436880000.0 -0.070638 nan nan
167970930000.0 -0.07128907 nan nan
169504880000.0 -0.0719401 nan nan
171038830000.0 -0.07259113 nan nan
172572880000.0 -0.0732422 nan nan
174106840000.0 -0.073893234 nan nan
175640790000.0 -0.07454426 nan nan
177174840000.0 -0.075195335 nan nan
178708710000.0 -0.07584633 nan nan
180242740000.0 -0.07649739 nan nan
181776800000.0 -0.07714847 nan nan
183310660000.0 -0.077799454 nan nan
184844700000.0 -0.07845052 nan nan
186378750000.0 -0.07910159 nan nan
187912620000.0 -0.07975259 nan nan
189446670000.0 -0.080403656 nan nan
190980620000.0 -0.08105469 nan nan
192514570000.0 -0.08170572 nan nan
194048620000.0 -0.08235679 nan nan
195582570000.0 -0.08300782 nan nan
197116530000.0 -0.08365885 nan nan
198650580000.0 -0.08430992 nan nan
200184430000.0 -0.08496091 nan nan
201718480000.0 -0.08561198 nan nan
203252530000.0 -0.086263046 nan nan
204786400000.0 -0.08691404 nan nan
206320440000.0 -0.08756511 nan nan
207854390000.0 -0.08821614 nan nan
209388360000.0 -0.08886717 nan nan
210922390000.0 -0.08951824 nan nan
212456340000.0 -0.09016927 nan nan
213990310000.0 -0.090820305 nan nan
215524340000.0 -0.091471374 nan nan
217058210000.0 -0.09212236 nan nan
218592260000.0 -0.09277343 nan nan
220126300000.0 -0.0934245 nan nan
221660170000.0 -0.09407549 nan nan
223194220000.0 -0.09472656 nan nan
224728250000.0 -0.09537763 nan nan
226262120000.0 -0.096028626 nan nan
227796170000.0 -0.096679695 nan nan
229330120000.0 -0.09733073 nan nan
