morphology_data/1d_wa_a0.025_l2r2_00001.ecsv
# %ECSV 1.0
# ---
# datatype:
# - {name: b, datatype: float32}
# - {name: phase, datatype: float32}
# - {name: sigma, datatype: float32}
# - {name: vr, datatype: float32}
# meta: {lambda: 2, rp: 2.0, sep: 0.025, wind: a}
# schema: astropy-2.0
b phase sigma vr
[from data line 1259]
781563270000.0 -0.33170575 4.071198e-09 -1131902.4
783097140000.0 -0.33235672 4.071198e-09 -1131902.4
784631200000.0 -0.3330078 4.071198e-09 -1131902.4
786165200000.0 -0.33365887 3.71949e-09 -754120.8
787699100000.0 -0.33430985 3.71949e-09 -754120.8
789233140000.0 -0.33496094 3.71949e-09 -754120.8
790767200000.0 -0.335612 3.71949e-09 -754120.8
792301000000.0 -0.336263 3.743194e-09 -290414.9
793835100000.0 -0.33691406 3.743194e-09 -290414.9
795369140000.0 -0.33756512 3.743194e-09 -290414.9
796903000000.0 -0.33821613 3.743194e-09 -290414.9
798437000000.0 -0.3388672 3.9027905e-09 298978.78
799971100000.0 -0.33951825 3.9027905e-09 298978.78
801504950000.0 -0.34016925 3.9027905e-09 298978.78
803039000000.0 -0.3408203 3.9027905e-09 298978.78
804573000000.0 -0.3414714 4.085838e-09 958343.75
806106900000.0 -0.34212238 4.085838e-09 958343.75
807640760000.0 -0.34277338 4.085838e-09 958343.75
809175000000.0 -0.34342453 4.085838e-09 958343.75
810708900000.0 -0.3440755 4.2662402e-09 1698441.2
812242700000.0 -0.3447265 4.2662402e-09 1698441.2
813776960000.0 -0.34537765 4.2662402e-09 1698441.2
815310800000.0 -0.34602866 4.2662402e-09 1698441.2
816844700000.0 -0.34667963 4.4586734e-09 2555298.0
818378900000.0 -0.34733078 4.4586734e-09 2555298.0
819912800000.0 -0.34798178 4.4586734e-09 2555298.0
821446640000.0 -0.34863275 4.4586734e-09 2555298.0
822980840000.0 -0.3492839 4.6810893e-09 3403912.0
824514700000.0 -0.3499349 4.6810893e-09 3403912.0
826048600000.0 -0.3505859 4.6810893e-09 3403912.0
827582640000.0 -0.35123697 4.6810893e-09 3403912.0
829116700000.0 -0.35188803 4.8442717e-09 4220407.0
830650600000.0 -0.35253903 4.8442717e-09 4220407.0
832184600000.0 -0.3531901 4.8442717e-09 4220407.0
833718650000.0 -0.35384116 4.8442717e-09 4220407.0
835252500000.0 -0.35449216 4.766426e-09 4936702.0
836786600000.0 -0.35514322 4.766426e-09 4936702.0
838320600000.0 -0.3557943 4.766426e-09 4936702.0
839854460000.0 -0.35644528 4.766426e-09 4936702.0
841388500000.0 -0.35709634 4.54257e-09 5563922.5
842922500000.0 -0.35774744 4.54257e-09 5563922.5
844456400000.0 -0.3583984 4.54257e-09 5563922.5
845990460000.0 -0.3590495 4.54257e-09 5563922.5
847524500000.0 -0.35970056 4.4185926e-09 6234987.0
849058400000.0 -0.36035156 4.4185926e-09 6234987.0
850592300000.0 -0.36100253 4.4185926e-09 6234987.0
852126470000.0 -0.3616537 4.4185926e-09 6234987.0
853660340000.0 -0.3623047 4.5745376e-09 6892918.5
855194200000.0 -0.36295566 4.5745376e-09 6892918.5
856728400000.0 -0.3636068 4.5745376e-09 6892918.5
858262300000.0 -0.3642578 4.5745376e-09 6892918.5
859796140000.0 -0.3649088 5.6446687e-09 7840023.0
861330400000.0 -0.36555994 5.6446687e-09 7840023.0
862864200000.0 -0.36621094 5.6446687e-09 7840023.0
864398100000.0 -0.36686194 5.6446687e-09 7840023.0
865932350000.0 -0.3675131 8.2527105e-09 9499527.0
867466200000.0 -0.36816406 8.2527105e-09 9499527.0
869000100000.0 -0.36881506 8.2527105e-09 9499527.0
870534100000.0 -0.36946613 8.2527105e-09 9499527.0
872068150000.0 -0.3701172 8.9932914e-09 10566929.0
873602000000.0 -0.3707682 8.9932914e-09 10566929.0
875136100000.0 -0.37141925 8.9932914e-09 10566929.0
876670100000.0 -0.37207034 8.9932914e-09 10566929.0
878203960000.0 -0.3727213 7.045317e-09 10264456.0
879738000000.0 -0.3733724 7.045317e-09 10264456.0
881272100000.0 -0.37402347 7.045317e-09 10264456.0
882805900000.0 -0.37467447 7.045317e-09 10264456.0
884339970000.0 -0.37532553 2.169262e-09 7115219.0
885874000000.0 -0.3759766 2.169262e-09 7115219.0
887407900000.0 -0.3766276 2.169262e-09 7115219.0
888941900000.0 -0.37727866 2.169262e-09 7115219.0
890476000000.0 -0.37792972 3.0712627e-10 1993983.5
892009840000.0 -0.37858072 3.0712627e-10 1993983.5
893543700000.0 -0.37923172 3.0712627e-10 1993983.5
895077900000.0 -0.37988284 3.0712627e-10 1993983.5
896611800000.0 -0.38053384 3.1614505e-10 2195596.5
898145650000.0 -0.38118485 3.1614505e-10 2195596.5
899679900000.0 -0.381836 3.1614505e-10 2195596.5
901213800000.0 -0.38248697 3.1614505e-10 2195596.5
902747600000.0 -0.38313797 3.5172257e-10 2780171.8
904281850000.0 -0.38378912 3.5172257e-10 2780171.8
905815700000.0 -0.3844401 3.5172257e-10 2780171.8
907349600000.0 -0.3850911 3.5172257e-10 2780171.8
908883800000.0 -0.38574225 3.5985406e-10 3096342.2
910417660000.0 -0.38639325 3.5985406e-10 3096342.2
911951500000.0 -0.38704422 3.5985406e-10 3096342.2
913485600000.0 -0.3876953 3.5985406e-10 3096342.2
915019600000.0 -0.38834637 3.6492306e-10 3381540.0
916553470000.0 -0.38899738 3.6492306e-10 3381540.0
918087500000.0 -0.38964844 3.6492306e-10 3381540.0
919621600000.0 -0.3902995 3.6492306e-10 3381540.0
921155500000.0 -0.3909505 3.7965087e-10 3683459.5
922689500000.0 -0.39160156 3.7965087e-10 3683459.5
924223540000.0 -0.39225262 3.7965087e-10 3683459.5
925757400000.0 -0.39290363 3.7965087e-10 3683459.5
927291400000.0 -0.3935547 3.89132e-10 3748071.8
928825500000.0 -0.39420575 3.89132e-10 3748071.8
930359350000.0 -0.39485675 3.89132e-10 3748071.8
931893400000.0 -0.3955078 3.89132e-10 3748071.8
933427400000.0 -0.3961589 3.6309356e-10 3613634.2
934961300000.0 -0.39680988 3.6309356e-10 3613634.2
936495150000.0 -0.39746088 3.6309356e-10 3613634.2
938029400000.0 -0.39811203 3.6309356e-10 3613634.2
939563300000.0 -0.398763 3.4253722e-10 3661684.8
941097160000.0 -0.399414 3.4253722e-10 3661684.8
942631350000.0 -0.40006515 3.4253722e-10 3661684.8
944165200000.0 -0.40071616 3.4253722e-10 3661684.8
945699100000.0 -0.40136713 3.3111902e-10 3736161.8
947233300000.0 -0.40201828 3.3111902e-10 3736161.8
948767160000.0 -0.40266928 3.3111902e-10 3736161.8
950301000000.0 -0.40332028 3.3111902e-10 3736161.8
951835200000.0 -0.4039714 3.340367e-10 3746901.8
953369100000.0 -0.4046224 3.340367e-10 3746901.8
954903000000.0 -0.4052734 3.340367e-10 3746901.8
956437040000.0 -0.40592447 3.340367e-10 3746901.8
957971100000.0 -0.40657553 3.496912e-10 3875314.0
959505000000.0 -0.40722653 3.496912e-10 3875314.0
961039000000.0 -0.4078776 3.496912e-10 3875314.0
962573040000.0 -0.40852866 3.496912e-10 3875314.0
964106900000.0 -0.40917966 3.8642733e-10 4439064.5
965641000000.0 -0.40983072 3.8642733e-10 4439064.5
967175000000.0 -0.4104818 3.8642733e-10 4439064.5
968708850000.0 -0.41113278 3.8642733e-10 4439064.5
970242900000.0 -0.41178387 4.3392578e-10 5375775.0
971776900000.0 -0.41243494 4.3392578e-10 5375775.0
973310800000.0 -0.4130859 4.3392578e-10 5375775.0
974844850000.0 -0.413737 4.3392578e-10 5375775.0
976378900000.0 -0.41438806 4.6057283e-10 6003986.0
977912800000.0 -0.41503906 4.6057283e-10 6003986.0
979446660000.0 -0.41569003 4.6057283e-10 6003986.0
980980860000.0 -0.4163412 4.6057283e-10 6003986.0
982514700000.0 -0.4169922 4.6527807e-10 6118164.0
984048600000.0 -0.4176432 4.6527807e-10 6118164.0
985582800000.0 -0.4182943 4.6527807e-10 6118164.0
987116670000.0 -0.4189453 4.6527807e-10 6118164.0
988650540000.0 -0.4195963 4.4802473e-10 5760387.0
990184800000.0 -0.42024744 4.4802473e-10 5760387.0
991718700000.0 -0.42089844 4.4802473e-10 5760387.0
993252500000.0 -0.42154944 4.4802473e-10 5760387.0
994786740000.0 -0.4222006 4.3154874e-10 5365422.0
996320600000.0 -0.42285156 4.3154874e-10 5365422.0
997854500000.0 -0.42350256 4.3154874e-10 5365422.0
999388500000.0 -0.42415363 4.3154874e-10 5365422.0
1000922550000.0 -0.42480472 4.318801e-10 5244031.0
1002456400000.0 -0.4254557 4.318801e-10 5244031.0
1003990500000.0 -0.42610675 4.318801e-10 5244031.0
1005524500000.0 -0.42675784 4.318801e-10 5244031.0
1007058350000.0 -0.4274088 4.451732e-10 5301515.0
1008592400000.0 -0.4280599 4.451732e-10 5301515.0
1010126500000.0 -0.42871097 4.451732e-10 5301515.0
1011660360000.0 -0.42936197 4.451732e-10 5301515.0
1013194360000.0 -0.43001303 4.6622806e-10 5441988.5
1014728400000.0 -0.4306641 4.6622806e-10 5441988.5
1016262300000.0 -0.4313151 4.6622806e-10 5441988.5
1017796300000.0 -0.43196616 4.6622806e-10 5441988.5
1019330360000.0 -0.43261722 4.9254834e-10 5624541.0
1020864230000.0 -0.43326822 4.9254834e-10 5624541.0
1022398100000.0 -0.43391922 4.9254834e-10 5624541.0
1023932300000.0 -0.43457034 4.9254834e-10 5624541.0
1025466200000.0 -0.43522134 5.206722e-10 5806992.5
1027000040000.0 -0.43587235 5.206722e-10 5806992.5
1028534300000.0 -0.4365235 5.206722e-10 5806992.5
1030068200000.0 -0.43717447 5.206722e-10 5806992.5
1031602040000.0 -0.43782547 5.4857585e-10 5985305.0
1033136240000.0 -0.43847662 5.4857585e-10 5985305.0
1034670100000.0 -0.43912762 5.4857585e-10 5985305.0
1036204000000.0 -0.4397786 5.4857585e-10 5985305.0
1037738200000.0 -0.44042975 5.789994e-10 6165394.0
1039272050000.0 -0.44108075 5.789994e-10 6165394.0
1040805900000.0 -0.44173172 5.789994e-10 6165394.0
1042340000000.0 -0.4423828 5.789994e-10 6165394.0
1043874000000.0 -0.44303387 6.1312405e-10 6368202.0
1045407860000.0 -0.44368488 6.1312405e-10 6368202.0
1046941900000.0 -0.44433594 6.1312405e-10 6368202.0
1048476000000.0 -0.444987 6.1312405e-10 6368202.0
1050009860000.0 -0.445638 6.501395e-10 6583262.5
1051543860000.0 -0.44628906 6.501395e-10 6583262.5
1053077900000.0 -0.44694012 6.501395e-10 6583262.5
1054611800000.0 -0.44759113 6.501395e-10 6583262.5
1056145870000.0 -0.4482422 6.922868e-10 6798875.5
1057679900000.0 -0.44889325 6.922868e-10 6798875.5
1059213740000.0 -0.44954425 6.922868e-10 6798875.5
1060747800000.0 -0.4501953 6.922868e-10 6798875.5
1062281800000.0 -0.4508464 7.426312e-10 7010345.5
1063815700000.0 -0.45149738 7.426312e-10 7010345.5
1065349550000.0 -0.45214838 7.426312e-10 7010345.5
1066883800000.0 -0.45279953 7.426312e-10 7010345.5
1068417700000.0 -0.45345053 7.961232e-10 7165621.5
1069951550000.0 -0.4541015 7.961232e-10 7165621.5
1071485750000.0 -0.45475265 7.961232e-10 7165621.5
1073019600000.0 -0.45540366 7.961232e-10 7165621.5
1074553500000.0 -0.45605463 8.4419194e-10 7237606.0
1076087700000.0 -0.45670578 8.4419194e-10 7237606.0
1077621560000.0 -0.45735678 8.4419194e-10 7237606.0
1079155400000.0 -0.45800778 8.4419194e-10 7237606.0
1080689700000.0 -0.4586589 8.823215e-10 7226327.0
1082223500000.0 -0.4593099 8.823215e-10 7226327.0
1083757360000.0 -0.4599609 8.823215e-10 7226327.0
1085291400000.0 -0.46061197 8.823215e-10 7226327.0
1086825500000.0 -0.46126303 9.012112e-10 7024540.5
1088359370000.0 -0.46191403 9.012112e-10 7024540.5
1089893400000.0 -0.4625651 9.012112e-10 7024540.5
1091427430000.0 -0.46321616 9.012112e-10 7024540.5
1092961300000.0 -0.46386716 8.840648e-10 6565364.5
1094495400000.0 -0.46451822 8.840648e-10 6565364.5
1096029400000.0 -0.4651693 8.840648e-10 6565364.5
1097563240000.0 -0.46582028 8.840648e-10 6565364.5
1099097300000.0 -0.46647137 8.5414653e-10 6083985.5
1100631400000.0 -0.46712244 8.5414653e-10 6083985.5
1102165200000.0 -0.46777344 8.5414653e-10 6083985.5
1103699200000.0 -0.4684245 8.5414653e-10 6083985.5
1105233300000.0 -0.46907556 8.469774e-10 5862983.0
1106767100000.0 -0.4697265 8.469774e-10 5862983.0
1108301000000.0 -0.47037753 8.469774e-10 5862983.0
1109835300000.0 -0.4710287 8.469774e-10 5862983.0
1111369200000.0 -0.47167972 8.7237073e-10 5946336.5
1112903000000.0 -0.4723307 8.7237073e-10 5946336.5
1114437200000.0 -0.4729818 8.7237073e-10 5946336.5
1115971100000.0 -0.47363284 8.7237073e-10 5946336.5
1117504900000.0 -0.4742838 9.323369e-10 6254782.0
1119039100000.0 -0.47493497 9.323369e-10 6254782.0
1120573000000.0 -0.47558594 9.323369e-10 6254782.0
1122106900000.0 -0.47623694 9.323369e-10 6254782.0
1123641000000.0 -0.47688803 9.719223e-10 6468746.0
1125175000000.0 -0.47753906 9.719223e-10 6468746.0
1126708800000.0 -0.47819003 9.719223e-10 6468746.0
1128242900000.0 -0.47884113 9.719223e-10 6468746.0
1129777000000.0 -0.47949222 9.823531e-10 6468963.0
1131310900000.0 -0.48014325 9.823531e-10 6468963.0
1132844800000.0 -0.48079422 9.823531e-10 6468963.0
1134378900000.0 -0.48144534 9.823531e-10 6468963.0
1135912800000.0 -0.48209637 9.681556e-10 6307203.5
1137446700000.0 -0.48274735 9.681556e-10 6307203.5
1138980800000.0 -0.48339847 9.681556e-10 6307203.5
1140514800000.0 -0.48404947 9.681556e-10 6307203.5
1142048800000.0 -0.48470056 9.56753e-10 6148638.5
1143582800000.0 -0.48535156 9.56753e-10 6148638.5
1145116700000.0 -0.4860026 9.56753e-10 6148638.5
1146650800000.0 -0.48665366 9.56753e-10 6148638.5
1148184800000.0 -0.48730478 9.450274e-10 6023076.5
1149718600000.0 -0.48795572 9.450274e-10 6023076.5
1151252600000.0 -0.48860675 9.450274e-10 6023076.5
1152786800000.0 -0.48925787 9.450274e-10 6023076.5
1154320600000.0 -0.48990884 9.0065966e-10 5750917.5
1155854500000.0 -0.49055988 9.0065966e-10 5750917.5
1157388700000.0 -0.491211 9.0065966e-10 5750917.5
1158922500000.0 -0.49186197 9.0065966e-10 5750917.5
1160456400000.0 -0.49251297 8.3204793e-10 5563779.5
1161990600000.0 -0.49316412 8.3204793e-10 5563779.5
1163524400000.0 -0.49381506 8.3204793e-10 5563779.5
1165058400000.0 -0.4944661 8.3204793e-10 5563779.5
1166592600000.0 -0.49511725 8.0113505e-10 5440148.5
1168126500000.0 -0.49576828 8.0113505e-10 5440148.5
1169660300000.0 -0.49641922 8.0113505e-10 5440148.5
1171194400000.0 -0.4970703 8.0113505e-10 5440148.5
1172728400000.0 -0.49772137 7.842753e-10 5228090.0
1174262300000.0 -0.49837238 7.842753e-10 5228090.0
1175796300000.0 -0.49902344 7.842753e-10 5228090.0
1177330400000.0 -0.4996745 7.842753e-10 5228090.0
