morphology_data/1d_wa_a0.05_l2r2_00001.ecsv
# %ECSV 1.0
# ---
# datatype:
# - {name: b, datatype: float32}
# - {name: phase, datatype: float32}
# - {name: sigma, datatype: float32}
# - {name: vr, datatype: float32}
# meta: {lambda: 2, rp: 2.0, sep: 0.05, wind: a}
# schema: astropy-2.0
b phase sigma vr
[from data line 620]
-452524240000.0 0.096028626 1.56695e-08 584216.1
-449456500000.0 0.09537763 1.56695e-08 584216.1
-446388440000.0 0.09472656 1.56695e-08 584216.1
-443320340000.0 0.09407549 1.56695e-08 584216.1
-440252600000.0 0.0934245 1.5950015e-08 587648.06
-437184530000.0 0.09277343 1.5950015e-08 587648.06
-434116430000.0 0.09212236 1.5950015e-08 587648.06
-431048700000.0 0.091471374 1.5950015e-08 587648.06
-427980620000.0 0.090820305 1.622902e-08 612632.7
-424912680000.0 0.09016927 1.622902e-08 612632.7
-421844780000.0 0.08951824 1.622902e-08 612632.7
-418776700000.0 0.08886717 1.622902e-08 612632.7
-415708770000.0 0.08821614 1.6254493e-08 624844.94
-412640870000.0 0.08756511 1.6254493e-08 624844.94
-409572800000.0 0.08691404 1.6254493e-08 624844.94
-406505060000.0 0.086263046 1.6254493e-08 624844.94
-403436960000.0 0.08561198 1.608255e-08 734331.6
-400368860000.0 0.08496091 1.608255e-08 734331.6
-397301150000.0 0.08430992 1.608255e-08 734331.6
-394233050000.0 0.08365885 1.608255e-08 734331.6
-391165150000.0 0.08300782 1.5638031e-08 734891.8
-388097250000.0 0.08235679 1.5638031e-08 734891.8
-385029140000.0 0.08170572 1.517092e-08 677078.94
-381961240000.0 0.08105469 1.517092e-08 677078.94
-378893340000.0 0.080403656 1.4985375e-08 622245.8
-375825240000.0 0.07975259 1.4985375e-08 622245.8
-372757500000.0 0.07910159 1.477766e-08 574323.5
-369689400000.0 0.07845052 1.477766e-08 574323.5
-366621330000.0 0.077799454 1.4658611e-08 502941.0
-363553600000.0 0.07714847 1.4658611e-08 502941.0
-360485500000.0 0.07649739 1.4789865e-08 444310.66
-357417420000.0 0.07584633 1.4789865e-08 444310.66
-354349680000.0 0.075195335 1.5315798e-08 373500.0
-351281580000.0 0.07454426 1.5315798e-08 373500.0
-348213670000.0 0.073893234 1.5975868e-08 357231.16
-345145770000.0 0.0732422 1.5975868e-08 357231.16
-342077670000.0 0.07259113 1.644249e-08 393070.8
-339009770000.0 0.0719401 1.644249e-08 393070.8
-335941860000.0 0.07128907 1.6755779e-08 441946.62
-332873760000.0 0.070638 1.6755779e-08 441946.62
-329806020000.0 0.06998701 1.6966846e-08 462211.75
-326737950000.0 0.069335945 1.6966846e-08 462211.75
-323669850000.0 0.068684876 1.726565e-08 476316.62
-320602100000.0 0.068033874 1.726565e-08 476316.62
-317534040000.0 0.06738281 1.7625217e-08 507642.2
-314465940000.0 0.06673174 1.7625217e-08 507642.2
-311398200000.0 0.06608075 1.7847194e-08 512148.06
-308330140000.0 0.06542969 1.7847194e-08 512148.06
-305262200000.0 0.06477865 1.8075529e-08 528963.0
-302194300000.0 0.06412762 1.8075529e-08 528963.0
-299126230000.0 0.063476555 1.8445384e-08 566327.0
-296058300000.0 0.062825516 1.8445384e-08 566327.0
-292990400000.0 0.062174488 1.8784203e-08 605754.4
-289922320000.0 0.061523426 1.8784203e-08 605754.4
-286854580000.0 0.060872428 1.9216724e-08 642964.56
-283786480000.0 0.06022136 1.9216724e-08 642964.56
-280718380000.0 0.059570286 1.9616662e-08 676667.25
-277650670000.0 0.058919296 1.9616662e-08 676667.25
-274582570000.0 0.058268227 2.0152385e-08 725121.0
-271514480000.0 0.057617158 2.0152385e-08 725121.0
-268446740000.0 0.056966167 2.0528802e-08 767071.44
-265378660000.0 0.056315098 2.0528802e-08 767071.44
-262310740000.0 0.055664066 2.0900377e-08 803161.1
-259242840000.0 0.055013034 2.0900377e-08 803161.1
-256174750000.0 0.05436197 2.126291e-08 847697.94
-253106830000.0 0.053710938 2.126291e-08 847697.94
-250038930000.0 0.053059906 2.168978e-08 953651.7
-246970840000.0 0.052408837 2.168978e-08 953651.7
-243903100000.0 0.051757842 2.162378e-08 1158898.8
-240835020000.0 0.051106777 2.162378e-08 1158898.8
-237766920000.0 0.050455708 2.0751816e-08 1090138.8
-234699200000.0 0.049804714 2.0751816e-08 1090138.8
-231631110000.0 0.049153645 2.0036655e-08 932299.0
-228563010000.0 0.048502576 2.0036655e-08 932299.0
-225495290000.0 0.047851585 1.986838e-08 838350.7
-222427190000.0 0.047200516 1.986838e-08 838350.7
-219359280000.0 0.046549484 1.9787134e-08 779053.1
-216291380000.0 0.045898452 1.9787134e-08 779053.1
-213223280000.0 0.045247383 1.9966597e-08 709672.7
-210155370000.0 0.04459635 1.9966597e-08 709672.7
-207087470000.0 0.043945324 2.0254914e-08 676798.06
-204019370000.0 0.043294255 2.0254914e-08 676798.06
-200951640000.0 0.04264326 2.0906244e-08 634700.2
-197883540000.0 0.04199219 2.0906244e-08 634700.2
-194815460000.0 0.041341122 2.151029e-08 630058.8
-191747740000.0 0.04069013 2.2256405e-08 650595.06
-188679630000.0 0.040039062 2.3427342e-08 656750.44
-185611550000.0 0.039387994 2.4165363e-08 728674.25
-182543810000.0 0.038736995 2.4896089e-08 808302.0
-179475730000.0 0.03808593 2.5272726e-08 895661.3
-176407820000.0 0.0374349 2.5913515e-08 936066.1
-173339900000.0 0.03678387 2.615316e-08 996799.44
-170271820000.0 0.0361328 2.6669312e-08 1039872.3
-167203910000.0 0.035481773 2.6898173e-08 1059819.5
-164136000000.0 0.034830738 2.7597958e-08 1029951.7
-161067910000.0 0.03417967 2.7861288e-08 1026332.44
-158000170000.0 0.033528678 2.8484866e-08 1026825.6
-154932080000.0 0.03287761 2.8795787e-08 1021552.25
-151864000000.0 0.03222654 2.9594016e-08 987073.0
-148796260000.0 0.031575546 2.9983283e-08 987886.4
-145728180000.0 0.030924477 3.0533805e-08 999028.44
-142660100000.0 0.030273411 3.0961367e-08 1001574.44
-139592350000.0 0.029622415 3.180746e-08 976474.3
-136524260000.0 0.028971346 3.23032e-08 981924.94
-133456355000.0 0.028320316 3.299792e-08 990160.1
-130388440000.0 0.027669284 3.360303e-08 998937.75
-127320350000.0 0.027018217 3.449913e-08 976603.3
-124252440000.0 0.026367186 3.5180292e-08 982251.4
-121184530000.0 0.025716154 3.613345e-08 990740.0
-118116440000.0 0.025065087 3.6833004e-08 987530.75
-115048710000.0 0.024414092 3.802957e-08 974097.56
-111980620000.0 0.023763025 3.8701224e-08 962349.3
-108912530000.0 0.023111956 3.9899927e-08 972059.9
-105844800000.0 0.022460962 4.062287e-08 958904.6
-102776710000.0 0.021809895 4.2022926e-08 952480.3
-99708620000.0 0.021158826 4.285321e-08 937773.75
-96640885000.0 0.020507833 4.4460467e-08 948401.0
-93572800000.0 0.019856764 4.544182e-08 930031.3
-90504890000.0 0.019205732 4.725659e-08 933330.25
-87436980000.0 0.018554702 4.849177e-08 907225.0
-84368880000.0 0.017903633 5.045827e-08 916831.25
-81300970000.0 0.017252602 5.2255615e-08 900901.7
-78233070000.0 0.016601572 5.438058e-08 904695.44
-75164975000.0 0.015950503 5.6569675e-08 888631.75
-72097240000.0 0.015299509 5.928139e-08 873895.56
-69029150000.0 0.014648439 6.1987684e-08 854128.3
-65961062000.0 0.013997372 6.506836e-08 840841.8
-62893330000.0 0.013346379 6.843307e-08 817820.3
-59825242000.0 0.012695311 7.218559e-08 795220.4
-56757154000.0 0.012044242 7.645954e-08 768518.1
-53689420000.0 0.011393248 8.141119e-08 744348.4
-50621334000.0 0.01074218 8.700758e-08 713836.1
-47553420000.0 0.010091149 9.348362e-08 683984.6
-44485510000.0 0.009440118 1.01053644e-07 650362.0
-41417420000.0 0.008789049 1.1001286e-07 616606.3
-38349510000.0 0.008138019 1.2067414e-07 576607.56
-35281600000.0 0.0074869874 1.3444865e-07 529318.06
-32213510000.0 0.006835919 1.507988e-07 482504.03
-29145778000.0 0.006184926 1.7159793e-07 434373.9
-26077688000.0 0.0055338573 1.9876865e-07 380559.22
-23009600000.0 0.0048827888 2.3547915e-07 323550.94
-19941868000.0 0.0042317957 2.8745592e-07 255776.42
-16873777000.0 0.0035807267 3.6583145e-07 185845.78
16873777000.0 -0.0035807267 3.791114e-07 -123525.06
19941868000.0 -0.0042317957 2.9536392e-07 -177867.73
23009600000.0 -0.0048827888 2.4094246e-07 -223278.7
26077688000.0 -0.0055338573 2.0264909e-07 -260652.3
29145778000.0 -0.006184926 1.7446382e-07 -294553.03
32213510000.0 -0.006835919 1.5283449e-07 -325129.34
35281600000.0 -0.0074869874 1.3599157e-07 -352468.5
38349510000.0 -0.008138019 1.2294002e-07 -374689.0
41417420000.0 -0.008789049 1.1172732e-07 -395553.1
44485510000.0 -0.009440118 1.0212058e-07 -419473.78
47553420000.0 -0.010091149 9.4379104e-08 -442857.3
50621334000.0 -0.01074218 8.742987e-08 -463549.7
53689420000.0 -0.011393248 8.184517e-08 -486241.38
56757154000.0 -0.012044242 7.643651e-08 -502399.03
59825242000.0 -0.012695311 7.223682e-08 -525017.4
62893330000.0 -0.013346379 6.802756e-08 -535994.1
65961062000.0 -0.013997372 6.4749585e-08 -552837.06
69029150000.0 -0.014648439 6.139709e-08 -560020.94
72097240000.0 -0.015299509 5.8749578e-08 -568768.25
75164975000.0 -0.015950503 5.634474e-08 -569899.7
78233070000.0 -0.016601572 5.418677e-08 -576416.44
81300970000.0 -0.017252602 5.1887437e-08 -580571.6
84368880000.0 -0.017903633 5.0125543e-08 -584771.1
87436980000.0 -0.018554702 4.8164907e-08 -587411.5
90504890000.0 -0.019205732 4.670104e-08 -589322.25
93572800000.0 -0.019856764 4.5006164e-08 -590595.0
96640885000.0 -0.020507833 4.3727475e-08 -585417.9
99708620000.0 -0.021158826 4.2224496e-08 -587138.25
102776710000.0 -0.021809895 4.1104844e-08 -578527.3
105844800000.0 -0.022460962 3.9818183e-08 -584431.75
108912530000.0 -0.023111956 3.8864773e-08 -577097.7
111980620000.0 -0.023763025 3.7735287e-08 -583192.5
115048710000.0 -0.024414092 3.684155e-08 -567547.0
118116440000.0 -0.025065087 3.5611087e-08 -561772.2
121184530000.0 -0.025716154 3.4944506e-08 -558685.75
124252440000.0 -0.026367186 3.4158557e-08 -573059.8
127320350000.0 -0.027018217 3.3601985e-08 -568630.06
130388440000.0 -0.027669284 3.274043e-08 -580007.3
133456355000.0 -0.028320316 3.2220207e-08 -572546.4
136524260000.0 -0.028971346 3.150948e-08 -578606.94
139592350000.0 -0.029622415 3.111648e-08 -572936.7
142660100000.0 -0.030273411 3.040958e-08 -582906.8
145728180000.0 -0.030924477 3.0145756e-08 -582897.9
148796260000.0 -0.031575546 2.9566623e-08 -564936.7
151864000000.0 -0.03222654 2.9315853e-08 -560244.75
154932080000.0 -0.03287761 2.8640962e-08 -563725.94
158000170000.0 -0.033528678 2.8445061e-08 -559135.8
161067910000.0 -0.03417967 2.7944065e-08 -553684.0
164136000000.0 -0.034830738 2.7800624e-08 -550427.9
167203910000.0 -0.035481773 2.7178782e-08 -551266.3
170271820000.0 -0.0361328 2.7054583e-08 -547789.44
173339900000.0 -0.03678387 2.6609154e-08 -542147.94
176407820000.0 -0.0374349 2.6499377e-08 -539822.4
179475730000.0 -0.03808593 2.5949866e-08 -549995.06
182543810000.0 -0.038736995 2.5872378e-08 -551700.06
185611550000.0 -0.039387994 2.5531655e-08 -558632.25
188679630000.0 -0.040039062 2.5462327e-08 -560780.94
191747740000.0 -0.04069013 2.5045864e-08 -585644.3
194815460000.0 -0.041341122 2.5125107e-08 -594025.06
197883540000.0 -0.04199219 2.4602521e-08 -641803.5
200951640000.0 -0.04264326 2.4602521e-08 -641803.5
204019370000.0 -0.043294255 2.4163024e-08 -666510.3
207087470000.0 -0.043945324 2.4163024e-08 -666510.3
210155370000.0 -0.04459635 2.3972905e-08 -677954.56
213223280000.0 -0.045247383 2.3972905e-08 -677954.56
216291380000.0 -0.045898452 2.3673842e-08 -701074.06
219359280000.0 -0.046549484 2.3673842e-08 -701074.06
222427190000.0 -0.047200516 2.3549584e-08 -709183.3
225495290000.0 -0.047851585 2.3549584e-08 -709183.3
228563010000.0 -0.048502576 2.3328075e-08 -727026.3
231631110000.0 -0.049153645 2.3328075e-08 -727026.3
234699200000.0 -0.049804714 2.3257588e-08 -734432.9
237766920000.0 -0.050455708 2.3257588e-08 -734432.9
240835020000.0 -0.051106777 2.311808e-08 -751644.75
243903100000.0 -0.051757842 2.311808e-08 -751644.75
246970840000.0 -0.052408837 2.3141348e-08 -760037.9
250038930000.0 -0.053059906 2.3141348e-08 -760037.9
253106830000.0 -0.053710938 2.3117773e-08 -773931.94
256174750000.0 -0.05436197 2.3117773e-08 -773931.94
259242840000.0 -0.055013034 2.3210372e-08 -771990.25
262310740000.0 -0.055664066 2.3210372e-08 -771990.25
265378660000.0 -0.056315098 2.3232737e-08 -782263.3
268446740000.0 -0.056966167 2.3232737e-08 -782263.3
271514480000.0 -0.057617158 2.33834e-08 -783970.06
274582570000.0 -0.058268227 2.33834e-08 -783970.06
277650670000.0 -0.058919296 2.35067e-08 -795905.0
280718380000.0 -0.059570286 2.35067e-08 -795905.0
283786480000.0 -0.06022136 2.3747416e-08 -793972.4
286854580000.0 -0.060872428 2.3747416e-08 -793972.4
289922320000.0 -0.061523426 2.393984e-08 -798778.44
292990400000.0 -0.062174488 2.393984e-08 -798778.44
296058300000.0 -0.062825516 2.423366e-08 -789219.7
299126230000.0 -0.063476555 2.423366e-08 -789219.7
302194300000.0 -0.06412762 2.445227e-08 -783322.6
305262200000.0 -0.06477865 2.445227e-08 -783322.6
308330140000.0 -0.06542969 2.4758265e-08 -766864.1
311398200000.0 -0.06608075 2.4758265e-08 -766864.1
314465940000.0 -0.06673174 2.4971595e-08 -753683.25
317534040000.0 -0.06738281 2.4971595e-08 -753683.25
320602100000.0 -0.068033874 2.5245717e-08 -739736.4
323669850000.0 -0.068684876 2.5245717e-08 -739736.4
326737950000.0 -0.069335945 2.5474755e-08 -733552.94
329806020000.0 -0.06998701 2.5474755e-08 -733552.94
332873760000.0 -0.070638 2.5746548e-08 -732051.8
335941860000.0 -0.07128907 2.5746548e-08 -732051.8
339009770000.0 -0.0719401 2.6019055e-08 -730863.5
342077670000.0 -0.07259113 2.6019055e-08 -730863.5
345145770000.0 -0.0732422 2.6299496e-08 -729415.56
348213670000.0 -0.073893234 2.6299496e-08 -729415.56
351281580000.0 -0.07454426 2.6546935e-08 -718369.0
354349680000.0 -0.075195335 2.6546935e-08 -718369.0
357417420000.0 -0.07584633 2.686387e-08 -713610.9
360485500000.0 -0.07649739 2.686387e-08 -713610.9
363553600000.0 -0.07714847 2.7323608e-08 -696831.06
366621330000.0 -0.077799454 2.7323608e-08 -696831.06
369689400000.0 -0.07845052 2.7999787e-08 -679426.8
372757500000.0 -0.07910159 2.7999787e-08 -679426.8
375825240000.0 -0.07975259 2.8892625e-08 -631115.06
378893340000.0 -0.080403656 2.8892625e-08 -631115.06
381961240000.0 -0.08105469 2.989965e-08 -565975.2
385029140000.0 -0.08170572 2.989965e-08 -565975.2
388097250000.0 -0.08235679 3.0506083e-08 -537047.9
391165150000.0 -0.08300782 3.0506083e-08 -537047.9
394233050000.0 -0.08365885 2.8937901e-08 -722950.44
397301150000.0 -0.08430992 2.8937901e-08 -722950.44
400368860000.0 -0.08496091 2.8937901e-08 -722950.44
403436960000.0 -0.08561198 2.8937901e-08 -722950.44
406505060000.0 -0.086263046 3.0548833e-08 -664573.8
409572800000.0 -0.08691404 3.0548833e-08 -664573.8
412640870000.0 -0.08756511 3.0548833e-08 -664573.8
415708770000.0 -0.08821614 3.0548833e-08 -664573.8
418776700000.0 -0.08886717 3.2716102e-08 -617790.75
421844780000.0 -0.08951824 3.2716102e-08 -617790.75
424912680000.0 -0.09016927 3.2716102e-08 -617790.75
427980620000.0 -0.090820305 3.2716102e-08 -617790.75
431048700000.0 -0.091471374 3.6165883e-08 -626457.4
434116430000.0 -0.09212236 3.6165883e-08 -626457.4
437184530000.0 -0.09277343 3.6165883e-08 -626457.4
440252600000.0 -0.0934245 3.6165883e-08 -626457.4
443320340000.0 -0.09407549 4.1309676e-08 -618899.56
446388440000.0 -0.09472656 4.1309676e-08 -618899.56
449456500000.0 -0.09537763 4.1309676e-08 -618899.56
452524240000.0 -0.096028626 4.1309676e-08 -618899.56
455592350000.0 -0.096679695 4.669435e-08 -549845.9
458660250000.0 -0.09733073 4.669435e-08 -549845.9
461728150000.0 -0.09798176 4.669435e-08 -549845.9
464796250000.0 -0.09863283 4.669435e-08 -549845.9
467864160000.0 -0.09928385 5.220159e-08 -419291.5
470932060000.0 -0.09993488 5.220159e-08 -419291.5
474000160000.0 -0.10058595 5.220159e-08 -419291.5
477067900000.0 -0.10123695 5.220159e-08 -419291.5
480135970000.0 -0.101888016 5.4555194e-08 -286365.97
483204070000.0 -0.102539085 5.4555194e-08 -286365.97
486271800000.0 -0.10319008 5.4555194e-08 -286365.97
489339900000.0 -0.10384115 5.4555194e-08 -286365.97
492407980000.0 -0.10449222 5.511557e-08 -200674.95
495475720000.0 -0.10514321 5.511557e-08 -200674.95
498543820000.0 -0.10579427 5.511557e-08 -200674.95
501611720000.0 -0.106445305 5.511557e-08 -200674.95
504679630000.0 -0.10709634 5.6266703e-08 -153168.38
507747730000.0 -0.107747406 5.6266703e-08 -153168.38
510815630000.0 -0.10839844 5.6266703e-08 -153168.38
513883540000.0 -0.10904947 5.6266703e-08 -153168.38
516951640000.0 -0.10970054 5.8752697e-08 -127105.19
520019350000.0 -0.11035153 5.8752697e-08 -127105.19
523087450000.0 -0.1110026 5.8752697e-08 -127105.19
526155550000.0 -0.11165367 5.8752697e-08 -127105.19
529223300000.0 -0.11230466 6.1429056e-08 -113799.35
532291350000.0 -0.11295573 6.1429056e-08 -113799.35
