morphology_data/1d_wa_a0.025_l8r0.5_00001.ecsv
# %ECSV 1.0
# ---
# datatype:
# - {name: b, datatype: float32}
# - {name: phase, datatype: float32}
# - {name: sigma, datatype: float32}
# - {name: vr, datatype: float32}
# meta: {lambda: 8, rp: 0.5, sep: 0.025, wind: a}
# schema: astropy-2.0
b phase sigma vr
[from data line 676]
-140359190000.0 0.059570286 8.2752166e-08 564304.4
-138825330000.0 0.058919296 8.331453e-08 556229.25
-137291284000.0 0.058268227 8.352885e-08 542624.75
-135757240000.0 0.057617158 8.365354e-08 510734.0
-134223370000.0 0.056966167 8.377367e-08 483996.6
-132689330000.0 0.056315098 8.424246e-08 461315.44
-131155370000.0 0.055664066 8.439103e-08 438452.97
-129621420000.0 0.055013034 8.502235e-08 415114.94
-128087376000.0 0.05436197 8.5363006e-08 406202.25
-126553416000.0 0.053710938 8.584664e-08 381144.28
-125019460000.0 0.053059906 8.6142286e-08 368986.56
-123485420000.0 0.052408837 8.685279e-08 358757.47
-121951550000.0 0.051757842 8.7074056e-08 354189.94
-120417510000.0 0.051106777 8.763952e-08 337395.06
-118883460000.0 0.050455708 8.815433e-08 339356.12
-117349600000.0 0.049804714 8.868095e-08 316235.97
-115815555000.0 0.049153645 8.903009e-08 311434.03
-114281505000.0 0.048502576 8.967176e-08 288280.12
-112747640000.0 0.047851585 8.9939746e-08 277525.88
-111213590000.0 0.047200516 9.081491e-08 259182.1
-109679640000.0 0.046549484 9.121683e-08 253355.58
-108145690000.0 0.045898452 9.2084164e-08 232802.88
-106611640000.0 0.045247383 9.272057e-08 236815.31
-105077690000.0 0.04459635 9.3584184e-08 215512.62
-103543734000.0 0.043945324 9.430689e-08 223146.83
-102009680000.0 0.043294255 9.524119e-08 208279.77
-100475820000.0 0.04264326 9.590423e-08 211420.06
-98941770000.0 0.04199219 9.707883e-08 200002.06
-97407730000.0 0.041341122 9.763605e-08 205626.64
-95873870000.0 0.04069013 9.906795e-08 194341.08
-94339820000.0 0.040039062 9.9834e-08 205938.7
-92805775000.0 0.039387994 1.01376514e-07 189804.67
-91271905000.0 0.038736995 1.02218195e-07 207742.72
-89737860000.0 0.03808593 1.0379132e-07 186466.58
-88203910000.0 0.0374349 1.0492002e-07 209622.45
-86669950000.0 0.03678387 1.0672804e-07 190584.58
-85135910000.0 0.0361328 1.07932195e-07 211369.9
-83601960000.0 0.035481773 1.09803096e-07 192846.47
-82068000000.0 0.034830738 1.1112307e-07 216558.42
-80533955000.0 0.03417967 1.1345668e-07 203871.61
-79000084000.0 0.033528678 1.1503338e-07 226340.6
-77466040000.0 0.03287761 1.1752022e-07 214146.47
-75932000000.0 0.03222654 1.1898014e-07 238137.02
-74398130000.0 0.031575546 1.2186858e-07 229316.7
-72864090000.0 0.030924477 1.2219863e-07 253848.4
-71330050000.0 0.030273411 1.2543947e-07 244227.9
-69796176000.0 0.029622415 1.2688012e-07 267457.62
-68262130000.0 0.028971346 1.3085207e-07 269184.84
-66728178000.0 0.028320316 1.3302426e-07 295703.1
-65194220000.0 0.027669284 1.3681833e-07 301279.4
-63660175000.0 0.027018217 1.3937657e-07 323900.62
-62126220000.0 0.026367186 1.4349729e-07 327007.97
-60592263000.0 0.025716154 1.4743574e-07 356470.66
-59058220000.0 0.025065087 1.5150587e-07 363413.03
-57524355000.0 0.024414092 1.5575836e-07 397139.06
-55990310000.0 0.023763025 1.5976975e-07 398497.97
-54456267000.0 0.023111956 1.6510504e-07 429684.22
-52922400000.0 0.022460962 1.7001801e-07 431454.75
-51388355000.0 0.021809895 1.7600708e-07 467829.97
-49854310000.0 0.021158826 1.812058e-07 471840.2
-48320442000.0 0.020507833 1.8766283e-07 505974.84
-46786400000.0 0.019856764 1.9381173e-07 508485.88
-45252444000.0 0.019205732 2.0121817e-07 536231.9
-43718490000.0 0.018554702 2.0864834e-07 540436.2
-42184440000.0 0.017903633 2.1738992e-07 570402.2
-40650486000.0 0.017252602 2.264714e-07 579295.7
-39116534000.0 0.016601572 2.3710095e-07 610446.9
-37582488000.0 0.015950503 2.4847571e-07 622756.94
-36048620000.0 0.015299509 2.6286506e-07 648839.44
-34514575000.0 0.014648439 2.7706892e-07 661861.3
-32980531000.0 0.013997372 2.930949e-07 687542.5
-31446665000.0 0.013346379 3.108019e-07 697751.8
-29912621000.0 0.012695311 3.3083103e-07 716218.7
-28378577000.0 0.012044242 3.5320852e-07 719755.8
-26844710000.0 0.011393248 3.78957e-07 731350.75
-25310667000.0 0.01074218 4.0768145e-07 727456.4
-23776710000.0 0.010091149 4.4116916e-07 729418.06
-22242755000.0 0.009440118 4.7915387e-07 717042.0
-20708710000.0 0.008789049 5.2572693e-07 705865.75
-19174754000.0 0.008138019 5.8131263e-07 684186.75
-17640800000.0 0.0074869874 6.504116e-07 660642.1
-16106755000.0 0.006835919 7.387014e-07 626080.56
-14572889000.0 0.006184926 8.5613743e-07 592772.44
-13038844000.0 0.0055338573 1.0155462e-06 546115.44
-11504800000.0 0.0048827888 1.248389e-06 495832.66
-9970934000.0 0.0042317957 1.6104905e-06 435798.53
-8436888600.0 0.0035807267 2.2432473e-06 365758.97
-6902844000.0 0.0029296577 3.5441826e-06 284927.75
-5368978000.0 0.0022786648 7.164741e-06 178740.22
-3834933000.0 0.0016275961 2.6370279e-05 53735.324
3834933000.0 -0.0016275961 4.3437165e-05 -38298.035
5368978000.0 -0.0022786648 9.14378e-06 -166747.27
6902844000.0 -0.0029296577 4.0843734e-06 -218010.0
8436888600.0 -0.0035807267 2.467072e-06 -259553.1
9970934000.0 -0.0042317957 1.7260111e-06 -288103.75
11504800000.0 -0.0048827888 1.3146122e-06 -306868.9
13038844000.0 -0.0055338573 1.0569297e-06 -318114.47
14572889000.0 -0.006184926 8.82701e-07 -323974.22
16106755000.0 -0.006835919 7.566889e-07 -322162.03
17640800000.0 -0.0074869874 6.6143093e-07 -318921.75
19174754000.0 -0.008138019 5.8813464e-07 -314151.2
20708710000.0 -0.008789049 5.3038764e-07 -302281.16
22242755000.0 -0.009440118 4.843822e-07 -285796.0
23776710000.0 -0.010091149 4.4561196e-07 -264462.84
25310667000.0 -0.01074218 4.1196202e-07 -240768.61
26844710000.0 -0.011393248 3.8350208e-07 -223764.72
28378577000.0 -0.012044242 3.5904242e-07 -205606.33
29912621000.0 -0.012695311 3.3841062e-07 -182260.58
31446665000.0 -0.013346379 3.2046404e-07 -160446.92
32980531000.0 -0.013997372 3.0353695e-07 -133235.12
34514575000.0 -0.014648439 2.8848177e-07 -107390.59
36048620000.0 -0.015299509 2.7544368e-07 -88488.69
37582488000.0 -0.015950503 2.6497972e-07 -64017.25
39116534000.0 -0.016601572 2.5467637e-07 -36638.14
40650486000.0 -0.017252602 2.4552102e-07 -14103.242
42184440000.0 -0.017903633 2.3629366e-07 11778.477
43718490000.0 -0.018554702 2.2771025e-07 35796.777
45252444000.0 -0.019205732 2.2043972e-07 46945.207
46786400000.0 -0.019856764 2.1375367e-07 62383.59
48320442000.0 -0.020507833 2.0778518e-07 82975.414
49854310000.0 -0.021158826 2.0278884e-07 100811.76
51388355000.0 -0.021809895 1.9740355e-07 117010.13
52922400000.0 -0.022460962 1.9180871e-07 136196.17
54456267000.0 -0.023111956 1.8706689e-07 149152.06
55990310000.0 -0.023763025 1.8278985e-07 156874.17
57524355000.0 -0.024414092 1.7857049e-07 173123.28
59058220000.0 -0.025065087 1.7506727e-07 189301.4
60592263000.0 -0.025716154 1.7217798e-07 193711.4
62126220000.0 -0.026367186 1.6885699e-07 204634.64
63660175000.0 -0.027018217 1.661055e-07 217479.34
65194220000.0 -0.027669284 1.6394108e-07 222797.61
66728178000.0 -0.028320316 1.6146022e-07 231148.2
68262130000.0 -0.028971346 1.5913878e-07 246109.34
69796176000.0 -0.029622415 1.5750925e-07 256339.7
71330050000.0 -0.030273411 1.5590635e-07 260509.28
72864090000.0 -0.030924477 1.540596e-07 269465.25
74398130000.0 -0.031575546 1.5194473e-07 282746.4
75932000000.0 -0.03222654 1.5067829e-07 289228.56
77466040000.0 -0.03287761 1.4949248e-07 296908.16
79000084000.0 -0.033528678 1.4846674e-07 304229.2
80533955000.0 -0.03417967 1.475465e-07 309571.72
82068000000.0 -0.034830738 1.467049e-07 316497.12
83601960000.0 -0.035481773 1.4596051e-07 323278.47
85135910000.0 -0.0361328 1.45433e-07 326623.66
86669950000.0 -0.03678387 1.4484166e-07 331349.03
88203910000.0 -0.0374349 1.4436452e-07 335921.22
89737860000.0 -0.03808593 1.441074e-07 339432.16
91271905000.0 -0.038736995 1.4386714e-07 341946.56
92805775000.0 -0.039387994 1.4349527e-07 343825.62
94339820000.0 -0.040039062 1.4328188e-07 342403.25
95873870000.0 -0.04069013 1.4309464e-07 332817.56
97407730000.0 -0.041341122 1.4266979e-07 329340.06
98941770000.0 -0.04199219 1.4271453e-07 324821.66
100475820000.0 -0.04264326 1.4278373e-07 317909.28
102009680000.0 -0.043294255 1.4276699e-07 316211.66
103543734000.0 -0.043945324 1.4319653e-07 315743.84
105077690000.0 -0.04459635 1.4388684e-07 320628.6
106611640000.0 -0.045247383 1.4444481e-07 327990.16
108145690000.0 -0.045898452 1.4482588e-07 336082.66
109679640000.0 -0.046549484 1.4538227e-07 338578.8
111213590000.0 -0.047200516 1.45965e-07 333308.44
112747640000.0 -0.047851585 1.4656894e-07 329939.34
114281505000.0 -0.048502576 1.4752838e-07 333887.9
115815555000.0 -0.049153645 1.483817e-07 344462.7
117349600000.0 -0.049804714 1.491144e-07 351977.06
118883460000.0 -0.050455708 1.4931689e-07 330331.66
120417510000.0 -0.051106777 1.505451e-07 299244.5
121951550000.0 -0.051757842 1.5175803e-07 311427.84
123485420000.0 -0.052408837 1.5337909e-07 358454.62
125019460000.0 -0.053059906 1.5427486e-07 368825.97
126553416000.0 -0.053710938 1.552815e-07 372076.88
128087376000.0 -0.05436197 1.5563128e-07 354332.28
129621420000.0 -0.055013034 1.5625335e-07 349226.2
131155370000.0 -0.055664066 1.5648737e-07 335718.8
132689330000.0 -0.056315098 1.5735652e-07 338162.5
134223370000.0 -0.056966167 1.5761715e-07 319468.16
135757240000.0 -0.057617158 1.5856546e-07 315464.44
137291284000.0 -0.058268227 1.5890362e-07 287171.44
138825330000.0 -0.058919296 1.5994674e-07 272810.66
140359190000.0 -0.059570286 1.6085538e-07 228472.23
141893240000.0 -0.06022136 1.6283157e-07 210354.22
143427290000.0 -0.060872428 1.6358631e-07 180191.48
144961160000.0 -0.061523426 1.6489629e-07 185812.67
146495200000.0 -0.062174488 1.6431315e-07 162252.36
148029150000.0 -0.062825516 1.6677207e-07 -2505.4763
149563110000.0 -0.063476555 1.6677207e-07 -2505.4763
151097150000.0 -0.06412762 1.6791344e-07 5165.0044
152631100000.0 -0.06477865 1.6791344e-07 5165.0044
154165070000.0 -0.06542969 1.6969457e-07 -11912.924
155699100000.0 -0.06608075 1.6969457e-07 -11912.924
157232970000.0 -0.06673174 1.7235041e-07 -45977.754
158767020000.0 -0.06738281 1.7235041e-07 -45977.754
160301060000.0 -0.068033874 1.753638e-07 -92994.29
161834930000.0 -0.068684876 1.753638e-07 -92994.29
163368980000.0 -0.069335945 1.7876826e-07 -148483.3
164903010000.0 -0.06998701 1.7876826e-07 -148483.3
166436880000.0 -0.070638 1.831526e-07 -212875.23
167970930000.0 -0.07128907 1.831526e-07 -212875.23
169504880000.0 -0.0719401 1.8842495e-07 -281015.56
171038830000.0 -0.07259113 1.8842495e-07 -281015.56
172572880000.0 -0.0732422 1.9440067e-07 -347057.8
174106840000.0 -0.073893234 1.9440067e-07 -347057.8
175640790000.0 -0.07454426 2.0092811e-07 -407341.56
177174840000.0 -0.075195335 2.0092811e-07 -407341.56
178708710000.0 -0.07584633 2.077378e-07 -457878.72
180242740000.0 -0.07649739 2.077378e-07 -457878.72
181776800000.0 -0.07714847 2.1428913e-07 -494678.0
183310660000.0 -0.077799454 2.1428913e-07 -494678.0
184844700000.0 -0.07845052 2.210874e-07 -520103.7
186378750000.0 -0.07910159 2.210874e-07 -520103.7
187912620000.0 -0.07975259 2.2926662e-07 -539381.44
189446670000.0 -0.080403656 2.2926662e-07 -539381.44
190980620000.0 -0.08105469 2.3814593e-07 -549417.9
192514570000.0 -0.08170572 2.3814593e-07 -549417.9
194048620000.0 -0.08235679 2.591621e-07 -574627.44
195582570000.0 -0.08300782 2.591621e-07 -574627.44
197116530000.0 -0.08365885 2.2256877e-07 -401265.8
198650580000.0 -0.08430992 2.2256877e-07 -401265.8
200184430000.0 -0.08496091 2.2256877e-07 -401265.8
201718480000.0 -0.08561198 2.2256877e-07 -401265.8
203252530000.0 -0.086263046 2.4411975e-07 -400218.56
204786400000.0 -0.08691404 2.4411975e-07 -400218.56
206320440000.0 -0.08756511 2.4411975e-07 -400218.56
207854390000.0 -0.08821614 2.4411975e-07 -400218.56
209388360000.0 -0.08886717 2.670212e-07 -415470.84
210922390000.0 -0.08951824 2.670212e-07 -415470.84
212456340000.0 -0.09016927 2.670212e-07 -415470.84
213990310000.0 -0.090820305 2.670212e-07 -415470.84
215524340000.0 -0.091471374 2.8628764e-07 -444995.25
217058210000.0 -0.09212236 2.8628764e-07 -444995.25
218592260000.0 -0.09277343 2.8628764e-07 -444995.25
220126300000.0 -0.0934245 2.8628764e-07 -444995.25
221660170000.0 -0.09407549 3.00958e-07 -486309.84
223194220000.0 -0.09472656 3.00958e-07 -486309.84
224728250000.0 -0.09537763 3.00958e-07 -486309.84
226262120000.0 -0.096028626 3.00958e-07 -486309.84
227796170000.0 -0.096679695 3.0793507e-07 -533067.9
229330120000.0 -0.09733073 3.0793507e-07 -533067.9
230864080000.0 -0.09798176 3.0793507e-07 -533067.9
232398130000.0 -0.09863283 3.0793507e-07 -533067.9
233932080000.0 -0.09928385 3.1116164e-07 -585330.1
235466030000.0 -0.09993488 3.1116164e-07 -585330.1
237000080000.0 -0.10058595 3.1116164e-07 -585330.1
238533950000.0 -0.10123695 3.1116164e-07 -585330.1
240067990000.0 -0.101888016 3.1281945e-07 -637767.8
241602040000.0 -0.102539085 3.1281945e-07 -637767.8
243135900000.0 -0.10319008 3.1281945e-07 -637767.8
244669960000.0 -0.10384115 3.1281945e-07 -637767.8
246203990000.0 -0.10449222 3.115974e-07 -688304.3
247737860000.0 -0.10514321 3.115974e-07 -688304.3
249271910000.0 -0.10579427 3.115974e-07 -688304.3
250805860000.0 -0.106445305 3.115974e-07 -688304.3
252339810000.0 -0.10709634 3.0936027e-07 -745163.75
253873860000.0 -0.107747406 3.0936027e-07 -745163.75
255407820000.0 -0.10839844 3.0936027e-07 -745163.75
256941770000.0 -0.10904947 3.0936027e-07 -745163.75
258475820000.0 -0.10970054 3.0497011e-07 -804108.44
260009670000.0 -0.11035153 3.0497011e-07 -804108.44
261543720000.0 -0.1110026 3.0497011e-07 -804108.44
263077770000.0 -0.11165367 3.0497011e-07 -804108.44
264611640000.0 -0.11230466 3.00853e-07 -858562.8
266145680000.0 -0.11295573 3.00853e-07 -858562.8
267679730000.0 -0.113606796 3.00853e-07 -858562.8
269213600000.0 -0.11425779 3.00853e-07 -858562.8
270747630000.0 -0.11490886 2.9885538e-07 -904242.94
272281600000.0 -0.11555989 2.9885538e-07 -904242.94
273815550000.0 -0.11621092 2.9885538e-07 -904242.94
275349600000.0 -0.11686199 2.9885538e-07 -904242.94
276883540000.0 -0.11751302 2.9739385e-07 -947158.94
278417500000.0 -0.118164055 2.9739385e-07 -947158.94
279951540000.0 -0.118815124 2.9739385e-07 -947158.94
281485400000.0 -0.11946611 2.9739385e-07 -947158.94
283019440000.0 -0.12011717 2.975612e-07 -993877.2
284553500000.0 -0.12076825 2.975612e-07 -993877.2
286087380000.0 -0.12141925 2.975612e-07 -993877.2
287621400000.0 -0.12207031 2.975612e-07 -993877.2
289155450000.0 -0.12272138 2.98974e-07 -1039882.6
290689320000.0 -0.123372376 2.98974e-07 -1039882.6
292223400000.0 -0.12402345 2.98974e-07 -1039882.6
293757320000.0 -0.12467448 2.98974e-07 -1039882.6
295291300000.0 -0.1253255 2.9973924e-07 -1087867.8
296825320000.0 -0.12597658 2.9973924e-07 -1087867.8
298359300000.0 -0.12662761 2.9973924e-07 -1087867.8
299893230000.0 -0.12727864 2.9973924e-07 -1087867.8
301427300000.0 -0.12792972 2.9923845e-07 -1146377.1
302961130000.0 -0.12858069 2.9923845e-07 -1146377.1
304495200000.0 -0.12923177 2.9923845e-07 -1146377.1
306029230000.0 -0.12988284 2.9923845e-07 -1146377.1
307563100000.0 -0.13053383 2.9571814e-07 -1225045.5
309097140000.0 -0.13118489 2.9571814e-07 -1225045.5
310631200000.0 -0.13183598 2.9571814e-07 -1225045.5
312165070000.0 -0.13248697 2.9571814e-07 -1225045.5
313699100000.0 -0.13313803 2.9219714e-07 -1301923.4
315233040000.0 -0.13378905 2.9219714e-07 -1301923.4
316767000000.0 -0.1344401 2.9219714e-07 -1301923.4
318301040000.0 -0.13509116 2.9219714e-07 -1301923.4
319835000000.0 -0.13574219 2.8776785e-07 -1379150.5
321368980000.0 -0.13639323 2.8776785e-07 -1379150.5
322903000000.0 -0.1370443 2.8776785e-07 -1379150.5
324436900000.0 -0.13769528 2.8776785e-07 -1379150.5
325970920000.0 -0.13834634 2.8222647e-07 -1466334.2
327504950000.0 -0.1389974 2.8222647e-07 -1466334.2
329038820000.0 -0.13964841 2.8222647e-07 -1466334.2
330572900000.0 -0.14029948 2.8222647e-07 -1466334.2
332106920000.0 -0.14095055 2.7682796e-07 -1561054.2
333640800000.0 -0.14160155 2.7682796e-07 -1561054.2
335174830000.0 -0.14225261 2.7682796e-07 -1561054.2
336708900000.0 -0.14290369 2.7682796e-07 -1561054.2
338242730000.0 -0.14355466 2.7232267e-07 -1651085.5
339776800000.0 -0.14420575 2.7232267e-07 -1651085.5
341310830000.0 -0.14485681 2.7232267e-07 -1651085.5
342844700000.0 -0.1455078 2.7232267e-07 -1651085.5
344378570000.0 -0.1461588 2.6656417e-07 -1730546.4
