morphology_data/1d_wb_a0.05_l2r2_00001.ecsv
# %ECSV 1.0
# ---
# datatype:
# - {name: b, datatype: float32}
# - {name: phase, datatype: float32}
# - {name: sigma, datatype: float32}
# - {name: vr, datatype: float32}
# meta: {lambda: 2, rp: 2.0, sep: 0.05, wind: b}
# schema: astropy-2.0
b phase sigma vr
-2354660500000.0 0.49967447 nan nan
-2351592600000.0 0.49902344 nan nan
-2348524800000.0 0.4983724 nan nan
-2345456600000.0 0.49772134 nan nan
-2342388800000.0 0.4970703 nan nan
-2339321000000.0 0.49641928 nan nan
-2336253000000.0 0.49576828 nan nan
-2333185000000.0 0.4951172 nan nan
-2330117000000.0 0.4944662 nan nan
-2327049000000.0 0.49381506 nan nan
-2323981000000.0 0.4931641 nan nan
-2320913000000.0 0.49251297 nan nan
-2317845000000.0 0.49186197 nan nan
-2314777100000.0 0.49121094 nan nan
-2311709000000.0 0.49055988 nan nan
-2308641000000.0 0.48990884 nan nan
-2305573300000.0 0.4892578 nan nan
-2302505000000.0 0.48860675 nan nan
-2299437300000.0 0.48795572 nan nan
-2296369400000.0 0.4873047 nan nan
-2293301500000.0 0.48665366 nan nan
-2290233400000.0 0.4860026 nan nan
-2287165500000.0 0.48535156 nan nan
-2284097600000.0 0.48470056 nan nan
-2281029500000.0 0.48404947 nan nan
-2277961600000.0 0.48339847 nan nan
-2274893500000.0 0.48274735 nan nan
-2271825600000.0 0.48209637 nan nan
-2268757500000.0 0.48144525 nan nan
-2265689600000.0 0.48079422 nan nan
-2262621700000.0 0.48014325 nan nan
-2259553600000.0 0.47949213 nan nan
-2256485700000.0 0.47884113 nan nan
-2253418000000.0 0.4781901 nan nan
-2250350000000.0 0.47753906 nan nan
-2247281900000.0 0.476888 nan nan
-2244214000000.0 0.47623697 nan nan
-2241146000000.0 0.47558594 nan nan
-2238078300000.0 0.47493497 nan nan
-2235010000000.0 0.47428384 nan nan
-2231942300000.0 0.47363284 nan nan
-2228874000000.0 0.47298175 nan nan
-2225806200000.0 0.47233072 nan nan
-2222738400000.0 0.47167972 nan nan
-2219670200000.0 0.47102863 nan nan
-2216602400000.0 0.47037762 nan nan
-2213534200000.0 0.4697265 nan nan
-2210466400000.0 0.46907553 nan nan
-2207398500000.0 0.4684245 nan nan
-2204330400000.0 0.46777344 nan nan
-2201262500000.0 0.4671224 nan nan
-2198194600000.0 0.46647137 nan nan
-2195126700000.0 0.46582034 nan nan
-2192058600000.0 0.46516925 nan nan
-2188990700000.0 0.46451822 nan nan
-2185922700000.0 0.4638672 nan nan
-2182854700000.0 0.46321613 nan nan
-2179786700000.0 0.4625651 nan nan
-2176718900000.0 0.46191406 nan nan
-2173650700000.0 0.461263 nan nan
-2170582900000.0 0.46061197 nan nan
-2167515000000.0 0.45996094 nan nan
-2164447000000.0 0.4593099 nan nan
-2161379000000.0 0.45865884 nan nan
-2158311100000.0 0.4580078 nan nan
-2155243100000.0 0.45735678 nan nan
-2152175200000.0 0.45670575 nan nan
-2149107100000.0 0.4560547 nan nan
-2146039200000.0 0.45540366 nan nan
-2142971400000.0 0.45475262 nan nan
-2139903200000.0 0.45410153 nan nan
-2136835400000.0 0.45345053 nan nan
-2133767400000.0 0.4527995 nan nan
-2130699400000.0 0.4521484 nan nan
-2127631400000.0 0.45149738 nan nan
-2124563500000.0 0.45084634 nan nan
-2121495600000.0 0.4501953 nan nan
-2118427500000.0 0.44954425 nan nan
-2115359600000.0 0.44889322 nan nan
-2112291700000.0 0.4482422 nan nan
-2109223700000.0 0.44759116 nan nan
-2106155700000.0 0.4469401 nan nan
-2103087700000.0 0.44628906 nan nan
-2100019900000.0 0.44563803 nan nan
-2096951700000.0 0.44498697 nan nan
-2093883900000.0 0.44433594 nan nan
-2090816000000.0 0.4436849 nan nan
-2087747800000.0 0.44303384 nan nan
-2084680000000.0 0.4423828 nan nan
-2081612000000.0 0.44173178 nan nan
-2078544100000.0 0.44108075 nan nan
-2075476000000.0 0.44042966 nan nan
-2072408100000.0 0.43977866 nan nan
-2069340200000.0 0.43912762 nan nan
-2066272400000.0 0.4384766 nan nan
-2063204200000.0 0.4378255 nan nan
-2060136300000.0 0.43717447 nan nan
-2057068300000.0 0.43652344 nan nan
-2054000300000.0 0.43587238 nan nan
-2050932300000.0 0.43522134 nan nan
-2047864500000.0 0.4345703 nan nan
-2044796300000.0 0.43391925 nan nan
-2041728500000.0 0.43326822 nan nan
-2038660600000.0 0.4326172 nan nan
-2035592600000.0 0.43196616 nan nan
-2032524600000.0 0.4313151 nan nan
-2029456600000.0 0.43066406 nan nan
-2026388700000.0 0.43001303 nan nan
-2023320800000.0 0.429362 nan nan
-2020252700000.0 0.42871094 nan nan
-2017184800000.0 0.4280599 nan nan
-2014117000000.0 0.42740887 nan nan
-2011048800000.0 0.42675778 nan nan
-2007981000000.0 0.42610675 nan nan
-2004913000000.0 0.42545575 nan nan
-2001845000000.0 0.42480466 nan nan
-1998777000000.0 0.42415363 nan nan
-1995709100000.0 0.4235026 nan nan
-1992641200000.0 0.42285156 nan nan
-1989573200000.0 0.42220053 nan nan
-1986505200000.0 0.42154947 nan nan
-1983437300000.0 0.42089844 nan nan
-1980369300000.0 0.4202474 nan nan
-1977301300000.0 0.41959634 nan nan
-1974233300000.0 0.4189453 nan nan
-1971165500000.0 0.41829428 nan nan
-1968097300000.0 0.41764322 nan nan
-1965029500000.0 0.4169922 nan nan
-1961961600000.0 0.41634116 nan nan
-1958893500000.0 0.4156901 nan nan
-1955825700000.0 0.4150391 nan nan
-1952757600000.0 0.41438803 nan nan
-1949689600000.0 0.41373694 nan nan
-1946621800000.0 0.41308597 nan nan
-1943553700000.0 0.41243488 nan nan
-1940485800000.0 0.41178387 nan nan
-1937418000000.0 0.41113284 nan nan
-1934349800000.0 0.41048175 nan nan
-1931282000000.0 0.40983072 nan nan
-1928214000000.0 0.4091797 nan nan
-1925146000000.0 0.40852863 nan nan
-1922078000000.0 0.4078776 nan nan
-1919010100000.0 0.40722656 nan nan
-1915942000000.0 0.4065755 nan nan
-1912874200000.0 0.4059245 nan nan
-1909806200000.0 0.40527344 nan nan
-1906738100000.0 0.40462238 nan nan
-1903670300000.0 0.40397137 nan nan
-1900602200000.0 0.4033203 nan nan
-1897534300000.0 0.40266928 nan nan
-1894466500000.0 0.40201825 nan nan
-1891398300000.0 0.4013672 nan nan
-1888330400000.0 0.40071616 nan nan
-1885262600000.0 0.40006512 nan nan
-1882194400000.0 0.39941403 nan nan
-1879126600000.0 0.398763 nan nan
-1876058600000.0 0.39811197 nan nan
-1872990600000.0 0.3974609 nan nan
-1869922800000.0 0.39680994 nan nan
-1866854700000.0 0.39615884 nan nan
-1863786800000.0 0.3955078 1.5479291e-11 -8583430.0
-1860718800000.0 0.39485678 1.5479291e-11 -8583430.0
-1857650800000.0 0.39420572 1.5479291e-11 -8583430.0
-1854582800000.0 0.3935547 1.5479291e-11 -8583430.0
-1851515000000.0 0.39290366 1.5415953e-11 -8578572.0
-1848447000000.0 0.3922526 1.5415953e-11 -8578572.0
-1845379000000.0 0.39160156 1.5415953e-11 -8578572.0
-1842311100000.0 0.39095053 1.5415953e-11 -8578572.0
-1839243000000.0 0.39029947 2.85839e-11 -7670788.0
-1836175000000.0 0.38964844 2.85839e-11 -7670788.0
-1833107200000.0 0.3889974 2.85839e-11 -7670788.0
-1830039000000.0 0.38834634 2.85839e-11 -7670788.0
-1826971300000.0 0.38769534 2.8502523e-11 -7667226.5
-1823903200000.0 0.38704428 2.8502523e-11 -7667226.5
-1820835300000.0 0.38639325 2.8502523e-11 -7667226.5
-1817767400000.0 0.38574222 2.8502523e-11 -7667226.5
-1814699300000.0 0.38509113 4.9630293e-11 -6878779.5
-1811631400000.0 0.3844401 4.9630293e-11 -6878779.5
-1808563400000.0 0.3837891 4.9630293e-11 -6878779.5
-1805495400000.0 0.383138 4.9630293e-11 -6878779.5
-1802427600000.0 0.38248697 4.9564703e-11 -6876843.5
-1799359600000.0 0.38183594 4.9564703e-11 -6876843.5
-1796291600000.0 0.38118488 4.9564703e-11 -6876843.5
-1793223600000.0 0.38053384 4.9564703e-11 -6876843.5
-1790155700000.0 0.3798828 8.1893686e-11 -6143743.5
-1787087600000.0 0.37923175 8.1893686e-11 -6143743.5
-1784019800000.0 0.37858075 8.1893686e-11 -6143743.5
-1780951800000.0 0.3779297 8.1893686e-11 -6143743.5
-1777883800000.0 0.37727866 8.187171e-11 -6143520.5
-1774816000000.0 0.37662762 8.187171e-11 -6143520.5
-1771747800000.0 0.37597656 8.187171e-11 -6143520.5
-1768679900000.0 0.37532553 8.187171e-11 -6143520.5
-1765612000000.0 0.3746745 1.2791154e-10 -5458931.5
-1762543900000.0 0.37402344 1.2791154e-10 -5458931.5
-1759476000000.0 0.3733724 1.2791154e-10 -5458931.5
-1756408200000.0 0.37272137 1.2791154e-10 -5458931.5
-1753340000000.0 0.37207028 1.2792123e-10 -5459480.0
-1750272200000.0 0.37141925 1.2792123e-10 -5459480.0
-1747204200000.0 0.37076822 1.2792123e-10 -5459480.0
-1744136200000.0 0.37011716 1.2792123e-10 -5459480.0
-1741068400000.0 0.3694662 1.8642159e-10 -4844617.0
-1738000300000.0 0.3688151 1.8642159e-10 -4844617.0
-1734932400000.0 0.36816406 1.8642159e-10 -4844617.0
-1731864400000.0 0.36751303 1.8642159e-10 -4844617.0
-1728796400000.0 0.36686197 1.8644049e-10 -4845215.0
-1725728400000.0 0.36621094 1.8644049e-10 -4845215.0
-1722660600000.0 0.3655599 1.8644049e-10 -4845215.0
-1719592400000.0 0.36490884 1.8644049e-10 -4845215.0
-1716524500000.0 0.3642578 2.5510752e-10 -4323508.0
-1713456700000.0 0.36360678 2.5510752e-10 -4323508.0
-1710388500000.0 0.36295572 2.5510752e-10 -4323508.0
-1707320700000.0 0.3623047 2.5510752e-10 -4323508.0
-1704252800000.0 0.36165366 2.5512506e-10 -4323975.0
-1701184700000.0 0.3610026 2.5512506e-10 -4323975.0
-1698116900000.0 0.3603516 2.5512506e-10 -4323975.0
-1695048800000.0 0.35970053 2.5512506e-10 -4323975.0
-1691980900000.0 0.3590495 3.3177885e-10 -3885941.2
-1688913000000.0 0.35839847 3.3177885e-10 -3885941.2
-1685844900000.0 0.35774738 3.3177885e-10 -3885941.2
-1682777000000.0 0.35709634 3.3177885e-10 -3885941.2
-1679709000000.0 0.3564453 3.3179376e-10 -3886328.8
-1676641000000.0 0.35579425 3.3179376e-10 -3886328.8
-1673573200000.0 0.35514322 3.3179376e-10 -3886328.8
-1670505200000.0 0.3544922 3.3179376e-10 -3886328.8
-1667437200000.0 0.35384113 4.1506407e-10 -3523712.2
-1664369200000.0 0.3531901 4.1506407e-10 -3523712.2
-1661301300000.0 0.35253906 4.1506407e-10 -3523712.2
-1658233200000.0 0.351888 4.1506407e-10 -3523712.2
-1655165400000.0 0.351237 4.150792e-10 -3524118.2
-1652097400000.0 0.35058594 4.150792e-10 -3524118.2
-1649029400000.0 0.3499349 4.150792e-10 -3524118.2
-1645961500000.0 0.34928387 4.150792e-10 -3524118.2
-1642893400000.0 0.3486328 5.07147e-10 -3215579.0
-1639825500000.0 0.34798178 5.07147e-10 -3215579.0
-1636757700000.0 0.34733075 5.07147e-10 -3215579.0
-1633689500000.0 0.3466797 5.07147e-10 -3215579.0
-1630621700000.0 0.34602866 5.071948e-10 -3216507.5
-1627553800000.0 0.34537762 5.071948e-10 -3216507.5
-1624485700000.0 0.34472653 5.071948e-10 -3216507.5
-1621417800000.0 0.3440755 5.071948e-10 -3216507.5
-1618349800000.0 0.34342447 5.977656e-10 -2956404.0
-1615281800000.0 0.3427734 5.977656e-10 -2956404.0
-1612214000000.0 0.3421224 5.977656e-10 -2956404.0
-1609145900000.0 0.34147134 5.977656e-10 -2956404.0
-1606078000000.0 0.3408203 5.981009e-10 -2960763.2
-1603010000000.0 0.34016928 5.981009e-10 -2960763.2
-1599942000000.0 0.33951822 5.981009e-10 -2960763.2
-1596874000000.0 0.3388672 5.981009e-10 -2960763.2
-1593806200000.0 0.33821616 6.892829e-10 -2735136.2
-1590738000000.0 0.3375651 6.892829e-10 -2735136.2
-1587670200000.0 0.33691406 6.892829e-10 -2735136.2
-1584602300000.0 0.33626303 6.892829e-10 -2735136.2
-1581534200000.0 0.33561197 6.914193e-10 -2752206.0
-1578466300000.0 0.33496094 6.914193e-10 -2752206.0
-1575398400000.0 0.3343099 6.914193e-10 -2752206.0
-1572330400000.0 0.33365887 6.914193e-10 -2752206.0
-1569262400000.0 0.3330078 7.7769147e-10 -2555194.8
-1566194400000.0 0.33235678 7.7769147e-10 -2555194.8
-1563126500000.0 0.33170575 7.7769147e-10 -2555194.8
-1560058700000.0 0.33105472 7.7769147e-10 -2555194.8
-1556990500000.0 0.33040363 7.9138845e-10 -2596976.8
-1553922700000.0 0.3297526 7.9138845e-10 -2596976.8
-1550854700000.0 0.32910156 7.9138845e-10 -2596976.8
-1547786600000.0 0.3284505 7.9138845e-10 -2596976.8
-1544718600000.0 0.32779947 8.580308e-10 -2470226.5
-1541650800000.0 0.32714844 8.580308e-10 -2470226.5
-1538582800000.0 0.32649738 8.580308e-10 -2470226.5
-1535514800000.0 0.32584634 8.580308e-10 -2470226.5
-1532446900000.0 0.3251953 9.0258623e-10 -2494405.5
-1529379000000.0 0.32454428 9.0258623e-10 -2494405.5
-1526310900000.0 0.32389322 9.0258623e-10 -2494405.5
-1523243000000.0 0.3232422 9.0258623e-10 -2494405.5
-1520175000000.0 0.32259116 9.439635e-10 -2433548.2
-1517107200000.0 0.32194012 9.439635e-10 -2433548.2
-1514039000000.0 0.32128906 9.439635e-10 -2433548.2
-1510971100000.0 0.32063803 9.439635e-10 -2433548.2
-1507903300000.0 0.319987 9.944283e-10 -2433965.2
-1504835100000.0 0.31933594 9.944283e-10 -2433965.2
-1501767300000.0 0.3186849 9.944283e-10 -2433965.2
-1498699400000.0 0.31803387 9.944283e-10 -2433965.2
-1495631400000.0 0.31738284 1.0048372e-09 -2460784.2
-1492563400000.0 0.31673178 1.0048372e-09 -2460784.2
-1489495400000.0 0.31608072 1.0048372e-09 -2460784.2
-1486427500000.0 0.3154297 1.0048372e-09 -2460784.2
-1483359400000.0 0.31477863 1.0450675e-09 -2474073.2
-1480291500000.0 0.3141276 1.0450675e-09 -2474073.2
-1477223600000.0 0.31347656 1.0450675e-09 -2474073.2
-1474155600000.0 0.31282553 1.0450675e-09 -2474073.2
-1471087600000.0 0.31217447 1.0138308e-09 -2582857.0
-1468019600000.0 0.3115234 1.0138308e-09 -2582857.0
-1464951800000.0 0.3108724 1.0138308e-09 -2582857.0
-1461883600000.0 0.3102213 1.0138308e-09 -2582857.0
-1458815800000.0 0.3095703 1.0282163e-09 -2614051.0
-1455747900000.0 0.30891928 1.0282163e-09 -2614051.0
-1452679900000.0 0.30826822 1.0282163e-09 -2614051.0
-1449611900000.0 0.3076172 1.0282163e-09 -2614051.0
-1446544000000.0 0.30696616 9.895701e-10 -2783420.0
-1443476000000.0 0.30631512 9.895701e-10 -2783420.0
-1440408000000.0 0.30566406 9.895701e-10 -2783420.0
-1437340000000.0 0.30501303 9.895701e-10 -2783420.0
-1434272100000.0 0.304362 9.906301e-10 -2831244.8
-1431204100000.0 0.30371094 9.906301e-10 -2831244.8
-1428136100000.0 0.30305988 9.906301e-10 -2831244.8
-1425068300000.0 0.30240884 9.906301e-10 -2831244.8
-1422000300000.0 0.3017578 9.416786e-10 -3012875.8
-1418932300000.0 0.30110675 9.416786e-10 -3012875.8
-1415864300000.0 0.30045572 9.416786e-10 -3012875.8
-1412796400000.0 0.2998047 9.416786e-10 -3012875.8
-1409728400000.0 0.29915366 9.294813e-10 -3076303.8
-1406660400000.0 0.2985026 9.294813e-10 -3076303.8
-1403592500000.0 0.29785156 9.294813e-10 -3076303.8
-1400524600000.0 0.29720056 9.294813e-10 -3076303.8
-1397456500000.0 0.29654947 8.7214713e-10 -3232294.8
-1394388600000.0 0.29589847 8.7214713e-10 -3232294.8
-1391320600000.0 0.2952474 8.7214713e-10 -3232294.8
-1388252600000.0 0.29459634 8.7214713e-10 -3232294.8
-1385184600000.0 0.29394528 8.5973806e-10 -3269514.8
-1382116800000.0 0.29329428 8.5973806e-10 -3269514.8
-1379048900000.0 0.29264325 8.5973806e-10 -3269514.8
-1375980900000.0 0.2919922 8.5973806e-10 -3269514.8
-1372912900000.0 0.29134116 8.128144e-10 -3344070.0
-1369844900000.0 0.2906901 8.128144e-10 -3344070.0
-1366776900000.0 0.29003903 8.128144e-10 -3344070.0
-1363709000000.0 0.28938803 8.128144e-10 -3344070.0
-1360641000000.0 0.28873697 8.1406637e-10 -3357075.8
-1357573100000.0 0.28808594 8.1406637e-10 -3357075.8
-1354505100000.0 0.2874349 8.1406637e-10 -3357075.8
-1351437100000.0 0.28678384 8.1406637e-10 -3357075.8
-1348369300000.0 0.28613284 7.9604484e-10 -3373255.5
-1345301300000.0 0.28548178 7.9604484e-10 -3373255.5
-1342233200000.0 0.28483072 7.9604484e-10 -3373255.5
-1339165200000.0 0.28417966 7.9604484e-10 -3373255.5
-1336097400000.0 0.28352866 8.2435353e-10 -3340178.2
-1333029400000.0 0.2828776 8.2435353e-10 -3340178.2
-1329961400000.0 0.28222656 8.2435353e-10 -3340178.2
-1326893500000.0 0.28157553 8.2435353e-10 -3340178.2
-1323825500000.0 0.28092447 8.9710805e-10 -3239711.2
-1320757500000.0 0.28027344 8.9710805e-10 -3239711.2
-1317689600000.0 0.2796224 8.9710805e-10 -3239711.2
-1314621600000.0 0.27897137 8.9710805e-10 -3239711.2
-1311553600000.0 0.2783203 9.798591e-10 -3122566.5
-1308485600000.0 0.27766928 9.798591e-10 -3122566.5
-1305417700000.0 0.27701825 9.798591e-10 -3122566.5
-1302349700000.0 0.2763672 9.798591e-10 -3122566.5
-1299281700000.0 0.27571613 1.0506348e-09 -3119335.8
-1296213900000.0 0.2750651 1.0506348e-09 -3119335.8
-1293145900000.0 0.27441406 1.0506348e-09 -3119335.8
-1290077900000.0 0.273763 1.0506348e-09 -3119335.8
-1287009900000.0 0.27311197 1.0395403e-09 -3140467.5
-1283942000000.0 0.27246094 1.0395403e-09 -3140467.5
-1280874000000.0 0.2718099 1.0395403e-09 -3140467.5
-1277806000000.0 0.27115884 1.0395403e-09 -3140467.5
-1274738100000.0 0.2705078 8.764435e-10 -3578115.2
-1271670200000.0 0.2698568 8.764435e-10 -3578115.2
-1268602200000.0 0.26920575 8.764435e-10 -3578115.2
-1265534200000.0 0.2685547 8.764435e-10 -3578115.2
-1262466200000.0 0.26790366 6.674986e-10 -3963128.0
