morphology_data/1d_wa_a0.1_l8r2_00001.ecsv
# %ECSV 1.0
# ---
# datatype:
# - {name: b, datatype: float32}
# - {name: phase, datatype: float32}
# - {name: sigma, datatype: float32}
# - {name: vr, datatype: float32}
# meta: {lambda: 8, rp: 2.0, sep: 0.1, wind: a}
# schema: astropy-2.0
b phase sigma vr
-4709321000000.0 0.49967447 nan nan
-4703185300000.0 0.49902344 nan nan
-4697049500000.0 0.4983724 nan nan
-4690913300000.0 0.49772134 nan nan
-4684777500000.0 0.4970703 nan nan
-4678642000000.0 0.49641928 nan nan
-4672506000000.0 0.49576828 nan nan
-4666370000000.0 0.4951172 nan nan
-4660234000000.0 0.4944662 nan nan
-4654098000000.0 0.49381506 nan nan
-4647962000000.0 0.4931641 nan nan
-4641826000000.0 0.49251297 nan nan
-4635690000000.0 0.49186197 nan nan
-4629554300000.0 0.49121094 nan nan
-4623418000000.0 0.49055988 nan nan
-4617282000000.0 0.48990884 nan nan
-4611146500000.0 0.4892578 nan nan
-4605010000000.0 0.48860675 nan nan
-4598874500000.0 0.48795572 nan nan
-4592739000000.0 0.4873047 nan nan
-4586603000000.0 0.48665366 nan nan
-4580467000000.0 0.4860026 nan nan
-4574331000000.0 0.48535156 nan nan
-4568195300000.0 0.48470056 nan nan
-4562059000000.0 0.48404947 nan nan
-4555923000000.0 0.48339847 nan nan
-4549787000000.0 0.48274735 nan nan
-4543651000000.0 0.48209637 nan nan
-4537515000000.0 0.48144525 nan nan
-4531379000000.0 0.48079422 nan nan
-4525243500000.0 0.48014325 nan nan
-4519107000000.0 0.47949213 nan nan
-4512971500000.0 0.47884113 nan nan
-4506836000000.0 0.4781901 nan nan
-4500700000000.0 0.47753906 nan nan
-4494563700000.0 0.476888 nan nan
-4488428000000.0 0.47623697 nan nan
-4482292000000.0 0.47558594 nan nan
-4476156500000.0 0.47493497 nan nan
-4470020000000.0 0.47428384 nan nan
-4463884500000.0 0.47363284 nan nan
-4457748000000.0 0.47298175 nan nan
-4451612500000.0 0.47233072 nan nan
-4445477000000.0 0.47167972 nan nan
-4439340500000.0 0.47102863 nan nan
-4433205000000.0 0.47037762 nan nan
-4427068500000.0 0.4697265 nan nan
-4420932700000.0 0.46907553 nan nan
-4414797000000.0 0.4684245 nan nan
-4408660700000.0 0.46777344 nan nan
-4402525000000.0 0.4671224 nan nan
-4396389200000.0 0.46647137 nan nan
-4390253500000.0 0.46582034 nan nan
-4384117200000.0 0.46516925 nan nan
-4377981500000.0 0.46451822 nan nan
-4371845500000.0 0.4638672 nan nan
-4365709500000.0 0.46321613 nan nan
-4359573500000.0 0.4625651 nan nan
-4353437700000.0 0.46191406 nan nan
-4347301500000.0 0.461263 nan nan
-4341165700000.0 0.46061197 nan nan
-4335030000000.0 0.45996094 nan nan
-4328894000000.0 0.4593099 nan nan
-4322758000000.0 0.45865884 nan nan
-4316622200000.0 0.4580078 nan nan
-4310486200000.0 0.45735678 nan nan
-4304350500000.0 0.45670575 nan nan
-4298214200000.0 0.4560547 nan nan
-4292078500000.0 0.45540366 nan nan
-4285942700000.0 0.45475262 nan nan
-4279806500000.0 0.45410153 nan nan
-4273670700000.0 0.45345053 nan nan
-4267534700000.0 0.4527995 nan nan
-4261398700000.0 0.4521484 nan nan
-4255262700000.0 0.45149738 nan nan
-4249127000000.0 0.45084634 nan nan
-4242991200000.0 0.4501953 nan nan
-4236855000000.0 0.44954425 nan nan
-4230719200000.0 0.44889322 nan nan
-4224583500000.0 0.4482422 nan nan
-4218447500000.0 0.44759116 nan nan
-4212311500000.0 0.4469401 nan nan
-4206175500000.0 0.44628906 nan nan
-4200039700000.0 0.44563803 nan nan
-4193903400000.0 0.44498697 nan nan
-4187767700000.0 0.44433594 nan nan
-4181632000000.0 0.4436849 nan nan
-4175495700000.0 0.44303384 nan nan
-4169360000000.0 0.4423828 nan nan
-4163224000000.0 0.44173178 nan nan
-4157088200000.0 0.44108075 nan nan
-4150952000000.0 0.44042966 nan nan
-4144816200000.0 0.43977866 nan nan
-4138680500000.0 0.43912762 nan nan
-4132544700000.0 0.4384766 nan nan
-4126408400000.0 0.4378255 nan nan
-4120272700000.0 0.43717447 nan nan
-4114136700000.0 0.43652344 nan nan
-4108000700000.0 0.43587238 nan nan
-4101864700000.0 0.43522134 nan nan
-4095729000000.0 0.4345703 nan nan
-4089592700000.0 0.43391925 nan nan
-4083457000000.0 0.43326822 nan nan
-4077321200000.0 0.4326172 nan nan
-4071185200000.0 0.43196616 nan nan
-4065049200000.0 0.4313151 nan nan
-4058913200000.0 0.43066406 nan nan
-4052777400000.0 0.43001303 nan nan
-4046641700000.0 0.429362 nan nan
-4040505400000.0 0.42871094 nan nan
-4034369700000.0 0.4280599 nan nan
-4028234000000.0 0.42740887 nan nan
-4022097700000.0 0.42675778 nan nan
-4015962000000.0 0.42610675 nan nan
-4009826000000.0 0.42545575 nan nan
-4003690000000.0 0.42480466 nan nan
-3997554000000.0 0.42415363 nan nan
-3991418200000.0 0.4235026 nan nan
-3985282400000.0 0.42285156 nan nan
-3979146400000.0 0.42220053 nan nan
-3973010400000.0 0.42154947 nan nan
-3966874700000.0 0.42089844 nan nan
-3960738700000.0 0.4202474 nan nan
-3954602700000.0 0.41959634 nan nan
-3948466700000.0 0.4189453 nan nan
-3942331000000.0 0.41829428 nan nan
-3936194700000.0 0.41764322 nan nan
-3930059000000.0 0.4169922 nan nan
-3923923200000.0 0.41634116 nan nan
-3917787000000.0 0.4156901 nan nan
-3911651400000.0 0.4150391 nan nan
-3905515200000.0 0.41438803 nan nan
-3899379200000.0 0.41373694 nan nan
-3893243700000.0 0.41308597 nan nan
-3887107400000.0 0.41243488 nan nan
-3880971700000.0 0.41178387 nan nan
-3874836000000.0 0.41113284 nan nan
-3868699700000.0 0.41048175 nan nan
-3862564000000.0 0.40983072 nan nan
-3856428000000.0 0.4091797 nan nan
-3850292000000.0 0.40852863 nan nan
-3844156000000.0 0.4078776 nan nan
-3838020200000.0 0.40722656 nan nan
-3831884000000.0 0.4065755 nan nan
-3825748400000.0 0.4059245 nan nan
-3819612400000.0 0.40527344 nan nan
-3813476100000.0 0.40462238 nan nan
-3807340700000.0 0.40397137 nan nan
-3801204400000.0 0.4033203 nan nan
-3795068600000.0 0.40266928 nan nan
-3788933000000.0 0.40201825 nan nan
-3782796600000.0 0.4013672 nan nan
-3776661000000.0 0.40071616 1.7065922e-11 -493998.9
-3770525200000.0 0.40006512 1.7065922e-11 -493998.9
-3764389000000.0 0.39941403 1.7065922e-11 -493998.9
-3758253100000.0 0.398763 1.7065922e-11 -493998.9
-3752117100000.0 0.39811197 1.7065922e-11 -493998.97
-3745981100000.0 0.3974609 1.7065922e-11 -493998.97
-3739845700000.0 0.39680994 1.7065922e-11 -493998.97
-3733709400000.0 0.39615884 1.7065922e-11 -493998.97
-3727573600000.0 0.3955078 5.1765106e-11 -453920.1
-3721437600000.0 0.39485678 5.1765106e-11 -453920.1
-3715301600000.0 0.39420572 5.1765106e-11 -453920.1
-3709165600000.0 0.3935547 5.1765106e-11 -453920.1
-3703030000000.0 0.39290366 5.1765106e-11 -453920.1
-3696894000000.0 0.3922526 5.1765106e-11 -453920.1
-3690758000000.0 0.39160156 5.1765106e-11 -453920.1
-3684622100000.0 0.39095053 5.1765106e-11 -453920.1
-3678486000000.0 0.39029947 1.1608385e-10 -413075.1
-3672350000000.0 0.38964844 1.1608385e-10 -413075.1
-3666214400000.0 0.3889974 1.1608385e-10 -413075.1
-3660078000000.0 0.38834634 1.1608385e-10 -413075.1
-3653942600000.0 0.38769534 1.1608385e-10 -413075.1
-3647806400000.0 0.38704428 1.1608385e-10 -413075.1
-3641670600000.0 0.38639325 1.1608385e-10 -413075.1
-3635535000000.0 0.38574222 1.1608385e-10 -413075.1
-3629398600000.0 0.38509113 2.1350191e-10 -375132.8
-3623263000000.0 0.3844401 2.1350191e-10 -375132.8
-3617127000000.0 0.3837891 2.1350191e-10 -375132.8
-3610991000000.0 0.383138 2.1350191e-10 -375132.8
-3604855000000.0 0.38248697 2.1350191e-10 -375132.8
-3598719000000.0 0.38183594 2.1350191e-10 -375132.8
-3592583000000.0 0.38118488 2.1350191e-10 -375132.8
-3586447000000.0 0.38053384 2.1350191e-10 -375132.8
-3580311400000.0 0.3798828 3.4604358e-10 -340044.06
-3574175000000.0 0.37923175 3.4604358e-10 -340044.06
-3568039600000.0 0.37858075 3.4604358e-10 -340044.06
-3561903600000.0 0.3779297 3.4604358e-10 -340044.06
-3555767600000.0 0.37727866 3.4604358e-10 -340044.06
-3549632000000.0 0.37662762 3.4604358e-10 -340044.06
-3543495600000.0 0.37597656 3.4604358e-10 -340044.06
-3537359900000.0 0.37532553 3.4604358e-10 -340044.06
-3531224000000.0 0.3746745 5.116409e-10 -309419.0
-3525087900000.0 0.37402344 5.116409e-10 -309419.0
-3518952000000.0 0.3733724 5.116409e-10 -309419.0
-3512816400000.0 0.37272137 5.116409e-10 -309419.0
-3506680000000.0 0.37207028 5.116409e-10 -309419.0
-3500544400000.0 0.37141925 5.116409e-10 -309419.0
-3494408400000.0 0.37076822 5.116409e-10 -309419.0
-3488272400000.0 0.37011716 5.116409e-10 -309419.0
-3482137000000.0 0.3694662 7.106116e-10 -281168.12
-3476000600000.0 0.3688151 7.106116e-10 -281168.12
-3469864900000.0 0.36816406 7.106116e-10 -281168.12
-3463728900000.0 0.36751303 7.106116e-10 -281168.12
-3457592900000.0 0.36686197 7.106116e-10 -281168.12
-3451456800000.0 0.36621094 7.106116e-10 -281168.12
-3445321000000.0 0.3655599 7.106116e-10 -281168.12
-3439184800000.0 0.36490884 7.106116e-10 -281168.12
-3433049000000.0 0.3642578 9.403688e-10 -258920.25
-3426913400000.0 0.36360678 9.403688e-10 -258920.25
-3420777000000.0 0.36295572 9.403688e-10 -258920.25
-3414641300000.0 0.3623047 9.403688e-10 -258920.25
-3408505600000.0 0.36165366 9.403688e-10 -258920.25
-3402369300000.0 0.3610026 9.403688e-10 -258920.25
-3396233900000.0 0.3603516 9.403688e-10 -258920.25
-3390097600000.0 0.35970053 9.403688e-10 -258920.25
-3383961800000.0 0.3590495 1.2032002e-09 -238513.39
-3377826000000.0 0.35839847 1.2032002e-09 -238513.39
-3371689800000.0 0.35774738 1.2032002e-09 -238513.39
-3365554000000.0 0.35709634 1.2032002e-09 -238513.39
-3359418000000.0 0.3564453 1.2032002e-09 -238513.39
-3353282000000.0 0.35579425 1.2032002e-09 -238513.39
-3347146300000.0 0.35514322 1.2032002e-09 -238513.39
-3341010300000.0 0.3544922 1.2032002e-09 -238513.39
-3334874300000.0 0.35384113 1.4924412e-09 -227041.84
-3328738300000.0 0.3531901 1.4924412e-09 -227041.84
-3322602600000.0 0.35253906 1.4924412e-09 -227041.84
-3316466300000.0 0.351888 1.4924412e-09 -227041.84
-3310330800000.0 0.351237 1.4924412e-09 -227041.84
-3304194800000.0 0.35058594 1.4924412e-09 -227041.84
-3298058800000.0 0.3499349 1.4924412e-09 -227041.84
-3291923000000.0 0.34928387 1.4924412e-09 -227041.84
-3285786800000.0 0.3486328 1.8194437e-09 -218662.33
-3279651000000.0 0.34798178 1.8194437e-09 -218662.33
-3273515300000.0 0.34733075 1.8194437e-09 -218662.33
-3267379000000.0 0.3466797 1.8194437e-09 -218662.33
-3261243300000.0 0.34602866 1.8194437e-09 -218662.33
-3255107600000.0 0.34537762 1.8194437e-09 -218662.33
-3248971300000.0 0.34472653 1.8194437e-09 -218662.33
-3242835600000.0 0.3440755 1.8194437e-09 -218662.33
-3236699600000.0 0.34342447 2.1655673e-09 -214729.84
-3230563600000.0 0.3427734 2.1655673e-09 -214729.84
-3224428000000.0 0.3421224 2.1655673e-09 -214729.84
-3218291800000.0 0.34147134 2.1655673e-09 -214729.84
-3212156000000.0 0.3408203 2.1655675e-09 -214730.16
-3206020000000.0 0.34016928 2.1655675e-09 -214730.16
-3199884000000.0 0.33951822 2.1655675e-09 -214730.16
-3193748000000.0 0.3388672 2.1655675e-09 -214730.16
-3187612300000.0 0.33821616 2.5530957e-09 -217826.95
-3181476000000.0 0.3375651 2.5530957e-09 -217826.95
-3175340300000.0 0.33691406 2.5530957e-09 -217826.95
-3169204600000.0 0.33626303 2.5530957e-09 -217826.95
-3163068300000.0 0.33561197 2.5531846e-09 -217885.73
-3156932600000.0 0.33496094 2.5531846e-09 -217885.73
-3150796800000.0 0.3343099 2.5531846e-09 -217885.73
-3144660800000.0 0.33365887 2.5531846e-09 -217885.73
-3138524800000.0 0.3330078 2.9628495e-09 -217725.03
-3132388800000.0 0.33235678 2.9628495e-09 -217725.03
-3126253000000.0 0.33170575 2.9628495e-09 -217725.03
-3120117300000.0 0.33105472 2.9628495e-09 -217725.03
-3113981000000.0 0.33040363 2.965677e-09 -219084.12
-3107845300000.0 0.3297526 2.965677e-09 -219084.12
-3101709300000.0 0.32910156 2.965677e-09 -219084.12
-3095573300000.0 0.3284505 2.965677e-09 -219084.12
-3089437300000.0 0.32779947 3.3491079e-09 -207246.22
-3083301600000.0 0.32714844 3.3491079e-09 -207246.22
-3077165500000.0 0.32649738 3.3491079e-09 -207246.22
-3071029500000.0 0.32584634 3.3491079e-09 -207246.22
-3064893800000.0 0.3251953 3.3719172e-09 -214156.75
-3058758000000.0 0.32454428 3.3719172e-09 -214156.75
-3052621800000.0 0.32389322 3.3719172e-09 -214156.75
-3046486000000.0 0.3232422 3.3719172e-09 -214156.75
-3040350000000.0 0.32259116 3.7630286e-09 -206936.77
-3034214300000.0 0.32194012 3.7630286e-09 -206936.77
-3028078000000.0 0.32128906 3.7630286e-09 -206936.77
-3021942300000.0 0.32063803 3.7630286e-09 -206936.77
-3015806600000.0 0.319987 3.8174517e-09 -211445.89
-3009670300000.0 0.31933594 3.8174517e-09 -211445.89
-3003534500000.0 0.3186849 3.8174517e-09 -211445.89
-2997398800000.0 0.31803387 3.8174517e-09 -211445.89
-2991262800000.0 0.31738284 4.1921995e-09 -210226.48
-2985126800000.0 0.31673178 4.1921995e-09 -210226.48
-2978990800000.0 0.31608072 4.1921995e-09 -210226.48
-2972855000000.0 0.3154297 4.1921995e-09 -210226.48
-2966718800000.0 0.31477863 4.253687e-09 -204923.36
-2960583000000.0 0.3141276 4.253687e-09 -204923.36
-2954447300000.0 0.31347656 4.253687e-09 -204923.36
-2948311300000.0 0.31282553 4.253687e-09 -204923.36
-2942175300000.0 0.31217447 4.6405324e-09 -205650.08
-2936039300000.0 0.3115234 4.6405324e-09 -205650.08
-2929903500000.0 0.3108724 4.6405324e-09 -205650.08
-2923767300000.0 0.3102213 4.6405324e-09 -205650.08
-2917631500000.0 0.3095703 4.7220636e-09 -198739.62
-2911495800000.0 0.30891928 4.7220636e-09 -198739.62
-2905359800000.0 0.30826822 4.7220636e-09 -198739.62
-2899223800000.0 0.3076172 4.7220636e-09 -198739.62
-2893088000000.0 0.30696616 5.098553e-09 -197812.08
-2886952000000.0 0.30631512 5.098553e-09 -197812.08
-2880816000000.0 0.30566406 5.098553e-09 -197812.08
-2874680000000.0 0.30501303 5.098553e-09 -197812.08
-2868544300000.0 0.304362 5.185616e-09 -188177.9
-2862408300000.0 0.30371094 5.185616e-09 -188177.9
-2856272300000.0 0.30305988 5.185616e-09 -188177.9
-2850136500000.0 0.30240884 5.185616e-09 -188177.9
-2844000500000.0 0.3017578 5.54365e-09 -185988.5
-2837864500000.0 0.30110675 5.54365e-09 -185988.5
-2831728500000.0 0.30045572 5.54365e-09 -185988.5
-2825592800000.0 0.2998047 5.54365e-09 -185988.5
-2819456800000.0 0.29915366 5.6476304e-09 -176898.72
-2813320800000.0 0.2985026 5.6476304e-09 -176898.72
-2807185000000.0 0.29785156 5.6476304e-09 -176898.72
-2801049300000.0 0.29720056 5.6476304e-09 -176898.72
-2794913000000.0 0.29654947 5.978994e-09 -170980.42
-2788777300000.0 0.29589847 5.978994e-09 -170980.42
-2782641300000.0 0.2952474 5.978994e-09 -170980.42
-2776505300000.0 0.29459634 5.978994e-09 -170980.42
-2770369200000.0 0.29394528 6.0926e-09 -161829.64
-2764233500000.0 0.29329428 6.0926e-09 -161829.64
-2758097800000.0 0.29264325 6.0926e-09 -161829.64
-2751961800000.0 0.2919922 6.0926e-09 -161829.64
-2745825800000.0 0.29134116 6.4386954e-09 -157458.69
-2739689800000.0 0.2906901 6.4386954e-09 -157458.69
-2733553700000.0 0.29003903 6.4386954e-09 -157458.69
-2727418000000.0 0.28938803 6.4386954e-09 -157458.69
-2721282000000.0 0.28873697 6.5535066e-09 -144522.17
-2715146300000.0 0.28808594 6.5535066e-09 -144522.17
-2709010300000.0 0.2874349 6.5535066e-09 -144522.17
-2702874200000.0 0.28678384 6.5535066e-09 -144522.17
-2696738500000.0 0.28613284 6.838888e-09 -134854.44
-2690602500000.0 0.28548178 6.838888e-09 -134854.44
-2684466500000.0 0.28483072 6.838888e-09 -134854.44
-2678330500000.0 0.28417966 6.838888e-09 -134854.44
-2672194700000.0 0.28352866 7.0027606e-09 -123669.9
-2666058700000.0 0.2828776 7.0027606e-09 -123669.9
-2659922700000.0 0.28222656 7.0027606e-09 -123669.9
-2653787000000.0 0.28157553 7.0027606e-09 -123669.9
-2647651000000.0 0.28092447 7.3362427e-09 -114895.55
-2641515000000.0 0.28027344 7.3362427e-09 -114895.55
-2635379200000.0 0.2796224 7.3362427e-09 -114895.55
-2629243200000.0 0.27897137 7.3362427e-09 -114895.55
-2623107200000.0 0.2783203 7.472692e-09 -99535.9
-2616971200000.0 0.27766928 7.472692e-09 -99535.9
-2610835500000.0 0.27701825 7.472692e-09 -99535.9
-2604699500000.0 0.2763672 7.472692e-09 -99535.9
-2598563500000.0 0.27571613 7.765448e-09 -89471.164
-2592427700000.0 0.2750651 7.765448e-09 -89471.164
-2586291700000.0 0.27441406 7.765448e-09 -89471.164
-2580155700000.0 0.273763 7.765448e-09 -89471.164
-2574019700000.0 0.27311197 7.995259e-09 -77217.414
-2567884000000.0 0.27246094 7.995259e-09 -77217.414
-2561748000000.0 0.2718099 7.995259e-09 -77217.414
-2555612000000.0 0.27115884 7.995259e-09 -77217.414
-2549476200000.0 0.2705078 8.268409e-09 -64615.637
-2543340500000.0 0.2698568 8.268409e-09 -64615.637
-2537204500000.0 0.26920575 8.268409e-09 -64615.637
