morphology_data/1d_wb_a0.05_l2r2_00001.ecsv
# %ECSV 1.0
# ---
# datatype:
# - {name: b, datatype: float32}
# - {name: phase, datatype: float32}
# - {name: sigma, datatype: float32}
# - {name: vr, datatype: float32}
# meta: {lambda: 2, rp: 2.0, sep: 0.05, wind: b}
# schema: astropy-2.0
b phase sigma vr
[from data line 667]
-308330140000.0 0.06542969 2.9698313e-09 -1929846.2
-305262200000.0 0.06477865 3.0254772e-09 -1871440.9
-302194300000.0 0.06412762 3.0254772e-09 -1871440.9
-299126230000.0 0.063476555 3.108064e-09 -1821983.8
-296058300000.0 0.062825516 3.108064e-09 -1821983.8
-292990400000.0 0.062174488 3.2375422e-09 -1773808.5
-289922320000.0 0.061523426 3.2375422e-09 -1773808.5
-286854580000.0 0.060872428 3.424387e-09 -1705495.0
-283786480000.0 0.06022136 3.424387e-09 -1705495.0
-280718380000.0 0.059570286 3.603042e-09 -1616892.8
-277650670000.0 0.058919296 3.603042e-09 -1616892.8
-274582570000.0 0.058268227 3.6838392e-09 -1532949.5
-271514480000.0 0.057617158 3.6838392e-09 -1532949.5
-268446740000.0 0.056966167 3.627952e-09 -1507175.9
-265378660000.0 0.056315098 3.627952e-09 -1507175.9
-262310740000.0 0.055664066 3.4670866e-09 -1513887.6
-259242840000.0 0.055013034 3.4670866e-09 -1513887.6
-256174750000.0 0.05436197 3.2820457e-09 -1543740.8
-253106830000.0 0.053710938 3.2820457e-09 -1543740.8
-250038930000.0 0.053059906 3.1089733e-09 -1579935.4
-246970840000.0 0.052408837 3.1089733e-09 -1579935.4
-243903100000.0 0.051757842 3.0083849e-09 -1581367.6
-240835020000.0 0.051106777 3.0083849e-09 -1581367.6
-237766920000.0 0.050455708 3.0412843e-09 -1451221.5
-234699200000.0 0.049804714 3.0412843e-09 -1451221.5
-231631110000.0 0.049153645 3.0702711e-09 -1338508.8
-228563010000.0 0.048502576 3.0702711e-09 -1338508.8
-225495290000.0 0.047851585 3.075873e-09 -1247704.1
-222427190000.0 0.047200516 3.075873e-09 -1247704.1
-219359280000.0 0.046549484 3.0659677e-09 -1156709.6
-216291380000.0 0.045898452 3.0659677e-09 -1156709.6
-213223280000.0 0.045247383 3.0700094e-09 -1038962.4
-210155370000.0 0.04459635 3.0700094e-09 -1038962.4
-207087470000.0 0.043945324 3.1497096e-09 -873203.25
-204019370000.0 0.043294255 3.1497096e-09 -873203.25
-200951640000.0 0.04264326 3.2951815e-09 -616694.2
-197883540000.0 0.04199219 3.2951815e-09 -616694.2
-194815460000.0 0.041341122 3.4430543e-09 -441583.3
-191747740000.0 0.04069013 3.5065129e-09 -378623.06
-188679630000.0 0.040039062 3.4949066e-09 -360588.44
-185611550000.0 0.039387994 3.414018e-09 -412095.3
-182543810000.0 0.038736995 3.3212126e-09 -518782.5
-179475730000.0 0.03808593 3.2809686e-09 -545149.56
-176407820000.0 0.0374349 3.223563e-09 -587115.06
-173339900000.0 0.03678387 3.2323064e-09 -594451.1
-170271820000.0 0.0361328 3.3438654e-09 -544912.6
-167203910000.0 0.035481773 3.4722656e-09 -367508.4
-164136000000.0 0.034830738 3.593625e-09 -179302.0
-161067910000.0 0.03417967 3.6254357e-09 -112488.06
-158000170000.0 0.033528678 3.6806163e-09 -117084.27
-154932080000.0 0.03287761 3.7438648e-09 -110910.305
-151864000000.0 0.03222654 3.8323145e-09 -95429.64
-148796260000.0 0.031575546 3.954854e-09 -10340.299
-145728180000.0 0.030924477 4.042545e-09 19198.74
-142660100000.0 0.030273411 4.1246104e-09 57825.69
-139592350000.0 0.029622415 4.329611e-09 134276.52
-136524260000.0 0.028971346 4.4824375e-09 248231.11
-133456355000.0 0.028320316 4.676294e-09 343558.06
-130388440000.0 0.027669284 4.779471e-09 438691.06
-127320350000.0 0.027018217 4.9952016e-09 536694.44
-124252440000.0 0.026367186 5.1142193e-09 636106.1
-121184530000.0 0.025716154 5.299203e-09 668593.9
-118116440000.0 0.025065087 5.400958e-09 726125.3
-115048710000.0 0.024414092 5.696794e-09 747617.5
-111980620000.0 0.023763025 5.8476557e-09 817035.3
-108912530000.0 0.023111956 6.0265086e-09 760453.75
-105844800000.0 0.022460962 6.0552274e-09 743173.25
-102776710000.0 0.021809895 6.063723e-09 652045.94
-99708620000.0 0.021158826 6.1451018e-09 638328.06
-96640885000.0 0.020507833 6.1713887e-09 603989.44
-93572800000.0 0.019856764 6.2230647e-09 582442.75
-90504890000.0 0.019205732 6.477344e-09 653222.1
-87436980000.0 0.018554702 6.630338e-09 644572.1
-84368880000.0 0.017903633 6.598203e-09 479283.28
-81300970000.0 0.017252602 6.7060673e-09 373826.3
-78233070000.0 0.016601572 6.838256e-09 306384.78
-75164975000.0 0.015950503 7.1516273e-09 375831.16
-72097240000.0 0.015299509 7.4052884e-09 436386.2
-69029150000.0 0.014648439 7.565553e-09 415625.97
-65961062000.0 0.013997372 7.796675e-09 347200.34
-62893330000.0 0.013346379 8.088399e-09 293791.88
-59825242000.0 0.012695311 8.5825365e-09 321459.2
-56757154000.0 0.012044242 9.04873e-09 340290.97
-53689420000.0 0.011393248 9.709979e-09 375413.03
-50621334000.0 0.01074218 1.0306074e-08 381174.22
-47553420000.0 0.010091149 1.125398e-08 458368.6
-44485510000.0 0.009440118 1.2193576e-08 477743.47
-41417420000.0 0.008789049 1.3634407e-08 581918.94
-38349510000.0 0.008138019 1.4844028e-08 559155.0
-35281600000.0 0.0074869874 1.595743e-08 460433.7
-32213510000.0 0.006835919 1.7503563e-08 409039.16
-29145778000.0 0.006184926 1.9508727e-08 348412.4
-26077688000.0 0.0055338573 2.2657915e-08 356570.3
-23009600000.0 0.0048827888 2.6458288e-08 306095.28
-19941868000.0 0.0042317957 3.174063e-08 216207.44
-16873777000.0 0.0035807267 3.92484e-08 124745.61
16873777000.0 -0.0035807267 3.8257618e-08 -378222.66
19941868000.0 -0.0042317957 2.991271e-08 -488118.66
23009600000.0 -0.0048827888 2.4638892e-08 -580473.44
26077688000.0 -0.0055338573 2.1105299e-08 -627895.6
29145778000.0 -0.006184926 1.8684633e-08 -660473.44
32213510000.0 -0.006835919 1.6991134e-08 -656298.0
35281600000.0 -0.0074869874 1.5892665e-08 -598715.5
38349510000.0 -0.008138019 1.5696026e-08 -379040.2
41417420000.0 -0.008789049 1.4439783e-08 -461927.1
44485510000.0 -0.009440118 1.3326161e-08 -623673.7
47553420000.0 -0.010091149 1.237715e-08 -832327.06
50621334000.0 -0.01074218 1.1574931e-08 -1024096.8
53689420000.0 -0.011393248 1.0570226e-08 -1188913.1
56757154000.0 -0.012044242 9.197828e-09 -1212777.0
59825242000.0 -0.012695311 8.40761e-09 -1194103.4
62893330000.0 -0.013346379 7.996235e-09 -1178600.9
65961062000.0 -0.013997372 7.88538e-09 -1204489.8
69029150000.0 -0.014648439 7.716105e-09 -1174662.0
72097240000.0 -0.015299509 7.710258e-09 -1155168.1
75164975000.0 -0.015950503 7.734717e-09 -1099257.6
78233070000.0 -0.016601572 7.852633e-09 -1082822.8
81300970000.0 -0.017252602 8.000585e-09 -1069015.6
84368880000.0 -0.017903633 8.149399e-09 -1072800.8
87436980000.0 -0.018554702 7.9380325e-09 -1193333.0
90504890000.0 -0.019205732 7.3304047e-09 -1338632.2
93572800000.0 -0.019856764 6.0342495e-09 -1491585.1
96640885000.0 -0.020507833 5.186485e-09 -1614421.0
99708620000.0 -0.021158826 4.7945914e-09 -1705386.2
102776710000.0 -0.021809895 4.693133e-09 -1729209.6
105844800000.0 -0.022460962 4.6464725e-09 -1693082.5
108912530000.0 -0.023111956 4.50782e-09 -1687189.9
111980620000.0 -0.023763025 4.2015635e-09 -1690191.2
115048710000.0 -0.024414092 4.187302e-09 -1634095.8
118116440000.0 -0.025065087 4.23844e-09 -1575909.9
121184530000.0 -0.025716154 4.1658206e-09 -1481413.0
124252440000.0 -0.026367186 4.4044763e-09 -1387578.9
127320350000.0 -0.027018217 5.1944506e-09 -1236517.1
130388440000.0 -0.027669284 6.6683787e-09 -710825.8
133456355000.0 -0.028320316 6.554371e-09 -581665.56
136524260000.0 -0.028971346 6.3435976e-09 -552328.6
139592350000.0 -0.029622415 6.356138e-09 -450192.06
142660100000.0 -0.030273411 6.4659376e-09 -297940.16
145728180000.0 -0.030924477 6.237741e-09 -241853.38
148796260000.0 -0.031575546 5.8534693e-09 -357670.78
151864000000.0 -0.03222654 5.755915e-09 -382856.47
154932080000.0 -0.03287761 5.7709246e-09 -360733.34
158000170000.0 -0.033528678 5.73299e-09 -333378.12
161067910000.0 -0.03417967 5.767607e-09 -272773.9
164136000000.0 -0.034830738 5.719564e-09 -236635.03
167203910000.0 -0.035481773 5.5542557e-09 -209015.33
170271820000.0 -0.0361328 5.370482e-09 -203524.02
173339900000.0 -0.03678387 5.390108e-09 -193431.17
176407820000.0 -0.0374349 5.6871654e-09 -191744.56
179475730000.0 -0.03808593 5.816652e-09 -230993.78
182543810000.0 -0.038736995 5.7036242e-09 -300631.44
185611550000.0 -0.039387994 5.5645666e-09 -373620.3
188679630000.0 -0.040039062 5.436361e-09 -474230.72
191747740000.0 -0.04069013 5.546188e-09 -527790.5
194815460000.0 -0.041341122 5.6500156e-09 -596252.3
197883540000.0 -0.04199219 5.901299e-09 -742905.9
200951640000.0 -0.04264326 5.901299e-09 -742905.9
204019370000.0 -0.043294255 6.434209e-09 -829231.8
207087470000.0 -0.043945324 6.434209e-09 -829231.8
210155370000.0 -0.04459635 7.1271966e-09 -736519.4
213223280000.0 -0.045247383 7.1271966e-09 -736519.4
216291380000.0 -0.045898452 7.657312e-09 -566502.2
219359280000.0 -0.046549484 7.657312e-09 -566502.2
222427190000.0 -0.047200516 8.279944e-09 -317660.4
225495290000.0 -0.047851585 8.279944e-09 -317660.4
228563010000.0 -0.048502576 8.964208e-09 -86940.95
231631110000.0 -0.049153645 8.964208e-09 -86940.95
234699200000.0 -0.049804714 9.210067e-09 53187.08
237766920000.0 -0.050455708 9.210067e-09 53187.08
240835020000.0 -0.051106777 8.9122e-09 83698.914
243903100000.0 -0.051757842 8.9122e-09 83698.914
246970840000.0 -0.052408837 8.189873e-09 25334.357
250038930000.0 -0.053059906 8.189873e-09 25334.357
253106830000.0 -0.053710938 7.3355912e-09 -139530.27
256174750000.0 -0.05436197 7.3355912e-09 -139530.27
259242840000.0 -0.055013034 6.6099775e-09 -349893.84
262310740000.0 -0.055664066 6.6099775e-09 -349893.84
265378660000.0 -0.056315098 6.1219385e-09 -558803.06
268446740000.0 -0.056966167 6.1219385e-09 -558803.06
271514480000.0 -0.057617158 5.7857896e-09 -709361.94
274582570000.0 -0.058268227 5.7857896e-09 -709361.94
277650670000.0 -0.058919296 5.5168297e-09 -796501.2
280718380000.0 -0.059570286 5.5168297e-09 -796501.2
283786480000.0 -0.06022136 5.2439817e-09 -845418.5
286854580000.0 -0.060872428 5.2439817e-09 -845418.5
289922320000.0 -0.061523426 4.9025384e-09 -920578.44
292990400000.0 -0.062174488 4.9025384e-09 -920578.44
296058300000.0 -0.062825516 4.4555386e-09 -1023656.1
299126230000.0 -0.063476555 4.4555386e-09 -1023656.1
302194300000.0 -0.06412762 3.8980623e-09 -1282033.8
305262200000.0 -0.06477865 3.8980623e-09 -1282033.8
308330140000.0 -0.06542969 3.4886294e-09 -1511315.6
311398200000.0 -0.06608075 3.4886294e-09 -1511315.6
314465940000.0 -0.06673174 3.2821923e-09 -1697871.9
317534040000.0 -0.06738281 3.2821923e-09 -1697871.9
320602100000.0 -0.068033874 3.2770193e-09 -1764729.4
323669850000.0 -0.068684876 3.2770193e-09 -1764729.4
326737950000.0 -0.069335945 3.3868859e-09 -1820044.6
329806020000.0 -0.06998701 3.3868859e-09 -1820044.6
332873760000.0 -0.070638 3.6234629e-09 -1742536.6
335941860000.0 -0.07128907 3.6234629e-09 -1742536.6
339009770000.0 -0.0719401 3.872367e-09 -1660982.5
342077670000.0 -0.07259113 3.872367e-09 -1660982.5
345145770000.0 -0.0732422 4.196175e-09 -1479093.4
348213670000.0 -0.073893234 4.196175e-09 -1479093.4
351281580000.0 -0.07454426 4.5321857e-09 -1258775.4
354349680000.0 -0.075195335 4.5321857e-09 -1258775.4
357417420000.0 -0.07584633 5.0156355e-09 -831123.1
360485500000.0 -0.07649739 5.0156355e-09 -831123.1
363553600000.0 -0.07714847 5.393722e-09 -561527.44
366621330000.0 -0.077799454 5.393722e-09 -561527.44
369689400000.0 -0.07845052 5.5101923e-09 -282174.12
372757500000.0 -0.07910159 5.5101923e-09 -282174.12
375825240000.0 -0.07975259 5.3475677e-09 -325471.22
378893340000.0 -0.080403656 5.3475677e-09 -325471.22
381961240000.0 -0.08105469 5.0076157e-09 -641046.6
385029140000.0 -0.08170572 5.0076157e-09 -641046.6
388097250000.0 -0.08235679 4.7917874e-09 -777583.1
391165150000.0 -0.08300782 4.7917874e-09 -777583.1
394233050000.0 -0.08365885 5.1464664e-09 -879211.6
397301150000.0 -0.08430992 5.1464664e-09 -879211.6
400368860000.0 -0.08496091 5.1464664e-09 -879211.6
403436960000.0 -0.08561198 5.1464664e-09 -879211.6
406505060000.0 -0.086263046 5.987579e-09 -778413.5
409572800000.0 -0.08691404 5.987579e-09 -778413.5
412640870000.0 -0.08756511 5.987579e-09 -778413.5
415708770000.0 -0.08821614 5.987579e-09 -778413.5
418776700000.0 -0.08886717 5.6272027e-09 -1453269.9
421844780000.0 -0.08951824 5.6272027e-09 -1453269.9
424912680000.0 -0.09016927 5.6272027e-09 -1453269.9
427980620000.0 -0.090820305 5.6272027e-09 -1453269.9
431048700000.0 -0.091471374 4.843545e-09 -2028238.2
434116430000.0 -0.09212236 4.843545e-09 -2028238.2
437184530000.0 -0.09277343 4.843545e-09 -2028238.2
440252600000.0 -0.0934245 4.843545e-09 -2028238.2
443320340000.0 -0.09407549 4.9937214e-09 -1825818.0
446388440000.0 -0.09472656 4.9937214e-09 -1825818.0
449456500000.0 -0.09537763 4.9937214e-09 -1825818.0
452524240000.0 -0.096028626 4.9937214e-09 -1825818.0
455592350000.0 -0.096679695 5.24043e-09 -1378202.2
458660250000.0 -0.09733073 5.24043e-09 -1378202.2
461728150000.0 -0.09798176 5.24043e-09 -1378202.2
464796250000.0 -0.09863283 5.24043e-09 -1378202.2
467864160000.0 -0.09928385 4.924118e-09 -1008383.06
470932060000.0 -0.09993488 4.924118e-09 -1008383.06
474000160000.0 -0.10058595 4.924118e-09 -1008383.06
477067900000.0 -0.10123695 4.924118e-09 -1008383.06
480135970000.0 -0.101888016 3.8944066e-09 -755053.8
483204070000.0 -0.102539085 3.8944066e-09 -755053.8
486271800000.0 -0.10319008 3.8944066e-09 -755053.8
489339900000.0 -0.10384115 3.8944066e-09 -755053.8
492407980000.0 -0.10449222 3.302167e-09 -204599.0
495475720000.0 -0.10514321 3.302167e-09 -204599.0
498543820000.0 -0.10579427 3.302167e-09 -204599.0
501611720000.0 -0.106445305 3.302167e-09 -204599.0
504679630000.0 -0.10709634 2.9160174e-09 -255598.3
507747730000.0 -0.107747406 2.9160174e-09 -255598.3
510815630000.0 -0.10839844 2.9160174e-09 -255598.3
513883540000.0 -0.10904947 2.9160174e-09 -255598.3
516951640000.0 -0.10970054 1.9847293e-09 -1649050.5
520019350000.0 -0.11035153 1.9847293e-09 -1649050.5
523087450000.0 -0.1110026 1.9847293e-09 -1649050.5
526155550000.0 -0.11165367 1.9847293e-09 -1649050.5
529223300000.0 -0.11230466 8.1090956e-10 -5786009.0
532291350000.0 -0.11295573 8.1090956e-10 -5786009.0
535359460000.0 -0.113606796 8.1090956e-10 -5786009.0
538427200000.0 -0.11425779 8.1090956e-10 -5786009.0
541495260000.0 -0.11490886 4.3233575e-10 -8425642.0
544563200000.0 -0.11555989 4.3233575e-10 -8425642.0
547631100000.0 -0.11621092 4.3233575e-10 -8425642.0
550699200000.0 -0.11686199 4.3233575e-10 -8425642.0
553767100000.0 -0.11751302 3.865002e-10 -8616999.0
556835000000.0 -0.118164055 3.865002e-10 -8616999.0
559903100000.0 -0.118815124 3.865002e-10 -8616999.0
562970800000.0 -0.11946611 3.865002e-10 -8616999.0
566038900000.0 -0.12011717 3.758988e-10 -8798318.0
569107000000.0 -0.12076825 3.758988e-10 -8798318.0
572174760000.0 -0.12141925 3.758988e-10 -8798318.0
575242800000.0 -0.12207031 3.758988e-10 -8798318.0
578310900000.0 -0.12272138 3.7417935e-10 -8973624.0
581378640000.0 -0.123372376 3.7417935e-10 -8973624.0
584446800000.0 -0.12402345 3.7417935e-10 -8973624.0
587514640000.0 -0.12467448 3.7417935e-10 -8973624.0
590582600000.0 -0.1253255 3.7726888e-10 -9024006.0
593650650000.0 -0.12597658 3.7726888e-10 -9024006.0
596718600000.0 -0.12662761 3.7726888e-10 -9024006.0
599786460000.0 -0.12727864 3.7726888e-10 -9024006.0
602854600000.0 -0.12792972 3.865163e-10 -8940916.0
605922260000.0 -0.12858069 3.865163e-10 -8940916.0
608990400000.0 -0.12923177 3.865163e-10 -8940916.0
612058460000.0 -0.12988284 3.865163e-10 -8940916.0
615126200000.0 -0.13053383 4.0500853e-10 -8640915.0
618194300000.0 -0.13118489 4.0500853e-10 -8640915.0
621262400000.0 -0.13183598 4.0500853e-10 -8640915.0
624330150000.0 -0.13248697 4.0500853e-10 -8640915.0
627398200000.0 -0.13313803 4.272806e-10 -8212969.0
630466100000.0 -0.13378905 4.272806e-10 -8212969.0
633534000000.0 -0.1344401 4.272806e-10 -8212969.0
636602100000.0 -0.13509116 4.272806e-10 -8212969.0
639670000000.0 -0.13574219 4.3853668e-10 -7784354.5
642737960000.0 -0.13639323 4.3853668e-10 -7784354.5
645806000000.0 -0.1370443 4.3853668e-10 -7784354.5
648873800000.0 -0.13769528 4.3853668e-10 -7784354.5
651941840000.0 -0.13834634 4.335401e-10 -7394155.0
655009900000.0 -0.1389974 4.335401e-10 -7394155.0
658077650000.0 -0.13964841 4.335401e-10 -7394155.0
661145800000.0 -0.14029948 4.335401e-10 -7394155.0
664213850000.0 -0.14095055 4.2164697e-10 -7040462.0
667281600000.0 -0.14160155 4.2164697e-10 -7040462.0
