morphology_data/1d_wc_a0.025_l2r1_00001.ecsv
# %ECSV 1.0
# ---
# datatype:
# - {name: b, datatype: float32}
# - {name: phase, datatype: float32}
# - {name: sigma, datatype: float32}
# - {name: vr, datatype: float32}
# meta: {lambda: 2, rp: 1.0, sep: 0.025, wind: c}
# schema: astropy-2.0
b phase sigma vr
-1177330300000.0 0.49967447 nan nan
-1175796300000.0 0.49902344 nan nan
-1174262400000.0 0.4983724 nan nan
-1172728300000.0 0.49772134 nan nan
-1171194400000.0 0.4970703 nan nan
-1169660400000.0 0.49641928 nan nan
-1168126500000.0 0.49576828 nan nan
-1166592400000.0 0.4951172 nan nan
-1165058500000.0 0.4944662 nan nan
-1163524400000.0 0.49381506 nan nan
-1161990500000.0 0.4931641 nan nan
-1160456400000.0 0.49251297 nan nan
-1158922500000.0 0.49186197 nan nan
-1157388600000.0 0.49121094 nan nan
-1155854500000.0 0.49055988 nan nan
-1154320600000.0 0.48990884 nan nan
-1152786600000.0 0.4892578 nan nan
-1151252600000.0 0.48860675 nan nan
-1149718600000.0 0.48795572 nan nan
-1148184700000.0 0.4873047 nan nan
-1146650800000.0 0.48665366 nan nan
-1145116700000.0 0.4860026 nan nan
-1143582800000.0 0.48535156 nan nan
-1142048800000.0 0.48470056 nan nan
-1140514800000.0 0.48404947 nan nan
-1138980800000.0 0.48339847 nan nan
-1137446700000.0 0.48274735 nan nan
-1135912800000.0 0.48209637 nan nan
-1134378700000.0 0.48144525 nan nan
-1132844800000.0 0.48079422 nan nan
-1131310900000.0 0.48014325 nan nan
-1129776800000.0 0.47949213 nan nan
-1128242900000.0 0.47884113 1.1409023e-11 -10055015.0
-1126709000000.0 0.4781901 1.1409023e-11 -10055015.0
-1125175000000.0 0.47753906 1.1409023e-11 -10055015.0
-1123640900000.0 0.476888 1.1409023e-11 -10055015.0
-1122107000000.0 0.47623697 1.27133425e-11 -9924130.0
-1120573000000.0 0.47558594 1.27133425e-11 -9924130.0
-1119039100000.0 0.47493497 1.27133425e-11 -9924130.0
-1117505000000.0 0.47428384 1.27133425e-11 -9924130.0
-1115971100000.0 0.47363284 1.397823e-11 -9808716.0
-1114437000000.0 0.47298175 1.397823e-11 -9808716.0
-1112903100000.0 0.47233072 1.397823e-11 -9808716.0
-1111369200000.0 0.47167972 1.397823e-11 -9808716.0
-1109835100000.0 0.47102863 1.5586582e-11 -9632170.0
-1108301200000.0 0.47037762 1.5586582e-11 -9632170.0
-1106767100000.0 0.4697265 1.5586582e-11 -9632170.0
-1105233200000.0 0.46907553 1.5586582e-11 -9632170.0
-1103699200000.0 0.4684245 1.790523e-11 -9333512.0
-1102165200000.0 0.46777344 1.790523e-11 -9333512.0
-1100631200000.0 0.4671224 1.790523e-11 -9333512.0
-1099097300000.0 0.46647137 1.790523e-11 -9333512.0
-1097563400000.0 0.46582034 2.097174e-11 -8932390.0
-1096029300000.0 0.46516925 2.097174e-11 -8932390.0
-1094495400000.0 0.46451822 2.097174e-11 -8932390.0
-1092961400000.0 0.4638672 2.097174e-11 -8932390.0
-1091427400000.0 0.46321613 2.4743914e-11 -8482701.0
-1089893400000.0 0.4625651 2.4743914e-11 -8482701.0
-1088359400000.0 0.46191406 2.4743914e-11 -8482701.0
-1086825370000.0 0.461263 2.4743914e-11 -8482701.0
-1085291400000.0 0.46061197 2.913418e-11 -8029058.0
-1083757500000.0 0.45996094 2.913418e-11 -8029058.0
-1082223500000.0 0.4593099 2.913418e-11 -8029058.0
-1080689500000.0 0.45865884 2.913418e-11 -8029058.0
-1079155560000.0 0.4580078 3.385319e-11 -7605839.5
-1077621560000.0 0.45735678 3.385319e-11 -7605839.5
-1076087600000.0 0.45670575 3.385319e-11 -7605839.5
-1074553550000.0 0.4560547 3.385319e-11 -7605839.5
-1073019600000.0 0.45540366 3.8608373e-11 -7234499.5
-1071485700000.0 0.45475262 3.8608373e-11 -7234499.5
-1069951600000.0 0.45410153 3.8608373e-11 -7234499.5
-1068417700000.0 0.45345053 3.8608373e-11 -7234499.5
-1066883700000.0 0.4527995 4.31818e-11 -6922964.5
-1065349700000.0 0.4521484 4.31818e-11 -6922964.5
-1063815700000.0 0.45149738 4.31818e-11 -6922964.5
-1062281740000.0 0.45084634 4.31818e-11 -6922964.5
-1060747800000.0 0.4501953 4.7413174e-11 -6672667.0
-1059213740000.0 0.44954425 4.7413174e-11 -6672667.0
-1057679800000.0 0.44889322 4.7413174e-11 -6672667.0
-1056145870000.0 0.4482422 4.7413174e-11 -6672667.0
-1054611870000.0 0.44759116 5.1071626e-11 -6481058.5
-1053077860000.0 0.4469401 5.1071626e-11 -6481058.5
-1051543860000.0 0.44628906 5.1071626e-11 -6481058.5
-1050009900000.0 0.44563803 5.1071626e-11 -6481058.5
-1048475860000.0 0.44498697 5.4254472e-11 -6339894.0
-1046941900000.0 0.44433594 5.4254472e-11 -6339894.0
-1045408000000.0 0.4436849 5.4254472e-11 -6339894.0
-1043873900000.0 0.44303384 5.4254472e-11 -6339894.0
-1042340000000.0 0.4423828 5.7221866e-11 -6239573.0
-1040806000000.0 0.44173178 5.7221866e-11 -6239573.0
-1039272050000.0 0.44108075 5.7221866e-11 -6239573.0
-1037738000000.0 0.44042966 5.7221866e-11 -6239573.0
-1036204050000.0 0.43977866 6.003721e-11 -6173602.5
-1034670100000.0 0.43912762 6.003721e-11 -6173602.5
-1033136200000.0 0.4384766 6.003721e-11 -6173602.5
-1031602100000.0 0.4378255 6.003721e-11 -6173602.5
-1030068200000.0 0.43717447 6.273744e-11 -6120927.0
-1028534200000.0 0.43652344 6.273744e-11 -6120927.0
-1027000200000.0 0.43587238 6.273744e-11 -6120927.0
-1025466200000.0 0.43522134 6.273744e-11 -6120927.0
-1023932240000.0 0.4345703 6.59287e-11 -6037489.5
-1022398200000.0 0.43391925 6.59287e-11 -6037489.5
-1020864230000.0 0.43326822 6.59287e-11 -6037489.5
-1019330300000.0 0.4326172 6.59287e-11 -6037489.5
-1017796300000.0 0.43196616 6.9521035e-11 -5919661.5
-1016262300000.0 0.4313151 6.9521035e-11 -5919661.5
-1014728300000.0 0.43066406 6.9521035e-11 -5919661.5
-1013194360000.0 0.43001303 6.9521035e-11 -5919661.5
-1011660400000.0 0.429362 7.313129e-11 -5783154.5
-1010126360000.0 0.42871094 7.313129e-11 -5783154.5
-1008592400000.0 0.4280599 7.313129e-11 -5783154.5
-1007058500000.0 0.42740887 7.313129e-11 -5783154.5
-1005524400000.0 0.42675778 7.711605e-11 -5626832.5
-1003990500000.0 0.42610675 7.711605e-11 -5626832.5
-1002456500000.0 0.42545575 7.711605e-11 -5626832.5
-1000922500000.0 0.42480466 7.711605e-11 -5626832.5
-999388500000.0 0.42415363 8.240896e-11 -5433642.5
-997854540000.0 0.4235026 8.240896e-11 -5433642.5
-996320600000.0 0.42285156 8.240896e-11 -5433642.5
-994786600000.0 0.42220053 8.240896e-11 -5433642.5
-993252600000.0 0.42154947 8.917083e-11 -5193243.5
-991718700000.0 0.42089844 8.917083e-11 -5193243.5
-990184700000.0 0.4202474 8.917083e-11 -5193243.5
-988650700000.0 0.41959634 8.917083e-11 -5193243.5
-987116670000.0 0.4189453 9.7393e-11 -4896322.5
-985582700000.0 0.41829428 9.7393e-11 -4896322.5
-984048660000.0 0.41764322 9.7393e-11 -4896322.5
-982514700000.0 0.4169922 9.7393e-11 -4896322.5
-980980800000.0 0.41634116 1.0693248e-10 -4579776.0
-979446700000.0 0.4156901 1.0693248e-10 -4579776.0
-977912860000.0 0.4150391 1.0693248e-10 -4579776.0
-976378800000.0 0.41438803 1.0693248e-10 -4579776.0
-974844800000.0 0.41373694 1.16133395e-10 -4326014.5
-973310900000.0 0.41308597 1.16133395e-10 -4326014.5
-971776850000.0 0.41243488 1.16133395e-10 -4326014.5
-970242900000.0 0.41178387 1.16133395e-10 -4326014.5
-968709000000.0 0.41113284 1.2304038e-10 -4177577.5
-967174900000.0 0.41048175 1.2304038e-10 -4177577.5
-965641000000.0 0.40983072 1.2304038e-10 -4177577.5
-964107000000.0 0.4091797 1.2304038e-10 -4177577.5
-962573000000.0 0.40852863 1.2648238e-10 -4126340.2
-961039000000.0 0.4078776 1.2648238e-10 -4126340.2
-959505040000.0 0.40722656 1.2648238e-10 -4126340.2
-957971000000.0 0.4065755 1.2648238e-10 -4126340.2
-956437100000.0 0.4059245 1.2543358e-10 -4207622.0
-954903100000.0 0.40527344 1.2543358e-10 -4207622.0
-953369030000.0 0.40462238 1.2543358e-10 -4207622.0
-951835160000.0 0.40397137 1.2543358e-10 -4207622.0
-950301100000.0 0.4033203 1.2000943e-10 -4435064.0
-948767160000.0 0.40266928 1.2000943e-10 -4435064.0
-947233200000.0 0.40201825 1.2000943e-10 -4435064.0
-945699160000.0 0.4013672 1.2000943e-10 -4435064.0
-944165200000.0 0.40071616 1.14387215e-10 -4641238.0
-942631300000.0 0.40006512 1.14387215e-10 -4641238.0
-941097200000.0 0.39941403 1.14387215e-10 -4641238.0
-939563300000.0 0.398763 1.14387215e-10 -4641238.0
-938029300000.0 0.39811197 1.11980064e-10 -4705192.5
-936495300000.0 0.3974609 1.11980064e-10 -4705192.5
-934961400000.0 0.39680994 1.11980064e-10 -4705192.5
-933427350000.0 0.39615884 1.11980064e-10 -4705192.5
-931893400000.0 0.3955078 1.15044155e-10 -4596495.0
-930359400000.0 0.39485678 1.15044155e-10 -4596495.0
-928825400000.0 0.39420572 1.15044155e-10 -4596495.0
-927291400000.0 0.3935547 1.15044155e-10 -4596495.0
-925757500000.0 0.39290366 1.2419879e-10 -4360945.5
-924223500000.0 0.3922526 1.2419879e-10 -4360945.5
-922689500000.0 0.39160156 1.2419879e-10 -4360945.5
-921155530000.0 0.39095053 1.2419879e-10 -4360945.5
-919621500000.0 0.39029947 1.3802175e-10 -4079111.5
-918087500000.0 0.38964844 1.3802175e-10 -4079111.5
-916553600000.0 0.3889974 1.3802175e-10 -4079111.5
-915019500000.0 0.38834634 1.3802175e-10 -4079111.5
-913485660000.0 0.38769534 1.5368479e-10 -3805555.8
-911951600000.0 0.38704428 1.5368479e-10 -3805555.8
-910417660000.0 0.38639325 1.5368479e-10 -3805555.8
-908883700000.0 0.38574222 1.5368479e-10 -3805555.8
-907349660000.0 0.38509113 1.7134798e-10 -3531736.0
-905815700000.0 0.3844401 1.7134798e-10 -3531736.0
-904281700000.0 0.3837891 1.7134798e-10 -3531736.0
-902747700000.0 0.383138 1.7134798e-10 -3531736.0
-901213800000.0 0.38248697 1.8988518e-10 -3251701.2
-899679800000.0 0.38183594 1.8988518e-10 -3251701.2
-898145800000.0 0.38118488 1.8988518e-10 -3251701.2
-896611800000.0 0.38053384 1.8988518e-10 -3251701.2
-895077840000.0 0.3798828 2.0494756e-10 -2979581.5
-893543800000.0 0.37923175 2.0494756e-10 -2979581.5
-892009900000.0 0.37858075 2.0494756e-10 -2979581.5
-890475900000.0 0.3779297 2.0494756e-10 -2979581.5
-888941900000.0 0.37727866 2.1543793e-10 -2707804.0
-887408000000.0 0.37662762 2.1543793e-10 -2707804.0
-885873900000.0 0.37597656 2.1543793e-10 -2707804.0
-884339970000.0 0.37532553 2.1543793e-10 -2707804.0
-882806000000.0 0.3746745 2.230944e-10 -2440413.2
-881271960000.0 0.37402344 2.230944e-10 -2440413.2
-879738000000.0 0.3733724 2.230944e-10 -2440413.2
-878204100000.0 0.37272137 2.230944e-10 -2440413.2
-876670000000.0 0.37207028 2.3053828e-10 -2195373.8
-875136100000.0 0.37141925 2.3053828e-10 -2195373.8
-873602100000.0 0.37076822 2.3053828e-10 -2195373.8
-872068100000.0 0.37011716 2.3053828e-10 -2195373.8
-870534200000.0 0.3694662 2.389674e-10 -1942403.9
-869000150000.0 0.3688151 2.389674e-10 -1942403.9
-867466200000.0 0.36816406 2.389674e-10 -1942403.9
-865932200000.0 0.36751303 2.389674e-10 -1942403.9
-864398200000.0 0.36686197 2.477458e-10 -1693138.1
-862864200000.0 0.36621094 2.477458e-10 -1693138.1
-861330300000.0 0.3655599 2.477458e-10 -1693138.1
-859796200000.0 0.36490884 2.477458e-10 -1693138.1
-858262300000.0 0.3642578 2.5369015e-10 -1534132.2
-856728340000.0 0.36360678 2.5369015e-10 -1534132.2
-855194300000.0 0.36295572 2.5369015e-10 -1534132.2
-853660340000.0 0.3623047 2.5369015e-10 -1534132.2
-852126400000.0 0.36165366 2.5418023e-10 -1489642.8
-850592330000.0 0.3610026 2.5418023e-10 -1489642.8
-849058460000.0 0.3603516 2.5418023e-10 -1489642.8
-847524400000.0 0.35970053 2.5418023e-10 -1489642.8
-845990460000.0 0.3590495 2.5078997e-10 -1538192.8
-844456500000.0 0.35839847 2.5078997e-10 -1538192.8
-842922460000.0 0.35774738 2.5078997e-10 -1538192.8
-841388500000.0 0.35709634 2.5078997e-10 -1538192.8
-839854500000.0 0.3564453 2.4286972e-10 -1794256.9
-838320500000.0 0.35579425 2.4286972e-10 -1794256.9
-836786600000.0 0.35514322 2.4286972e-10 -1794256.9
-835252600000.0 0.3544922 2.4286972e-10 -1794256.9
-833718600000.0 0.35384113 2.224136e-10 -2320665.0
-832184600000.0 0.3531901 2.224136e-10 -2320665.0
-830650650000.0 0.35253906 2.224136e-10 -2320665.0
-829116600000.0 0.351888 2.224136e-10 -2320665.0
-827582700000.0 0.351237 2.0360154e-10 -2774977.8
-826048700000.0 0.35058594 2.0360154e-10 -2774977.8
-824514700000.0 0.3499349 2.0360154e-10 -2774977.8
-822980800000.0 0.34928387 2.0360154e-10 -2774977.8
-821446700000.0 0.3486328 2.0384233e-10 -2895516.5
-819912800000.0 0.34798178 2.0384233e-10 -2895516.5
-818378830000.0 0.34733075 2.0384233e-10 -2895516.5
-816844800000.0 0.3466797 2.0384233e-10 -2895516.5
-815310800000.0 0.34602866 2.1851501e-10 -2786502.8
-813776900000.0 0.34537762 2.1851501e-10 -2786502.8
-812242800000.0 0.34472653 2.1851501e-10 -2786502.8
-810708900000.0 0.3440755 2.1851501e-10 -2786502.8
-809174900000.0 0.34342447 2.3460484e-10 -2653583.5
-807640900000.0 0.3427734 2.3460484e-10 -2653583.5
-806107000000.0 0.3421224 2.3460484e-10 -2653583.5
-804572950000.0 0.34147134 2.3460484e-10 -2653583.5
-803039000000.0 0.3408203 2.466679e-10 -2567335.0
-801505000000.0 0.34016928 2.466679e-10 -2567335.0
-799971000000.0 0.33951822 2.466679e-10 -2567335.0
-798437000000.0 0.3388672 2.466679e-10 -2567335.0
-796903100000.0 0.33821616 2.5497449e-10 -2511783.2
-795369000000.0 0.3375651 2.5497449e-10 -2511783.2
-793835100000.0 0.33691406 2.5497449e-10 -2511783.2
-792301140000.0 0.33626303 2.5497449e-10 -2511783.2
-790767100000.0 0.33561197 2.6039754e-10 -2464947.8
-789233140000.0 0.33496094 2.6039754e-10 -2464947.8
-787699200000.0 0.3343099 2.6039754e-10 -2464947.8
-786165200000.0 0.33365887 2.6039754e-10 -2464947.8
-784631200000.0 0.3330078 2.5978766e-10 -2487738.2
-783097200000.0 0.33235678 2.5978766e-10 -2487738.2
-781563270000.0 0.33170575 2.5978766e-10 -2487738.2
-780029300000.0 0.33105472 2.5978766e-10 -2487738.2
-778495260000.0 0.33040363 2.5287578e-10 -2564605.2
-776961300000.0 0.3297526 2.5287578e-10 -2564605.2
-775427300000.0 0.32910156 2.5287578e-10 -2564605.2
-773893300000.0 0.3284505 2.5287578e-10 -2564605.2
-772359300000.0 0.32779947 2.4434021e-10 -2587669.2
-770825400000.0 0.32714844 2.4434021e-10 -2587669.2
-769291400000.0 0.32649738 2.4434021e-10 -2587669.2
-767757400000.0 0.32584634 2.4434021e-10 -2587669.2
-766223450000.0 0.3251953 2.4174263e-10 -2573424.5
-764689500000.0 0.32454428 2.4174263e-10 -2573424.5
-763155450000.0 0.32389322 2.4174263e-10 -2573424.5
-761621500000.0 0.3232422 2.4174263e-10 -2573424.5
-760087500000.0 0.32259116 2.5127905e-10 -2609467.0
-758553600000.0 0.32194012 2.5127905e-10 -2609467.0
-757019500000.0 0.32128906 2.5127905e-10 -2609467.0
-755485600000.0 0.32063803 2.5127905e-10 -2609467.0
-753951640000.0 0.319987 2.648482e-10 -2641066.5
-752417600000.0 0.31933594 2.648482e-10 -2641066.5
-750883640000.0 0.3186849 2.648482e-10 -2641066.5
-749349700000.0 0.31803387 2.648482e-10 -2641066.5
-747815700000.0 0.31738284 2.74424e-10 -2570233.5
-746281700000.0 0.31673178 2.74424e-10 -2570233.5
-744747700000.0 0.31608072 2.74424e-10 -2570233.5
-743213760000.0 0.3154297 2.74424e-10 -2570233.5
-741679700000.0 0.31477863 2.8176494e-10 -2458048.0
-740145760000.0 0.3141276 2.8176494e-10 -2458048.0
-738611800000.0 0.31347656 2.8176494e-10 -2458048.0
-737077800000.0 0.31282553 2.8176494e-10 -2458048.0
-735543800000.0 0.31217447 2.8434444e-10 -2409861.5
-734009800000.0 0.3115234 2.8434444e-10 -2409861.5
-732475900000.0 0.3108724 2.8434444e-10 -2409861.5
-730941800000.0 0.3102213 2.8434444e-10 -2409861.5
-729407900000.0 0.3095703 2.7556935e-10 -2392160.8
-727873950000.0 0.30891928 2.7556935e-10 -2392160.8
-726339940000.0 0.30826822 2.7556935e-10 -2392160.8
-724805940000.0 0.3076172 2.7556935e-10 -2392160.8
-723272000000.0 0.30696616 2.5888594e-10 -2331153.2
-721738000000.0 0.30631512 2.5888594e-10 -2331153.2
-720204000000.0 0.30566406 2.5888594e-10 -2331153.2
-718670000000.0 0.30501303 2.5888594e-10 -2331153.2
-717136100000.0 0.304362 2.461213e-10 -2239923.5
-715602100000.0 0.30371094 2.461213e-10 -2239923.5
-714068070000.0 0.30305988 2.461213e-10 -2239923.5
-712534100000.0 0.30240884 2.461213e-10 -2239923.5
-711000100000.0 0.3017578 2.4081764e-10 -2144237.8
-709466100000.0 0.30110675 2.4081764e-10 -2144237.8
-707932100000.0 0.30045572 2.4081764e-10 -2144237.8
-706398200000.0 0.2998047 2.4081764e-10 -2144237.8
-704864200000.0 0.29915366 2.4339905e-10 -2009427.9
-703330200000.0 0.2985026 2.4339905e-10 -2009427.9
-701796250000.0 0.29785156 2.4339905e-10 -2009427.9
-700262300000.0 0.29720056 2.4339905e-10 -2009427.9
-698728250000.0 0.29654947 2.5185604e-10 -1822456.8
-697194300000.0 0.29589847 2.5185604e-10 -1822456.8
-695660300000.0 0.2952474 2.5185604e-10 -1822456.8
-694126300000.0 0.29459634 2.5185604e-10 -1822456.8
-692592300000.0 0.29394528 2.6798866e-10 -1674141.5
-691058400000.0 0.29329428 2.6798866e-10 -1674141.5
-689524440000.0 0.29264325 2.6798866e-10 -1674141.5
