morphology_data/1d_wa_a0.1_l8r0.5_00001.ecsv
# %ECSV 1.0
# ---
# datatype:
# - {name: b, datatype: float32}
# - {name: phase, datatype: float32}
# - {name: sigma, datatype: float32}
# - {name: vr, datatype: float32}
# meta: {lambda: 8, rp: 0.5, sep: 0.1, wind: a}
# schema: astropy-2.0
b phase sigma vr
[from data line 305]
-2837864500000.0 0.30110675 1.428935e-09 -5875915.0
-2831728500000.0 0.30045572 1.428935e-09 -5875915.0
-2825592800000.0 0.2998047 1.428935e-09 -5875915.0
-2819456800000.0 0.29915366 1.4361432e-09 -5713920.0
-2813320800000.0 0.2985026 1.4361432e-09 -5713920.0
-2807185000000.0 0.29785156 1.4361432e-09 -5713920.0
-2801049300000.0 0.29720056 1.4361432e-09 -5713920.0
-2794913000000.0 0.29654947 1.5255879e-09 -5366603.5
-2788777300000.0 0.29589847 1.5255879e-09 -5366603.5
-2782641300000.0 0.2952474 1.5255879e-09 -5366603.5
-2776505300000.0 0.29459634 1.5255879e-09 -5366603.5
-2770369200000.0 0.29394528 1.5168509e-09 -5135769.5
-2764233500000.0 0.29329428 1.5168509e-09 -5135769.5
-2758097800000.0 0.29264325 1.5168509e-09 -5135769.5
-2751961800000.0 0.2919922 1.5168509e-09 -5135769.5
-2745825800000.0 0.29134116 1.5626451e-09 -4836906.0
-2739689800000.0 0.2906901 1.5626451e-09 -4836906.0
-2733553700000.0 0.29003903 1.5626451e-09 -4836906.0
-2727418000000.0 0.28938803 1.5626451e-09 -4836906.0
-2721282000000.0 0.28873697 1.6008876e-09 -4601412.5
-2715146300000.0 0.28808594 1.6008876e-09 -4601412.5
-2709010300000.0 0.2874349 1.6008876e-09 -4601412.5
-2702874200000.0 0.28678384 1.6008876e-09 -4601412.5
-2696738500000.0 0.28613284 1.634613e-09 -4284335.5
-2690602500000.0 0.28548178 1.634613e-09 -4284335.5
-2684466500000.0 0.28483072 1.634613e-09 -4284335.5
-2678330500000.0 0.28417966 1.634613e-09 -4284335.5
-2672194700000.0 0.28352866 1.7260783e-09 -4096153.5
-2666058700000.0 0.2828776 1.7260783e-09 -4096153.5
-2659922700000.0 0.28222656 1.7260783e-09 -4096153.5
-2653787000000.0 0.28157553 1.7260783e-09 -4096153.5
-2647651000000.0 0.28092447 1.6192843e-09 -3910529.0
-2641515000000.0 0.28027344 1.6192843e-09 -3910529.0
-2635379200000.0 0.2796224 1.6192843e-09 -3910529.0
-2629243200000.0 0.27897137 1.6192843e-09 -3910529.0
-2623107200000.0 0.2783203 1.5753172e-09 -3883008.0
-2616971200000.0 0.27766928 1.5753172e-09 -3883008.0
-2610835500000.0 0.27701825 1.5753172e-09 -3883008.0
-2604699500000.0 0.2763672 1.5753172e-09 -3883008.0
-2598563500000.0 0.27571613 1.2560548e-09 -3994765.0
-2592427700000.0 0.2750651 1.2560548e-09 -3994765.0
-2586291700000.0 0.27441406 1.2560548e-09 -3994765.0
-2580155700000.0 0.273763 1.2560548e-09 -3994765.0
-2574019700000.0 0.27311197 1.1863053e-09 -4065543.8
-2567884000000.0 0.27246094 1.1863053e-09 -4065543.8
-2561748000000.0 0.2718099 1.1863053e-09 -4065543.8
-2555612000000.0 0.27115884 1.1863053e-09 -4065543.8
-2549476200000.0 0.2705078 1.0084754e-09 -4071236.2
-2543340500000.0 0.2698568 1.0084754e-09 -4071236.2
-2537204500000.0 0.26920575 1.0084754e-09 -4071236.2
-2531068500000.0 0.2685547 1.0084754e-09 -4071236.2
-2524932500000.0 0.26790366 1.0366712e-09 -4061272.2
-2518796500000.0 0.2672526 1.0366712e-09 -4061272.2
-2512660500000.0 0.26660156 1.0366712e-09 -4061272.2
-2506524700000.0 0.26595053 1.0366712e-09 -4061272.2
-2500389000000.0 0.2652995 1.0588141e-09 -3950357.5
-2494253000000.0 0.26464844 1.0588141e-09 -3950357.5
-2488117000000.0 0.2639974 1.0588141e-09 -3950357.5
-2481981000000.0 0.26334634 1.0588141e-09 -3950357.5
-2475845000000.0 0.26269528 1.1528369e-09 -3891340.5
-2469709000000.0 0.26204425 1.1528369e-09 -3891340.5
-2463573200000.0 0.26139322 1.1528369e-09 -3891340.5
-2457437500000.0 0.2607422 1.1528369e-09 -3891340.5
-2451301500000.0 0.26009116 1.2760195e-09 -3820291.8
-2445165500000.0 0.2594401 1.2760195e-09 -3820291.8
-2439029700000.0 0.2587891 1.2760195e-09 -3820291.8
-2432893700000.0 0.25813803 1.2760195e-09 -3820291.8
-2426757700000.0 0.257487 1.387044e-09 -3747976.2
-2420621700000.0 0.2568359 1.387044e-09 -3747976.2
-2414486000000.0 0.2561849 1.387044e-09 -3747976.2
-2408350000000.0 0.25553384 1.387044e-09 -3747976.2
-2402214000000.0 0.2548828 1.5348931e-09 -3667164.2
-2396078200000.0 0.25423178 1.5348931e-09 -3667164.2
-2389942200000.0 0.25358072 1.5348931e-09 -3667164.2
-2383806200000.0 0.2529297 1.5348931e-09 -3667164.2
-2377670500000.0 0.25227866 1.6101296e-09 -3513741.0
-2371534500000.0 0.25162762 1.6101296e-09 -3513741.0
-2365398500000.0 0.25097656 1.6101296e-09 -3513741.0
-2359262400000.0 0.2503255 1.6101296e-09 -3513741.0
-2353126700000.0 0.24967448 1.6970839e-09 -3372007.5
-2346990700000.0 0.24902344 1.6970839e-09 -3372007.5
-2340854700000.0 0.24837239 1.6970839e-09 -3372007.5
-2334719000000.0 0.24772136 1.6970839e-09 -3372007.5
-2328583000000.0 0.2470703 1.7346335e-09 -3208592.5
-2322447000000.0 0.24641925 1.7346335e-09 -3208592.5
-2316311000000.0 0.2457682 1.7346335e-09 -3208592.5
-2310175200000.0 0.24511719 1.7346335e-09 -3208592.5
-2304039200000.0 0.24446614 1.7801026e-09 -3094090.8
-2297903200000.0 0.2438151 1.7801026e-09 -3094090.8
-2291767400000.0 0.24316406 1.7801026e-09 -3094090.8
-2285631700000.0 0.24251305 1.7801026e-09 -3094090.8
-2279495700000.0 0.241862 1.8313832e-09 -2964554.0
-2273359700000.0 0.24121095 1.8313832e-09 -2964554.0
-2267223700000.0 0.2405599 1.8313832e-09 -2964554.0
-2261087700000.0 0.23990884 1.8313832e-09 -2964554.0
-2254951700000.0 0.2392578 1.876523e-09 -2899123.2
-2248816000000.0 0.23860677 1.876523e-09 -2899123.2
-2242680200000.0 0.23795573 1.876523e-09 -2899123.2
-2236544200000.0 0.23730469 1.876523e-09 -2899123.2
-2230408200000.0 0.23665364 1.9606383e-09 -2819845.2
-2224272200000.0 0.2360026 1.9606383e-09 -2819845.2
-2218136200000.0 0.23535155 1.9606383e-09 -2819845.2
-2212000200000.0 0.23470049 1.9606383e-09 -2819845.2
-2205864400000.0 0.23404948 2.0491835e-09 -2787533.2
-2199728700000.0 0.23339845 2.0491835e-09 -2787533.2
-2193592700000.0 0.23274739 2.0491835e-09 -2787533.2
-2187456700000.0 0.23209634 2.0491835e-09 -2787533.2
-2181320800000.0 0.23144531 2.1623783e-09 -2747777.5
-2175184800000.0 0.23079427 2.1623783e-09 -2747777.5
-2169048800000.0 0.23014322 2.1623783e-09 -2747777.5
-2162913000000.0 0.22949219 2.1623783e-09 -2747777.5
-2156777200000.0 0.22884116 2.237921e-09 -2713252.2
-2150641200000.0 0.22819011 2.237921e-09 -2713252.2
-2144505200000.0 0.22753906 2.237921e-09 -2713252.2
-2138369300000.0 0.22688803 2.237921e-09 -2713252.2
-2132233400000.0 0.22623697 2.2510873e-09 -2680561.0
-2126097400000.0 0.22558592 2.2510873e-09 -2680561.0
-2119961500000.0 0.22493489 2.2510873e-09 -2680561.0
-2113825700000.0 0.22428386 2.2510873e-09 -2680561.0
-2107689700000.0 0.22363281 2.2711464e-09 -2599188.5
-2101553700000.0 0.22298177 2.2711464e-09 -2599188.5
-2095417900000.0 0.22233073 2.2711464e-09 -2599188.5
-2089281900000.0 0.22167969 2.2711464e-09 -2599188.5
-2083145900000.0 0.22102864 2.3126066e-09 -2400311.0
-2077010000000.0 0.22037761 2.3126066e-09 -2400311.0
-2070874300000.0 0.21972658 2.3126066e-09 -2400311.0
-2064738300000.0 0.21907552 2.3126066e-09 -2400311.0
-2058602300000.0 0.21842447 2.3709088e-09 -2167689.0
-2052466400000.0 0.21777344 2.3709088e-09 -2167689.0
-2046330400000.0 0.21712239 2.3709088e-09 -2167689.0
-2040194400000.0 0.21647134 2.3709088e-09 -2167689.0
-2034058700000.0 0.21582031 2.2146989e-09 -2409775.2
-2027922800000.0 0.21516928 2.2146989e-09 -2409775.2
-2021786800000.0 0.21451823 2.2146989e-09 -2409775.2
-2015650800000.0 0.21386719 2.2146989e-09 -2409775.2
-2009514900000.0 0.21321616 2.0020123e-09 -2697694.5
-2003379000000.0 0.2125651 2.0020123e-09 -2697694.5
-1997243000000.0 0.21191405 2.0020123e-09 -2697694.5
-1991107100000.0 0.21126302 2.0020123e-09 -2697694.5
-1984971300000.0 0.21061198 1.8874307e-09 -2858936.8
-1978835300000.0 0.20996094 1.8874307e-09 -2858936.8
-1972699300000.0 0.20930989 1.8874307e-09 -2858936.8
-1966563500000.0 0.20865886 1.8874307e-09 -2858936.8
-1960427500000.0 0.20800781 1.8486794e-09 -2811062.2
-1954291500000.0 0.20735677 1.8486794e-09 -2811062.2
-1948155600000.0 0.20670573 1.8486794e-09 -2811062.2
-1942019900000.0 0.2060547 1.8486794e-09 -2811062.2
-1935883900000.0 0.20540364 1.7997955e-09 -2819333.2
-1929747900000.0 0.2047526 1.7997955e-09 -2819333.2
-1923612000000.0 0.20410156 1.7997955e-09 -2819333.2
-1917476300000.0 0.20345053 1.7997955e-09 -2819333.2
-1911340000000.0 0.20279947 1.6976811e-09 -2597077.5
-1905204300000.0 0.20214844 1.6976811e-09 -2597077.5
-1899068400000.0 0.2014974 1.6976811e-09 -2597077.5
-1892932400000.0 0.20084636 1.6976811e-09 -2597077.5
-1886796400000.0 0.20019531 1.5572186e-09 -2461261.0
-1880660500000.0 0.19954428 1.5572186e-09 -2461261.0
-1874524800000.0 0.19889325 1.5572186e-09 -2461261.0
-1868388600000.0 0.19824217 1.5572186e-09 -2461261.0
-1862252800000.0 0.19759114 1.4422222e-09 -2297305.0
-1856116900000.0 0.19694011 1.4422222e-09 -2297305.0
-1849980900000.0 0.19628906 1.4422222e-09 -2297305.0
-1843844900000.0 0.19563802 1.4422222e-09 -2297305.0
-1837709100000.0 0.19498698 1.3751167e-09 -2428975.0
-1831573300000.0 0.19433595 1.3751167e-09 -2428975.0
-1825437100000.0 0.19368488 1.3751167e-09 -2428975.0
-1819301200000.0 0.19303386 1.3751167e-09 -2428975.0
-1813165500000.0 0.19238283 1.2573748e-09 -2546760.5
-1807029500000.0 0.19173177 1.2573748e-09 -2546760.5
-1800893500000.0 0.19108072 1.2573748e-09 -2546760.5
-1794757600000.0 0.19042969 1.2573748e-09 -2546760.5
-1788621800000.0 0.18977866 1.224017e-09 -2730327.5
-1782485600000.0 0.1891276 1.224017e-09 -2730327.5
-1776349900000.0 0.18847656 1.224017e-09 -2730327.5
-1770214000000.0 0.18782553 1.224017e-09 -2730327.5
-1764078000000.0 0.18717448 1.2008508e-09 -2913910.2
-1757942000000.0 0.18652342 1.2008508e-09 -2913910.2
-1751806100000.0 0.1858724 1.2008508e-09 -2913910.2
-1745670400000.0 0.18522137 1.2008508e-09 -2913910.2
-1739534100000.0 0.1845703 1.2571916e-09 -2984471.8
-1733398400000.0 0.18391927 1.2571916e-09 -2984471.8
-1727262500000.0 0.18326823 1.2571916e-09 -2984471.8
-1721126500000.0 0.18261719 1.2571916e-09 -2984471.8
-1714990700000.0 0.18196616 1.3600059e-09 -2953356.5
-1708854700000.0 0.18131511 1.3600059e-09 -2953356.5
-1702718900000.0 0.18066408 1.3600059e-09 -2953356.5
-1696582700000.0 0.180013 1.3600059e-09 -2953356.5
-1690446900000.0 0.17936198 1.4653256e-09 -2808704.5
-1684311100000.0 0.17871095 1.4653256e-09 -2808704.5
-1678174800000.0 0.17805988 1.4653256e-09 -2808704.5
-1672039400000.0 0.17740889 1.4653256e-09 -2808704.5
-1665903200000.0 0.17675781 1.5813854e-09 -2605426.5
-1659767100000.0 0.17610675 1.5813854e-09 -2605426.5
-1653631600000.0 0.17545575 1.5813854e-09 -2605426.5
-1647495500000.0 0.17480469 1.5813854e-09 -2605426.5
-1641359200000.0 0.17415361 1.68627e-09 -2363405.5
-1635223700000.0 0.17350262 1.68627e-09 -2363405.5
-1629087600000.0 0.17285155 1.68627e-09 -2363405.5
-1622951700000.0 0.17220053 1.68627e-09 -2363405.5
-1616816000000.0 0.1715495 1.77582e-09 -2161463.2
-1610679700000.0 0.17089842 1.77582e-09 -2161463.2
-1604544000000.0 0.17024739 1.77582e-09 -2161463.2
-1598408100000.0 0.16959636 1.77582e-09 -2161463.2
-1592272000000.0 0.1689453 1.8717248e-09 -1958868.6
-1586136500000.0 0.1682943 1.8717248e-09 -1958868.6
-1580000300000.0 0.16764323 1.8717248e-09 -1958868.6
-1573864100000.0 0.16699216 1.8717248e-09 -1958868.6
-1567728700000.0 0.16634117 1.9442183e-09 -1811385.2
-1561592500000.0 0.1656901 1.9442183e-09 -1811385.2
-1555456300000.0 0.16503903 1.9442183e-09 -1811385.2
-1549320800000.0 0.16438805 1.9442183e-09 -1811385.2
-1543184700000.0 0.16373697 1.9624327e-09 -1737426.4
-1537048800000.0 0.16308594 1.9624327e-09 -1737426.4
-1530913000000.0 0.1624349 1.9624327e-09 -1737426.4
-1524776800000.0 0.16178384 1.9624327e-09 -1737426.4
-1518641100000.0 0.16113281 1.941103e-09 -1715088.9
-1512505200000.0 0.16048178 1.941103e-09 -1715088.9
-1506369100000.0 0.1598307 1.941103e-09 -1715088.9
-1500233600000.0 0.15917972 1.941103e-09 -1715088.9
-1494097300000.0 0.15852864 1.9218505e-09 -1711630.0
-1487961200000.0 0.15787758 1.9218505e-09 -1711630.0
-1481825700000.0 0.15722659 1.9218505e-09 -1711630.0
-1475689600000.0 0.15657552 1.9218505e-09 -1711630.0
-1469553400000.0 0.15592445 1.9801218e-09 -1683867.9
-1463418000000.0 0.15527347 1.9801218e-09 -1683867.9
-1457281700000.0 0.15462239 1.9801218e-09 -1683867.9
-1451146000000.0 0.15397136 1.9801218e-09 -1683867.9
-1445010100000.0 0.15332033 2.1747482e-09 -1602787.4
-1438874000000.0 0.15266925 2.1747482e-09 -1602787.4
-1432738100000.0 0.15201822 2.1747482e-09 -1602787.4
-1426602300000.0 0.1513672 2.1747482e-09 -1602787.4
-1420466000000.0 0.15071613 2.5102262e-09 -1537922.6
-1414330600000.0 0.15006512 2.5102262e-09 -1537922.6
-1408194400000.0 0.14941406 2.5102262e-09 -1537922.6
-1402058300000.0 0.148763 2.5102262e-09 -1537922.6
-1395922800000.0 0.148112 2.7088627e-09 -1610723.4
-1389786600000.0 0.14746092 2.7088627e-09 -1610723.4
-1383650400000.0 0.14680986 2.7088627e-09 -1610723.4
-1377515000000.0 0.14615887 2.7088627e-09 -1610723.4
-1371378800000.0 0.1455078 2.669624e-09 -1788857.6
-1365243000000.0 0.14485677 2.669624e-09 -1788857.6
-1359107200000.0 0.14420575 2.669624e-09 -1788857.6
-1352970900000.0 0.14355466 2.669624e-09 -1788857.6
-1346835200000.0 0.14290364 2.439791e-09 -2006318.5
-1340699300000.0 0.14225261 2.439791e-09 -2006318.5
-1334563200000.0 0.14160155 2.439791e-09 -2006318.5
-1328427700000.0 0.14095055 2.439791e-09 -2006318.5
-1322291600000.0 0.14029948 2.2075022e-09 -2122072.2
-1316155300000.0 0.13964841 2.2075022e-09 -2122072.2
-1310019800000.0 0.1389974 2.2075022e-09 -2122072.2
-1303883700000.0 0.13834634 2.2075022e-09 -2122072.2
-1297747500000.0 0.13769528 2.0253978e-09 -2080890.9
-1291612000000.0 0.1370443 2.0253978e-09 -2080890.9
-1285475900000.0 0.13639323 2.0253978e-09 -2080890.9
-1279340000000.0 0.13574219 2.0253978e-09 -2080890.9
-1273204200000.0 0.13509116 1.9086532e-09 -1874720.6
-1267068000000.0 0.1344401 1.9086532e-09 -1874720.6
-1260932200000.0 0.13378905 1.9086532e-09 -1874720.6
-1254796400000.0 0.13313803 1.9086532e-09 -1874720.6
-1248660300000.0 0.13248697 1.9014081e-09 -1610117.0
-1242524800000.0 0.13183598 1.9014081e-09 -1610117.0
-1236388500000.0 0.13118489 1.9014081e-09 -1610117.0
-1230252400000.0 0.13053383 1.9014081e-09 -1610117.0
-1224116900000.0 0.12988284 1.9781143e-09 -1311692.8
-1217980800000.0 0.12923177 1.9781143e-09 -1311692.8
-1211844500000.0 0.12858069 1.9781143e-09 -1311692.8
-1205709200000.0 0.12792972 1.9781143e-09 -1311692.8
-1199572900000.0 0.12727864 2.1664026e-09 -987789.5
-1193437200000.0 0.12662761 2.1664026e-09 -987789.5
-1187301300000.0 0.12597658 2.1664026e-09 -987789.5
-1181165200000.0 0.1253255 2.1664026e-09 -987789.5
-1175029300000.0 0.12467448 2.3356561e-09 -741057.56
-1168893500000.0 0.12402345 2.3356561e-09 -741057.56
-1162757300000.0 0.123372376 2.3356561e-09 -741057.56
-1156621800000.0 0.12272138 2.3356561e-09 -741057.56
-1150485700000.0 0.12207031 2.4547675e-09 -510557.38
-1144349500000.0 0.12141925 2.4547675e-09 -510557.38
-1138214000000.0 0.12076825 2.4547675e-09 -510557.38
-1132077800000.0 0.12011717 2.4547675e-09 -510557.38
-1125941600000.0 0.11946611 2.586499e-09 -295044.5
-1119806200000.0 0.118815124 2.586499e-09 -295044.5
-1113670000000.0 0.118164055 2.586499e-09 -295044.5
-1107534200000.0 0.11751302 2.586499e-09 -295044.5
-1101398400000.0 0.11686199 2.7232627e-09 -141102.08
-1095262200000.0 0.11621092 2.7232627e-09 -141102.08
-1089126400000.0 0.11555989 2.7232627e-09 -141102.08
-1082990500000.0 0.11490886 2.7232627e-09 -141102.08
-1076854400000.0 0.11425779 2.8433527e-09 -34568.996
-1070718900000.0 0.113606796 2.8433527e-09 -34568.996
-1064582700000.0 0.11295573 2.8433527e-09 -34568.996
-1058446600000.0 0.11230466 2.8433527e-09 -34568.996
-1052311100000.0 0.11165367 3.035987e-09 116095.31
-1046174900000.0 0.1110026 3.035987e-09 116095.31
-1040038700000.0 0.11035153 3.035987e-09 116095.31
-1033903300000.0 0.10970054 3.035987e-09 116095.31
-1027767100000.0 0.10904947 3.425154e-09 344980.88
-1021631270000.0 0.10839844 3.425154e-09 344980.88
-1015495460000.0 0.107747406 3.425154e-09 344980.88
-1009359260000.0 0.10709634 3.425154e-09 344980.88
-1003223450000.0 0.106445305 3.9138346e-09 643301.3
-997087640000.0 0.10579427 3.9138346e-09 643301.3
-990951440000.0 0.10514321 3.9138346e-09 643301.3
-984815960000.0 0.10449222 3.9138346e-09 643301.3
-978679800000.0 0.10384115 4.152592e-09 917891.75
